[
    0.0,
    0.0,
    0.05173492774167705,
    0.049313547384558704,
    0.04696996813711229,
    0.04470190295780195,
    0.042507130176379075,
    0.04038349164360626,
    0.03832889093313231,
    0.036341291594083,
    0.03441871545291486,
    0.03255924096304913,
    0.030761001600947805,
    0.029022184307411825,
    0.027341027972863172,
    0.02571582196535912,
    0.02414490470010244,
    0.022626662249286167,
    0.021159526991193667,
    0.019741976297441118,
    0.018372531257262847,
    0.017049755437829717,
    0.015772253679574716,
    0.014538670925500216,
    0.013347691083525457,
    0.012198035920980873,
    0.011088463990356377,
    0.01001776958538854,
    0.008984781726621434,
    0.007988363175657971,
    0.007027409477281675,
    0.006100848028605813,
    0.005207637174477765,
    0.004346765328409819,
    0.003517250118337804,
    0.0027181375565329866,
    0.0019485012330166295,
    0.0012074415318366317,
    0.000494084869483901,
    -0.00019241704522304364,
    -0.0008528879302716858,
    -0.0014881276291559688,
    -0.0020989127898524604,
    -0.002685997524704436,
    -0.003250114051663722,
    -0.003791973317314513,
    -0.004312265602225591,
    -0.004811661109186803,
    -0.005290810534784453,
    -0.005750345624724399,
    -0.006190879713210556,
    -0.0066130082467658865,
    -0.007017309293222659,
    -0.00740434403652125,
    -0.007774657257535678,
    -0.008128777800979977,
    -0.008467219028644595,
    -0.008790479259617512,
    -0.009099042198066185,
    -0.009393377348654133,
    -0.009673940419463869,
    -0.009941173712136056,
    -0.010195506499325897,
    -0.010437355390263532,
    -0.01066712468404591,
    -0.010885206709371441,
    -0.011091982150732035,
    -0.011287820360234901,
    -0.011473079650413737,
    -0.011648107560534176,
    -0.011813241090230579,
    -0.011968806893676841,
    -0.012115121403569209,
    -0.012252490822651506,
    -0.012381210894910037,
    -0.012501566200191551,
    -0.012613828188875326,
    -0.012718249943847544,
    -0.012815051701570518,
    -0.01290437380260315,
    -0.012986068537865263,
    -0.013056980109975403,
    -0.012981527799845842,
    -0.012633985155369135,
    -0.012158796185672172,
    -0.01169423512479552,
    -0.01124004149175039,
    -0.010790957337286633,
    -0.010339020313722967,
    -0.00988100913389001,
    -0.009308982508580796,
    -0.00852080356212412,
    -0.007640264889609595,
    -0.00678702972588668,
    -0.005963030490865116,
    -0.0051675500602528495,
    -0.004399071072834622,
    -0.0035240224879510376,
    -0.0024129109748886445,
    -0.001204777259604639,
    -3.672989108727102e-05,
    0.001090321133397271,
    0.002178109966570629,
    0.0032344425715124148,
    0.00445517780896754,
    0.006019088334084368,
    0.007719736238220796,
    0.009384728665497416,
    0.011122508575137555,
    0.012991080226167745,
    0.014874628180269585,
    0.016684908499430016,
    0.01842326914338347,
    0.0200919276324686,
    0.02169447432431217,
    0.02343648217563079,
    0.025524470882962738,
    0.027756131297451348,
    0.02991951005743763,
    0.032007977665493896,
    0.03401898226222061,
    0.035949194506768936,
    0.03779823486432692,
    0.03956782600836725,
    0.041260206381062314,
    0.04287781440717994,
    0.04442364723705687,
    0.0459195497129696,
    0.047549108105299956,
    0.049452047776479685,
    0.05143616422737513,
    0.05333324075104487,
    0.055144695311732356,
    0.05687301310423763,
    0.058520847559616875,
    0.06009100292626374,
    0.06158785382855677,
    0.06305741192364515,
    0.06454105992914136,
    0.06599466020290792,
    0.06737668908415173,
    0.06868987119480319,
    0.06994106611142001,
    0.07132583373334511,
    0.0730825604286772,
    0.07522639553550915,
    0.07768521377517193,
    0.08025224507687612,
    0.0827384074911485,
    0.08512433524573704,
    0.08774656674871259,
    0.09097627086255682,
    0.09451205789575085,
    0.09851980200480846,
    0.10348528324369109,
    0.10897437737459192,
    0.11464786622178785,
    0.12042051685778964,
    0.12653315912751528,
    0.1339545199217337,
    0.14272376730747352,
    0.15171347653022849,
    0.16073698330132188,
    0.17022617860837497,
    0.179780642728866,
    0.1908680710846148,
    0.20615498039480423,
    0.22441398258512069,
    0.24276801352098984,
    0.2603596485932525,
    0.27721269787725633,
    0.2933503621956485,
    0.3087951798512169,
    0.323569034916104,
    0.33769317315571645,
    0.3511882193048741,
    0.36407419440766225,
    0.3763705328720452,
    0.38809609913004905,
    0.3992692038678982,
    0.4099076198178863,
    0.42002859711486823,
    0.42964887822465325,
    0.4387847124536235,
    0.4474518700499073,
    0.45566565590676755,
    0.46344092287888966,
    0.4707920847221751,
    0.477733128667465,
    0.4842776276383777,
    0.49043875212319377,
    0.49622928171048303,
    0.5016616162979239,
    0.50674778698351,
    0.5114994666480834,
    0.515927980237903,
    0.5200443147556968,
    0.5238591289684209,
    0.5273827628397125,
    0.5306252466948032,
    0.5335963101254471,
    0.5363053906422007,
    0.5387616420811887,
    0.540973942772285,
    0.5429509034754464,
    0.5447008750917474,
    0.5462319561554809,
    0.547552000113505,
    0.5486686223978431,
    0.5495892072973775,
    0.5503209146343178,
    0.5508706862509571,
    0.5512452523120761,
    0.5514511374282015,
    0.5514946666047834,
    0.5513819710222101,
    0.5511189936514423,
    0.5507114947099118,
    0.550165056962196,
    0.5494850908698614,
    0.5486768395947361,
    0.5477453838597592,
    0.5466956466714281,
    0.5455323979077602,
    0.5442602587755714,
    0.5428837061407661,
    0.5414070767352338,
    0.5398345712438379,
    0.5381702582748921,
    0.5364180782174146,
    0.5345818469883694,
    0.532665259673003,
    0.5306718940613038,
    0.5286052140835205,
    0.5264685731475984,
    0.5242652173813096,
    0.5219982887817727,
    0.5196708282749883,
    0.5172857786879314,
    0.5148459876356806,
    0.512354210325989,
    0.5098131122836326,
    0.5072252719968093,
    0.5045931834877979,
    0.501919258810022,
    0.4992058304736008,
    0.49645515380141697,
    0.49366940921766733,
    0.49085070447081286,
    0.48800107679278465,
    0.4851224949962528,
    0.48221686151171606,
    0.4792860143661167,
    0.47633172910464006,
    0.4733557206573086,
    0.4703596451519344,
    0.46734510167495436,
    0.464313633981626,
    0.4612667321570213,
    0.4582058342292151,
    0.4551323277360262,
    0.45204755124662743,
    0.44895279583930986,
    0.44584930653664745,
    0.4427382836992735,
    0.43962088437944624,
    0.43649822363554974,
    0.4333713758086406,
    0.4302413757621184,
    0.42710922008556546,
    0.42397586826377665,
    0.42084224381197644,
    0.4177092353781848,
    0.41457769781366977,
    0.41144845321239637,
    0.408322291920358,
    0.4051999735156479,
    0.40208222776010316,
    0.39896975552334546,
    0.39586322968002885,
    0.39276329598108983,
    0.3896705738997683,
    0.3865856574531592,
    0.3835091160000771,
    0.3804414950160575,
    0.37738331684623283,
    0.3743350814366574,
    0.3712972670447533,
    0.36827033092977834,
    0.3652547100242408,
    0.3622508215872633,
    0.35925906384119055,
    0.3562798165932246,
    0.35331344184503066,
    0.3503602843946866,
    0.3474206724359514,
    0.34449491816232947,
    0.34158331838952816,
    0.33868615521444184,
    0.335803696751264,
    0.33293619806790387,
    0.3300839026166228,
    0.3272470449132732,
    0.32442585692110437,
    0.3216205887668283,
    0.31883161689733197,
    0.3161517516624357,
    0.3138827312400889,
    0.3121301260764947,
    0.31057012385556826,
    0.3089829949558378,
    0.30736991012443043,
    0.305732331301281,
    0.3040719712059501,
    0.3023915523038571,
    0.30079280243766165,
    0.29937771860808776,
    0.29804740983416106,
    0.2966988871813668,
    0.29536955835228185,
    0.2942033008347772,
    0.29326025063021877,
    0.29238404870653134,
    0.29146268525188246,
    0.2905368188116651,
    0.28967609113744014,
    0.2888681029081776,
    0.2880412291674488,
    0.2871661022382737,
    0.28624454625751405,
    0.2852786558162816,
    0.2842708632366743,
    0.2832255125616756,
    0.2821575426162959,
    0.28112033320930885,
    0.28031161698023643,
    0.27984718913339396,
    0.2795176083869933,
    0.2791473788258318,
    0.27872733083503404,
    0.2782977088860219,
    0.27789973848337757,
    0.2774870508986249,
    0.2770150752569481,
    0.2764853334792108,
    0.2759019692023421,
    0.2753278552820797,
    0.2748263887762068,
    0.2743477528230829,
    0.273838085176656,
    0.2732918108215401,
    0.2727031613826269,
    0.27208877415911586,
    0.2714917944208831,
    0.2709350700628966,
    0.27040186378939896,
    0.26999306907964393,
    0.26980572087506904,
    0.2696865913470149,
    0.2695001873799948,
    0.2692494301265355,
    0.26898639681280206,
    0.2687581787131909,
    0.26851465179696243,
    0.26821028433777994,
    0.26806029558018385,
    0.2682744142122483,
    0.2686527233002596,
    0.26900327573084654,
    0.26931194189928087,
    0.2695513057941338,
    0.26971593839432106,
    0.2698852786543937,
    0.27014699250007906,
    0.27043942508877034,
    0.27073362574303533,
    0.2710855328347928,
    0.27144799796269015,
    0.2717430627660518,
    0.2719530343983208,
    0.2720800495824946,
    0.27212680424575986,
    0.27209608988995315,
    0.2719906986050038,
    0.27181339843668806,
    0.27156692840892654,
    0.2712539888602346,
    0.2708772361300376,
    0.2704393188221287,
    0.2699430530816683,
    0.26939385467630506,
    0.26889122259762405,
    0.2685263389066216,
    0.26819830968341957,
    0.2678131301787379,
    0.26743863410972313,
    0.2671388532454929,
    0.26684763702734604,
    0.26649927986599137,
    0.2660927229145103,
    0.2656285265076246,
    0.26510859175377555,
    0.2645355376293203,
    0.2639903321866873,
    0.2635504369498403,
    0.26313347200539955,
    0.2626598879618297,
    0.2621315164130049,
    0.26155041224570386,
    0.2609186692168396,
    0.2602384558433405,
    0.25951211544235064,
    0.25874277737540796,
    0.2579431793379631,
    0.25714564071404483,
    0.2563618378441514,
    0.25556023702232944,
    0.2547192842844814,
    0.2538397980687496,
    0.2529231366064203,
    0.25197077385541317,
    0.2509842203041067,
    0.2499649917574242,
    0.24891459618809322,
    0.2478345450762246,
    0.24672637491485594,
    0.24559167489912576,
    0.24443236132753723,
    0.2432895697375707,
    0.24229058336376116,
    0.24148058570813158,
    0.24072718601322537,
    0.23994018837926262,
    0.23912073736331077,
    0.23827100952372082,
    0.23739319088415667,
    0.2364882442938842,
    0.23555552500658444,
    0.2345945209194822,
    0.23360577239661567,
    0.23259056751272467,
    0.23155186788282786,
    0.23055671768150351,
    0.22974751376192357,
    0.22913285087152313,
    0.22856061347218476,
    0.22794785498144884,
    0.22729557120207466,
    0.22660525274589205,
    0.2258783809319835,
    0.22511634765173966,
    0.22432048012130423,
    0.22349211382674616,
    0.22263261913396976,
    0.2217433718581871,
    0.2208257252285828,
    0.21988099884437137,
    0.2189104751567131,
    0.2179153987208501,
    0.21689697730329754,
    0.2158563840121747,
    0.21479475927000133,
    0.21371321447429886,
    0.21261284328322158,
    0.21149474655700362,
    0.2103600772184988,
    0.20921015155964992,
    0.20804719519969433,
    0.20694974985344206,
    0.20603678917215454,
    0.20527331288557582,
    0.20453798145170665,
    0.20380600949035915,
    0.20309648067344005,
    0.2023859957565394,
    0.20165098021653594,
    0.20089226653246126,
    0.20015974950625604,
    0.1995010670746218,
    0.19886610844700245,
    0.19820443219242098,
    0.19751592925659917,
    0.1968054793256134,
    0.1961323970698312,
    0.19555969996294598,
    0.19504811086454665,
    0.19453847496210272,
    0.19400802842478615,
    0.19347676441854028,
    0.1929745913090386,
    0.1924694758738294,
    0.19193081222763603,
    0.19136019409604516,
    0.1907593344555839,
    0.1901305226652504,
    0.18947747971257925,
    0.1888026697510154,
    0.188104667379414,
    0.18738203430460404,
    0.18663537441490213,
    0.18586578967720857,
    0.18507448989467876,
    0.18426279207967916,
    0.1834321563134456,
    0.1825841853998788,
    0.18172046975916378,
    0.18084248234403835,
    0.17995273546201246,
    0.17910513298788605,
    0.17840340495934814,
    0.17784651439099777,
    0.17732672445419084,
    0.1767866862069311,
    0.1762235618390724,
    0.17563743970249818,
    0.17502885903328216,
    0.17439710139250475,
    0.17374181967297292,
    0.17306392365701578,
    0.17236521082350856,
    0.1716889902711292,
    0.17108027144591742,
    0.1705003509572515,
    0.16990393710938273,
    0.16928706742545463,
    0.16873566375230187,
    0.16833308424106835,
    0.16798764538425914,
    0.16761009189569104,
    0.16720057219870765,
    0.16676016464219795,
    0.1662900289757337,
    0.16579132771496713,
    0.1652652247534096,
    0.16471287426022707,
    0.16413540473617477,
    0.16353391543974408,
    0.16290948086452808,
    0.16226315385090595,
    0.1615959679783337,
    0.1609089470116169,
    0.1602031297963027,
    0.1594796269513532,
    0.1587398860697291,
    0.1579894741140205,
    0.15726989494082697,
    0.15665824230944597,
    0.15615650849037338,
    0.1556796359797924,
    0.1551802212603836,
    0.15465835146235582,
    0.15411622102093897,
    0.15355740952946997,
    0.1530194522576686,
    0.15253531607908397,
    0.1520657047456256,
    0.15157429911769973,
    0.1511007570149548,
    0.15068503265648123,
    0.15028939664080165,
    0.14992031015954624,
    0.14962146899739584,
    0.14934314960356865,
    0.14903595790576235,
    0.1486992675258108,
    0.14833396866481513,
    0.14794114053299065,
    0.147521879430532,
    0.14707726467080953,
    0.1466083546398469,
    0.14611618485566047,
    0.14560176430418437,
    0.1450660726727651,
    0.1445100603564781,
    0.14393465035375322,
    0.14334074001390784,
    0.14272920258484198,
    0.14210088984772495,
    0.14145663730212604,
    0.14079727589133428,
    0.14012366428348932,
    0.13943677035731528,
    0.13873788630018216,
    0.1380563832534275,
    0.13749174084357568,
    0.13708351888216078,
    0.13672640811859274,
    0.13634723223462836,
    0.13598092595328376,
    0.13566190566565686,
    0.13535598912313423,
    0.13502748536501152,
    0.13467712312105098,
    0.13432171630087064,
    0.13397499319366468,
    0.13362162269554534,
    0.1332509533947373,
    0.1328690358110718,
    0.13247504282189934,
    0.13206315599192453,
    0.13163108325747952,
    0.13117959243832641,
    0.1307101508299813,
    0.1302246377066982,
    0.12972515524613837,
    0.12921295397640775,
    0.12868745430512035,
    0.12814767994186643,
    0.12759345722833043,
    0.12702504474685955,
    0.12644289909605863,
    0.1258476086939943,
    0.12523980885315555,
    0.12462013627084816,
    0.1239892224134798,
    0.12334770387065465,
    0.12269624381540564,
    0.12203561981194826,
    0.12136747210703969,
    0.12070633617559995,
    0.12009919562068887,
    0.11962564458884001,
    0.11929406722603544,
    0.1190043829467409,
    0.11869390829622702,
    0.11836286018203573,
    0.11801223764387204,
    0.11764361547018079,
    0.11725880653402448,
    0.1168602750639639,
    0.11646012312935916,
    0.11606763610413043,
    0.11567085959983131,
    0.11525887474509355,
    0.11483222729927667,
    0.11443930378548073,
    0.11412889541729909,
    0.11385315505116908,
    0.11356015158909498,
    0.11324711369670146,
    0.1129145536666217,
    0.11256316432080879,
    0.11219368705238228,
    0.1118068722646209,
    0.11140346273920872,
    0.11098418563917493,
    0.11054974851043126,
    0.11010083878968054,
    0.10963812511897476,
    0.10916225846250903,
    0.10867387240375426,
    0.10817358333182686,
    0.10766199198702125,
    0.10713968704980202,
    0.10660725094944583,
    0.10606526900102406,
    0.10551434907212812,
    0.10495516625582267,
    0.10438850964781869,
    0.10381542949309422,
    0.10325539782964384,
    0.10279877314768622,
    0.10249539667584724,
    0.1022487642238131,
    0.10198408738964604,
    0.10170185563621018,
    0.10140315394775212,
    0.10108908300297727,
    0.10076025741188545,
    0.10041715977931373,
    0.10006120866435628,
    0.09973755199867691,
    0.09948863504460578,
    0.09926785578368319,
    0.09903070904025944,
    0.09877861766941387,
    0.0985120138396003,
    0.09822962424287415,
    0.09793084704088052,
    0.09761614656307621,
    0.09728613762837882,
    0.09694145779398487,
    0.09658274050876868,
    0.09621060637206316,
    0.09582565941868952,
    0.09542848598726217,
    0.09501965553353472,
    0.09459972191577182,
    0.09416922350627141,
    0.09372868264500035,
    0.0932786061533955,
    0.09281948621734747,
    0.09235180050173337,
    0.09187601251308605,
    0.0913925719362985,
    0.09090191464752478,
    0.09040446490776687,
    0.0899006392556495,
    0.08939085104654557,
    0.08887552158778181,
    0.0883551025609364,
    0.08783015045996792,
    0.08730239179951269,
    0.0868410274403061,
    0.0865108786595081,
    0.08623906332903489,
    0.08595556549140142,
    0.0856614977614718,
    0.08538371312909349,
    0.08514631548216117,
    0.08492140160566747,
    0.0846824753885361,
    0.0844295677807159,
    0.08416303676905515,
    0.08388330946234199,
    0.08359085233548455,
    0.08328616457584755,
    0.08296976015223026,
    0.08264215262652355,
    0.08230384714908717,
    0.08195533648298252,
    0.08159709899042346,
    0.08122959848466127,
    0.0808532850927615,
    0.08046859612547953,
    0.08007595675678053,
    0.07967578051515753,
    0.07926846990351746,
    0.07885441770550902,
    0.07843400951964503,
    0.0780076286335025,
    0.07757566487279292,
    0.07713853732729682,
    0.07669680302411638,
    0.07625237321726207,
    0.0758375852608239,
    0.07548132497086518,
    0.07515010886274032,
    0.07481209494394771,
    0.07446768087617901,
    0.07415335572428346,
    0.07391141531934313,
    0.07371282858173048,
    0.07351603112001376,
    0.07331562598433271,
    0.07311051047129698,
    0.07289658500496025,
    0.07267129396406732,
    0.07243452370573736,
    0.0721866270355604,
    0.07192803813096316,
    0.07165920225878666,
    0.07138055726873266,
    0.07109253140757,
    0.07079554429307643,
    0.07049000664577372,
    0.07017631958767187,
    0.06985487405855832,
    0.06952605019670496,
    0.06919021682887631,
    0.06884773144611533,
    0.06849894062033848,
    0.0681441806053096,
    0.06778377794778823,
    0.06741804996892636,
    0.06704730521718244,
    0.06667184405530288,
    0.06629195977665846,
    0.065907941337539,
    0.0655200783388204,
    0.06512867025059832,
    0.064734060445576,
    0.0643369610547932,
    0.06395670685676938,
    0.06364420877458384,
    0.06341159356226392,
    0.06320492263368806,
    0.06299003911790546,
    0.06276666401025749,
    0.06254735115394985,
    0.06234462136650206,
    0.06214542352312233,
    0.06193690778805655,
    0.06171927711489639,
    0.06149280915992901,
    0.06125782464069384,
    0.06101466388974286,
    0.06076367601916221,
    0.06050520994824625,
    0.06023960949042664,
    0.059967210938427856,
    0.05968834179831996,
    0.05940332033441733,
    0.059112455518333544,
    0.058816047090353665,
    0.05851438566625344,
    0.05820775286698915,
    0.05789642145535285,
    0.05758065546661483,
    0.057260710353078566,
    0.056936833188384564,
    0.05660926290956236,
    0.05627823053474125,
    0.05594395936115531,
    0.05560666517823061,
    0.05526655648187965,
    0.0549238346784922,
    0.05457869429568056,
    0.05423132318918896,
    0.05388190273081222,
    0.05353060799627596,
    0.05317760796628507,
    0.05282306572547075,
    0.052467138642698086,
    0.052109978538241015,
    0.05175173185263396,
    0.05139253981428245,
    0.05103253859481212,
    0.05067185945658258,
    0.050310628900683926,
    0.049948968811539936,
    0.049586996594511656,
    0.0492248253108102,
    0.048862563811129335,
    0.048500316864964824,
    0.04813818528497253,
    0.047776266047978466,
    0.04741465241323773,
    0.047053434037327854,
    0.04669269708546424,
    0.04633252433943071,
    0.04597299530167604,
    0.04561418629537277,
    0.04525617056147827,
    0.044899018353822616,
    0.04454279703220505,
    0.04418757115295945,
    0.04383340255667405,
    0.04348035045312457,
    0.04312847150350231,
    0.04277781990004657,
    0.04242844744338444,
    0.04208040361790367,
    0.04173373566524557,
    0.04138848865572704,
    0.04104470555767253,
    0.040702427304806596,
    0.040361692861607734,
    0.040022539286617066,
    0.039685001794003846,
    0.03934911381354624,
    0.0390149070489383,
    0.03868241153430185,
    0.03835165568886327,
    0.03802266636994671,
    0.037695468924492236,
    0.0373700872391113,
    0.0370465437886361,
    0.03672485968321326,
    0.036405054713976225,
    0.03608714739732809,
    0.035771155017922954,
    0.035457093670398586,
    0.03514497829987433,
    0.03483482274126062,
    0.034526639757399565,
    0.034220441076012895,
    0.033916237425502344,
    0.03361403856969873,
    0.03331385334160559,
    0.033015689676150324,
    0.032719554641950296,
    0.03242545447209999,
    0.032133394594007665,
    0.03184337965831705,
    0.03155541356695114,
    0.031269499500317606,
    0.030985639943695596,
    0.030703836712811163,
    0.030424090978623072,
    0.03014640329134375,
    0.029870773603723692,
    0.029597201293638808,
    0.02932568518599929,
    0.02905622357398595,
    0.028788814239642815,
    0.02852345447385162,
    0.02826014109569098,
    0.02799887047118176,
    0.027739638531432166,
    0.0274824407902139,
    0.0272272723610041,
    0.026974127973505083,
    0.026723001989648897,
    0.02647388841909647,
    0.026226780934238497,
    0.025981672884717318,
    0.025738557311497504,
    0.025497426960501224,
    0.025258274295813107,
    0.025021091512462353,
    0.024785870548795958,
    0.024552603098456464,
    0.024321280621973425,
    0.024091894357976526,
    0.023864435334040417,
    0.023638894377176086,
    0.023415262123985103,
    0.02319352903048778,
    0.022973685381633375,
    0.022755721300500128,
    0.022539626757189908,
    0.022325391577422617,
    0.022113005450843923,
    0.02190245793905881,
    0.021693738483393742,
    0.021486836412396036,
    0.021281740949085123,
    0.021078441217959133,
    0.020876926251762032,
    0.020677184998028213,
    0.020479206325409498,
    0.020282979029777534,
    0.020088491840109267,
    0.019895733424174607,
    0.019704692394032892,
    0.019515357311336513,
    0.01932771669244771,
    0.01914175901337559,
    0.018957472714532547,
    0.018774846205314746,
    0.01859386786852084,
    0.0184145260646168,
    0.018236809135847284,
    0.0180607054101924,
    0.01788620320517283,
    0.01771329083151553,
    0.01754195659668983,
    0.017372188808313496,
    0.017203975777430117,
    0.0170373058216632,
    0.016872167268249666,
    0.0167085484569527,
    0.016546437742854553,
    0.01638582349903734,
    0.016226694119163474,
    0.016069038019958477,
    0.015912843643593508,
    0.015758099459967836,
    0.015604793968891884,
    0.015452915702174715,
    0.015302453225622169,
    0.015153395140949525,
    0.015005730087611082,
    0.014859446744550158,
    0.01471453383187563,
    0.014570980112466391,
    0.014428774393502574,
    0.014287905527926557,
    0.014148362415834049,
    0.014010134005796428,
    0.013873209296123333,
    0.013737577336069916,
    0.01360322722698646,
    0.013470148123409784,
    0.013338329234099564,
    0.013207759823021107,
    0.013078429210269294,
    0.012950326772933899,
    0.012823441945918616,
    0.012697764222723116,
    0.012573283156183102,
    0.012449988359157931,
    0.012327869505170262,
    0.01220691632901121,
    0.01208711862731197,
    0.01196846625907843,
    0.0118509491461916,
    0.011734557273877986,
    0.011619280691147729,
    0.01150510951118723,
    0.01139203391170196,
    0.011280044135233095,
    0.011169130489468155,
    0.011059283347536952,
    0.010950493148273554,
    0.01084275039643506,
    0.010736045662888414,
    0.010630369584779935,
    0.010525712865679956,
    0.010422066275697476,
    0.010319420651574224,
    0.01021776689675665,
    0.010117095981450795,
    0.010017398942669033,
    0.009918666884250324,
    0.009820890976849024,
    0.00972406245792305,
    0.009628172631731713,
    0.009533212869332914,
    0.009439174608586218,
    0.009346049354162389,
    0.00925382867754584,
    0.009162504217035666,
    0.009072067677744145,
    0.008982510831548884,
    0.008893825516997857,
    0.008806003639256045,
    0.008719037170152046,
    0.008632918148306919,
    0.008547638679308174,
    0.008463190935859921,
    0.008379567157876147,
    0.008296759652623465,
    0.00821476079502442,
    0.00813356302814627,
    0.00805315886394307,
    0.007973540884359968,
    0.007894701742873584,
    0.00781663416658863,
    0.007739330959086807,
    0.007662785004107207,
    0.0075869892700116265,
    0.0075119368157460405,
    0.0074376208002600915,
    0.007364034497023513,
    0.007291171314178027,
    0.007219024821813971,
    0.007147588792062188,
    0.00707685726207289,
    0.007006824631724534,
    0.0069374858288894625,
    0.0068688366292717845,
    0.0068008743005374545,
    0.00673359897158895,
    0.006667016821176066,
    0.006601148970694908,
    0.0065360660827372295,
    0.0064721169016580486,
    0.006658175703596294,
    0.007652950428222414,
    0.009505314593274458,
    0.012130450492750269,
    0.015681462588154216,
    0.019613290919181223,
    0.02393157035876235,
    0.02914555784427499,
    0.03469324176056947,
    0.04059119235332331,
    0.04763099184279908,
    0.05546602238919501,
    0.06363663628086148,
    0.07230981095704477,
    0.08172039750020885,
    0.09197534218823762,
    0.10241463476787974,
    0.11319247581167381,
    0.12510046915461792,
    0.1374462069683613,
    0.14997399656363958,
    0.16315938479156555,
    0.1764019334698957,
    0.1899644196143398,
    0.2047078607838866,
    0.21978641071115307,
    0.2346234251774951,
    0.24959935807571043,
    0.26484185828947027,
    0.2802686988061657,
    0.295403523368153,
    0.3098930914146429,
    0.32409645902449735,
    0.3384052080096851,
    0.352568545594081,
    0.3662562079816407,
    0.37938738051602805,
    0.39209577716477895,
    0.4045940345706298,
    0.41675440503958217,
    0.4284036944711005,
    0.4397388239223352,
    0.4509602543653308,
    0.4619075307955914,
    0.4724504798828866,
    0.48260751645348277,
    0.49244292301919623,
    0.5019948132784816,
    0.5111421329651684,
    0.5198029602934359,
    0.527992469074186,
    0.5363743678286552,
    0.545961415944634,
    0.5564315211553821,
    0.5667249824848118,
    0.5764703371107086,
    0.5856854242317464,
    0.5943876885643707,
    0.6025940825635112,
    0.6103210634360429,
    0.6175846028670077,
    0.6244001993870313,
    0.6307828912967981,
    0.6367472695703422,
    0.6423074905423096,
    0.6474772883053492,
    0.6522699867902141,
    0.6566985115219469,
    0.6607754010537353,
    0.6645128180829991,
    0.6679225602560973,
    0.6710160706690652,
    0.6738044480720818,
    0.6762984567854412,
    0.6785085363348116,
    0.6804448108134686,
    0.6821170979790442,
    0.6835349180922023,
    0.6847075025044718,
    0.6856438020022572,
    0.6863524949138653,
    0.6868419949862095,
    0.6871204590376958,
    0.6871957943936164,
    0.68707566611017,
    0.6867675039930652,
    0.6862785094165073,
    0.6856156619482171,
    0.6847857257859554,
    0.683795256010878,
    0.6826506046629022,
    0.6813579266431125,
    0.6799231854480918,
    0.6783521587409255,
    0.676650443763498,
    0.6748234625945729,
    0.6728764672580133,
    0.670814544685381,
    0.6686426215370276,
    0.6663654688856868,
    0.6639877067664579,
    0.6615138085969596,
    0.658948105471325,
    0.6562947903316061,
    0.6535579220200619,
    0.6507414292157008,
    0.6478491142583536,
    0.6448846568634621,
    0.6418516177306768,
    0.6387534420492711,
    0.6355934629032939,
    0.6323749045792992,
    0.6291008857794095,
    0.625774422742392,
    0.6223984322753535,
    0.6189757346985896,
    0.6155090567060546,
    0.6120010341438407,
    0.608454214708985,
    0.6048710605708655,
    0.6012539509173751,
    0.5976051844280078,
    0.5939269816759312,
    0.5902214874610598,
    0.5864907730760881,
    0.5827368385073846,
    0.5789616145725945,
    0.5751669649967467,
    0.5713546884286084,
    0.5675265203989895,
    0.5636841352226429,
    0.5598291478453647,
    0.5559631156378491,
    0.5520875401378118,
    0.5482038687418482,
    0.5443134963484584,
    0.5404177669536187,
    0.5365179752002516,
    0.5326153678829065,
    0.5287111454089284,
    0.5248064632173397,
    0.5209024331566527,
    0.517000124822794,
    0.5131005668582664,
    0.5092047482136524,
    0.5053136193725613,
    0.5014280935410871,
    0.4975490478027854,
    0.49367732424014216,
    0.4898137310234696,
    0.48595904346818186,
    0.48211400506144025,
    0.4782793284591218,
    0.47445569645402214,
    0.4706437629162186,
    0.4668441537064721,
    0.4630574675634448,
    0.45928427696562946,
    0.4555251289692269,
    0.45178054602326323,
    0.44805102676286845,
    0.44433704678176006,
    0.44063905938586556,
    0.43695749633090314,
    0.4332927685471573,
    0.42964526685603877,
    0.42601536268928514,
    0.42240340882846883,
    0.41880974018562356,
    0.41523467467172576,
    0.4116785142587548,
    0.4081415464254795,
    0.40462404644274097,
    0.40112628194405164,
    0.3976485244887633,
    0.39419108966771677,
    0.39075459003763036,
    0.3873529828475397,
    0.384363576435542,
    0.3821244937722631,
    0.38023354886650906,
    0.3783493176422701,
    0.3765089997506389,
    0.3746779235642968,
    0.3728160475905322,
    0.37092074992318436,
    0.3689934940347596,
    0.3670359333235571,
    0.3650497303458772,
    0.36303651721878377,
    0.36099788070003536,
    0.3589353595548792,
    0.35685044789574344,
    0.35474459959896004,
    0.3526192404646583,
    0.3504758040559637,
    0.34831587976303596,
    0.34614276926897347,
    0.34416545620551553,
    0.3425858323305435,
    0.34119011849833686,
    0.3398739433416097,
    0.3387357578490617,
    0.33765769536368423,
    0.3365279773344495,
    0.3353473429925636,
    0.3341178218910216,
    0.33284158852171414,
    0.3315208698750258,
    0.33015805914383745,
    0.32875677402825604,
    0.32753733870238794,
    0.32671187075394315,
    0.32605163480291177,
    0.3253330421095981,
    0.32455556472785985,
    0.3237200471316348,
    0.3228279181573903,
    0.32188061197240586,
    0.32087972977366813,
    0.3198272557902708,
    0.3187253004499131,
    0.31757596864688514,
    0.3163813478111344,
    0.3151435001607692,
    0.3138644523441022,
    0.31254620197104055,
    0.31119076566997017,
    0.3098003390578982,
    0.30837793385705714,
    0.3070139744941026,
    0.3058594311924172,
    0.304885500163633,
    0.30393759411894755,
    0.30311122395174606,
    0.30255690798616475,
    0.30210176882334694,
    0.3015819463479634,
    0.3009996197311226,
    0.3003595091673448,
    0.2996693688193064,
    0.29900321969633126,
    0.29848018162105516,
    0.2980786122296527,
    0.2976720774814651,
    0.2972045800260676,
    0.2966765474864521,
    0.2960993415312606,
    0.2955147787999305,
    0.2949737499554695,
    0.2945670055040317,
    0.2943345662751757,
    0.29413750307900965,
    0.2938687821039778,
    0.2935305805217195,
    0.29323214599135444,
    0.29307869355920985,
    0.292959134570545,
    0.29276440960725514,
    0.29249567667833903,
    0.29215556056032427,
    0.2917467609874656,
    0.2912719268427886,
    0.29073364280109526,
    0.29013443655636484,
    0.2894767820596557,
    0.28876309330091854,
    0.28799572773623805,
    0.2871770231450623,
    0.2863093952377793,
    0.28539561131236935,
    0.28444032093927263,
    0.28366781036966676,
    0.28329699835586886,
    0.28318891629064386,
    0.28321852703140965,
    0.28330464395811433,
    0.28333490051998667,
    0.28331332262287656,
    0.283267398730077,
    0.2831795815998179,
    0.283107111083711,
    0.2831386070778949,
    0.28320040380042055,
    0.2831977187484475,
    0.2831233107801078,
    0.28306227686132746,
    0.283448164302986,
    0.28453894201300456,
    0.28587109153166085,
    0.287077373042106,
    0.28821495975956757,
    0.2897824451402126,
    0.2921708804394815,
    0.2949434725070248,
    0.29782604569873905,
    0.30087562569793935,
    0.3040737691588297,
    0.30774150505378395,
    0.3119885613104129,
    0.3163212937217318,
    0.32089012232145075,
    0.3261497678884433,
    0.33162695790751173,
    0.33749142835923945,
    0.34433565099517327,
    0.35149403361407705,
    0.3588035071065329,
    0.3667040645745393,
    0.3750117140925525,
    0.3836323305899933,
    0.3923140932093485,
    0.40123379173819607,
    0.41086514524491957,
    0.4206024740073588,
    0.4298632400526997,
    0.4386629601264556,
    0.44777265740363975,
    0.45793390873735695,
    0.46835558793500953,
    0.4782623270557393,
    0.48766066260998686,
    0.4965668413720953,
    0.5049969065835258,
    0.5129664796522214,
    0.5204907368179854,
    0.527584411777506,
    0.5342618045887741,
    0.5405367925488163,
    0.5464228415896097,
    0.5519330176909615,
    0.5570799981439625,
    0.5618760825841703,
    0.5663332037577089,
    0.5704629380113604,
    0.5742765155030272,
    0.5777848301318222,
    0.5809984491924352,
    0.5839276227600477,
    0.5865822928122186,
    0.5889721020943238,
    0.5911064027345969,
    0.5929942646153643,
    0.5946444835077371,
    0.5960655889763409,
    0.5972658520600241,
    0.5982532927345905,
    0.599035687163819,
    0.599620574744818,
    0.600015264953387,
    0.600226843994994,
    0.6002621812668101,
    0.6001279356359288,
    0.5998305615389705,
    0.5993763149083344,
    0.5987712589299583,
    0.5980212696372166,
    0.5971320413455657,
    0.5961090919324031,
    0.594957767966619,
    0.5936832496921689,
    0.5922905558696876,
    0.5907845484801268,
    0.5891699372943489,
    0.587451284312421,
    0.5856330080762827,
    0.5837193878594719,
    0.5817145677375071,
    0.5796225605422507,
    0.5774472517034164,
    0.5751924029803773
]