[
    0.0,
    0.0,
    -0.0008066978198388803,
    -0.0009763619919862307,
    -0.0011393325628885039,
    -0.001295817132716042,
    -0.0014460172641969765,
    -0.0015901286545669533,
    -0.0017283413026561683,
    -0.0018608396712504202,
    -0.0019878028448590324,
    -0.002109404683019512,
    -0.0022258139692653486,
    -0.0023371945558798507,
    -0.0024437055045551047,
    -0.002545501223071357,
    -0.0026427315981093565,
    -0.0027355421243044783,
    -0.0028240740296484887,
    -0.002908464397343391,
    -0.0029888462842072687,
    -0.003065348835727378,
    -0.003138097397855416,
    -0.003207213625639675,
    -0.0032728155887826694,
    -0.003335017874206178,
    -0.0033939316857092526,
    -0.0034496649408056156,
    -0.003502322364816534,
    -0.0035520055822944527,
    -0.003598813205856437,
    -0.003642840922499577,
    -0.003684181577467468,
    -0.003722925255738065,
    -0.003759159361198281,
    -0.0037929686935684126,
    -0.0038244355231389915,
    -0.003853639663383113,
    -0.003880658541518916,
    -0.00390556726710096,
    -0.0039284386986886835,
    -0.003949343508612353,
    -0.00396835024587566,
    -0.003985525397265414,
    -0.004000933446742239,
    -0.004014636933155032,
    -0.0040266965062931235,
    -0.004037170981318588,
    -0.0040461173916614005,
    -0.004053591040440575,
    -0.004059645550435328,
    -0.004064332912628078,
    -0.004067703533365862,
    -0.004069806280198614,
    -0.004070688526424788,
    -0.0040703961943463094,
    -0.004068973797250279,
    -0.0040664644801705835,
    -0.004062910059507874,
    -0.004058351061565284,
    -0.004052826759994724,
    -0.004046375212145511,
    -0.004039033294362098,
    -0.004030836736282603,
    -0.00402182015417073,
    -0.004012017083313803,
    -0.004001460009491352,
    -0.003990180399531564,
    -0.003978208731016446,
    -0.0039655745211297725,
    -0.003952306354638207,
    -0.003938431911050466,
    -0.003923977990940719,
    -0.003908970541523259,
    -0.0038934346816398065,
    -0.0038773947260938944,
    -0.0038608742092224612,
    -0.0038438959077343763,
    -0.003826481862849869,
    -0.0038086534018149207,
    -0.003790431158881862,
    -0.0037718350956713275,
    -0.003752884520797285,
    -0.0037335981089021172,
    -0.0037139939192917977,
    -0.0036940894141422433,
    -0.003673901476268923,
    -0.0036534464264098973,
    -0.0036327400398262133,
    -0.003611797562454928,
    -0.0035906337269993893,
    -0.0035692627685570267,
    -0.0035476984394879544,
    -0.003525954024003994,
    -0.0035040423524863966,
    -0.0034819758152752132,
    -0.0034597663761053014,
    -0.0034374255851016547,
    -0.00341496459143433,
    -0.003392394156065755,
    -0.003369724664228976,
    -0.003346966136989472,
    -0.0033241282420503554,
    -0.0033012203044497377,
    -0.0032782513177944425,
    -0.0032552299559776335,
    -0.0032321645844189243,
    -0.003209063270659467,
    -0.003185933794984711,
    -0.0031627836606495066,
    -0.003139620103116555,
    -0.0031164500990640397,
    -0.0030932803757094418,
    -0.0030701174203104234,
    -0.0030469674896350936,
    -0.003023836618844161,
    -0.003000730629358355,
    -0.002977655135080682,
    -0.002954615546770508,
    -0.0029316170759376313,
    -0.0029086647393190626,
    -0.0028857633633369868,
    -0.0028629175873441646,
    -0.0028401318657725228,
    -0.0028174104706473343,
    -0.0027947574947734064,
    -0.0027721768541475317,
    -0.0027496722891722945,
    -0.0027272473666794146,
    -0.002704905484326661,
    -0.0026826498764622366,
    -0.0026604836201406207,
    -0.0026384096410049947,
    -0.0026164307189513085,
    -0.002594549493452767,
    -0.0025727684687564334,
    -0.00255109001909784,
    -0.002529516393710125,
    -0.0025080497214847166,
    -0.0024866920154309347,
    -0.0024654451770181104,
    -0.0024443110003415265,
    -0.0024232911760739308,
    -0.0024023872951917545,
    -0.0023816008525778696,
    -0.002360933250615792,
    -0.0023403858027147596,
    -0.0023199597366759302,
    -0.002299656197898155,
    -0.002279476252447333,
    -0.002259420889997122,
    -0.0022394910266367884,
    -0.0022196875075563365,
    -0.0022000111096267833,
    -0.0021804625438816014,
    -0.0021610424579049685,
    -0.002141751438138589,
    -0.00212259001211402,
    -0.0021035586506077297,
    -0.0020846577697153697,
    -0.002065887732850688,
    -0.002047248852679498,
    -0.002028741392992453,
    -0.002010365570514401,
    -0.001992121556652227,
    -0.001974009479186227,
    -0.001956029423907331,
    -0.0019381814362018236,
    -0.0019204655225853807,
    -0.0019028816521870211,
    -0.0018854297581845478,
    -0.0018681097391943804,
    -0.0018509214606184645,
    -0.0018338647559494065,
    -0.0018169394280332166,
    -0.001800145250290504,
    -0.001783481967898967,
    -0.0017669492989388074,
    -0.001750546935501902,
    -0.001734274544765966,
    -0.0017181317700344636,
    -0.0017021182317441311,
    -0.0016862335284428104,
    -0.0016704772377370437,
    -0.0016548489172074983,
    -0.001639348105293534,
    -0.0016239743221488404,
    -0.0016087270704689166,
    -0.001593605836291937,
    -0.0015786100897742837,
    -0.0015637392859409825,
    -0.0015489928654115804,
    -0.001534370255102369,
    -0.0015198708689056896,
    -0.0015054941083469196,
    -0.001491239363219905,
    -0.0014771060122017667,
    -0.0014630934234477653,
    -0.001449200955166627,
    -0.0014354279561768354,
    -0.0014217737664444059,
    -0.0014082377176025443,
    -0.001394819133453896,
    -0.0013815173304561248,
    -0.0013683316181913154,
    -0.0013552612998196495,
    -0.0013423056725176932,
    -0.001329464027901667,
    -0.0013167356524362392,
    -0.0013041198278293726,
    -0.0012916158314137194,
    -0.0012792229365149914,
    -0.001266940412807465,
    -0.0012547675266568635,
    -0.0012427035414511096,
    -0.001230747717919443,
    -0.0012188993144403304,
    -0.0012071575873384877,
    -0.0011955217911711758,
    -0.0011839911790039119,
    -0.0011725650026759185,
    -0.0011612425130559044,
    -0.0011500229602885827,
    -0.0011389055940319442,
    -0.001127889663685306,
    -0.0011169744186085117,
    -0.0011061591083328238,
    -0.0010954429827639387,
    -0.0010848252923774905,
    -0.0010743052884068791,
    -0.00106388222302329,
    -0.0010535553495093697,
    -0.0010433239224280897,
    -0.0010331871977858936,
    -0.0010231444331883003,
    -0.0010131948879882843,
    -0.001003337823428616,
    -0.0009935725027779576,
    -0.0009838981914613882,
    -0.0009743141571863647,
    -0.0009648196700630476,
    -0.0009554140027191382,
    -0.0009460964304109154,
    -0.0009368662311300736,
    -0.0009277226857053682,
    -0.0009186650778986228,
    -0.0009096926944939911,
    -0.0009008048253817436,
    -0.0008920007636399986,
    -0.0008832798056135441,
    -0.0008746412509878001,
    -0.000866084402861401,
    -0.0008576085678185642,
    -0.0008492130559967483,
    -0.000840897181148242,
    -0.0008326602606971189,
    -0.0008245016157935693,
    -0.0008164205713679536,
    -0.000808416456181787,
    -0.0008004886028711807,
    -0.0007926363479833376,
    -0.0007848590320101944,
    -0.0007771559994217825,
    -0.000769526598696786,
    -0.0007619701823481592,
    -0.0007544861069472546,
    -0.0007470737331489681,
    -0.0007397324257151974,
    -0.0007324615535352917,
    -0.0007252604896472569,
    -0.0007181286112597045,
    -0.0007110652997664318,
    -0.0007040699407525923,
    -0.0006971419240033955,
    -0.0006902806435174276,
    -0.0006834854975166241,
    -0.0006767558884525603,
    -0.0006700912230129712,
    -0.0006634909121280382,
    -0.0006569543709732674,
    -0.0006504810189679702,
    -0.0006440702797733821,
    -0.0006377215812937758,
    -0.0006314343556777526,
    -0.0006252080393145289,
    -0.0006190420728253795,
    -0.000612935901055034,
    -0.0006068889730672675,
    -0.0006009007421476102,
    -0.0005949706658094289,
    -0.0005890982057937193,
    -0.0005832828280607549,
    -0.0005775240027786645,
    -0.0005718212043111777,
    -0.000566173911205324,
    -0.0005605816061780591,
    -0.0005550437761008118,
    -0.0005495599119838508,
    -0.0005441295089595639,
    -0.000538752066264392,
    -0.0005334270872222089,
    -0.0005281540792281525,
    -0.0005229325537306618,
    -0.0005177620262137026,
    -0.0005126420161813156,
    -0.0005075720471416612,
    -0.000502551646589081,
    -0.0004975803459852364,
    -0.0004926576807380256,
    -0.0004877831901807777,
    -0.0004829564175554279,
    -0.00047817690999750527,
    -0.00047344421852041785,
    -0.0004687578979972718,
    -0.0004641175071397906,
    -0.00045952260847796465,
    -0.00045497276834138904,
    -0.0004504675568392057,
    -0.00044600654783865577,
    -0.0004415893189451878,
    -0.0004372154514838074,
    -0.0004328845304770873,
    -0.0004285961446183215,
    -0.00042434988624470243,
    -0.0004201453513146716,
    -0.00041598213938788363,
    -0.00041185985360384276,
    -0.00040777810065750525,
    -0.00040373649077333346,
    -0.00039973463768070273,
    -0.0003957721585910408,
    -0.00039184867417369374,
    -0.000387963808529766,
    -0.0003841171891665105,
    -0.0003803084469734546,
    -0.0003765372161986017,
    -0.0003728031344235408,
    -0.00036910584253904656,
    -0.0003654449847211781,
    -0.0003618202084058524,
    -0.00035823116426237517,
    -0.0003546775061672782,
    -0.0003511588911786303,
    -0.00034767497951079064,
    -0.000344225434509575,
    -0.00034080992262795783,
    -0.0003374281134022724,
    -0.00033407967942812453,
    -0.0003307642963348877,
    -0.0003274816427591948,
    -0.0003242314003196466,
    -0.00032101325359321477,
    -0.00031782689009116755,
    -0.0003146720002338576,
    -0.0003115482773275944,
    -0.00030845541754621496,
    -0.00030539311991388264,
    -0.0003023610862843241,
    -0.00029935902131731024,
    -0.00029638663245433553,
    -0.00029344362989335937,
    -0.00029052972656408714,
    -0.00028764463810513805,
    -0.0002847880828416148,
    -0.0002819597817616384,
    -0.000279159458492291,
    -0.0002763868392757874,
    -0.0002736416529459854,
    -0.0002709236309055691,
    -0.00026823250710428974,
    -0.0002655680180171153,
    -0.00026292990262128784,
    -0.00026031790237326783,
    -0.0002577317611864245,
    -0.00025517122540909097,
    -0.0002526360438026477,
    -0.00025012596751999584,
    -0.0002476407500848066,
    -0.00024518014737094336,
    -0.00024274391758125638,
    -0.00024033182122608346,
    -0.0002379436211021379,
    -0.00023557908227182062,
    -0.00023323797204280016,
    -0.00023092005994791156,
    -0.00022862511772537064,
    -0.00022635291929906586,
    -0.0002241032407586955,
    -0.00022187586033981383,
    -0.00021967055840383155,
    -0.00021748711741800483,
    -0.00021532532193563523,
    -0.00021318495857639065,
    -0.00021106581600666534,
    -0.00020896768492001226,
    -0.00020689035801763352,
    -0.0002048336299894836,
    -0.00020279729749590023,
    -0.00020078115914866666,
    -0.00019878501549167317,
    -0.00019680866898219687,
    -0.00019485192397250282,
    -0.000192914586690758,
    -0.00019099646522129578,
    -0.00018909736948473474,
    -0.0001872171112173057,
    -0.00018535550394922122,
    -0.00018351236298495426,
    -0.00018168750538896357,
    -0.00017988074997524336,
    -0.00017809191729501692,
    -0.0001763208296213074,
    -0.00017456731093337623,
    -0.00017283118690157953,
    -0.0001711122848716328,
    -0.00016941043384852855,
    -0.00016772546448012358,
    -0.00016605720904100057,
    -0.00016440550141889128,
    -0.00016277017710355693,
    -0.0001611510731755014,
    -0.00015954802829433286,
    -0.00015796088268876308,
    -0.0001563894781479002,
    -0.00015483365801016797,
    -0.00015329326714853236,
    -0.0001517681519564157,
    -0.00015025816033617355,
    -0.0001487631416861459,
    -0.00014728294688763836,
    -0.00014581742829756865,
    -0.00014436643974551186,
    -0.00014292983653039,
    -0.0001415074754148032,
    -0.000140099214616277,
    -0.00013870491379287768,
    -0.0001373244340233271,
    -0.0001359576377914913,
    -0.00013460438897966724,
    -0.00013326455286088478,
    -0.00013193799608513467,
    -0.00013062458666187067,
    -0.0001293241939438866,
    -0.00012803668862045,
    -0.00012676194271369668,
    -0.00012549982956281143,
    -0.00012425022379865163,
    -0.00012301300132793122,
    -0.00012178803932986081,
    -0.00012057521624103664,
    -0.00011937441172340068,
    -0.00011818550664235712,
    -0.00011700838305785188,
    -0.00011584292421065045,
    -0.00011468901450877047,
    -0.00011354653952030041,
    -0.00011241538596266622,
    -0.00011129544168437097,
    -0.00011018659564673276,
    -0.00010908873790821497,
    -0.00010800175960747163,
    -0.00010692555295192203,
    -0.00010586001121340035,
    -0.0001048050287131592,
    -0.00010376050079147664,
    -0.0001027263237765113,
    -0.0001017023949608594,
    -0.00010068861258329538,
    -9.968487581614365e-05,
    -9.86910847633345e-05,
    -9.770714045573407e-05,
    -9.673294482453052e-05,
    -9.576840068045963e-05,
    -9.481341174571686e-05,
    -9.386788271765387e-05,
    -9.293171930366289e-05,
    -9.20048282248765e-05,
    -9.108711722277025e-05,
    -9.017849506818686e-05,
    -8.927887156179745e-05,
    -8.838815753072212e-05,
    -8.750626482067891e-05,
    -8.663310628332018e-05,
    -8.57685957562811e-05,
    -8.491264802766236e-05,
    -8.406517880893329e-05,
    -8.322610474519607e-05,
    -8.239534343539338e-05,
    -8.157281342156572e-05,
    -8.075843415259568e-05,
    -7.995212595525566e-05,
    -7.91538100211911e-05,
    -7.836340839564255e-05,
    -7.758084396993877e-05,
    -7.680604047367241e-05,
    -7.603892244441493e-05,
    -7.527941518380374e-05,
    -7.452744473461281e-05,
    -7.378293788803916e-05,
    -7.304582219262936e-05,
    -7.231602593582906e-05,
    -7.159347810906093e-05,
    -7.08781083836976e-05,
    -7.016984710472039e-05,
    -6.946862528662613e-05,
    -6.877437459036021e-05,
    -6.808702729285418e-05,
    -6.74065162754533e-05,
    -6.673277502331607e-05,
    -6.606573762153427e-05,
    -6.540533874980375e-05,
    -6.475151366975067e-05,
    -6.410419820535344e-05,
    -6.346332873938471e-05,
    -6.282884222345012e-05,
    -6.22006761687281e-05,
    -6.157876861997912e-05,
    -6.096305814205573e-05,
    -6.035348382346519e-05,
    -5.9749985284794806e-05,
    -5.915250268236859e-05,
    -5.856097670231113e-05,
    -5.7975348544470114e-05,
    -5.739555990429727e-05,
    -5.682155296755539e-05,
    -5.625327041591865e-05,
    -5.569065542826275e-05,
    -5.513365167539222e-05,
    -5.4582203310955196e-05,
    -5.4036254959802235e-05,
    -5.349575171895771e-05,
    -5.2960639190813933e-05,
    -5.243086353658379e-05,
    -5.1906371509222556e-05,
    -5.1387110448758085e-05,
    -5.087302825916439e-05,
    -5.036407338676333e-05,
    -4.98601948103284e-05,
    -4.9361342044743315e-05,
    -4.8867465143361346e-05,
    -4.837851468698407e-05,
    -4.789444176762327e-05,
    -4.741519797597374e-05,
    -4.694073539350359e-05,
    -4.647100658586199e-05,
    -4.600596459645677e-05,
    -4.55455629451858e-05,
    -4.508975562811389e-05,
    -4.4638497112996656e-05,
    -4.419174233758689e-05,
    -4.374944670696489e-05,
    -4.3311566080670396e-05,
    -4.287805675674067e-05,
    -4.244887545934326e-05,
    -4.202397933054724e-05,
    -4.160332592923564e-05,
    -4.1186873230831084e-05,
    -4.077457961871161e-05,
    -4.036640387198303e-05,
    -3.9962305157835695e-05,
    -3.9562243030367164e-05,
    -3.916617743447671e-05,
    -3.877406870855666e-05,
    -3.838587757819061e-05,
    -3.800156514575182e-05,
    -3.7621092884658174e-05,
    -3.724442263395508e-05,
    -3.6871516590405584e-05,
    -3.650233730283911e-05,
    -3.6136847667983604e-05,
    -3.577501092632553e-05,
    -3.5416790661640185e-05,
    -3.5062150805739984e-05,
    -3.471105564336203e-05,
    -3.4363469810770985e-05,
    -3.401935828848749e-05,
    -3.367868639309978e-05,
    -3.334141977048939e-05,
    -3.30075243903626e-05,
    -3.267696654251315e-05,
    -3.234971283417207e-05,
    -3.202573018782594e-05,
    -3.170498584053496e-05,
    -3.1387447342636807e-05,
    -3.1073082552752115e-05,
    -3.076185963126469e-05,
    -3.0453747035388337e-05,
    -3.0148713513221085e-05,
    -2.9846728093697287e-05,
    -2.9547760077450164e-05,
    -2.9251779034560594e-05,
    -2.8958754805093556e-05,
    -2.8668657497373167e-05,
    -2.8381457490691728e-05,
    -2.8097125449886135e-05,
    -2.781563234342651e-05,
    -2.7536949450608244e-05,
    -2.7261048358615854e-05,
    -2.698790096077466e-05,
    -2.671747945863577e-05,
    -2.6449756361532078e-05,
    -2.618470447975595e-05,
    -2.592229691393208e-05,
    -2.566250704596669e-05,
    -2.5405308535427704e-05,
    -2.515067532034488e-05,
    -2.4898581617006734e-05,
    -2.4649001917095833e-05,
    -2.440191098709745e-05,
    -2.4157283869434892e-05,
    -2.3915095878122618e-05,
    -2.36753225900033e-05,
    -2.3437939837660458e-05,
    -2.3202923703469517e-05,
    -2.2970250514245658e-05,
    -2.2739896840937723e-05,
    -2.2511839502802458e-05,
    -2.2286055569370973e-05,
    -2.206252235852981e-05,
    -2.1841217431842045e-05,
    -2.162211858658695e-05,
    -2.1405203848411278e-05,
    -2.1190451468988786e-05,
    -2.0977839925891404e-05,
    -2.0767347921898238e-05,
    -2.0558954385375137e-05,
    -2.035263846954519e-05,
    -2.014837954634866e-05,
    -1.994615719821212e-05,
    -1.974595121525604e-05,
    -1.9547741598363344e-05,
    -1.935150855953102e-05,
    -1.9157232512746374e-05,
    -1.8964894062908228e-05,
    -1.8774474003752343e-05,
    -1.8585953319938225e-05,
    -1.8399313184458694e-05,
    -1.821453495301948e-05,
    -1.8031600161020853e-05,
    -1.7850490525066587e-05,
    -1.7671187944905574e-05,
    -1.7493674502323796e-05,
    -1.731793245757346e-05,
    -1.7143944243912838e-05,
    -1.6971692462722e-05,
    -1.6801159881112348e-05,
    -1.6632329429096895e-05,
    -1.6465184194888203e-05,
    -1.629970742072527e-05,
    -1.6135882500616977e-05,
    -1.5973692980409903e-05,
    -1.5813122560136328e-05,
    -1.565415509583662e-05,
    -1.549677459763986e-05,
    -1.5340965225539004e-05,
    -1.5186711287481286e-05,
    -1.5033997240664963e-05,
    -1.4882807691447725e-05,
    -1.4733127390685292e-05,
    -1.4584941227706616e-05,
    -1.4438234227015653e-05,
    -1.4292991546326917e-05,
    -1.4149198473635931e-05,
    -1.4006840425606814e-05,
    -1.3865902949127878e-05,
    -1.3726371722386806e-05,
    -1.358823255082313e-05,
    -1.3451471359234764e-05,
    -1.3316074184571737e-05,
    -1.318202717077712e-05,
    -1.3049316569643283e-05,
    -1.2917928753911013e-05,
    -1.2787850235909198e-05,
    -1.2659067679672868e-05,
    -1.2531567906207811e-05,
    -1.2405337895509474e-05,
    -1.2280364785093707e-05,
    -1.2156635865375689e-05,
    -1.203413857547133e-05,
    -1.1912860501025412e-05,
    -1.179278937038064e-05,
    -1.167391304852461e-05,
    -1.155621953311317e-05,
    -1.1439696954282078e-05,
    -1.1324333575591756e-05,
    -1.121011779280986e-05,
    -1.1097038131049432e-05,
    -1.0985083243020062e-05,
    -1.0874241908968622e-05,
    -1.0764503037204821e-05,
    -1.0655855664080506e-05,
    -1.0548288952852088e-05,
    -1.0441792193108088e-05,
    -1.0336354800742858e-05,
    -1.0231966314523876e-05,
    -1.012861638983899e-05,
    -1.0026294795272952e-05,
    -9.924991413679647e-06,
    -9.824696243228641e-06,
    -9.725399395621934e-06,
    -9.62709109484157e-06,
    -9.529761676449504e-06,
    -9.433401582511357e-06,
    -9.33800135548249e-06,
    -9.243551638118844e-06,
    -9.150043175525974e-06,
    -9.057466814456375e-06,
    -8.965813502038891e-06,
    -8.8750742844988e-06,
    -8.785240306855511e-06,
    -8.69630281209028e-06,
    -8.608253134333606e-06,
    -8.521082691266967e-06,
    -8.434782983634701e-06,
    -8.349345597193608e-06,
    -8.264762200758832e-06,
    -8.181024543327706e-06,
    -8.098124454050916e-06,
    -8.016053841313282e-06,
    -7.934804688722837e-06,
    -7.854369052992234e-06,
    -7.774739065347605e-06,
    -7.69590693200152e-06,
    -7.617864932471918e-06,
    -7.5406054167713595e-06,
    -7.464120801558985e-06,
    -7.38840356918612e-06,
    -7.3134462713822e-06,
    -7.239241531956535e-06,
    -7.165782045209165e-06,
    -7.093060573283267e-06,
    -7.021069944736843e-06,
    -6.949803052517801e-06,
    -6.87925285202049e-06,
    -6.809412359954707e-06,
    -6.74027465198621e-06,
    -6.671832861736805e-06,
    -6.60408018175583e-06,
    -6.5370098622861e-06,
    -6.470615209738199e-06,
    -6.404889587616984e-06,
    -6.339826417098748e-06,
    -6.275419175830527e-06,
    -6.2116613956862e-06,
    -6.148546660106682e-06,
    -6.086068603437736e-06,
    -6.024220913188978e-06,
    -5.962997332148486e-06,
    -5.902391658299049e-06,
    -5.842397743699656e-06,
    -5.783009493897338e-06,
    -5.7242208673632075e-06,
    -5.666025874448903e-06,
    -5.608418577992383e-06,
    -5.5513930955037525e-06,
    -5.494943598957361e-06,
    -5.439064311186002e-06,
    -5.383749503068768e-06,
    -5.328993493687155e-06,
    -5.27479064982781e-06,
    -5.221135382898982e-06,
    -5.168022146754515e-06,
    -5.115445438902584e-06,
    -5.06339980247016e-06,
    -5.011879825379848e-06,
    -4.9608801378415735e-06,
    -4.910395411268596e-06,
    -4.860420358785048e-06,
    -4.810949737695841e-06,
    -4.761978356144429e-06,
    -4.713501081525984e-06,
    -4.665512845400018e-06,
    -4.6180086443213254e-06,
    -4.570983538041692e-06,
    -4.5244326465253666e-06,
    -4.4783511477953505e-06,
    -4.432734276797781e-06,
    -4.3875773242805784e-06,
    -4.342875635298527e-06,
    -4.298624607934267e-06,
    -4.2548196929949725e-06,
    -4.2114563944571744e-06,
    -4.1685302685790945e-06,
    -4.126036918240421e-06,
    -4.083971983621527e-06,
    -4.042331135899369e-06,
    -4.001110077603797e-06,
    -3.9603045484675275e-06,
    -3.919910333052032e-06,
    -3.87992326499159e-06,
    -3.840339227242555e-06,
    -3.801154151429983e-06,
    -3.7623640170246597e-06,
    -3.723964850349224e-06,
    -3.6859527242632837e-06,
    -3.648323758331761e-06,
    -3.6110741187865103e-06,
    -3.574200018125737e-06,
    -3.537697714054503e-06,
    -3.5015635076486828e-06,
    -3.4657937415728174e-06,
    -3.4303847992716954e-06,
    -3.395333104923648e-06,
    -3.360635123213089e-06,
    -3.326287358356133e-06,
    -3.292286352440915e-06,
    -3.2586286841078594e-06,
    -3.2253109683763535e-06,
    -3.1923298568588493e-06,
    -3.159682037784905e-06,
    -3.127364235728554e-06,
    -3.095373210443206e-06,
    -3.06370575512547e-06,
    -3.0323586951412527e-06,
    -3.0013288870755187e-06,
    -2.9706132174982747e-06,
    -2.9402086020224225e-06,
    -2.9101119851874967e-06,
    -2.8803203404518775e-06,
    -2.850830670154338e-06,
    -2.821640005662356e-06,
    -2.7927454068066296e-06,
    -2.764143960558651e-06,
    -2.7358327800810395e-06,
    -2.7078090043149076e-06,
    -2.680069798033112e-06,
    -2.6526123523175253e-06,
    -2.625433884477441e-06,
    -2.5985316374394158e-06,
    -2.571902879576926e-06,
    -2.5455449043990845e-06,
    -2.519455029774575e-06,
    -2.4936305977290235e-06,
    -2.468068974704287e-06,
    -2.442767551423427e-06,
    -2.417723742259388e-06,
    -2.392934984370965e-06,
    -2.368398737099026e-06,
    -2.3441124818660704e-06,
    -2.320073722208333e-06,
    -2.296279983609249e-06,
    -2.272728813213125e-06,
    -2.2494177797873788e-06,
    -2.2263444740872193e-06,
    -2.2035065092416055e-06,
    -2.1809015206549692e-06,
    -2.1585271652011974e-06,
    -2.136381120148777e-06,
    -2.1144610826795634e-06,
    -2.0927647701072018e-06,
    -2.0712899200779e-06,
    -2.0500342903550287e-06,
    -2.028995658463349e-06,
    -2.0081718215846254e-06,
    -1.9875605967306485e-06,
    -1.967159820942092e-06,
    -1.946967351375693e-06,
    -1.926981065333034e-06,
    -1.9071988601519114e-06,
    -1.8876186527994911e-06,
    -1.8682383793534278e-06,
    -1.8490559947498876e-06,
    -1.8300694729026344e-06,
    -1.8112768068890295e-06,
    -1.7926760089194812e-06,
    -1.7742651102199964e-06,
    -1.7560421608751854e-06,
    -1.7380052294418377e-06,
    -1.7201524025300393e-06,
    -1.7024817847646838e-06,
    -1.6849914990370896e-06,
    -1.6676796865569438e-06,
    -1.6505445064575208e-06,
    -1.633584135222984e-06,
    -1.6167967664446244e-06,
    -1.6001806109674305e-06,
    -1.5837338968845255e-06,
    -1.56745486920473e-06,
    -1.5513417896569784e-06,
    -1.535392936700596e-06,
    -1.5196066053196583e-06,
    -1.5039811065689543e-06,
    -1.488514767220069e-06,
    -1.4732059295395085e-06,
    -1.458052950988794e-06,
    -1.4430542038456614e-06,
    -1.4282080749178758e-06,
    -1.4135129654868638e-06,
    -1.3989672912384573e-06,
    -1.384569481866617e-06,
    -1.3703179809080975e-06,
    -1.356211246663473e-06,
    -1.3422477536336454e-06,
    -1.328425993211225e-06,
    -1.3147444736493695e-06,
    -1.3012017197896369e-06,
    -1.287796272611935e-06,
    -1.2745266889347083e-06,
    -1.2613915414951793e-06,
    -1.2483894190474512e-06,
    -1.235518926136116e-06,
    -1.2227786828423808e-06,
    -1.2101673248113226e-06,
    -1.1976835032143571e-06,
    -1.1853258845270423e-06,
    -1.1730931503528754e-06,
    -1.160983997127432e-06,
    -1.1489971356576438e-06,
    -1.1371312907799182e-06,
    -1.125385201226191e-06,
    -1.113757619666625e-06,
    -1.1022473128946088e-06,
    -1.090853062073359e-06,
    -1.0795736628660128e-06,
    -1.0684079251695733e-06,
    -1.0573546724796239e-06,
    -1.0464127412352935e-06,
    -1.035580980375172e-06,
    -1.0248582513028947e-06,
    -1.0142434283249739e-06,
    -1.0037353991966717e-06,
    -9.933330653000418e-07,
    -9.830353411519363e-07,
    -9.728411535631703e-07,
    -9.627494413144474e-07,
    -9.527591555049435e-07,
    -9.428692598037864e-07,
    -9.330787301126065e-07,
    -9.233865541235254e-07,
    -9.137917313132526e-07,
    -9.042932730808719e-07,
    -8.948902025855068e-07,
    -8.855815541836247e-07,
    -8.763663727137196e-07,
    -8.672437131241541e-07,
    -8.582126405429314e-07,
    -8.492722303929228e-07,
    -8.404215681093727e-07,
    -8.316597484631726e-07,
    -8.22985875131357e-07,
    -8.143990607094381e-07,
    -8.05898426525773e-07,
    -7.97483102161251e-07,
    -7.8915222531047e-07,
    -7.809049421762569e-07,
    -7.727404078595281e-07,
    -7.646577863087334e-07,
    -7.566562500260907e-07,
    -7.487349797747845e-07,
    -7.408931642393113e-07,
    -7.331299997349179e-07,
    -7.254446901569519e-07,
    -7.178364471195894e-07,
    -7.103044899965781e-07,
    -7.028480455814781e-07,
    -6.954663474659628e-07,
    -6.881586355619673e-07,
    -6.809241560947596e-07,
    -6.73762161875702e-07,
    -6.666719122428262e-07,
    -6.596526724831832e-07,
    -6.527037133010695e-07,
    -6.458243107522398e-07,
    -6.390137461253405e-07,
    -6.322713053463135e-07,
    -6.255962784677431e-07,
    -6.18987959475695e-07,
    -6.124456462738518e-07,
    -6.059686416647715e-07,
    -5.995562554476024e-07,
    -5.932078059737726e-07,
    -5.869226204767656e-07,
    -5.807000350227069e-07,
    -5.745393944614639e-07,
    -5.684400522320373e-07,
    -5.624013700204367e-07,
    -5.564227175139171e-07,
    -5.505034724487761e-07,
    -5.446430206091404e-07,
    -5.388407555307633e-07,
    -5.3309607825338e-07,
    -5.274083971219138e-07,
    -5.2177712753911e-07,
    -5.162016920137072e-07,
    -5.106815203550689e-07,
    -5.052160496206466e-07,
    -4.99804723915646e-07,
    -4.944469941930439e-07,
    -4.891423181024382e-07,
    -4.83890159983317e-07,
    -4.786899909049356e-07,
    -4.735412884180875e-07,
    -4.684435360237386e-07,
    -4.633962227442682e-07,
    -4.5839884270467515e-07,
    -4.5345089453531803e-07,
    -4.485518811565232e-07,
    -4.4370131021524285e-07,
    -4.388986944227408e-07,
    -4.3414355115431756e-07,
    -4.294354017825898e-07,
    -4.247737715666342e-07,
    -4.2015818995107694e-07,
    -4.155881907261203e-07,
    -4.1106331200653864e-07,
    -4.0658309603609116e-07,
    -4.0214708877699884e-07,
    -3.977548394633065e-07,
    -3.9340590024969274e-07,
    -3.8909982595293526e-07,
    -3.848361739692764e-07,
    -3.8061450423487016e-07,
    -3.764343788820009e-07,
    -3.722953619376598e-07,
    -3.6819701962600315e-07,
    -3.6413892079800454e-07,
    -3.601206368396618e-07,
    -3.561417413614322e-07,
    -3.5220181014514417e-07,
    -3.483004212630132e-07,
    -3.4443715510928836e-07,
    -3.4061159430010657e-07,
    -3.368233234377209e-07,
    -3.3307192864464105e-07,
    -3.293569969938695e-07,
    -3.2567811605271566e-07,
    -3.220348734469525e-07,
    -3.184268563985924e-07,
    -3.1485365151505723e-07,
    -3.113148448859047e-07,
    -3.078100221208432e-07,
    -3.043387681847585e-07,
    -3.00900667214414e-07,
    -2.97495302312856e-07,
    -2.941222552708503e-07,
    -2.9078110625991127e-07,
    -2.8747143321924815e-07,
    -2.84192811081659e-07,
    -2.8094481212604725e-07,
    -2.777270079186261e-07,
    -2.7453897144551995e-07,
    -2.7138027802499916e-07,
    -2.6825050491496463e-07,
    -2.651492306650658e-07,
    -2.6207603488522e-07,
    -2.5903049835766884e-07,
    -2.560122034039824e-07,
    -2.530207340227934e-07,
    -2.5005567562902926e-07,
    -2.4711661486941066e-07,
    -2.442031397616656e-07,
    -2.413148400392721e-07,
    -2.3845130720810154e-07,
    -2.3561213428176058e-07,
    -2.3279691568543436e-07,
    -2.3000524724417178e-07,
    -2.272367260827115e-07,
    -2.244909509507159e-07,
    -2.2176752324589977e-07,
    -2.1906604818115787e-07,
    -2.1638613529674418e-07,
    -2.137273979497248e-07,
    -2.1108945299856475e-07,
    -2.0847192143800947e-07,
    -2.0587442866445378e-07,
    -2.0329660465689678e-07,
    -2.0073808501565208e-07,
    -1.9819851147226583e-07,
    -1.9567753184776855e-07,
    -1.9317480110904726e-07,
    -1.9068998246852676e-07,
    -1.8822274719743384e-07,
    -1.8577277474883822e-07,
    -1.833397541123585e-07,
    -1.8092338506004098e-07,
    -1.7852337849309214e-07,
    -1.7613945634777497e-07,
    -1.73771351398152e-07,
    -1.7141880717361242e-07,
    -1.6908157823538806e-07,
    -1.667594313412419e-07,
    -1.6445214783477537e-07,
    -1.6215952468817706e-07,
    -1.598813718446237e-07,
    -1.5761750903360214e-07,
    -1.5536776638632113e-07,
    -1.5313198844904023e-07,
    -1.5091003733609258e-07,
    -1.487017922042672e-07,
    -1.4650714753262271e-07,
    -1.4432601319180845e-07,
    -1.421583152817493e-07,
    -1.4000399606563335e-07,
    -1.3786301294903746e-07,
    -1.3573533704920994e-07,
    -1.3362095194469935e-07,
    -1.315198541491426e-07,
    -1.2943205567294494e-07,
    -1.273575844372133e-07,
    -1.2529647973337786e-07,
    -1.232487872683678e-07,
    -1.2121455874211985e-07,
    -1.1919385447741657e-07,
    -1.1718674572532702e-07,
    -1.1519331631520462e-07,
    -1.1321366270933476e-07,
    -1.1124789063959076e-07,
    -1.092961108261803e-07,
    -1.0735843835678195e-07,
    -1.0543499595060943e-07,
    -1.0352591592870273e-07,
    -1.0163133765950063e-07,
    -9.975140357551215e-08,
    -9.78862559050789e-08,
    -9.603603381805743e-08,
    -9.420087291749338e-08,
    -9.238090697864803e-08,
    -9.057626852853143e-08,
    -8.878708829244952e-08,
    -8.701349544572979e-08,
    -8.525561709424898e-08,
    -8.351357599114305e-08,
    -8.178748863002344e-08,
    -8.007746422250679e-08,
    -7.838360376336793e-08,
    -7.670599964665739e-08,
    -7.504473694108666e-08,
    -7.339989619477144e-08,
    -7.177155474465496e-08,
    -7.015978486353038e-08,
    -6.856465096442378e-08,
    -6.69862076734636e-08,
    -6.542449870093546e-08,
    -6.387955583487814e-08,
    -6.235139842067295e-08,
    -6.08400342637289e-08,
    -5.934546033825982e-08,
    -5.78676623354018e-08,
    -5.640661533471083e-08,
    -5.496228573013043e-08,
    -5.353463269769754e-08,
    -5.212360957360995e-08,
    -5.0729165169028945e-08,
    -4.9351244007978165e-08,
    -4.798978556697774e-08,
    -4.664472261334689e-08,
    -4.531597901734554e-08,
    -4.400346864011061e-08,
    -4.2707095391549345e-08,
    -4.142675284105506e-08,
    -4.0162323084383275e-08,
    -3.8913676382541284e-08,
    -3.76806728505634e-08,
    -3.646316508194124e-08,
    -3.526099907239586e-08,
    -3.407401336417848e-08,
    -3.2902038898370084e-08,
    -3.1744899982547765e-08,
    -3.060241506982533e-08,
    -2.9474396797010573e-08,
    -2.8360651160084935e-08,
    -2.7260976391018633e-08,
    -2.6175161945888336e-08,
    -2.5102988550630065e-08,
    -2.4044231784079302e-08,
    -2.2998668393888475e-08,
    -2.1966080817971927e-08,
    -2.0946258262635394e-08,
    -1.9938996268170415e-08,
    -1.8944096555885914e-08,
    -1.7961367569061638e-08,
    -1.699062501581238e-08,
    -1.6031691723631988e-08,
    -1.5084397220178464e-08,
    -1.4148577592276104e-08,
    -1.3224074795570756e-08,
    -1.2310734865940916e-08,
    -1.1408406828352402e-08,
    -1.0516943676871484e-08,
    -9.636203900723487e-09,
    -8.766052449724767e-09,
    -7.906361825926804e-09,
    -7.0570128922395535e-09,
    -6.217893905993483e-09,
    -5.388897937759654e-09,
    -4.5699204578859404e-09,
    -3.7608577645865855e-09,
    -2.9616063690519644e-09,
    -2.1720638508103665e-09,
    -1.3921302307960942e-09,
    -6.217085314828805e-10,
    1.3929532947425683e-10,
    8.909729043220377e-10,
    1.633413832794389e-09,
    2.3667068354517647e-09,
    3.0909412041022927e-09,
    3.8062078873369554e-09,
    4.512599412801004e-09,
    5.210209556642578e-09,
    5.8991332753342e-09,
    6.5794663927906084e-09,
    7.251304795927897e-09,
    7.91474351918303e-09,
    8.569876463764928e-09,
    9.216796989088671e-09,
    9.855598870083566e-09,
    1.0486377122203849e-08,
    1.1109228450994444e-08,
    1.1724251089000333e-08,
    1.2331544517188465e-08,
    1.2931209684136798e-08,
    1.3523349352448292e-08,
    1.4108068569206235e-08,
    1.4685475628612325e-08,
    1.525568304672687e-08,
    1.5818807945750586e-08,
    1.637497221497203e-08,
    1.6924303060723395e-08,
    1.746693358664299e-08,
    1.800300279550907e-08,
    1.8532655376112007e-08,
    1.9056042016870708e-08,
    1.9573320010823366e-08,
    2.0084652385155843e-08,
    2.059020382864182e-08,
    2.1090135213229588e-08,
    2.1584600269479194e-08,
    2.207374475615981e-08,
    2.25577066524438e-08,
    2.3036616482056714e-08,
    2.351059696886567e-08,
    2.3979762145331842e-08,
    2.4444216987379474e-08,
    2.490405786126559e-08,
    2.5359373392218837e-08,
    2.58102452119533e-08,
    2.6256748031498582e-08,
    2.669894986201851e-08,
    2.7136913212760408e-08,
    2.7570696021135657e-08,
    2.8000351476923137e-08,
    2.842592784696404e-08,
    2.884746871925762e-08,
    2.926501311237472e-08,
    2.967859572847332e-08,
    3.008824748667348e-08,
    3.0493995916819545e-08,
    3.089586541396487e-08,
    3.12938773539639e-08,
    3.168805006964192e-08,
    3.2078399104446464e-08,
    3.246493733046249e-08,
    3.284767396906091e-08,
    3.322661348700191e-08,
    3.360175614995221e-08,
    3.3973100070255885e-08,
    3.4340643494949004e-08,
    3.4704386380402114e-08,
    3.506433046437455e-08,
    3.5420478000936126e-08,
    3.577283104548208e-08,
    3.612139234146827e-08,
    3.646616646011732e-08,
    3.6807160395887084e-08,
    3.71443837613023e-08,
    3.747784845887637e-08,
    3.780756861450547e-08,
    3.813356128804262e-08,
    3.8455847179110614e-08,
    3.8774450817153435e-08,
    3.9089400245941656e-08,
    3.940072633566493e-08,
    3.9708462104824644e-08,
    4.001264268423383e-08,
    4.0313306297859927e-08,
    4.061049537029047e-08,
    4.090425662709146e-08,
    4.119464070059375e-08,
    4.148170187382297e-08,
    4.1765497834654964e-08,
    4.204609007298348e-08,
    4.232354479850033e-08,
    4.25979331164044e-08,
    4.286933096845882e-08,
    4.3137820245211976e-08,
    4.340349058052393e-08,
    4.366644017682122e-08,
    4.3926775390617884e-08,
    4.4184610353325166e-08,
    4.444006714851588e-08,
    4.469327616873726e-08,
    4.494437556776408e-08,
    4.5193507410186034e-08,
    4.544081145222162e-08,
    4.5686421165403804e-08,
    4.5930462951476586e-08,
    4.61730567466435e-08,
    4.641431737648032e-08,
    4.6654355214591e-08,
    4.6893275078724744e-08,
    4.713117539199795e-08,
    4.73681495863639e-08,
    4.760428862184256e-08,
    4.783968203900983e-08,
    4.807441654000428e-08,
    4.83085732410294e-08,
    4.854222512928934e-08,
    4.8775436205110635e-08,
    4.9008262548227876e-08,
    4.9240753078800906e-08,
    4.947294952267056e-08,
    4.970488856545931e-08,
    4.993660557169679e-08,
    5.0168135684758696e-08,
    5.039951240157099e-08,
    5.063076662549019e-08,
    5.086192725139145e-08,
    5.1093022107792334e-08,
    5.132407821669004e-08,
    5.1555121526585034e-08,
    5.178617573678871e-08,
    5.2017261093414885e-08,
    5.224839514578142e-08,
    5.2479594422553795e-08,
    5.271087504568193e-08,
    5.294225262309229e-08,
    5.317374269986141e-08,
    5.340536140257552e-08,
    5.363712458327521e-08,
    5.386904637619971e-08,
    5.4101139051613414e-08,
    5.433341304749983e-08,
    5.4565876812115345e-08,
    5.479853781101446e-08,
    5.5031404338596644e-08,
    5.5264487179631115e-08,
    5.549780071758327e-08,
    5.573136367701524e-08,
    5.59651994880691e-08,
    5.61993358587432e-08,
    5.643380455643751e-08,
    5.666864180505187e-08,
    5.690388785692546e-08,
    5.713958529092652e-08,
    5.737577768849254e-08,
    5.761251041638984e-08,
    5.784983361497065e-08,
    5.8087806197162954e-08,
    5.8326497573986906e-08,
    5.856598543617304e-08,
    5.880635325044561e-08,
    5.9047690190544284e-08,
    5.9290092962546695e-08,
    5.953366822082343e-08,
    5.977853393056858e-08,
    6.00248198801576e-08,
    6.027266878519308e-08,
    6.052223802636268e-08,
    6.07737007663364e-08,
    6.102724586557236e-08,
    6.128307672828079e-08,
    6.154140980421364e-08,
    6.180247531992748e-08,
    6.206652075093095e-08,
    6.233381245645144e-08,
    6.260462983909722e-08,
    6.287925364636339e-08,
    6.31579579781041e-08,
    6.344100987698568e-08,
    6.372867162515927e-08,
    6.402120182330745e-08,
    6.43188546993724e-08,
    6.462187815781447e-08,
    6.493051119680931e-08,
    6.524498230020661e-08,
    6.556550890428698e-08,
    6.589229639154535e-08,
    6.622553703546452e-08,
    6.65654088419395e-08,
    6.69120748258379e-08,
    6.726568471553789e-08,
    6.76263757988683e-08,
    6.79942693305249e-08,
    6.836946674498283e-08,
    6.875204876685996e-08,
    6.914207504824876e-08,
    6.953958220092777e-08,
    6.994458009065984e-08,
    7.03570503400256e-08,
    7.077694952276863e-08,
    7.120421324873564e-08,
    7.163875881399558e-08,
    7.208048686668145e-08,
    7.252928199419801e-08,
    7.298501215193989e-08,
    7.344752622754758e-08,
    7.391665031889128e-08,
    7.439218590847766e-08,
    7.487391130411749e-08,
    7.53615845172942e-08,
    7.585494762729482e-08,
    7.635373327482961e-08,
    7.685766932363962e-08,
    7.736647700987432e-08,
    7.787986314163022e-08,
    7.839751361547049e-08,
    7.891909428237822e-08,
    7.944425588670874e-08,
    7.997263775550523e-08,
    8.050386692748375e-08,
    8.103755342036626e-08,
    8.157328890483803e-08,
    8.21106494200351e-08,
    8.26491962202428e-08,
    8.318847416960093e-08,
    8.372801032847205e-08,
    8.426731645079292e-08,
    8.480589581536318e-08,
    8.53432510334371e-08,
    8.587889089301599e-08,
    8.641233278913848e-08,
    8.694309872681965e-08,
    8.747070933754679e-08,
    8.799468220081605e-08,
    8.851453632585117e-08,
    8.902979904961017e-08,
    8.954001241114747e-08,
    9.004473849412775e-08,
    9.054356184294027e-08,
    9.103608823887917e-08,
    9.152194025869098e-08,
    9.200075132242627e-08,
    9.247216378146414e-08,
    9.293583205153934e-08,
    9.339142508555051e-08,
    9.383862728593452e-08,
    9.427714049971858e-08,
    9.470668542682474e-08,
    9.51270020251046e-08,
    9.553785056442996e-08,
    9.593901075766305e-08,
    9.633027873249482e-08,
    9.67114662711937e-08,
    9.708240214655909e-08,
    9.744293199188828e-08,
    9.779291588945785e-08,
    9.813222580801332e-08,
    9.846074564791728e-08,
    9.877837447771672e-08,
    9.908503112579359e-08,
    9.938065689547041e-08,
    9.966521415664417e-08,
    9.993868181510559e-08,
    1.0020104986184896e-07,
    1.0045231537807507e-07,
    1.0069248231148251e-07,
    1.0092156439651623e-07,
    1.0113958804250898e-07,
    1.0134659287828882e-07,
    1.0154263062378489e-07,
    1.0172776444742584e-07,
    1.0190206901013239e-07,
    1.0206563048649032e-07,
    1.0221854676729123e-07,
    1.0236092705386008e-07,
    1.0249289010083393e-07,
    1.0261456331965223e-07,
    1.0272608403021381e-07,
    1.028276004685198e-07,
    1.0291927144927725e-07,
    1.030012653506519e-07,
    1.0307375847662111e-07,
    1.0313693403984173e-07,
    1.0319098243070246e-07,
    1.0323610150267138e-07,
    1.0327249669563221e-07,
    1.033003813567514e-07,
    1.0331997725483985e-07,
    1.0333151561627636e-07,
    1.0333523771568253e-07,
    1.033313937517017e-07,
    1.0332023972314233e-07,
    1.033020310306567e-07,
    1.0327701440334549e-07,
    1.032454239001557e-07,
    1.0320748173521449e-07,
    1.0316339941120268e-07,
    1.0311337740930463e-07,
    1.0305760487797064e-07,
    1.0299626072888879e-07,
    1.0292951549168317e-07,
    1.0285753189823226e-07,
    1.0278046421878688e-07,
    1.0269845821305141e-07,
    1.0261165213909321e-07,
    1.0252017743948356e-07,
    1.0242415880945437e-07,
    1.0232371484761526e-07,
    1.0221895898160063e-07,
    1.0210999963592973e-07,
    1.0199694009942328e-07,
    1.018798786801374e-07,
    1.0175890927426775e-07,
    1.0163412233149602e-07,
    1.015056053744735e-07,
    1.0137344267451499e-07,
    1.0123771506669174e-07,
    1.0109850057371991e-07,
    1.0095587514370183e-07,
    1.0080991231068386e-07,
    1.0066068207612191e-07,
    1.0050825072734305e-07,
    1.0035268181964798e-07,
    1.0019403662189384e-07,
    1.000323734117568e-07,
    9.986774703734173e-08,
    9.970020972284144e-08,
    9.952981221228271e-08,
    9.935660426441788e-08,
    9.91806348813223e-08,
    9.900195241368476e-08,
    9.882060408597534e-08,
    9.86366356477136e-08,
    9.845009205493353e-08,
    9.8261018244604e-08,
    9.806945855403083e-08,
    9.78754553897487e-08,
    9.767904902663166e-08,
    9.748027881113603e-08,
    9.72791842164722e-08,
    9.707580491151473e-08,
    9.687018030796455e-08,
    9.66623490243397e-08,
    9.645234897184018e-08,
    9.62402183359759e-08,
    9.60259961321533e-08,
    9.580972166502562e-08,
    9.559143409942442e-08,
    9.537117309374394e-08,
    9.514897978952644e-08,
    9.492489692972077e-08,
    9.469896823422312e-08,
    9.447123798128481e-08,
    9.424175105767886e-08,
    9.401055336381943e-08,
    9.377769238157569e-08,
    9.354321763582781e-08,
    9.33071810559256e-08,
    9.30696369898025e-08,
    9.283064145879282e-08,
    9.25902513508683e-08,
    9.234852456115686e-08,
    9.21055206361858e-08,
    9.186130099519818e-08,
    9.161592882142626e-08,
    9.136946888067055e-08,
    9.112198718753671e-08,
    9.087355092385387e-08,
    9.062422876797531e-08,
    9.037409114799861e-08,
    9.01232104973528e-08,
    8.987166175267573e-08,
    8.961952254191645e-08,
    8.936687259492168e-08,
    8.911379309051896e-08,
    8.886036680501804e-08,
    8.86066786650531e-08,
    8.835281623312257e-08,
    8.809887036704839e-08,
    8.784493590219503e-08,
    8.759111196639981e-08,
    8.733750176583654e-08,
    8.708421191158603e-08,
    8.683135143096058e-08,
    8.657902970898059e-08,
    8.632735323779534e-08,
    8.607642393369116e-08,
    8.582634088294367e-08,
    8.557720211075282e-08,
    8.532910311400601e-08,
    8.508213451660566e-08,
    8.483638127331377e-08,
    8.459192261573084e-08,
    8.434883234238023e-08,
    8.410717972127811e-08,
    8.386703058403628e-08,
    8.362844809118084e-08,
    8.339149280633421e-08,
    8.315622215006738e-08,
    8.292269002195345e-08,
    8.26909470427185e-08,
    8.246104088790767e-08,
    8.223301626143019e-08,
    8.200691486746519e-08,
    8.178277546903891e-08,
    8.156063338522817e-08,
    8.1340519787749e-08,
    8.112246200312419e-08,
    8.090648474421592e-08,
    8.069261125518e-08,
    8.048086398973257e-08,
    8.027126500074646e-08,
    8.006383584264074e-08,
    7.985859697666445e-08,
    7.965556733967649e-08,
    7.945476398017886e-08,
    7.925620157353511e-08,
    7.905989259707192e-08,
    7.88658477857041e-08,
    7.867407609571763e-08,
    7.848458516420423e-08,
    7.82973822711512e-08,
    7.811247432123648e-08,
    7.792986723729456e-08,
    7.774956586287538e-08,
    7.757157418315333e-08,
    7.739589577238828e-08,
    7.722253416324478e-08,
    7.705149241704811e-08,
    7.688277229096954e-08,
    7.67163741323594e-08,
    7.655229771963909e-08,
    7.639054280608223e-08,
    7.623110883498725e-08,
    7.607399486325626e-08,
    7.591919968910892e-08,
    7.576672144129718e-08,
    7.561655672390317e-08,
    7.546869995243654e-08,
    7.53231439728232e-08,
    7.517988155297451e-08,
    7.503890579947562e-08,
    7.490020970446526e-08,
    7.476378623709494e-08,
    7.462962910398177e-08,
    7.44977338636926e-08,
    7.436809861477156e-08,
    7.424072391031781e-08,
    7.411561267445136e-08,
    7.399277000087036e-08,
    7.387220213782416e-08,
    7.375391521378625e-08,
    7.363791497640124e-08,
    7.352420768682646e-08,
    7.341280126105883e-08,
    7.330370655702745e-08,
    7.319693881444338e-08,
    7.309251792403774e-08,
    7.299046700765749e-08,
    7.2890810971548e-08,
    7.279357614092235e-08,
    7.269879077916433e-08,
    7.260648500369152e-08,
    7.251668672989663e-08,
    7.242941466794024e-08,
    7.234467518818272e-08,
    7.226246504476215e-08,
    7.218277340920356e-08,
    7.210557841112936e-08,
    7.203084233210463e-08
]