[
    0.0,
    0.0,
    0.010827328135840569,
    0.01061126065016639,
    0.01040039472519963,
    0.010194592642545108,
    0.009993720475589253,
    0.009797647983561435,
    0.009606248508570527,
    0.009419398875533969,
    0.009236979294917926,
    0.009058873268208346,
    0.00888496749603549,
    0.008715151788877927,
    0.008549318980274462,
    0.00838736484247347,
    0.008229188004450534,
    0.008074689872227142,
    0.007923774551425214,
    0.007776348771994995,
    0.0076323218150561025,
    0.007491605441792158,
    0.007354113824340809,
    0.007219763478623077,
    0.007088473199057334,
    0.006960163995104612,
    0.0068347590295937555,
    0.006712183558776596,
    0.006592364874064833,
    0.0064752322454015255,
    0.006360716866220948,
    0.006248751799952145,
    0.006139271928022811,
    0.006032213899320961,
    0.005927516081073163,
    0.005825118511100069,
    0.005724962851411432,
    0.005626992343103015,
    0.005531151762517104,
    0.005437387378630611,
    0.0053456469116384495,
    0.005255879492699365,
    0.00516803562481081,
    0.005082067144781371,
    0.004997927186268724,
    0.004915570143851906,
    0.004834951638110555,
    0.004756028481682865,
    0.004678758646270948,
    0.004603101230564084,
    0.004529016429052629,
    0.004456465501704913,
    0.004385410744479623,
    0.004315815460652274,
    0.004247643932940993,
    0.004180861396414735,
    0.004115434012163915,
    0.004051328841714765,
    0.003988513822174989,
    0.00392695774209999,
    0.0038666302180541436,
    0.0038075016718329036,
    0.0037495433083216344,
    0.003692727093971413,
    0.0036370257358682868,
    0.0035824126613772074,
    0.0035288619983481514,
    0.0034763485558741,
    0.003424847805590009,
    0.0033743358634920435,
    0.003324789472253177,
    0.0032761859840302514,
    0.003228503343766656,
    0.003181720072971311,
    0.0031358152539395514,
    0.0030907685144018738,
    0.0030465600126030373,
    0.0030031704228131043,
    0.002960580921265202,
    0.002918773172491293,
    0.00287772931604059,
    0.002837431953600424,
    0.0027978641365095226,
    0.0027590093536589704,
    0.0027208515198322114,
    0.002683374964515661,
    0.002646564421194348,
    0.0026104050172224623,
    0.002574882264513407,
    0.0025399820514545044,
    0.0025056906369410143,
    0.002471994649123807,
    0.0024388810948223756,
    0.0024063373954675794,
    0.002374351507619995,
    0.002342912383477022,
    0.00231201239945708,
    0.0022875990481791286,
    0.0027299567920922646,
    0.004069915084212154,
    0.005812613267756686,
    0.00748775045633053,
    0.009097408129337447,
    0.010643610790240078,
    0.012128325226335048,
    0.01355346153627501,
    0.014920874442047781,
    0.016232364753898283,
    0.017489680906796593,
    0.01869452047569437,
    0.019848531647167537,
    0.020953314779468254,
    0.02201042465608461,
    0.023027726204042753,
    0.0240198144039154,
    0.02498802785864411,
    0.025919624287915347,
    0.02680870782118895,
    0.027656636332431053,
    0.02846472891207433,
    0.029234266179984456,
    0.029966491211260295,
    0.03066261055244219,
    0.031323795243928414,
    0.031951181823843024,
    0.032545873308021785,
    0.033108940145465275,
    0.03364142114861769,
    0.0341443243982592,
    0.03461862812326377,
    0.03506528155557083,
    0.03548520576104825,
    0.035879294446959545,
    0.03624841474644511,
    0.036593407980620205,
    0.03691509039921733,
    0.03721425390051571,
    0.037491666731037945,
    0.03774807416549723,
    0.03798419916760001,
    0.038200743032461,
    0.03839838601157466,
    0.03857778792131451,
    0.03873958873590416,
    0.038884409167299086,
    0.03901285123884387,
    0.03912549886988989,
    0.03922291854829853,
    0.039305660769525734,
    0.039391052202104544,
    0.03949576182236531,
    0.039602235985017,
    0.03969358346108409,
    0.03977034944070679,
    0.03983306381513816,
    0.03988224057266425,
    0.039918378113791626,
    0.039941959663354815,
    0.03995345369497316,
    0.03995331435151646,
    0.039941981856912466,
    0.03991988291772014,
    0.03988743111399566,
    0.03984502727944013,
    0.03979305987097112,
    0.039731905327908545,
    0.039661928421016034,
    0.03958348259166224,
    0.039496910281364636,
    0.039402543251972726,
    0.039300702896744734,
    0.0391917005425701,
    0.039075837743586,
    0.038953406566427685,
    0.03882468986734785,
    0.03868996156143452,
    0.038549486884150594,
    0.03840352264541103,
    0.03825231747640836,
    0.03809611206939176,
    0.037935139410600456,
    0.03776962500654518,
    0.0375997871038243,
    0.037425836902656426,
    0.03724797876430767,
    0.037066410412587465,
    0.03688132312958102,
    0.03669290194578149,
    0.03650132582478062,
    0.03630676784267189,
    0.036109395362315416,
    0.0359093702026101,
    0.03570684880291483,
    0.0355019823827563,
    0.035294917096956355,
    0.03508579418630947,
    0.034874750123936336,
    0.034661916757435615,
    0.034447421446953085,
    0.034231387199284494,
    0.03401393279812449,
    0.033795172930570376,
    0.03357521830998728,
    0.0333541757953383,
    0.033132148507079885,
    0.032909235939719596,
    0.03268553407113085,
    0.032461135468717095,
    0.032236129392514745,
    0.0320106018953218,
    0.03178463591993682,
    0.03155831139359017,
    0.03133170531964721,
    0.031104891866660895,
    0.030877942454849525,
    0.03065092584007282,
    0.03042390819537711,
    0.030196953190178743,
    0.02997012206715283,
    0.02974347371689299,
    0.0295170647504054,
    0.029290949569498608,
    0.029065180435128932,
    0.028839807533760003,
    0.028614879041792805,
    0.028390441188121042,
    0.028166538314865243,
    0.027943212936337634,
    0.027720505796288215,
    0.02749845592348095,
    0.027277100685647687,
    0.027056475841866143,
    0.026836615593406745,
    0.026617552633092248,
    0.026399318193212347,
    0.026181942092034588,
    0.025965452778951743,
    0.025749877378304534,
    0.02553524173191755,
    0.025321570440385157,
    0.025108886903143026,
    0.0248972133573601,
    0.02468657091568475,
    0.024476979602877938,
    0.02426845839136505,
    0.024061025235737356,
    0.02385469710623332,
    0.023649490021229007,
    0.02344541907876594,
    0.023242498487143895,
    0.02304074159460544,
    0.022840160918138196,
    0.022640768171420238,
    0.02244257429193338,
    0.022245589467267936,
    0.02204982316064233,
    0.021855284135660125,
    0.021661980480326522,
    0.021469919630345335,
    0.021279108391717195,
    0.02108955296265924,
    0.020901258954865724,
    0.020714231414128533,
    0.020528474840336097,
    0.020343993206868496,
    0.020160789979406242,
    0.019978868134169707,
    0.019798230175605624,
    0.019618878153536454,
    0.019440813679788345,
    0.019264037944312692,
    0.019088551730815875,
    0.018914355431911542,
    0.018741449063809153,
    0.01856983228055222,
    0.018399504387819184,
    0.018230464356299776,
    0.01806271083465913,
    0.01789624216210159,
    0.017731056380545798,
    0.017567151246422424,
    0.01740452424210548,
    0.017243172586987984,
    0.01708309324821219,
    0.01692428295106459,
    0.016766738189045446,
    0.016610455233622288,
    0.01645543014367647,
    0.016301658774651756,
    0.016149136787413858,
    0.015997859656829365,
    0.015847822680072197,
    0.015699020984665475,
    0.015551449536266585,
    0.015405103146203063,
    0.015259976478766668,
    0.015116064058272647,
    0.014973360275891072,
    0.014831859396256976,
    0.0146915555638659,
    0.014552442809261053,
    0.014414515055018244,
    0.014277766121534669,
    0.014142189732627333,
    0.014007779520946678,
    0.013874529033210913,
    0.013742431735266418,
    0.013611481016979234,
    0.013481670196962767,
    0.0133529925271466,
    0.013225441197191184,
    0.01309900933875287,
    0.01297369002960375,
    0.012849476297610792,
    0.012726361124578485,
    0.01260433744995902,
    0.012483398174433884,
    0.01236353616337064,
    0.0122447442501589,
    0.012127015239429077,
    0.012010341910157412,
    0.011894717018660617,
    0.01178013330148362,
    0.011666583478183624,
    0.011554060254013622,
    0.011442556322508263,
    0.011332064367975115,
    0.011222577067894311,
    0.011114087095229402,
    0.011006587120652061,
    0.0109000698146831,
    0.010794527849752437,
    0.010689953902180655,
    0.010586340654084614,
    0.01048368079520923,
    0.010381967024687754,
    0.010281192052732879,
    0.010181348602260823,
    0.010082429410450391,
    0.009984427230238988,
    0.00988733483175757,
    0.009791145003706543,
    0.009695850554674427,
    0.009601444314400936,
    0.00950791913498626,
    0.009415267892048362,
    0.009323483485829943,
    0.009232558842256579,
    0.009142486913947687,
    0.009053260681181853,
    0.008964873152817784,
    0.008877317367172292,
    0.00879058639285687,
    0.008704673329574244,
    0.008619571308876068,
    0.008535273494882959,
    0.008451773084968077,
    0.008369063310405584,
    0.008287137436985156,
    0.008205988765593628,
    0.008125610632764759,
    0.008045996411198148,
    0.007967139510248298,
    0.00788903337638488,
    0.007811671493625228,
    0.0077350473839399286,
    0.0076591546076323624,
    0.007583986763693181,
    0.0075095374901306255,
    0.007435800464277505,
    0.007362769403075561,
    0.007290438063337954,
    0.007218800241990648,
    0.007147849776293337,
    0.007077580544040576,
    0.007007986463744028,
    0.0069390614947965,
    0.0068707996376181635,
    0.006803194933785684,
    0.006736241466145047,
    0.006669933358908596,
    0.006604264777736641,
    0.0065392299298042324,
    0.006474823063853753,
    0.006411038470233915,
    0.0063478704809256555,
    0.00628531346955539,
    0.0062233618513960545,
    0.006162010083356529,
    0.006101252663959928,
    0.006041084133310989,
    0.005981499073052929,
    0.005922492106314353,
    0.005864057897646654,
    0.005806191152952017,
    0.0057488866194025335,
    0.00569213908535088,
    0.005635943380232931,
    0.0055802943744624285,
    0.005525186979318037,
    0.005470616146823317,
    0.005416576869620029,
    0.00536306418083508,
    0.0053100731539411925,
    0.005257598902611271,
    0.005205636580566688,
    0.005154181381420207,
    0.005103228538513983,
    0.005052773324752444,
    0.0050028110524300735,
    0.004953337073054683,
    0.004904346777166705,
    0.00485583559415456,
    0.004807798992066001,
    0.004760232477415546,
    0.004713131594988614,
    0.004666491927642567,
    0.004620309096104362,
    0.004574578758764954,
    0.004529296611471134,
    0.004484458387314904,
    0.00444005985642018,
    0.004396096825726993,
    0.004352565138773584,
    0.004309460675476709,
    0.004266779351910231,
    0.004224517120081871,
    0.004182669967708154,
    0.004141233917987777,
    0.004100205029373445,
    0.00405957939534237,
    0.004019353144166079,
    0.003979522438679577,
    0.003940083476049175,
    0.00390103248753919,
    0.003862365738278437,
    0.0038240795270263277,
    0.003786170185937468,
    0.0037486340803252827,
    0.0037114676084261415,
    0.003674667201163292,
    0.003638229321909798,
    0.003602150466252053,
    0.00356642716175492,
    0.0035310559677269927,
    0.0034960334749843495,
    0.0034613563056134144,
    0.0034270211127349123,
    0.0033930245802696567,
    0.0033593634227050357,
    0.0033260343848604333,
    0.0032930342416520302,
    0.003260359797859935,
    0.0032280078878978128,
    0.003195975375582062,
    0.0031642591539004557,
    0.0031328561447826336,
    0.0031017632988721068,
    0.003070977595297679,
    0.0030404960414433958,
    0.003010315672718433,
    0.0029804335523302755,
    0.0029508467710615558,
    0.0029215524470482105,
    0.0028925477255586857,
    0.0028638297787749773,
    0.002835395805577059,
    0.0028072430313296048,
    0.0027793687076642826,
    0.0027517701122613215,
    0.0027244445486410526,
    0.002697389345958339,
    0.0026706018587938874,
    0.002644079466950161,
    0.002617819575244644,
    0.0025918196132972723,
    0.0025660770353276674,
    0.0025405893199481147,
    0.002515353969939139,
    0.0024903685120480734,
    0.0024656304968135585,
    0.0024411374983422164,
    0.0024168871140318724,
    0.002392876964354458,
    0.002369104692733898,
    0.0023455679653706265,
    0.0023222644709393002,
    0.002299191920339958,
    0.002276348046594201,
    0.002253730604692391,
    0.002231337371330948,
    0.002209166144735858,
    0.0021872147446089277,
    0.0021654810119697008,
    0.0021439628089059757,
    0.0021226580187058705,
    0.0021015645463846287,
    0.002080680318972094,
    0.002060003285811911,
    0.0020395314198053596,
    0.002019262719549987,
    0.0019991952123919834,
    0.0019793269599222727,
    0.0019596560680781405,
    0.001940180705372634,
    0.0019208991400931625,
    0.0019018098250849554,
    0.0018829116252873832,
    0.001864204891820512,
    0.0019946418106011896,
    0.0024894638096431476,
    0.0032577619160131972,
    0.004068050928095639,
    0.004846542791171214,
    0.005594220500126204,
    0.006312039874183166,
    0.007000929255549287,
    0.007661790083182605,
    0.008295497596739733,
    0.008902901558853153,
    0.009484826970502961,
    0.010042074770285856,
    0.010575422516186535,
    0.0110856250503802,
    0.011573415146455638,
    0.012039504138251124,
    0.012484582529455791,
    0.012909320585226458,
    0.013314368908689164,
    0.013700359003041982,
    0.01406790381786344,
    0.014417598278789683,
    0.014750019801866548,
    0.015065728794434591,
    0.015365269142523756,
    0.01564916868453541,
    0.015917939671989196,
    0.01617207921742893,
    0.016412069729070076,
    0.01663837933257418,
    0.016851462280927643,
    0.01705175935281533,
    0.017239698240321844,
    0.017415693928151715,
    0.017580149065233065,
    0.017733454331014472,
    0.017875988804871564,
    0.0180081203501816,
    0.018130206025232156,
    0.01824259254189195,
    0.018345617010942523,
    0.018439610101681863,
    0.018536013280495603,
    0.01864689517026851,
    0.018761699746631322,
    0.018974586879655662,
    0.019387097672014506,
    0.01988504312218739,
    0.020358592289496404,
    0.020808524573136644,
    0.021235604961890614,
    0.021640577171969745,
    0.02202416333794077,
    0.02238706452672569,
    0.022729961220883648,
    0.02305351380800429,
    0.023358363178117472,
    0.023645131314829395,
    0.023914421827491636,
    0.024166820456578933,
    0.02440289555936427,
    0.02462319858298795,
    0.02482826454408799,
    0.0250186125112112,
    0.025194746070597344,
    0.025357153774951863,
    0.025506309587377835,
    0.02564267332975325,
    0.025766691146074695,
    0.025878795989184942,
    0.025979408125113387,
    0.026068935818859554,
    0.02614777814190909,
    0.026272252651343985,
    0.02652826166421273,
    0.0268865858927253,
    0.02727237301454225,
    0.02766949852683737,
    0.028060669562084813,
    0.028429223033871298,
    0.02877589782956405,
    0.02910150824383571,
    0.029406826206787008,
    0.029692466874715953,
    0.03004051227409642,
    0.030529994387665085,
    0.03107394884189152,
    0.0315886512994451,
    0.032075039507055945,
    0.032534061170901164,
    0.03297060982470723,
    0.03338939038675366,
    0.033787069830637076,
    0.034215549865320896,
    0.03472857360205203,
    0.035267595531465405,
    0.03577635168373305,
    0.03625583905545575,
    0.03670702974908393,
    0.03713086994010115,
    0.03752827985685404,
    0.03790014994005861,
    0.03824734110223423,
    0.03857069859761082,
    0.038871955541350485,
    0.03918473870394661,
    0.039539684249289275,
    0.03990233403077185,
    0.04024022698280452,
    0.040554091602302396,
    0.04088508200353929,
    0.041290248074446964,
    0.041743782715614165,
    0.04218593793701797,
    0.042599595804094434,
    0.04299783032835242,
    0.043393169528613336,
    0.0437734996528914,
    0.044127204128833926,
    0.044455227181633035,
    0.0447584990534626,
    0.04506518848806943,
    0.04540236162902639,
    0.04574143453006323,
    0.04605490987594898,
    0.04639280520234351,
    0.04680335979480581,
    0.047234679954659055,
    0.047636605123455404,
    0.0480518256232831,
    0.0485215467402591,
    0.049001785796765646,
    0.04945016819541655,
    0.04986774097576077,
    0.0502555523996199,
    0.05061462199715958,
    0.050945946670526106,
    0.0512505740693973,
    0.05152951793643396,
    0.05178360200005229,
    0.05201361777742667,
    0.05222041400525341,
    0.05240480555579414,
    0.05256758887896943,
    0.05271340253581971,
    0.05288371204136737,
    0.05311069637900391,
    0.05335126837024157,
    0.053567811859835335,
    0.05376116221990611,
    0.05393213682245125,
    0.05408153162341593,
    0.05421012091755367,
    0.05431865677814229,
    0.054407869845223555,
    0.054478475137801935,
    0.05455941995522351,
    0.05471782787662509,
    0.05496175991763718,
    0.055220383864731964,
    0.055453792484516026,
    0.05566289809534718,
    0.05584859780172095,
    0.056117500970079046,
    0.05657212153460997,
    0.05709949857009186,
    0.05759093906237982,
    0.05804765788021612,
    0.05847084404936724,
    0.05886165021243252,
    0.05922119358210875,
    0.059603876975079864,
    0.06006207622570195,
    0.06053952581053217,
    0.06098200047430901,
    0.06139065393137104,
    0.06176664956025325,
    0.06211111920687885,
    0.062425174032366984,
    0.06272849702632992,
    0.06304003840274731,
    0.0633408871058106,
    0.0636547953149112,
    0.06402309073239046,
    0.06440156015828004,
    0.06474770759612677,
    0.06506264216327406,
    0.06534744341355278,
    0.06560316419818485,
    0.06583083572510087,
    0.06604854414318614,
    0.06632518051467892,
    0.06669284910441613,
    0.06707943497857301,
    0.06743263039969172,
    0.06775361860629431,
    0.06804354945513162,
    0.06832608829762679,
    0.0686290200187652,
    0.06893452962102967,
    0.06924658546410212,
    0.06959039016700305,
    0.06993289067077144,
    0.07028959852842001,
    0.07070663171405865,
    0.07113489634681835,
    0.07152707663645753,
    0.07188438468938861,
    0.07220803817609985,
    0.07249922053280716,
    0.07275908891548115,
    0.07300515124196916,
    0.07331865542206059,
    0.07374499634443317,
    0.07419899477048883,
    0.07461504412772527,
    0.07499444526934075,
    0.07533847532757486,
    0.07564837533227119,
    0.0759253494644118,
    0.0761705657773516,
    0.07638515705533015,
    0.07657022172328262,
    0.07672682503910506,
    0.07685600034726514,
    0.07695875029967829,
    0.07703604837306399,
    0.07708884210333719,
    0.07711806483786043,
    0.07719461040250236,
    0.07738671639273559,
    0.0776200413564831,
    0.07784874640715861,
    0.07809875823831784,
    0.07834350175284947,
    0.07860193343317273,
    0.07891798790706389,
    0.07924468301256932,
    0.07959461578303922,
    0.08002455335669299,
    0.08047358801261673,
    0.08088310063097795,
    0.08125445797899068,
    0.08158899862104692,
    0.08188802665280577,
    0.08217376873397794,
    0.08246772297268144,
    0.0827486684734537,
    0.08305824810936885,
    0.08346898536143298,
    0.08392618546864598,
    0.08435414944822955,
    0.08474233278200989,
    0.08509214115644133,
    0.08540492363400357,
    0.08568212321790415,
    0.08595613485978734,
    0.08625785986356868,
    0.08655505067298327,
    0.08681679915780485,
    0.08704434480796555,
    0.08723889814450365,
    0.08740164650476417,
    0.08753374580044204,
    0.08763631949447567,
    0.08771046233311589,
    0.08783671787385958,
    0.08809258994907915,
    0.0883936517981882,
    0.08865860367062793,
    0.08888870912831055,
    0.0890852233123549,
    0.08932825801661395,
    0.08969489061084135,
    0.09010146043234475,
    0.09046743530085481,
    0.09080266680765207,
    0.09111701571393135,
    0.09140311884800034,
    0.09165319201798466,
    0.09190283718675124,
    0.09218677184855695,
    0.09246910515651627,
    0.09271507005736584,
    0.09292582282792307,
    0.09310261440054186,
    0.0933252199939835,
    0.0937065842143443,
    0.09419835718126972,
    0.09468155183250179,
    0.09512003659024887,
    0.09551528060606844,
    0.09586880275393353,
    0.09618208096155093,
    0.09645654933056486,
    0.09669359886714926,
    0.09689457861789176,
    0.09706079676786036,
    0.09719352181411696,
    0.0972939837576677,
    0.09736337522654205,
    0.09740285255751534,
    0.09741353687151703,
    0.09739651518245071,
    0.0973528416740627,
    0.09728353937376186,
    0.09718960372511126,
    0.09707569603724588,
    0.09706950390015777,
    0.09728646742129597,
    0.09759119540268614,
    0.09785707493382148,
    0.09808548985080287,
    0.09827779307146159,
    0.09843533411462903,
    0.0985600890520648,
    0.09871788940361806,
    0.09897074105772054,
    0.09925034923689753,
    0.09954014089257973,
    0.09988860066184559,
    0.10024537359508198,
    0.10056109033486674,
    0.10088364613760298,
    0.10125958730458084,
    0.10163990087567862,
    0.10197739944484359,
    0.10230234189528244,
    0.10264389257543416,
    0.10297259702146219,
    0.1032600559419984,
    0.10350771413698961,
    0.10371701801434263,
    0.10388938733127445,
    0.10410690254875848,
    0.10444849974644134,
    0.10482865687083637,
    0.10516507279619397,
    0.10545929497254239,
    0.10571283651204612,
    0.10592716422327329,
    0.10610369949591067,
    0.1062438219737694,
    0.10634887266489129,
    0.106420176434332,
    0.10652770308748216,
    0.10673872726780645,
    0.10698058332819921,
    0.10718336133772319,
    0.10734848751869208,
    0.10747734682783186,
    0.10757127590992588,
    0.10763155644208657,
    0.10771433094509586,
    0.10787379425366407,
    0.10805228375398186,
    0.10820794237806648,
    0.10836367215808146,
    0.10851374082108742,
    0.10863607312865199,
    0.1087233916624622,
    0.10877698352123577,
    0.10880439315807072,
    0.10889534248993954,
    0.10912362011907241,
    0.10942361619416084,
    0.10973837681675802,
    0.11003886949682848,
    0.11029719225853347,
    0.11051486914352704,
    0.11070476350722332,
    0.11088914366870756,
    0.11106669620527014,
    0.11121634414896278,
    0.11132917383036167,
    0.11140653489733095,
    0.11144974587328609,
    0.11146008630085413,
    0.11143879680227098,
    0.11138708009750085,
    0.11130610216608744,
    0.11119699347193954,
    0.11106085064033377,
    0.1108987398993822,
    0.11071170904186958,
    0.11050085753866823,
    0.11033637007888647,
    0.1102856642170929,
    0.11027529991350142,
    0.1102345454166771,
    0.11019196901488551,
    0.11017518744845473,
    0.11015581912763092,
    0.11021908245544697,
    0.11047443651592684,
    0.11080190972878362,
    0.11108599817280451,
    0.11132825483198555,
    0.11154361757778164,
    0.11174642281946327,
    0.11192367475432359,
    0.11209814004043533,
    0.11230514715122084,
    0.112508185794956,
    0.11267206594257957,
    0.11279819062321884,
    0.11288795601691655,
    0.1129427133290973,
    0.11296378748872149,
    0.11299244028228321,
    0.11306836157182217,
    0.11314979494492203,
    0.11325538190987167,
    0.11344299130228137,
    0.11365059777249467,
    0.11381852269392968,
    0.11394821551740252,
    0.11404109953973518,
    0.11409855520564874,
    0.11414568744104173,
    0.11420665525996507,
    0.11425714106303954,
    0.11427372540036757,
    0.11425766635731892,
    0.11421020173203902,
    0.11413253301337133,
    0.11402582686588143,
    0.11389122111198863,
    0.11378415058862139,
    0.11375846766148064,
    0.11375731135864514,
    0.11372491381453058,
    0.11366193862875552,
    0.11356955273812425,
    0.11345951881018378,
    0.11334317170026173,
    0.1132101755736883,
    0.11310776705617345,
    0.11309199315426596,
    0.11310235772084615,
    0.11308065382432647,
    0.11302809867607722,
    0.11294587764859135,
    0.11283513880447246,
    0.11269699279284832,
    0.11253251481739973,
    0.11238819441366509,
    0.1123087965615554,
    0.11224647943623939,
    0.11215512119158794,
    0.11203579780119115,
    0.11188959622698369,
    0.11171757234650335,
    0.11152074991712693,
    0.11130012111670541,
    0.11105664782338265,
    0.1107912626091846,
    0.1105048694250985,
    0.11019834444406446,
    0.10987253716029174,
    0.10952827314190614,
    0.10916663696896226,
    0.10885259821677608,
    0.10864809244110664,
    0.10848483727746482,
    0.10829739209262386,
    0.10808671133768966,
    0.10785372399360665,
    0.1075993376608216,
    0.10732443552862592,
    0.10702987565122116,
    0.1067164963457119,
    0.10641178330007935,
    0.10614220317487132,
    0.10587987539526596,
    0.10571449104005091,
    0.10575897074710691,
    0.10588876113642327,
    0.10598399173086367,
    0.10604592414664234,
    0.10607579425933675,
    0.1060748043346406,
    0.10604412142281637,
    0.10598487724120671,
    0.10589816889308334,
    0.10578505976373832,
    0.10564658044980703,
    0.10548372969000758,
    0.10529747528012644,
    0.1050887549663119,
    0.10485847731577322,
    0.10460752256407634,
    0.10433674343890059,
    0.10404696596083214,
    0.1037389902216964,
    0.10341359114091679,
    0.10307151920047392,
    0.10271350115899465,
    0.10234024074551634,
    0.10195241933351401,
    0.1015506965957336,
    0.10113571114034066,
    0.1007080811289113,
    0.10026840487678994,
    0.09981726143630867,
    0.0993552111633457,
    0.09888279626769275,
    0.0984005413476868,
    0.09790895390955172,
    0.0974085248718837,
    0.09689972905569957,
    0.09638302566045504,
    0.09585885872643081,
    0.0953276575838729,
    0.09478983728926299,
    0.094245799049083,
    0.09369593063142705,
    0.09314060676580554,
    0.0925801895314763,
    0.09201502873462773,
    0.09144546227473001,
    0.09087181650036152,
    0.09029440655480907,
    0.08971353671173143,
    0.08912950070116879,
    0.08854258202617188,
    0.08795305427031715,
    0.08736118139636578,
    0.08676721803631869,
    0.0861714097731113,
    0.08557399341418614,
    0.0849751972571731,
    0.08437524134790222,
    0.0837743377309664,
    0.08317269069304595,
    0.08257049699920024,
    0.08196794612232701,
    0.08136522046598277,
    0.08076249558075363,
    0.08015994037435949,
    0.07955771731567016,
    0.07895598263280648,
    0.0783548865054946,
    0.07775457325183724,
    0.07715518150966064,
    0.07655684441259143,
    0.0759596897610141,
    0.07536384018805403,
    0.07476941332072853,
    0.07417652193640308,
    0.07358527411468695,
    0.0729957733848978,
    0.0724081188692218,
    0.07182240542169205,
    0.07123872376310451,
    0.07065716061198737,
    0.07007779881173647,
    0.06950071745402617,
    0.068925991998602,
    0.06835369438955866,
    0.06778389316820332,
    0.06721665358260237,
    0.06665203769390585,
    0.06609010447954197,
    0.0655309099333713,
    0.06497450716288726,
    0.0644209464835479,
    0.06387027551032073,
    0.0633225392465206,
    0.06277778017001795,
    0.06223603831689298,
    0.06169735136260874,
    0.0611617547007745,
    0.06062928151956822,
    0.060099962875885565,
    0.059573827767280554,
    0.05905090320176117,
    0.058531214265501764,
    0.05801478418853184,
    0.05750163440845951,
    0.056991784632286144,
    0.05648525289636705,
    0.05598205562457159,
    0.0554822076846945,
    0.05498572244316895,
    0.05449261181812998,
    0.054002886330876146,
    0.053516555155775365,
    0.053033626168659864,
    0.05255410599375397,
    0.05207800004917701,
    0.051605312591062394,
    0.05113604675633317,
    0.050670204604172445,
    0.05020778715622685,
    0.04974879443557951,
    0.049293225504528124,
    0.04884107850120298,
    0.04839235067505837,
    0.047947038421270086,
    0.04750513731407079,
    0.047066642139054184,
    0.0466315469244777,
    0.04619984497159323,
    0.0457715288840338,
    0.045346590596283834,
    0.044925021401259715,
    0.044506811977026585,
    0.044091952412676445,
    0.04368043223339228,
    0.04327224042472179,
    0.0428673654560838,
    0.042465795303530035,
    0.04206751747178374,
    0.04167251901557655,
    0.04128078656030415,
    0.04089230632202067,
    0.0405070641267912,
    0.04012504542942141,
    0.039746235331582475,
    0.03937061859934912,
    0.038998179680168214,
    0.038628902719274466,
    0.03826277157556975,
    0.03789976983698185,
    0.037539880835317896,
    0.037183087660627646,
    0.03682937317509101,
    0.03647872002644392,
    0.036131110660956346,
    0.035786527335975676,
    0.035444952132048416,
    0.03510636696463278,
    0.03477075359541443,
    0.034438093643236974,
    0.03410836859465908,
    0.03378155981414911,
    0.033457648553928236,
    0.03313661596347258,
    0.032818443098684584,
    0.03250311093074359,
    0.03219060035464527,
    0.03188089219743929,
    0.03157396722617428,
    0.03126980615555907,
    0.030968389655348615,
    0.030669698357463086,
    0.03037371286284824,
    0.03008041374808481,
    0.029789781571754687,
    0.029501796880571224,
    0.029216440215280935,
    0.028933692116343522,
    0.028653533129397144,
    0.028375943810515333,
    0.02810090473126217,
    0.027828396483551825,
    0.027558399684318516,
    0.027290894980002766,
    0.027025863050859633,
    0.026763284615094515,
    0.02650314043283179,
    0.026245411309921578,
    0.025990078101589653,
    0.025737121715935465,
    0.02548652311728293,
    0.02523826332938877,
    0.024992323438512792,
    0.02474868459635461,
    0.02450732802286089,
    0.02426823500890735,
    0.024031386918859518,
    0.023796765193015986,
    0.02356435134993813,
    0.023334126988669848,
    0.023106073790850945,
    0.02288017352272759,
    0.022656408037063258,
    0.022434759274953506,
    0.022215209267547765,
    0.021997740137681177,
    0.021782334101419734,
    0.02156897346952178,
    0.021357640648818746,
    0.021148318143517995,
    0.020940988556430916,
    0.02073563459012904,
    0.020532239048031285,
    0.0203307848354261,
    0.020131254960432644,
    0.01993363253490538,
    0.019737900775287653,
    0.019544043003421236,
    0.019352042647319594,
    0.019161883241917973,
    0.018973548429828957,
    0.01878702196214875,
    0.018602287699383203,
    0.01841932961262344,
    0.01823813178522157,
    0.018058678415482733,
    0.017880953821642103,
    0.01770494245269577,
    0.01753062891650054,
    0.017357998069434506,
    0.01718703540254825,
    0.017017730135029087,
    0.018055346059387863,
    0.021459219877879302,
    0.025933627528202934,
    0.03044929687002735,
    0.035246066386159645,
    0.04042723674186132,
    0.0462018526929554,
    0.05237246913282108,
    0.05866500316206965,
    0.06538425681366425,
    0.07285072321772644,
    0.08085201491801262,
    0.08901704595589419,
    0.09758585333959181,
    0.10670570924436606,
    0.11616806288566406,
    0.1259166998559743,
    0.13576814580916713,
    0.14557393308956226,
    0.15515161389422116,
    0.16469785594103456,
    0.1745835741600849,
    0.18443229524364993,
    0.19388241240395793,
    0.20316278442218882,
    0.21284554767718966,
    0.22303633564982878,
    0.23358173308012098,
    0.24456269077938075,
    0.25550963535937876,
    0.2659707651334922,
    0.2759615115727753,
    0.2854968711425311,
    0.2945914018994929,
    0.30325923496890206,
    0.3115140865125884,
    0.31936926950907585,
    0.32683770524383515,
    0.33393193449235137,
    0.340664128396467,
    0.3470460990394279,
    0.3530893097246001,
    0.35880488496292734,
    0.3642036201781039,
    0.3692959911387334,
    0.3740921631302214,
    0.37860199989620247,
    0.3828350724055991,
    0.38680066756136783,
    0.3905077969766531,
    0.39396520599138674,
    0.39718138749691206,
    0.40029604692406184,
    0.403574656606888,
    0.4070096943693222,
    0.4104812987882778,
    0.4142346014863698,
    0.4183374286260894,
    0.4223968370958754,
    0.42618425698006435,
    0.4297089136202418,
    0.43297976041660624,
    0.4360054838792642,
    0.4387945108737583,
    0.44135501594541965,
    0.44369492852168174,
    0.44582194000602005,
    0.44774351077921476,
    0.4494668772868098,
    0.4509990602443227,
    0.4523468916394285,
    0.45366546270666824,
    0.45510396052340507,
    0.45650895366591476,
    0.4577328402719644,
    0.4587821240758706,
    0.4596631166910308,
    0.4603819396446272,
    0.46094453012940756,
    0.46135665038375984,
    0.46162389240413126,
    0.46175167957704133,
    0.4618501388093953,
    0.4620255272291901,
    0.46227549199975526,
    0.46259715387734734,
    0.46288222122757305,
    0.46302679245854206,
    0.46303612890257095,
    0.46291535777757464,
    0.4627900395761624,
    0.46278096074480046,
    0.46276311953510907,
    0.4626162547287039,
    0.46234528544750053,
    0.4619549829478863,
    0.46144997253317055,
    0.4608347388838406,
    0.46011364171574476,
    0.45942536649133736,
    0.4589568675747166,
    0.45861906524726154,
    0.45821913088024135,
    0.45770597687961484,
    0.4571850795725968,
    0.45675791404394084,
    0.45631996479828774,
    0.45577069156494326,
    0.4551144573759807,
    0.45435549267679787,
    0.4534978970755553,
    0.45254564283537885,
    0.45150257854188314,
    0.45037243272604516,
    0.44915881738260083,
    0.44786523137444667,
    0.446495063749037,
    0.445051597054249,
    0.4435380111140224,
    0.44195739097006514,
    0.4404334608190913,
    0.43918313847068696,
    0.4381735902167378,
    0.4371773603892729,
    0.43609631759616174,
    0.4349339654424431,
    0.43369370437768817,
    0.43237883068250627,
    0.43099255070248976,
    0.42960075910213014,
    0.4282669646574304,
    0.4270440038474947,
    0.42598246448225613,
    0.42495911166045647,
    0.423855433715471,
    0.4229009199276893,
    0.42231757002418807,
    0.4218665401953895,
    0.4213155664330481,
    0.42066736780357117,
    0.41992580270370494,
    0.4191664685061358,
    0.41848761982100435,
    0.4178400656044842,
    0.4171254365559166,
    0.41632095190747787,
    0.4154302415735334,
    0.41463145033270954,
    0.41415224331346745,
    0.4138623881034429,
    0.413524009298903,
    0.4130831164714542,
    0.41254403492724506,
    0.41191030311651106,
    0.41118524122012756,
    0.4103740932697847,
    0.40960626908078374,
    0.4090029102377839,
    0.4084320193396058,
    0.4077682644594795,
    0.40701534080579066,
    0.40617683538346605,
    0.40554544955509136,
    0.4054345961446087,
    0.40556723807745554,
    0.405613058927341,
    0.40554348412968894,
    0.40536291613580505,
    0.4052192562245121,
    0.40525477143177624,
    0.40531902425882677,
    0.4052672624671222,
    0.4051038801798302,
    0.4048331479687505,
    0.4044592166727218,
    0.40405606358161966,
    0.40372561079789726,
    0.40346289004687585,
    0.403201650831973,
    0.4028743092470727,
    0.4024465087696114,
    0.40192211271525974,
    0.40130491780387295,
    0.4005986106496808,
    0.399806789043989,
    0.39906265995950174,
    0.3984943382842763,
    0.39796559568689616,
    0.39734534922521353,
    0.39663722030135856,
    0.3958447286944042,
    0.3949712950537095,
    0.3942078702843629,
    0.3937381433379369,
    0.39336349653489067,
    0.3928927908779098,
    0.3923297825538594,
    0.3916781214982192,
    0.3909413532011443,
    0.3901622551591846,
    0.3893820004083417,
    0.3885615229060367,
    0.38766322755550364,
    0.38669215981926236,
    0.38572354605882225,
    0.38482605408297843,
    0.3839250462316942,
    0.3829505580685594,
    0.3819056362167109,
    0.38079323981825924,
    0.37961625111160946,
    0.37847663432917356,
    0.3774724790204066,
    0.3764997855976696,
    0.3754964464347066,
    0.3745022389608333,
    0.37347952628487974,
    0.37243684204763317,
    0.37142028958516965,
    0.3703836557254677,
    0.36935584097071095,
    0.3684101527829869,
    0.3674704690768948,
    0.3665367066893276,
    0.3657227217391095,
    0.3649915776439119,
    0.3642264567163135,
    0.3633882246261659,
    0.36250081620072383,
    0.3615886047793432,
    0.36063349364722597,
    0.35961543276249686,
    0.3585354691567987,
    0.3573959305988713,
    0.3561993784957764,
    0.354948355793275,
    0.35365260273870514,
    0.35232143505078906,
    0.3509492908578081,
    0.34968446093046257,
    0.34867688606480673,
    0.34776355027466144,
    0.3468469533116459,
    0.3459868830735259,
    0.345121991551993,
    0.3442014593877221,
    0.34323583488173015,
    0.3422188514043223,
    0.3412549964935493,
    0.34045301362046926,
    0.33969650022763104,
    0.3388734348870693,
    0.3379865674751037,
    0.3371470291144453,
    0.3364617204524329,
    0.33581654712623543,
    0.3351017194210156,
    0.3343546052578489,
    0.3336111690105039,
    0.3328369446675651,
    0.3319987668349964,
    0.3310993249242057,
    0.33026993450576436,
    0.32963683179829145,
    0.32906401961687337,
    0.3284206721358076,
    0.3277096473759162,
    0.326933772704022,
    0.3262675698284882,
    0.32588458193628755,
    0.325608117645945,
    0.3252566624983739,
    0.3248273734265587,
    0.3243233011321034,
    0.32374741278528274,
    0.3231025864175675,
    0.32239161840936525,
    0.3217019954744335,
    0.32116088769186574,
    0.32075666698437466,
    0.3203922220114437,
    0.32004775284397924,
    0.31974963497078207,
    0.3194387355857029,
    0.3191269497230002,
    0.3188856846326569,
    0.31863826281764634,
    0.31831095139416843,
    0.31790736309793216,
    0.3175171377958577,
    0.3172255273210465,
    0.3169423182671011,
    0.3166413365568793,
    0.3163834513439276,
    0.31610689299913197,
    0.3157522435251479,
    0.3153225272110586,
    0.3148206983317765,
    0.31424962442806115,
    0.3136120860299835,
    0.31291078216216656,
    0.31214876051048546,
    0.31149778382186377,
    0.3111222412821683,
    0.31084261267482033,
    0.3105051009599278,
    0.3102050675830122,
    0.30999717879585315,
    0.30978492690433906,
    0.30949394356872195,
    0.30912723977922396,
    0.3086877745397716,
    0.30817842272818763,
    0.3076019736885852,
    0.3069611730791667,
    0.30629744618470456,
    0.30565057476831103,
    0.30498129447752287,
    0.30425186902613083,
    0.30346477532049004,
    0.3026224167577857,
    0.3017271229204581,
    0.30078115826684393,
    0.299883549540808,
    0.2991295584075065,
    0.298417138377799,
    0.29768943631644007,
    0.2970190490788731,
    0.29639310617256187,
    0.2957382759374425,
    0.29502998442722583,
    0.29434414814883975,
    0.29374456830651074,
    0.2931544516256497,
    0.29250452087080087,
    0.29179721876286147,
    0.2910849722939081,
    0.2904937354875246,
    0.29004455267714685,
    0.28960660508251723,
    0.2891040711149159,
    0.2885395320070998,
    0.28791549719660314,
    0.28723441034815,
    0.28649863567401984,
    0.2857104451312029,
    0.28487358547824865,
    0.2840535879230039,
    0.2833104042414098,
    0.2825778790463897,
    0.2817939045654183,
    0.28096064830799683,
    0.28008020904780695,
    0.2791546910375915,
    0.2782045645176681,
    0.27724941870015607,
    0.27634399577138835,
    0.2755410121952278,
    0.2747640960555819,
    0.27396378729676685,
    0.2731661815420892,
    0.27234842787278124,
    0.2715383749407268,
    0.2707865450736074,
    0.27003903639119037,
    0.26924415439899707,
    0.2684039072333105,
    0.26764523880951147,
    0.26709027277399666,
    0.2666064807697762,
    0.26606630282859356,
    0.26547201285884015,
    0.26485392022847437,
    0.26424122427374774,
    0.26360584354379574,
    0.2629206969396073,
    0.26226372345166477,
    0.2617099417442579,
    0.26117970052879325,
    0.26059634052621383,
    0.25996202249871825,
    0.2592788573673985,
    0.2585707298126818,
    0.2578606532106138,
    0.25712712183069125,
    0.25636787921785675,
    0.25560254886028516,
    0.2548130618788539,
    0.25398206971983345,
    0.2532710239884737,
    0.2528352223094279,
    0.25250472579415345,
    0.2521159868307758,
    0.2516713026953301,
    0.25117291216416526,
    0.2506229893290025,
    0.2500236530410782,
    0.2493769805633378,
    0.24868499517029746,
    0.2479646966592406,
    0.24723242788861088,
    0.2464737616351023,
    0.24567479052008317,
    0.24483724223445494,
    0.24405404293399968,
    0.24341458782531766,
    0.24282241952078887,
    0.2422193454617333,
    0.2416406079278845,
    0.24105080737891632,
    0.24041582666906253,
    0.23973751922931602,
    0.2390177441445962,
    0.2382653558895551,
    0.23750582407588314,
    0.23674953328218648,
    0.23597251196788904,
    0.23515876242297343,
    0.23430989756616832,
    0.23342748269453156,
    0.23251303396381573,
    0.23156801954366998,
    0.23059386109443064,
    0.22959193528912242,
    0.2285635758500575,
    0.22751007915410681,
    0.22645610575587422,
    0.22545991396956333,
    0.22453073630000903,
    0.22360836681494975,
    0.22266158775443604,
    0.22180670766262328,
    0.22114897923245752,
    0.22056600945158378,
    0.2199519625090907,
    0.21931684937996518,
    0.2186530391120807,
    0.21795313109055572,
    0.21721865858723377,
    0.2164511505742135,
    0.21565208575517053,
    0.2148725639222886,
    0.21416178546551262,
    0.21346773713888814,
    0.21275980716967274,
    0.21205818356189018,
    0.21134326197214318,
    0.21059618936258886,
    0.2098183799666973,
    0.20901121923310959,
    0.20817604948023133,
    0.20735923286621255,
    0.20660821387212394,
    0.2058784914781275,
    0.205121550267828,
    0.20433578309280656,
    0.20352250292549365,
    0.20268298873606866,
    0.20186910596359062,
    0.20113074252368482,
    0.20041461367162194,
    0.19966943964177641,
    0.19889652531666452,
    0.1980971434595302,
    0.19727255421439285,
    0.19644056651516734,
    0.19568241450145912,
    0.19504311096236987,
    0.19443764825859405,
    0.1938006956607947,
    0.19313355463251464,
    0.1924384387591136,
    0.1917176239559901,
    0.19097153265210282,
    0.19020031417764618,
    0.18945760337494275,
    0.1887951320172218,
    0.18815745101951598,
    0.18749118847476315,
    0.186797606077804,
    0.1860779444527782,
    0.18533340983347896,
    0.18459435475812322,
    0.18389026350146964,
    0.18319110854340812,
    0.18246741544220113,
    0.18175301301483257,
    0.18108073506851993,
    0.18041617223146175,
    0.17972620781158324,
    0.17901198435495563,
    0.17827461873696898,
    0.1775151945464569,
    0.17673476803569238,
    0.17597892791001726,
    0.1752924419113817,
    0.17462985086481309,
    0.17394557731409854,
    0.17323909925109615,
    0.17251082148327346,
    0.17176175849712422,
    0.17099290353378044,
    0.1702052193063926,
    0.1693996383288143,
    0.16857706360476915,
    0.1677383690559168,
    0.16688440060245,
    0.16601597914012303,
    0.16513392887251185,
    0.16423975561868032,
    0.1633349228902429,
    0.1625031923927338,
    0.16182503332607293,
    0.16121098965163888,
    0.16057502046116792,
    0.15991812109087727,
    0.15924126837289992,
    0.15854541141245987,
    0.15785231076671313,
    0.15718295434695434,
    0.15651584439674135,
    0.1558301844407452,
    0.15512681350704483,
    0.1544066094024378,
    0.15367044023071608,
    0.15293115362676582,
    0.15220107934074753,
    0.15146804216831722,
    0.15079362585736308,
    0.15024934750463534,
    0.14975739873307067,
    0.1492423697306811,
    0.14870500521209312,
    0.14814629724296494,
    0.1475672088458283,
    0.1469686729258433,
    0.14635159275630508,
    0.1457168427530939,
    0.14506526930422292,
    0.14439769158752658,
    0.14371490235835804,
    0.14301766872470645,
    0.14230673297405835,
    0.1415828135384342,
    0.1408466063891129,
    0.14009878690499158,
    0.1393400083312686,
    0.13857089900581793,
    0.13779206854073955,
    0.13716038570814545,
    0.1368416868526054,
    0.13668289607755352,
    0.13650678622022602,
    0.13629910220494437,
    0.1360610843984982,
    0.13579394208714524,
    0.13549884932496,
    0.13517694510604716,
    0.1348293336033283,
    0.13445708471164863,
    0.13406123487260496,
    0.1336427879853653,
    0.13320271632771977,
    0.1327419614656687,
    0.13226143514498845,
    0.13176202016102728,
    0.1312445712047965,
    0.13070991568530935,
    0.13015885452884077,
    0.1295921629557733,
    0.12901059123552688,
    0.12841486542004557,
    0.1278056880563826,
    0.12718373887897128,
    0.12654967548217266,
    0.12590413397363082,
    0.125247729608939,
    0.12458105740813771,
    0.12390469275456015,
    0.12321919197653242,
    0.12252509291242539,
    0.12182291545952344,
    0.12111316210715452,
    0.12039631845452434,
    0.1196728537136922,
    0.11894322119811435,
    0.11820785879716345,
    0.1174671894370157,
    0.11672162152829066,
    0.11597154940082353,
    0.11521735372593632,
    0.11445940192655954,
    0.11369804857554856,
    0.11293363578253082,
    0.1121664935696093,
    0.11139694023623792,
    0.11062528271357709,
    0.10985181690862766,
    0.1090768280384326,
    0.10830059095462857,
    0.10752337045862294,
    0.1067454216076624,
    0.10596699001205133,
    0.1051883121237712,
    0.10440961551674587,
    0.10363111915899093,
    0.10285303367687748,
    0.1020755616117344,
    0.10129889766900732,
    0.10052322896018615,
    0.09974873523770679,
    0.09897558912302726,
    0.09820395632807244,
    0.09743399587023646,
    0.09666586028112575,
    0.09589969580922154,
    0.09513564261663467,
    0.09437383497012151,
    0.09361440142652434,
    0.09285746501279533,
    0.09210314340075867,
    0.09135154907676085,
    0.09060278950635495,
    0.08985696729416108,
    0.08911418033904009,
    0.08837452198471446,
    0.08763808116596677,
    0.08690494255054176,
    0.08617518667687521,
    0.0854488900877686,
    0.08472612546012576,
    0.08400696173086397,
    0.08329146421910882,
    0.08257969474477944,
    0.08187171174366743,
    0.08116757037910996,
    0.0804673226503543,
    0.07977101749770897,
    0.0790787009045732,
    0.07839041599643473,
    0.07770620313692267,
    0.07702610002099972,
    0.0763501417653762,
    0.07567836099622577,
    0.07501078793427993,
    0.07434745047737693,
    0.07368837428053818,
    0.07303358283364321,
    0.07238309753677244,
    0.07173693777328474,
    0.07109512098069529,
    0.0704576627194166,
    0.06982457673942483,
    0.06919587504491075,
    0.06857156795697394,
    0.06795166417441623,
    0.06733617083268954,
    0.06672509356105151,
    0.06611843653798036,
    0.06551620254489979,
    0.06491839301826241,
    0.06432500810003951,
    0.06373604668666302,
    0.06315150647646488,
    0.06257138401565687,
    0.06199567474289388,
    0.061424373032461066,
    0.060857472236125434,
    0.06029496472369019,
    0.059736841922289945,
    0.05918309435446323,
    0.058633711675037836,
    0.05808868270686376,
    0.057547995475427216,
    0.05701163724237845,
    0.05647959453800483,
    0.05595185319268034,
    0.055428398367321115,
    0.05490921458287632,
    0.05439428574888244,
    0.05388359519110856,
    0.05337712567831916,
    0.05287485944818036,
    0.052376778232334685,
    0.05188286328066898,
    0.051393095384798936,
    0.0509074549007935,
    0.050425921771161536,
    0.04994847554612247,
    0.04947509540418189,
    0.04900576017203295,
    0.04854044834380316,
    0.04807913809966624,
    0.04762180732383764,
    0.047168433621972074,
    0.046718994337980935,
    0.04627346657028657,
    0.04583182718753038,
    0.04539405284375096,
    0.044960119993048,
    0.044530004903747436,
    0.044103683672082665,
    0.04368113223540633,
    0.043262326384946724,
    0.04284724177812253,
    0.04243585395042902,
    0.04202813832690868,
    0.04162407023321875,
    0.04122362490630796,
    0.04082677750471396,
    0.04043350311849325,
    0.040043776778794414,
    0.03965757346708573,
    0.03927486812404758,
    0.038895635658139825,
    0.038519850953853935,
    0.03814748887965964,
    0.03777852429565536,
    0.037412932060931534,
    0.03705068704065564,
    0.03669176411288751,
    0.03633613817513316,
    0.03598378415064515,
    0.03563467699447729,
    0.03528879169930147,
    0.034946103300993785,
    0.03460658688399728,
    0.034270217586468296,
    0.03393697060521303,
    0.03360682120042084,
    0.033279744700200745,
    0.03295571650492738,
    0.03263471209140224,
    0.032316707016836276,
    0.03200167692265933,
    0.031689597538161925,
    0.031380444683974815,
    0.031074194275391466,
    0.030770822325538422,
    0.030470304948398547,
    0.030172618361692168,
    0.02987773888962076,
    0.02958564296547759,
    0.02929630713412972,
    0.029009708054375936,
    0.0287258225011848,
    0.028444627367816982,
    0.028166099667836435,
    0.027890216537015303,
    0.027616955235136992,
    0.02734629314770212,
    0.02707820778754272,
    0.026812676796349265,
    0.026549677946116228,
    0.026289189140517765,
    0.026031188416228306,
    0.025775653944203395,
    0.02552256403094349,
    0.025271897119785662,
    0.025023631792299276,
    0.024777746769917543,
    0.024534220916076727,
    0.024293033239405327,
    0.02405416289916249,
    0.023817589216242847,
    0.02358329170013302,
    0.02335125012642781,
    0.02312144481156549,
    0.02289385823428102,
    0.02324984693151957,
    0.02496997152159018,
    0.02764213895028767,
    0.030426859192503975,
    0.03335883258063979,
    0.03692728033879115,
    0.04108056520591209,
    0.04530062481636786,
    0.0498544177056067,
    0.055231638630990176,
    0.06105333054197317,
    0.06741509886352355,
    0.07459550142097279,
    0.08252751871704991,
    0.09190012650572435,
    0.10266667236369266,
    0.1136711986904519,
    0.12533213268835994,
    0.13848866456521303,
    0.15221505850166664,
    0.16623882737095094,
    0.18092425947802282,
    0.19598872785120064,
    0.21145322639592382,
    0.22698574100739996,
    0.2424094424583243,
    0.2580911964365597,
    0.2736993953862832,
    0.28942032731596673,
    0.3058421399730029,
    0.32238271014477193,
    0.338851411960586,
    0.35549720564033926,
    0.37187477016819837,
    0.387656745726887,
    0.40278823965253757,
    0.41758593560517565,
    0.4326964234419639,
    0.4480387675017062,
    0.4629618069818825,
    0.47727021384232426,
    0.4915795699832962,
    0.5063257689819538,
    0.5208946548432265,
    0.5348597637327466,
    0.5483981281791745,
    0.561502199042391,
    0.5740236972685479,
    0.5859105181418204,
    0.5971833366439331,
    0.6078622239327264,
    0.6179666593798028,
    0.6275155467896654,
    0.6365272307520309,
    0.6450195126117161,
    0.6530096660751389,
    0.6605144525937992,
    0.6675501375304908,
    0.6741921743221091,
    0.6805133323193647,
    0.6864643729075617,
    0.6919978958579194,
    0.6971280811417945,
    0.7018687501082168,
    0.7062333121053246,
    0.7102347749524263,
    0.7138857562014367,
    0.7171984942833534,
    0.7201848593891578,
    0.7228563640583439,
    0.7252241734757296,
    0.7272991154810146,
    0.7290916902964648,
    0.7306120799801796,
    0.7318701576132407,
    0.7328754962277313,
    0.7336373774834164,
    0.7341648001061963,
    0.7344664881072818,
    0.7345508988189221,
    0.7344262308525367,
    0.7341004323996114,
    0.7335812130891556,
    0.7329222718508626,
    0.7323501631752549,
    0.7319904368837824,
    0.7316141589580066,
    0.7311095572588492,
    0.7305439638024853,
    0.7298575028108133,
    0.7289925168871446,
    0.7279559394027943,
    0.7267545499538693,
    0.7253949204082607,
    0.7238834189282983,
    0.7222262155368114,
    0.7204292877680605,
    0.7184984262169132,
    0.7164392399598292,
    0.7142571618383167,
    0.7119574536034714,
    0.7095452109237429,
    0.707025368263708,
    0.7044027036638504,
    0.7016818434951868,
    0.6988672674439688,
    0.6959633160392112,
    0.6930742292301754,
    0.6903003178752937,
    0.6875380063354737,
    0.6848124625485618,
    0.6822479406582767,
    0.6797142541332686,
    0.6770912942729719,
    0.6743883455717652,
    0.6716039470510003,
    0.6688384533043413,
    0.6661936546454346,
    0.6635640113678538,
    0.6608479613407008,
    0.6583645578895938,
    0.6564207131063763,
    0.6546815241201298,
    0.6528246821011342,
    0.650855130416449,
    0.648777679798175,
    0.646596993781566,
    0.6443175894181239,
    0.6419438407999625,
    0.6394799830527615,
    0.636930116347958,
    0.6342982098389753,
    0.6315881054974318,
    0.6288035218443364,
    0.6259480575768952,
    0.6230251950927601,
    0.620038303913998,
    0.6169906440135495,
    0.6138853690470247,
    0.6107255294924208,
    0.6075140757006158,
    0.6042538608600309,
    0.6009476438793672,
    0.5975980921945367,
    0.5942077845145015,
    0.5907792135537744,
    0.5873147890439974,
    0.5841651794587908,
    0.5816677062943907,
    0.5794500644777301,
    0.5771539356910745,
    0.5747829213516453,
    0.5723405190156151,
    0.5698301143184196,
    0.5672549839529173,
    0.5646182988073587,
    0.561923127058384,
    0.5591724371887121,
    0.5563691009233316,
    0.5535158960836744,
    0.550615509361022,
    0.5476705390110108,
    0.5446834974712458,
    0.5416568139040696,
    0.5385928366665508,
    0.5354938357097198,
    0.5323620049090363,
    0.5291994643280242,
    0.5260082624169587,
    0.5227903781484428,
    0.51954772309166,
    0.5162821434270407,
    0.5129954219030289,
    0.509689279736592,
    0.5063653784590663
]