[
    0.4437151362990614,
    0.44360297192545295,
    0.4434908477395648,
    0.44337876360140144,
    0.4432667193709674,
    0.44315471490826713,
    0.44304275007330524,
    0.4429308247260862,
    0.44281893872661443,
    0.44270709193489455,
    0.44259528421093103,
    0.4424835154147284,
    0.4423717854062912,
    0.44226009404562383,
    0.4421484411927309,
    0.4420368267076169,
    0.44192525045028624,
    0.44181371228074356,
    0.44170221205899335,
    0.44159074964504,
    0.4414793248988883,
    0.44136793768054244,
    0.44125658785000704,
    0.44114527526728664,
    0.44103399979238583,
    0.440922761285309,
    0.44081155960606067,
    0.44070039461464533,
    0.44058926617106753,
    0.44047817413533186,
    0.4403671183674427,
    0.4402560987274046,
    0.4401451150752221,
    0.4400341672708997,
    0.43992325517444186,
    0.43981237864585315,
    0.4397015375451381,
    0.43959073173230107,
    0.43947996106734677,
    0.43936922541027956,
    0.43925852462110404,
    0.4391478585598247,
    0.43903722708644605,
    0.43892663006097254,
    0.4388160673434087,
    0.4387055387937591,
    0.4385950442720282,
    0.43848458363822057,
    0.43837415675234065,
    0.43826376347439294,
    0.438153403664382,
    0.4380430771823124,
    0.43793278388818846,
    0.43782252364201485,
    0.43771229630379604,
    0.4376021017335365,
    0.43749193979124085,
    0.4373818103369134,
    0.43727171323055886,
    0.43716164833218163,
    0.4370516155017863,
    0.4369416145993773,
    0.4368316454849591,
    0.4367217080185364,
    0.4366118020601135,
    0.4365019274696951,
    0.43639208410728547,
    0.4362822718328893,
    0.4361724905065111,
    0.43606273998815537,
    0.4359530201378265,
    0.4358433308155291,
    0.4357336718812677,
    0.4356240431950468,
    0.43551444461687083,
    0.4354048760067444,
    0.4352953372246719,
    0.435185828130658,
    0.4350763485847071,
    0.4349668984468237,
    0.4348574775770124,
    0.4347480858352776,
    0.4346387230816239,
    0.4345293891760557,
    0.4344200839785777,
    0.4343108073491942,
    0.4342015591479098,
    0.43409233923472906,
    0.43398314746965644,
    0.4338739837126964,
    0.43376484782385355,
    0.43365573966313237,
    0.4335466590905373,
    0.4334376059660729,
    0.4333285801497437,
    0.43321958150155415,
    0.43311060988150885,
    0.43300166514961225,
    0.43289274716586884,
    0.43278385579028317,
    0.43267499088285977,
    0.43256615230360307,
    0.43245733991251767,
    0.432348553569608,
    0.4322397931348786,
    0.432131058468334,
    0.4320223494299787,
    0.4319136658798172,
    0.431805007677854,
    0.4316963746840937,
    0.43158776675854066,
    0.4314791837611994,
    0.4313706255520746,
    0.43126209199117066,
    0.4311535829384921,
    0.43104509825404336,
    0.43093663779782904,
    0.4308282014298536,
    0.43071978901012165,
    0.43061140039863754,
    0.4305030354554059,
    0.4303946940404312,
    0.4302863760137179,
    0.4301780812352706,
    0.43006980956509383,
    0.4299615608631919,
    0.42985333498956957,
    0.42974513180423124,
    0.42963695116718137,
    0.4295287929384245,
    0.4294206569779652,
    0.4293125431458079,
    0.4292044513019572,
    0.4290963813064176,
    0.4289883330191934,
    0.4288803063002894,
    0.42877230100971,
    0.42866431700745966,
    0.4285563541535429,
    0.42844841230796427,
    0.42834049133072827,
    0.4282325910818394,
    0.42812471142130215,
    0.4280168522091211,
    0.4279090133053007,
    0.4278011945698455,
    0.42769339586275995,
    0.42758561704404857,
    0.4274778579737159,
    0.42737011851176643,
    0.42726239851820474,
    0.4271546978530352,
    0.42704701637626247,
    0.42693935394789095,
    0.4268317104279253,
    0.42672408567636977,
    0.42661647955322907,
    0.42650889191850766,
    0.42640132263221003,
    0.4262937715543408,
    0.4261862385449043,
    0.42607872346390513,
    0.4259712261713478,
    0.4258637465272369,
    0.42575628439157676,
    0.425648839624372,
    0.4255414120856271,
    0.42543400163534667,
    0.4253266081335351,
    0.4252192314401969,
    0.42511187141533663,
    0.42500452791895876,
    0.4248972008110679,
    0.42478988995166844,
    0.4246825952007649,
    0.4245753164183619,
    0.4244680534644638,
    0.42436080619907524,
    0.42425357448220063,
    0.42414635817384455,
    0.4240391571340114,
    0.42393197122270593,
    0.42382480029993236,
    0.42371764422569536,
    0.4236105028599994,
    0.4235033760628491,
    0.42339626369424876,
    0.423289165614203,
    0.42318208168271637,
    0.42307501175979334,
    0.42296795570543844,
    0.4228609133796561,
    0.4227538846424509,
    0.42264686935382734,
    0.42253986737378996,
    0.42243287856234324,
    0.4223259027794916,
    0.42221893988523973,
    0.42211198973959196,
    0.422005052202553,
    0.42189812713412717,
    0.42179121439431905,
    0.42168431384313315,
    0.4215774253405741,
    0.42147054874664613,
    0.421363683921354,
    0.4212568307247021,
    0.421149989016695,
    0.4210431586573372,
    0.4209363395066332,
    0.42082953142458746,
    0.4207227342712045,
    0.42061594790648893,
    0.42050917219044515,
    0.42040240698307774,
    0.42029565214439113,
    0.4201889075343899,
    0.42008217301307865,
    0.41997544844046164,
    0.41986873367654354,
    0.4197620285813289,
    0.41965533301482216,
    0.4195486468370278,
    0.41944196990795035,
    0.4193353020875944,
    0.4192286432359643,
    0.41912199321306476,
    0.41901535187890016,
    0.41890871909347505,
    0.41880209471679386,
    0.41869547860886125,
    0.4185888706296816,
    0.41848227063925947,
    0.4183756784975993,
    0.41826909406470575,
    0.4181625172005833,
    0.41805594776523625,
    0.41794938561866934,
    0.417842830620887,
    0.4177362826318938,
    0.4176297415116941,
    0.41752320712029256,
    0.41741667931769355,
    0.41731015796390175,
    0.4172036429189216,
    0.4170971340427575,
    0.41699063119541413,
    0.41688413423689585,
    0.4167776430272073,
    0.4166711574263529,
    0.4165646772943372,
    0.4164582024911647,
    0.4163517328768399,
    0.4162452683113673,
    0.4161388086547515,
    0.4160323537669969,
    0.415925903508108,
    0.4158194577380894,
    0.41571301631694557,
    0.415606579104681,
    0.4155001459613002,
    0.4153937167468077,
    0.41528729132120806,
    0.4151808695445057,
    0.41507445127670517,
    0.41496803637781093,
    0.4148616247078276,
    0.4147552161267596,
    0.41464881049461144,
    0.4145424076713877,
    0.4144360075170928,
    0.41432960989173134,
    0.41422321465530776,
    0.4141168216678266,
    0.4140104307892923,
    0.41390404187970953,
    0.41379765479908265,
    0.4136912694074162,
    0.41358488556471473,
    0.4134785031309827,
    0.41337212196622475,
    0.4132657419304452,
    0.41315936288364863,
    0.4130529846858396,
    0.41294660719702264,
    0.4128402302772022,
    0.4127338537863827,
    0.41262747758456886,
    0.41252110153176497,
    0.41241472548797575,
    0.4123083493132056,
    0.41220197286745897,
    0.4120955960107404,
    0.41198921860305454,
    0.41188284050440577,
    0.41177646157479864,
    0.4116700816742376,
    0.4115637006627272,
    0.411457318400272,
    0.41135093474687645,
    0.411244549562545,
    0.4111381627072823,
    0.4110317740410928,
    0.410925383423981,
    0.4108189907159514,
    0.4107125957770085,
    0.4106061984671569,
    0.410499798646401,
    0.41039339617474535,
    0.41028699091219445,
    0.4101805827187528,
    0.410074171454425,
    0.40996775697921545,
    0.40986133915312867,
    0.40975491783616924,
    0.40964849288834165,
    0.40954206416965033,
    0.4094356315400999,
    0.40932919485969477,
    0.4092227539884395,
    0.40911630878633864,
    0.4090098591133966,
    0.40890340482961796,
    0.40879694579500725,
    0.40869048186956897,
    0.40858401291330754,
    0.40847753878622756,
    0.4083710593483335,
    0.4082645744596299,
    0.4081580839801213,
    0.4080515877698121,
    0.4079450856887069,
    0.40783857759681014,
    0.4077320633541265,
    0.4076255428206602,
    0.407519015856416,
    0.40741248232139826,
    0.4073059420756116,
    0.40719939497906055,
    0.40709284089174946,
    0.40698627967368295,
    0.4068797111848655,
    0.4067731352853017,
    0.4066665518349959,
    0.4065599606939527,
    0.4064533617221766,
    0.4063467547796722,
    0.4062401397264439,
    0.40613351642249623,
    0.40602688472783366,
    0.4059202445024608,
    0.40581359560638214,
    0.4057069378996021,
    0.4056002712421252,
    0.4054935954939561,
    0.4053869105150991,
    0.405280216165559,
    0.40517351230533993,
    0.4050667987944467,
    0.40496007549288365,
    0.40485334226065545,
    0.40474659895776643,
    0.4046398454442212,
    0.4045330815800242,
    0.4044263072251801,
    0.40431952223969325,
    0.4042127264835682,
    0.4041059198168095,
    0.40399910209942164,
    0.40389227319140913,
    0.40378543295277647,
    0.40367858124352807,
    0.40357171792366864,
    0.40346484285320255,
    0.4033579558921344,
    0.4032510569004686,
    0.4031441457382097,
    0.40303722226536226,
    0.4029302863419308,
    0.4028233378279197,
    0.40271637658333354,
    0.40260940246817684,
    0.4025024153424541,
    0.40239541506616994,
    0.40228840149932865,
    0.40218137450193486,
    0.4020743339339931,
    0.40196727965550794,
    0.4018602115264837,
    0.40175312940692504,
    0.4016460331568364,
    0.4015389226362223,
    0.4014317977050873,
    0.4013246582234359,
    0.40121750405127254,
    0.4011103350486017,
    0.40100315107542817,
    0.4008959519917561,
    0.40078873765759016,
    0.40068150793293483,
    0.4005742626777947,
    0.40046700175217426,
    0.40035972501607786,
    0.40025243232951024,
    0.4001451235524757,
    0.40003779854497895,
    0.39993045716702436,
    0.3998230992786165,
    0.3997157247397598,
    0.3996083334104588,
    0.39950092515071817,
    0.39939349982054223,
    0.3992860572799355,
    0.3991785973889026,
    0.399071120007448,
    0.3989636249955761,
    0.39885611221329154,
    0.3987485815205988,
    0.39864103277750235,
    0.39853346584400673,
    0.3984258805801164,
    0.398318276845836,
    0.3982106545011699,
    0.39810301340612275,
    0.39799535342069886,
    0.3978876744049029,
    0.3977799762187393,
    0.3976722587222127,
    0.3975645217753274,
    0.3974567652380881,
    0.3973489889704992,
    0.3972411928325652,
    0.3971333766842908,
    0.3970255403856802,
    0.39691768379673814,
    0.396809806777469,
    0.39670190918787746,
    0.3965939908879679,
    0.39648605173774476,
    0.39637809159721266,
    0.3962701103263761,
    0.39616210778523964,
    0.3960540838338077,
    0.39594603833208475,
    0.39583797114007546,
    0.3957298821177842,
    0.39562177112521557,
    0.39551363802237394,
    0.395405482669264,
    0.3952973049258901,
    0.39518910465225693,
    0.39508088170836886,
    0.3949726359542304,
    0.3948643672498461,
    0.3947560754552205,
    0.39464776043035804,
    0.39453942203526327,
    0.39443106012994067,
    0.39432267457439485,
    0.39421426522863023,
    0.39410583195265125,
    0.39399737460646256,
    0.3938888930500686,
    0.3937803871434739,
    0.393671856746683,
    0.3935633017197003,
    0.3934547219225304,
    0.39334611721517776,
    0.393237487457647,
    0.3931288325099425,
    0.3930201522320688,
    0.3929114464840304,
    0.392802715125832,
    0.3926939580174778,
    0.3925851750189725,
    0.39247636599032054,
    0.39236753079152653,
    0.39225866928259484,
    0.39214978132353007,
    0.3920408667743367,
    0.39193192549501926,
    0.39182295734558226,
    0.39171396218603016,
    0.3916049398763675,
    0.3914958902765988,
    0.3913868132467286,
    0.39127770864676137,
    0.3911685763367016,
    0.3910594161765538,
    0.3909502280263225,
    0.3908410117460123,
    0.3907317671956276,
    0.39062249423517287,
    0.3905131927246527,
    0.39040386252407155,
    0.3902945034934341,
    0.3901851154927446,
    0.39007569838200773,
    0.38996625202122787,
    0.3898567762704097,
    0.38974727098955764,
    0.38963773603867613,
    0.3895281716940676,
    0.38941857823203435,
    0.38930895592887876,
    0.38919930506090306,
    0.38908962590440965,
    0.38897991873570076,
    0.38887018383107896,
    0.3887604214668463,
    0.38865063191930527,
    0.38854081546475816,
    0.3884309723795073,
    0.388321102939855,
    0.38821120742210363,
    0.38810128610255556,
    0.387991339257513,
    0.38788136716327837,
    0.3877713700961539,
    0.38766134833244215,
    0.38755130214844513,
    0.3874412318204654,
    0.3873311376248053,
    0.387221019837767,
    0.387110878735653,
    0.3870007145947654,
    0.38689052769140686,
    0.3867803183018794,
    0.3866700867024855,
    0.38655983316952747,
    0.3864495579793077,
    0.38633926140812835,
    0.3862289437322919,
    0.38611860522810065,
    0.3860082461718569,
    0.3858978668398631,
    0.3857874675084214,
    0.3856770484538342,
    0.3855666099524038,
    0.3854561522804327,
    0.385345675714223,
    0.38523518053007716,
    0.3851246670042975,
    0.3850141354131863,
    0.384903586033046,
    0.3847930191401787,
    0.384682435010887,
    0.3845718339214731,
    0.38446121614823936,
    0.38435058196748806,
    0.38423993165552156,
    0.38412926548864224,
    0.3840185837431523,
    0.38390788669535425,
    0.3837971746215503,
    0.3836864477980428,
    0.38357570650113404,
    0.38346495100712646,
    0.3833541815923223,
    0.3832433985330239,
    0.3831326021055336,
    0.38302179258615376,
    0.38291097025118676,
    0.3828001353769348,
    0.3826892882397002,
    0.38257842911578543,
    0.3824675582814928,
    0.3823566760131245,
    0.382245782586983,
    0.38213487827937054,
    0.3820239633665895,
    0.38191303812494226,
    0.381802102830731,
    0.3816911577602582,
    0.3815802031898261,
    0.3814692393957371,
    0.3813582666542935,
    0.38124728524179763,
    0.38113629543455174,
    0.3810252975088583,
    0.38091429174101954,
    0.38080327840733785,
    0.3806922577841155,
    0.3805812301476549,
    0.38047019577425834,
    0.3803591549402281,
    0.38024810792186653,
    0.380137054995476,
    0.38002599643735885,
    0.3799149325238175,
    0.37980386353115403,
    0.3796927897356709,
    0.3795817114136705,
    0.3794706288414551,
    0.379359542295327,
    0.3792484520515886,
    0.37913735838654217,
    0.3790262615764901,
    0.3789151618977347,
    0.3788040596265783,
    0.3786929550393232,
    0.3785818484122717,
    0.3784707400217263,
    0.3783596301439891,
    0.3782485190553626,
    0.37813740703214904,
    0.37802629435065077,
    0.3779151812871702,
    0.3778040681180096,
    0.3776929551194712,
    0.37758184256785743,
    0.37747073073947074,
    0.37735961991061323,
    0.37724851035758733,
    0.3771374023566954,
    0.3770262961842397,
    0.3769151921165227,
    0.3768040904298466,
    0.3766929914005137,
    0.37658189530482644,
    0.37647080241908715,
    0.3763597130195981,
    0.37624862738266157,
    0.37613754578458003,
    0.37602646850165566,
    0.37591539581019096,
    0.3758043279864881,
    0.37569326530684954,
    0.37558220804757747,
    0.3754711564849744,
    0.3753601108953425,
    0.37524907155498416,
    0.3751380387402017,
    0.37502701272729744,
    0.37491599379257384,
    0.37480498221233305,
    0.3746939782628774,
    0.37458298222050934,
    0.3744719943615312,
    0.3743610149622453,
    0.37425004429895387,
    0.37413908264795925,
    0.37402813028556386,
    0.37391718748807007,
    0.37380625453178007,
    0.37369533169299624,
    0.37358441924802094,
    0.3734735174731565,
    0.3733626266447052,
    0.37325174703896946,
    0.3731408789322515,
    0.3730300226008538,
    0.37291917832107846,
    0.37280834636922805,
    0.37269752702160475,
    0.3725867205545109,
    0.372475927244249,
    0.3723651473671211,
    0.3722543811994298,
    0.3721436290174772,
    0.3720328910975659,
    0.3719221677159979,
    0.37181145914907576,
    0.37170076567310173,
    0.37159008756437817,
    0.37147942509920745,
    0.3713687785538918,
    0.3712581482047336,
    0.37114753432803516,
    0.3710369372000989,
    0.37092635709722704,
    0.370815794295722,
    0.37070524907188596,
    0.37059472170202146,
    0.3704842124624307,
    0.370373721629416,
    0.37026324947927974,
    0.3701527962883242,
    0.37004236233285176,
    0.36993194788916484,
    0.3698215532335655,
    0.36971117864235636,
    0.36960082439183956,
    0.3694904907583175,
    0.3693801780180926,
    0.36926988644746694,
    0.3691596163227431,
    0.36904936792022336,
    0.36893914151620993,
    0.36882893738700523,
    0.36871875580891156,
    0.3686085970582313,
    0.3684984614112668,
    0.3683883491443203,
    0.3682782605336941,
    0.36816819585569066,
    0.3680581553866123,
    0.3679481394027612,
    0.36783814818043986,
    0.36772818199595053,
    0.3676182411255955,
    0.3675083258456772,
    0.3673984364324979,
    0.36728857316235997,
    0.36717873631156567,
    0.36706892615641745,
    0.36695914297321747,
    0.3668493870382682,
    0.3667396586278719,
    0.3666299580183309,
    0.36652028548594767,
    0.36641064130702433,
    0.36630102575786333,
    0.3661914391147669,
    0.3660818816540376,
    0.3659723536519775,
    0.36586285538488905,
    0.36575338712907457,
    0.36564394916083637,
    0.36553454175647687,
    0.3654251651922983,
    0.365315819744603,
    0.36520650568969326,
    0.36509722330387157,
    0.3649879728634401,
    0.3648787546447012,
    0.36476956892395734,
    0.36466041597751064,
    0.3645512960816637,
    0.36444220951271855,
    0.36433315654697773,
    0.36422413746074345,
    0.3641151525303181,
    0.36400620203200407,
    0.36389728624210355,
    0.3637884054369189,
    0.3636795598927526,
    0.3635707498859069,
    0.36346197569268396,
    0.3633532375893863,
    0.36324453585231625,
    0.3631358707577761,
    0.36302724258206814,
    0.3629186516014947,
    0.3628100980923582,
    0.36270158233096095,
    0.3625931045936052,
    0.36248466515659333,
    0.36237626429622766,
    0.3622679022888105,
    0.3621595794106443,
    0.3620512959380312,
    0.3619430521472737,
    0.36183484831467394,
    0.36172668471653446,
    0.3616185616291575,
    0.3615104793288454,
    0.3614024380919004,
    0.36129443819462503,
    0.3611864799133215,
    0.361078563524292,
    0.36097068930383913,
    0.36086285752826497,
    0.36075506847387206,
    0.3606473224169626,
    0.360539619633839,
    0.36043196040080355,
    0.36032434499415855,
    0.36021677369020644,
    0.36010924676524936,
    0.36000176449558985,
    0.35989432715753006,
    0.35978693502737247,
    0.35967958838141934,
    0.359572287495973,
    0.3594650326473357,
    0.35935782411180994,
    0.359250662165698,
    0.35914354708530205,
    0.35903647914692466,
    0.358929458626868,
    0.3588224858014345,
    0.35871556094692636,
    0.35860868433964604,
    0.35850185625589576,
    0.3583950769719779,
    0.35828834676419496,
    0.3581816659088489,
    0.3580750346822424,
    0.3579684533606776,
    0.3578619222204569,
    0.3577554415378826,
    0.357649011589257,
    0.3575426326508825,
    0.3574363049990614,
    0.3573300289100961,
    0.35722380466028875,
    0.3571176325259418,
    0.35701151278335763,
    0.35690544570883853,
    0.35679943157868677,
    0.3566934706692047,
    0.3565875632566947,
    0.35648170961745906,
    0.35637591002780017,
    0.3562701647640203,
    0.35616447410242175,
    0.3560588383193069,
    0.3559532576909782,
    0.3558477324937377,
    0.35574226300388795,
    0.35563684949773117,
    0.35553149225156977,
    0.35542619154170607,
    0.35532094764444233,
    0.355215760836081,
    0.35511063139292426,
    0.3550055595912746,
    0.3549005457074342,
    0.35479559001770544,
    0.3546906927983907,
    0.35458585432579226,
    0.3544810748762126,
    0.35437635472595375,
    0.3542716941513183,
    0.3541670934286084,
    0.35406255283412663,
    0.35395807264417506,
    0.3538536531350561,
    0.35374929458307214,
    0.3536449972645254,
    0.35354076145571844,
    0.3534365874329533,
    0.3533324754725325,
    0.35322842585075825,
    0.3531244388439331,
    0.35302051472835905,
    0.35291665378033865,
    0.3528128562761742,
    0.352709122492168,
    0.35260545270462246,
    0.3525018471898398,
    0.3523983062241224,
    0.35229483008377255,
    0.3521914190450927,
    0.352088073384385,
    0.3519847933779519,
    0.35188157930209574,
    0.3517784314331188,
    0.3516753500473235,
    0.351572335421012,
    0.35146938783048676,
    0.35136650755205007,
    0.3512636948620043,
    0.3511609500366517,
    0.35105827335229467,
    0.35095566508523557,
    0.3508531255117766,
    0.35075065490822027,
    0.3506482535508687,
    0.3505459217160244,
    0.3504436596799896,
    0.3503414677190667,
    0.350239346109558,
    0.35013729512776576,
    0.3500353150499924,
    0.3499334061525402,
    0.3498315687117116,
    0.34972980300380874,
    0.3496281093051341,
    0.34952648789199,
    0.34942493904067873,
    0.3493234630275026,
    0.34922206012876394,
    0.3491207306207651,
    0.34901947477980844,
    0.34891829288219633,
    0.34881718520423094,
    0.34871615202221473,
    0.34861519361244997,
    0.34851431025123913,
    0.3484135022148843,
    0.348312769779688,
    0.34821211322195245,
    0.34811153281798013,
    0.3480110288440732,
    0.34791060157653403,
    0.34781025129166504,
    0.34770997826576844,
    0.3476097827751467,
    0.34750966509610204,
    0.34740962550493676,
    0.3473096642779533,
    0.3472097816914539,
    0.34710997802174104,
    0.34701025354511683,
    0.34691060853788375,
    0.3468110432763441,
    0.34671155803680026,
    0.34661215309555443,
    0.346512828728909,
    0.34641358521316634,
    0.34631442282462876,
    0.3462153418395986,
    0.3461163425343782,
    0.3460174251852698,
    0.3459185900685758,
    0.3458198374605986,
    0.3457211676376404,
    0.34562258087600356,
    0.34552407745199043,
    0.3454256576419034,
    0.3453273217220448,
    0.34522906996871683,
    0.3451309026582219,
    0.3450328200668623,
    0.3449348224709405,
    0.34483691014675866,
    0.3447390833706192,
    0.3446413424188244,
    0.3445436875676766,
    0.3444461190934783,
    0.3443486372725315,
    0.3442512423811388,
    0.34415393469560246,
    0.3440567144922248,
    0.3439595820473081,
    0.3438625376371547,
    0.34376558153806697,
    0.34366871402634735,
    0.34357193537829794,
    0.34347524587022116,
    0.3433786457784194,
    0.343282135379195,
    0.34318571494885025,
    0.34308938476368744,
    0.3429931451000089,
    0.342896996234117,
    0.3428009384423142,
    0.34270497200090255,
    0.34260909718618454,
    0.3425133142744625,
    0.34241762354203875,
    0.34232202526521566,
    0.3422265197202955,
    0.3421311071835806,
    0.3420357879313733,
    0.341940562239976,
    0.3418454303856909,
    0.3417503926448204,
    0.34165544929366687,
    0.34156060060853255,
    0.3414658468657199,
    0.3413711883415311,
    0.34127662531226854,
    0.3411821580542346,
    0.3410877868437316,
    0.3409935119570618,
    0.34089933367052755,
    0.34080525226043124,
    0.3407112680030751,
    0.34061738117476165,
    0.340523592051793,
    0.3404299009104716,
    0.3403363080270997,
    0.3402428136779798,
    0.340149418139414,
    0.3400561216877048,
    0.33996292459915445,
    0.3398698271500653,
    0.3397768296167398,
    0.33968393227548,
    0.33959113540258845,
    0.33949843927436746,
    0.3394058441671194,
    0.3393133503571464,
    0.3392209581207509,
    0.33912866773423533,
    0.3390364794739019,
    0.33894439361605305,
    0.338852410436991,
    0.33876053021301805,
    0.33866875322043666,
    0.3385770797355491,
    0.3384855100346577,
    0.3383940443940648,
    0.33830268309007266,
    0.3382114263989837,
    0.33812027459710026,
    0.3380292279607246,
    0.3379382867661591,
    0.33784745128970606,
    0.33775672180766786,
    0.3376660985963468,
    0.33757558193204507,
    0.3374851720910652,
    0.3373948693497095,
    0.33730467398428027,
    0.3372145862710798,
    0.3371246064864104,
    0.3370347349065745,
    0.33694497180787436,
    0.3368553182897852,
    0.33676577545178227,
    0.33667634439334077,
    0.3365870262139359,
    0.336497822013043,
    0.33640873289013706,
    0.33631975994469354,
    0.3362309042761875,
    0.33614216698409427,
    0.336053549167889,
    0.3359650519270469,
    0.33587667636104324,
    0.3357884235693532,
    0.335700294651452,
    0.335612290706815,
    0.33552441283491713,
    0.3354366621352338,
    0.33534903970724034,
    0.33526154665041175,
    0.33517418406422333,
    0.3350869530481503,
    0.33499985470166793,
    0.3349128901242514,
    0.3348260604153759,
    0.3347393666745167,
    0.334652810001149,
    0.33456639149474804,
    0.33448011225478896,
    0.33439397338074706,
    0.3343079759720976,
    0.33422212112831573,
    0.3341364099488766,
    0.33405084353325554,
    0.33396542298092774,
    0.33388014939136845,
    0.33379502386405285,
    0.3337100474984562,
    0.3336252213940536,
    0.3335405466503204,
    0.3334560243667319,
    0.33337165564276305,
    0.3332874415778893,
    0.3332033832715857,
    0.3331194818233277,
    0.33303573833259037,
    0.3329521538988488,
    0.33286872962157843,
    0.33278546660025443,
    0.33270236593435204,
    0.3326194287233464,
    0.3325366560667127,
    0.3324540490639262,
    0.3323716088144622,
    0.3322893364177959,
    0.3322072329734025,
    0.3321252995807571,
    0.33204353733933506,
    0.3319619473486116,
    0.3318805307080619,
    0.3317992885171612,
    0.33171822187538463,
    0.33163733188220756,
    0.33155661963710514,
    0.3314760862395525,
    0.331395732789025,
    0.3313155603849978,
    0.33123557012694615,
    0.33115576311434525,
    0.3310761404466703,
    0.33099670322339647,
    0.3309174525439991,
    0.3308383895079534,
    0.33075951521473457,
    0.3306808307638177,
    0.33060233725467814,
    0.3305240357867912,
    0.33044592745963186,
    0.3303680133726755,
    0.33029029462539733,
    0.33021277231727253,
    0.33013544754777635,
    0.330058321416384,
    0.3299813950225707,
    0.32990466946581165,
    0.3298281458455821,
    0.32975182526135727,
    0.3296757088126123,
    0.3295997975988226,
    0.32952409271946315,
    0.3294485952740094,
    0.3293733063619364,
    0.3292982270827194,
    0.3292233585358337,
    0.3291487018207545,
    0.3290742580369569,
    0.3290000282839163,
    0.32892601366110774,
    0.32885221526800656,
    0.32877863420408804,
    0.32870527156882723,
    0.3286321284616994,
    0.3285592059821798,
    0.32848650522974376,
    0.3284140273038664,
    0.3283417733040228,
    0.32826974432968836,
    0.3281979414803382,
    0.32812636585544774,
    0.32805501855449193,
    0.32798390067694616,
    0.3279130133222856,
    0.3278423575899855,
    0.32777193457952103,
    0.3277017453903674,
    0.3276317911219999,
    0.32756207287389366,
    0.32749259174552403,
    0.32742334883636615,
    0.3273543452458952,
    0.32728558207358643,
    0.32721706041891513,
    0.32714878138135645,
    0.3270807460603856,
    0.3270129555554778,
    0.3269454109661084,
    0.32687811339175243,
    0.3268110639318852,
    0.3267442636859819,
    0.32667771375351784,
    0.3266114152339682,
    0.3265453692268081,
    0.32647957683151285,
    0.3264140391475577,
    0.3263487572744178,
    0.3262837323115684,
    0.3262189653584847,
    0.3261544575146419,
    0.3260902098795153,
    0.32602622355258015,
    0.3259624996333115,
    0.3258990392211847,
    0.32583584341567495,
    0.32577291331625746,
    0.3257102500224074,
    0.3256478546336001,
    0.32558572824931065,
    0.3255238719690144,
    0.3254622868921865,
    0.32540097411830216,
    0.32533993474683665,
    0.3252791698772651,
    0.32521868060906284,
    0.325158468041705,
    0.32509853327466687,
    0.32503887740742365,
    0.3249795015394505,
    0.3249204067702227,
    0.32486159419921556,
    0.32480306492590405,
    0.3247448200497636,
    0.3246868606702695,
    0.32462918788689665,
    0.32457180279912057,
    0.32451470650641634,
    0.32445790010825915,
    0.3244013847041244,
    0.3243451613934871,
    0.3242892312758226,
    0.32423359545060604,
    0.3241782550173128,
    0.32412321107541786,
    0.3240684647243966,
    0.32401401706372424,
    0.3239598691928759,
    0.3239060222113269,
    0.3238524772185524,
    0.32379923531402766,
    0.32374629759722784,
    0.32369366516762826,
    0.32364133912470416,
    0.32358932056793055,
    0.3235376105967828,
    0.32348621031073616,
    0.32343512080926584,
    0.32338434319184695,
    0.3233338785579548,
    0.3232837280070646,
    0.3232338926386516,
    0.32318437355219093,
    0.3231351718471579,
    0.3230862886230277,
    0.32303772497927546,
    0.3229894820153766,
    0.32294156083080616,
    0.32289396252503944,
    0.3228466881975517,
    0.32279973894781805,
    0.32275311587531375,
    0.32270682007951407,
    0.3226608526598942,
    0.3226152147159293,
    0.3225699073470948,
    0.3225249316528656,
    0.32248028873271717,
    0.3224359796861246,
    0.3223920056125632,
    0.32234836761150815,
    0.32230506678243465,
    0.32226210422481794,
    0.3222194810381332,
    0.32217719832185576,
    0.32213525717546077,
    0.3220936586984234,
    0.3220524039902189,
    0.3220114941503226,
    0.32197093027820956,
    0.32193071347335506,
    0.32189084483523434,
    0.3218513254633226,
    0.32181215645709516,
    0.321773338916027,
    0.3217348739395936,
    0.32169676262727004,
    0.3216590060785316,
    0.32162160539285345,
    0.32158456166971083,
    0.3215478760085789,
    0.3215115495089331,
    0.3214755832702484,
    0.32143997839200006,
    0.32140473597366337,
    0.32136985711471355,
    0.32133534291462584,
    0.3213011944728754,
    0.32126741288893745,
    0.32123399926228724,
    0.3212009546924,
    0.32116828027875094,
    0.3211359771208152,
    0.3211040463180681,
    0.32107248896998486,
    0.32104130617604076,
    0.32101049903571083,
    0.3209800686484704,
    0.3209500161137947,
    0.320920342531159,
    0.32089104900003834,
    0.3208621366199081,
    0.3208336064902434,
    0.32080545971051955,
    0.32077769738021183,
    0.32075032059879527,
    0.3207233304657452,
    0.32069672808053684,
    0.3206705145426454,
    0.3206446909515461,
    0.3206192584067141,
    0.3205942180076247,
    0.3205695708537531,
    0.3205453180445746,
    0.3205214606795642,
    0.3204979998581973,
    0.32047493667994914,
    0.3204522722442948,
    0.3204300076507096,
    0.3204081439986688,
    0.32038668238764745,
    0.320365623917121,
    0.32034496968656445,
    0.32032472079545316,
    0.32030487834326227,
    0.3202854434294671,
    0.32026641715354276,
    0.32024780061496455,
    0.3202295949132076,
    0.3202118011477473,
    0.3201944204180586,
    0.32017745382361706,
    0.3201609024638976,
    0.32014476743837555,
    0.32012904984652624,
    0.3201137507878247,
    0.3200988713617463,
    0.3200844126677661,
    0.3200703758053595,
    0.3200567618740016,
    0.32004357197316774,
    0.320030807202333,
    0.3200184686609727,
    0.320006557448562,
    0.3199950746645761,
    0.3199840214084903,
    0.3199733987797798,
    0.31996320787791976,
    0.31995344980238544,
    0.3199441256526521,
    0.3199352365281949,
    0.3199267835284891,
    0.31991876775300987,
    0.3199111903012325,
    0.3199040522726322,
    0.31989735476668407,
    0.3198910988828635,
    0.31988528572064556,
    0.31987991637950564,
    0.3198749919589188,
    0.31987051355836027,
    0.3198664822773054,
    0.31986289921522937,
    0.3198597654716073,
    0.31985708214591446,
    0.3198548503376261,
    0.3198530711462174,
    0.31985174567116376,
    0.3198508750119401,
    0.3198504602680218,
    0.3198505025388841,
    0.3198510029240022,
    0.31985196252285125,
    0.3198533824349066,
    0.31985526375964324,
    0.3198576075965367,
    0.319860415045062,
    0.3198636872046944,
    0.3198674251749091,
    0.3198716300551814,
    0.3198763029449865,
    0.3198814449437995,
    0.3198870571510957,
    0.3198931406663504,
    0.31989969658903866,
    0.3199067260186359,
    0.31991423005461717,
    0.3199222097964577,
    0.3199306663436328,
    0.3199396007956177,
    0.3199490142518875,
    0.3199589078119175,
    0.3199692825751829,
    0.31998013964115896,
    0.3199914801093209,
    0.3200033050791439,
    0.3200156156501031,
    0.32002841292167383,
    0.3200416979933314,
    0.32005547196455086,
    0.3200697359348074,
    0.3200844910035764,
    0.320099738270333,
    0.3201154788345525,
    0.32013171379571004,
    0.32014844425328076,
    0.32016567130674,
    0.320183396055563,
    0.3202016195992249,
    0.3202203430372009,
    0.32023956746896637,
    0.32025929399399633,
    0.32027952371176627,
    0.3203002577217511,
    0.32032149712342617,
    0.32034324301626677,
    0.3203654964997481,
    0.3203882586733453,
    0.3204115306365336,
    0.32043531348878823,
    0.3204596083295845,
    0.3204844162583976,
    0.32050973837470265,
    0.32053557577797487,
    0.32056192956768964,
    0.3205888008433221,
    0.3206161907043474,
    0.3206441002502408,
    0.32067253058047757,
    0.32070148279453287,
    0.320730957991882,
    0.32076095727200005,
    0.32079148173436234,
    0.32082253247844406,
    0.3208541106037205,
    0.32088621720966676,
    0.3209188533957581,
    0.3209520202614698,
    0.32098571890627703,
    0.32101995042965503,
    0.3210547159310789,
    0.3210900165100241,
    0.32112585326596566,
    0.32116222729837884,
    0.3211991397067389,
    0.32123659159052104,
    0.32127458404920045,
    0.32131311818225244,
    0.32135219508915214,
    0.3213918158693747,
    0.32143198162239556,
    0.32147269344768975,
    0.32151395244473263,
    0.3215557597129993,
    0.321598116351965,
    0.321641023461105,
    0.32168448213989453,
    0.3217284934878088,
    0.3217730586043229,
    0.32181817858891226,
    0.32186385454105193,
    0.32191008756021733,
    0.3219568787458834,
    0.3220042291975256,
    0.322052140014619,
    0.32210061229663894,
    0.32214964714306055,
    0.32219924565335906,
    0.3222494089270097,
    0.32230013806348773,
    0.3223514341622684,
    0.32240329832282677,
    0.32245573164463825,
    0.3225087352271779,
    0.3225623101699211,
    0.32261645757234286,
    0.3226711785339186,
    0.3227264741541234,
    0.32278234553243257,
    0.32283879376832136,
    0.32289581996126493,
    0.32295342521073844,
    0.3230116106162172,
    0.3230703772771764,
    0.3231297262930912,
    0.32318965876343697,
    0.32325017578768883,
    0.32331127846532204,
    0.32337296789581177,
    0.3234352451786332,
    0.3234981114132617,
    0.3235615676991723,
    0.3236256151358405,
    0.32369025482274116,
    0.3237554878593498,
    0.32382131534514147,
    0.3238877383795915,
    0.323954758062175,
    0.3240223754923673,
    0.3240905917696435,
    0.3241594079934789,
    0.3242288252633488,
    0.3242988446787282,
    0.3243694673390925,
    0.32444069434391687,
    0.3245125267926765,
    0.3245849657848467,
    0.32465801241990255,
    0.3247316677973194,
    0.32480593301657235,
    0.3248808091771368,
    0.32495629737848775,
    0.3250323987201006,
    0.3251091143014504,
    0.32518644522201257,
    0.3252643925812622,
    0.32534295747867453,
    0.3254221410137248,
    0.3255019442858882,
    0.32558236839464,
    0.32566341443945535,
    0.3257450835198095,
    0.3258273767351777,
    0.32591029518503517,
    0.3259938399688571,
    0.3260780121861187,
    0.32616281293629523,
    0.3262482433188619,
    0.3263343044332939,
    0.3264209973790665,
    0.3265083232556548,
    0.3265962831625342,
    0.3266848781991798,
    0.3267741094650669,
    0.3268639780596706,
    0.3269544850824662,
    0.32704563163292893,
    0.32713741881053404,
    0.32722984771475666,
    0.327322919445072,
    0.3274166351009554,
    0.32751099578188203,
    0.327606002587327,
    0.3277016566167657,
    0.32779795896967323,
    0.32789491074552485,
    0.32799251304379584,
    0.32809076696396133,
    0.32818967360549656,
    0.3282892340678768,
    0.32838944945057724,
    0.32849032085307306,
    0.3285918493748395,
    0.32869403611535175,
    0.32879687858245,
    0.32890037428397434,
    0.32900452072776476,
    0.32910931542166133,
    0.32921475587350424,
    0.3293208395911336,
    0.3294275640823894,
    0.3295349268551117,
    0.3296429254171407,
    0.32975155727631644,
    0.3298608199404791,
    0.3299707109174686,
    0.3300812277151251,
    0.33019236784128875,
    0.3303041288037996,
    0.3304165081104977,
    0.33052950326922315,
    0.3306431117878161,
    0.33075733117411654,
    0.3308721589359647,
    0.3309875925812006,
    0.3311036296176642,
    0.3312202675531958,
    0.3313375038956354,
    0.331455336152823,
    0.3315737618325988,
    0.33169277844280287,
    0.3318123834912753,
    0.3319325744858562,
    0.33205334893438565,
    0.33217470434470364,
    0.3322966382246504,
    0.33241914808206585,
    0.33254223142479034,
    0.33266588576066375,
    0.33279010859752617,
    0.3329148974432178,
    0.33304024980557867,
    0.33316616319244885,
    0.33329263511166846,
    0.33341966307107757,
    0.3335472445785163,
    0.3336753771418247,
    0.3338040582688429,
    0.3339332854674109,
    0.3340630562453689,
    0.334193368110557,
    0.3343242185708152,
    0.33445560513398365,
    0.33458752530790237,
    0.33471997660041153,
    0.3348529565193511,
    0.3349864625725613,
    0.3351204922678822,
    0.3352550431131538,
    0.3353901126162163,
    0.33552569828490975,
    0.33566179762707415,
    0.33579840815054973,
    0.33593552736317656,
    0.3360731527727946,
    0.33621128188724403,
    0.33634991221436494,
    0.3364890412619974,
    0.3366286665379816,
    0.33676878555015743,
    0.33690939580636514,
    0.33705049481444477,
    0.33719208008223645,
    0.3373341491175802,
    0.33747669942831604,
    0.3376197285222843,
    0.33776323390732477,
    0.33790721309127786,
    0.33805166358198335,
    0.33819658288728155,
    0.33834196851501247,
    0.3384878179730162,
    0.3386341287691328,
    0.3387808984112024,
    0.3389281244070651,
    0.33907580426456096,
    0.33922393549153007,
    0.3393725155958125,
    0.33952154208524843,
    0.33967101246767784,
    0.3398209242509409,
    0.3399712749428776,
    0.3401220620513281,
    0.3402732830841325,
    0.34042493554913095,
    0.34057701695416337,
    0.3407295248070699,
    0.3408824566156907,
    0.34103580988786586,
    0.34118958213143546,
    0.3413437708542395,
    0.34149837356411816,
    0.3416533877689115,
    0.34180881097645965,
    0.34196464069460264,
    0.34212087443118055,
    0.34227750969403353,
    0.3424345439910016,
    0.342591974829925,
    0.3427497997186436,
    0.3429080161649976,
    0.3430666216768271,
    0.3432256137619722,
    0.343384989928273,
    0.34354474768356946,
    0.3437048845357018,
    0.3438653979925101,
    0.34402628556183446,
    0.34418754475151486,
    0.34434917306939145,
    0.34451116802330434,
    0.3446735271210936,
    0.3448362478705994,
    0.3449993277796617,
    0.34516276435612064,
    0.3453265551078163,
    0.3454906975425889,
    0.3456551891682783,
    0.34582002749272467,
    0.3459852100237682,
    0.3461507342692489,
    0.3463165977370069,
    0.34648279793488224,
    0.346649332370715,
    0.3468161985523453,
    0.34698339398761324,
    0.3471509161843589,
    0.3473187626504224,
    0.3474869308936437,
    0.34765541842186304,
    0.3478242227429205,
    0.3479933413646561,
    0.3481627717949099,
    0.348332511541522,
    0.34850255811233266,
    0.3486729090151818,
    0.3488435617579095,
    0.3490145138483559,
    0.34918576279436114,
    0.34935730610376525,
    0.34952914128440826,
    0.34970126584413036,
    0.34987367729077157,
    0.35004637313217213,
    0.3502193508761719,
    0.3503926080306111,
    0.3505661421033298,
    0.3507399506021681,
    0.3509140310349661,
    0.35108838090956385,
    0.35126299773380143,
    0.35143787901551893,
    0.3516130222625566,
    0.35178842498275426,
    0.3519640846839522,
    0.3521399988739904,
    0.352316165060709,
    0.3524925807519481,
    0.35266924345554773,
    0.3528461506793481,
    0.35302329993118914,
    0.3532006887189111,
    0.3533783145503539,
    0.3535561749333577,
    0.3537342673757627,
    0.35391258938540887,
    0.3540911384701363,
    0.3542699121377851,
    0.3544489078961954,
    0.35462812325320714,
    0.35480755571666067,
    0.35498720279439583,
    0.35516706199425285,
    0.35534713082407177,
    0.3555274067916927,
    0.3557078874049557,
    0.35588857017170084,
    0.3560694525997683,
    0.3562505321969981,
    0.35643180647123035,
    0.3566132729303051,
    0.35679492908206245,
    0.35697677243434256,
    0.3571588004949855,
    0.3573410107718313,
    0.35752340077272005,
    0.35770596800549187,
    0.35788870997798683,
    0.3580716241980451,
    0.3582547081735067,
    0.3584379594122117,
    0.3586213754220002,
    0.3588049537107123,
    0.3589886917861881,
    0.35917258715626765,
    0.35935663732879114,
    0.3595408398115985,
    0.35972519211253007,
    0.3599096917394256,
    0.36009433620012543,
    0.36027912300246956,
    0.3604640496542981,
    0.3606491136634512,
    0.36083431253776876,
    0.3610196437850911,
    0.36120510491325813,
    0.3613906934301101,
    0.3615764068434869,
    0.3617622426612288,
    0.36194819839117576,
    0.362134271541168,
    0.3623204596190455,
    0.3625067601326484,
    0.36269317058981676,
    0.36287968849839064,
    0.36306631136621026,
    0.3632530367011156,
    0.36343986201094675,
    0.3636267848035438,
    0.36381380258674695,
    0.36400091286839614,
    0.3641881131563315,
    0.36437540095839316,
    0.36456277378242113,
    0.36475022913625565,
    0.3649377645277367,
    0.3651253774647043,
    0.3653130654549987,
    0.36550082600645994,
    0.36568865662692807,
    0.3658765548242431,
    0.3660645181062453,
    0.3662525439807746,
    0.3664406299556713,
    0.3666287735387752,
    0.36681697223792653,
    0.36700522356096543,
    0.36719352501573205,
    0.3673818741100663,
    0.3675702683518083,
    0.36775870524879817,
    0.36794718230887613,
    0.368135697039882,
    0.36832424694965615,
    0.3685128295460385,
    0.3687014423368691,
    0.36889008282998825,
    0.3690787485332358,
    0.36926743695445197,
    0.3694561456014769,
    0.36964487198215057,
    0.36983361360431305,
    0.3700223679758045,
    0.37021113260446503,
    0.37039990499813463,
    0.37058868266465356,
    0.3707774631118617,
    0.3709662438475993,
    0.3711550223797063,
    0.37134379621602304,
    0.3715325628643893,
    0.3717213198326454,
    0.3719100646286313,
    0.37209879476018715,
    0.372287507735153,
    0.372476201061369,
    0.37266487224667516,
    0.37285351879891165,
    0.37304213822591853,
    0.37323072803553586,
    0.37341928573560373,
    0.3736078088339623,
    0.3737962948384515,
    0.37398474125691167,
    0.3741731455971827,
    0.37436150536710466,
    0.37454981807451776,
    0.3747380812272621,
    0.37492629233317765,
    0.3751144489001046,
    0.37530254843588295,
    0.37549058844835287,
    0.37567856644535447,
    0.3758664799347277,
    0.3760543264243128,
    0.37624210342194975,
    0.37642980843547874,
    0.3766174389727398,
    0.37680499254157296,
    0.3769924666498184,
    0.37717985880531624,
    0.37736716651590646,
    0.3775543872894292,
    0.37774151863372457,
    0.3779285580566326,
    0.3781155030659935,
    0.3783023511696472,
    0.3784890998754339,
    0.37867574669119364,
    0.3788622891247665,
    0.3790487246839927,
    0.37923505087671217,
    0.37942126521076497
]