[
    -0.4557532714269851,
    -0.4555669027837111,
    -0.45538333415449694,
    -0.45520255656763386,
    -0.4550245610514124,
    -0.4548493386341237,
    -0.45467688034405873,
    -0.45450717720950834,
    -0.4543402202587634,
    -0.45417600052011514,
    -0.45401450902185403,
    -0.45385573679227137,
    -0.4536996748596579,
    -0.45354631425230457,
    -0.45339564599850246,
    -0.45324766112654225,
    -0.45310235066471516,
    -0.45295970564131177,
    -0.45281971708462326,
    -0.45268237602294054,
    -0.4525476734845545,
    -0.45241560049775603,
    -0.4522861480908361,
    -0.45215930729208564,
    -0.45203506912979563,
    -0.45191342463225687,
    -0.45179436482776036,
    -0.4516778807445971,
    -0.45156396341105787,
    -0.4514526038554338,
    -0.4513437931060156,
    -0.45123752219109425,
    -0.4511337821389609,
    -0.4510325639779061,
    -0.45093385873622105,
    -0.4508376574421968,
    -0.45074395112412385,
    -0.4506527308102935,
    -0.4505639875289965,
    -0.45047771230852385,
    -0.4503938961771665,
    -0.45031253016321526,
    -0.4502336052949613,
    -0.4501571126006953,
    -0.4500830431087081,
    -0.4500113878472911,
    -0.44994213784473475,
    -0.4498752841293303,
    -0.44981081772936843,
    -0.44974872967314017,
    -0.4496890109889366,
    -0.4496316527050484,
    -0.4495766458497666,
    -0.4495239814513822,
    -0.449473650538186,
    -0.44942564413846914,
    -0.44937995328052227,
    -0.4493365689926364,
    -0.44929548230310273,
    -0.44925668424021187,
    -0.44922016583225494,
    -0.4491859181075226,
    -0.44915393209430604,
    -0.4491241988208962,
    -0.4490967093155838,
    -0.44907145460666,
    -0.4490484257224156,
    -0.44902761369114147,
    -0.4490090095411287,
    -0.4489926043006681,
    -0.44897838899805065,
    -0.44896635466156737,
    -0.44895649231950885,
    -0.44894879300016655,
    -0.44894324773183086,
    -0.448939847542793,
    -0.44893858346134397,
    -0.44893944651577444,
    -0.44894242773437554,
    -0.4489475181454382,
    -0.4489547087772532,
    -0.4489639906581117,
    -0.4489753548163043,
    -0.4489887922801221,
    -0.4490042940778563,
    -0.44902185123779736,
    -0.4490414547882366,
    -0.44906309575746456,
    -0.44908676517377244,
    -0.4491124540654513,
    -0.44914015346079167,
    -0.4491698543880847,
    -0.44920154787562144,
    -0.44923522495169266,
    -0.4492708766445893,
    -0.44930849398260225,
    -0.44934806799402255,
    -0.4493895897071411,
    -0.44943305015024876,
    -0.4494784403516366,
    -0.4495257513395953,
    -0.449574974142416,
    -0.4496260997883896,
    -0.44967911930580695,
    -0.449734023722959,
    -0.4497908040681369,
    -0.4498494513696313,
    -0.4499099566557332,
    -0.44997231095473345,
    -0.4500365052949232,
    -0.4501025307045933,
    -0.4501703782120345,
    -0.45024003884553804,
    -0.45031150363339445,
    -0.4503847636038949,
    -0.4504598097853305,
    -0.4505366332059918,
    -0.45061522489417005,
    -0.450695575878156,
    -0.4507776771862405,
    -0.4508615198467148,
    -0.45094709488786944,
    -0.45103439333799555,
    -0.4511234062253842,
    -0.45121412457832605,
    -0.4513065394251123,
    -0.4514006417940335,
    -0.45149642271338086,
    -0.4515938732114454,
    -0.4516929843165178,
    -0.45179374705688913,
    -0.4518961524608502,
    -0.45200019155669197,
    -0.4521058553727056,
    -0.4522131349371816,
    -0.4523220212784113,
    -0.4524325054246855,
    -0.45254457840429496,
    -0.45265823124553095,
    -0.45277345497668403,
    -0.45289024062604527,
    -0.45300857922190574,
    -0.45312846179255617,
    -0.45324987936628763,
    -0.4533728229713909,
    -0.45349728363615704,
    -0.453623252388877,
    -0.4537507202578415,
    -0.45387967827134174,
    -0.45401011745766856,
    -0.4541420288451128,
    -0.45427540346196543,
    -0.4544102323365174,
    -0.4545465064970596,
    -0.45468421697188305,
    -0.45482335478927854,
    -0.45496391097753724,
    -0.4551058765649498,
    -0.4552492425798072,
    -0.4553940000504006,
    -0.45554014000502063,
    -0.45568765347195833,
    -0.45583653147950487,
    -0.4559867650559508,
    -0.45613834522958724,
    -0.4562912630287051,
    -0.45644550948159524,
    -0.45660107561654883,
    -0.45675795246185646,
    -0.4569161310458093,
    -0.4570756023966981,
    -0.45723635754281394,
    -0.4573983875124478,
    -0.45756168333389036,
    -0.4577262360354327,
    -0.4578920366453659,
    -0.45805907619198055,
    -0.45822734570356793,
    -0.4583968362084187,
    -0.45856753873482387,
    -0.45873944431107444,
    -0.4589125439654613,
    -0.4590868287262754,
    -0.4592622896218076,
    -0.4594389176803488,
    -0.45961670393019005,
    -0.4597956393996222,
    -0.45997571511693625,
    -0.46015692211042314,
    -0.46033925140837356,
    -0.46052269403907886,
    -0.4607072410308296,
    -0.4608928834119168,
    -0.46107961221063154,
    -0.4612674184552646,
    -0.46145629317410697,
    -0.46164622739544947,
    -0.46183721214758316,
    -0.46202923845879895,
    -0.4622222973573877,
    -0.4624163798716405,
    -0.462611477029848,
    -0.46280757986030135,
    -0.4630046793912916,
    -0.4632027666511092,
    -0.4634018326680456,
    -0.4636018684703915,
    -0.46380286508643775,
    -0.4640048135444754,
    -0.46420770487279533,
    -0.46441153009968855,
    -0.46461628025344587,
    -0.46482194636235824,
    -0.4650285194547168,
    -0.4652359905588121,
    -0.46544435070293527,
    -0.46565359091537745,
    -0.4658637022244292,
    -0.4660746756583817,
    -0.46628650224552576,
    -0.4664991730141523,
    -0.46671267899255237,
    -0.4669270112090167,
    -0.46714216069183634,
    -0.46735811846930236,
    -0.4675748755697054,
    -0.46779242302133667,
    -0.46801075185248686,
    -0.468229853091447,
    -0.46844971776650807,
    -0.46867033690596094,
    -0.4688917015380965,
    -0.46911380269120584,
    -0.4693366313935797,
    -0.46956017867350913,
    -0.46978443555928495,
    -0.47000939307919815,
    -0.47023504226153984,
    -0.4704613741346006,
    -0.47068837972667166,
    -0.47091605006604365,
    -0.4711443761810078,
    -0.4713733490998549,
    -0.4716029598508758,
    -0.47183319946236163,
    -0.47206405896260323,
    -0.47229552937989144,
    -0.47252760174251734,
    -0.4727602670787716,
    -0.4729935164169455,
    -0.47322734078532974,
    -0.47346173121221524,
    -0.4736966787258931,
    -0.47393217435465407,
    -0.4741682091267892,
    -0.47440477407058945,
    -0.4746418602143455,
    -0.4748794585863485,
    -0.4751175602148894,
    -0.475356156128259,
    -0.47559523735474835,
    -0.47583479492264824,
    -0.47607481986024963,
    -0.47631530319584364,
    -0.47655623595772095,
    -0.47679760917417274,
    -0.47703941387348964,
    -0.47728164108396276,
    -0.477524281833883,
    -0.4777673271515413,
    -0.4780107680652286,
    -0.47825459560323585,
    -0.4784988007938539,
    -0.4787433746653737,
    -0.4789883082460862,
    -0.4792335925642823,
    -0.479479218648253,
    -0.4797251775262892,
    -0.4799714602266818,
    -0.4802180577777217,
    -0.4804649612076998,
    -0.48071216154490726,
    -0.4809596498176348,
    -0.4812074170541734,
    -0.481455454282814,
    -0.48170375253184744,
    -0.4819523028295649,
    -0.48220109620425694,
    -0.48245012368421475,
    -0.4826993762977293,
    -0.48294884507309127,
    -0.48319852103859184,
    -0.48344839522252175,
    -0.483698458653172,
    -0.4839487023588337,
    -0.4841991173677974,
    -0.4844496947083544,
    -0.4847004254087954,
    -0.4849513004974113,
    -0.48520231100249334,
    -0.4854534479523321,
    -0.48570470237521857,
    -0.48595606529944396,
    -0.48620752775329884,
    -0.4864590807650744,
    -0.4867107153630613,
    -0.4869624225755508,
    -0.4872141934308336,
    -0.48746601895720065,
    -0.48771789018294304,
    -0.48796979813635144,
    -0.48822173384571693,
    -0.4884736883393306,
    -0.48872565264548296,
    -0.48897761779246524,
    -0.4892295748085685,
    -0.48948151472208334,
    -0.48973342856130087,
    -0.48998530735451196,
    -0.49023714213000746,
    -0.49048892391607857,
    -0.490740643741016,
    -0.4909922926331107,
    -0.4912438616206537,
    -0.49149534173193576,
    -0.491746723995248,
    -0.4919979994388811,
    -0.49224915909112626,
    -0.49250019398027434,
    -0.4927510951346161,
    -0.4930018535824428,
    -0.49325246035204495,
    -0.4935029064717137,
    -0.49375318296974013,
    -0.4940032808744149,
    -0.4942531912140291,
    -0.49450290501687355,
    -0.4947524133112392,
    -0.4950017071254172,
    -0.4952507774876981,
    -0.4954996154263732,
    -0.49574821196973307,
    -0.49599655814606886,
    -0.4962446449836716,
    -0.496492463510832,
    -0.4967400047558409,
    -0.49698725974698965,
    -0.49723421951256885,
    -0.4974808750808696,
    -0.49772721748018256,
    -0.49797323773879887,
    -0.49821892688500957,
    -0.4984642759471053,
    -0.4987092759533772,
    -0.49895391793211613,
    -0.49919819291161294,
    -0.49944209192015876,
    -0.4996856059860443,
    -0.49992872613756056,
    -0.5001714434029987,
    -0.5004137488106493,
    -0.5006556333888035,
    -0.5008970881657522,
    -0.5011381041697861,
    -0.5013786724291965,
    -0.5016187839722741,
    -0.50185842982731,
    -0.5020976010225949,
    -0.5023362885864198,
    -0.5025744835470758,
    -0.5028121769328536,
    -0.5030493597720442,
    -0.5032860230929387,
    -0.5035221579238278,
    -0.5037577552930026,
    -0.5039928062287538,
    -0.5042273017593726,
    -0.5044612329131498,
    -0.5046945907183762,
    -0.5049273662033431,
    -0.505159550396341,
    -0.505391134325661,
    -0.5056221090195943,
    -0.5058524655064313,
    -0.5060821948144633,
    -0.5063112879719811,
    -0.5065397360072758,
    -0.5067675299486382,
    -0.5069946608243591,
    -0.5072211196627295,
    -0.5074468974920406,
    -0.507671985340583,
    -0.5078963742366478,
    -0.5081200552085258,
    -0.508343019284508,
    -0.5085652574928854,
    -0.5087867608619487,
    -0.5090075204199891,
    -0.5092275271952975,
    -0.5094467722161646,
    -0.5096652465108817,
    -0.5098829411077394,
    -0.5100998470350286,
    -0.5103159553210406,
    -0.5105312569940659,
    -0.5107457430823957,
    -0.5109594046143208,
    -0.5111722326181322,
    -0.5113842181221209,
    -0.5115953521545776,
    -0.5118056257437934,
    -0.5120150299180593,
    -0.512223555705666,
    -0.5124311941349047,
    -0.5126379362340661,
    -0.5128437730314412,
    -0.5130486955553211,
    -0.5132526948339964,
    -0.5134557618957583,
    -0.5136578877688975,
    -0.5138590634817051,
    -0.5140592800624721,
    -0.5142585285394892,
    -0.5144567999410474,
    -0.514654085295438,
    -0.5148503756309513,
    -0.5150456619758788,
    -0.5152399353585109,
    -0.5154331868071388,
    -0.5156254073500536,
    -0.5158165880155459,
    -0.5160067198319069,
    -0.5161957938274274,
    -0.5163838010303983,
    -0.5165707324691106,
    -0.5167565791718551,
    -0.516941332166923,
    -0.517124982482605,
    -0.517307521147192,
    -0.5174889391889751,
    -0.5176692276362451,
    -0.517848377517293,
    -0.5180263798604097,
    -0.5182032256938861,
    -0.5183789060460133,
    -0.5185534119450819,
    -0.5187267344193831,
    -0.5188988644972078,
    -0.5190697932068469,
    -0.5192395115765912,
    -0.5194080106347319,
    -0.5195752814095594,
    -0.5197413149293655,
    -0.5199061022224403,
    -0.5200696343170751,
    -0.5202319022415608,
    -0.5203928970241883,
    -0.5205526096932487,
    -0.5207110312770326,
    -0.520868152803831,
    -0.5210239653019353,
    -0.5211784597996357,
    -0.5213316273252238,
    -0.5214834589069899,
    -0.5216339455732254,
    -0.5217830783522212,
    -0.5219308482722679,
    -0.5220772463616566,
    -0.5222222636486784,
    -0.5223658911616241,
    -0.5225081199287847,
    -0.5226489409784508,
    -0.5227883453389137,
    -0.5229263240384643,
    -0.5230628681053934,
    -0.523197968567992,
    -0.5233316164545508,
    -0.5234638027933611,
    -0.5235945186127137,
    -0.5237237549408993,
    -0.5238515028062092,
    -0.5239777532369341,
    -0.5241024972613648,
    -0.5242257259077927,
    -0.5243474302045081,
    -0.5244676011798025,
    -0.5245862298619666,
    -0.5247033072792912,
    -0.5248188244600674,
    -0.5249327724325861,
    -0.5250451422251381,
    -0.5251559248660146,
    -0.5252651113835062,
    -0.525372692805904,
    -0.5254786601614991,
    -0.5255830044785821,
    -0.5256857167854442,
    -0.5257867881103762,
    -0.5258862094816689,
    -0.5259839719276135,
    -0.5260800664765006,
    -0.5261744841566216,
    -0.5262672313954233,
    -0.5263583146203531,
    -0.5264477402588584,
    -0.5265355147383862,
    -0.5266216444863839,
    -0.5267061359302988,
    -0.526788995497578,
    -0.5268702296156688,
    -0.5269498447120183,
    -0.5270278472140739,
    -0.5271042435492831,
    -0.5271790401450926,
    -0.52725224342895,
    -0.5273238598283025,
    -0.5273938957705973,
    -0.5274623576832818,
    -0.5275292519938029,
    -0.5275945851296082,
    -0.5276583635181447,
    -0.5277205935868597,
    -0.5277812817632007,
    -0.5278404344746146,
    -0.5278980581485487,
    -0.5279541592124506,
    -0.5280087440937671,
    -0.5280618192199455,
    -0.5281133910184334,
    -0.5281634659166776,
    -0.5282120503421258,
    -0.5282591507222248,
    -0.5283047734844223,
    -0.528348925056165,
    -0.5283916118649006,
    -0.5284328403380762,
    -0.528472616903139,
    -0.5285109479875362,
    -0.5285478400187154,
    -0.5285832994241232,
    -0.5286173326312075,
    -0.5286499460674151,
    -0.5286811461601935,
    -0.5287109393369899,
    -0.5287393320252514,
    -0.5287663306524255,
    -0.5287919416459591,
    -0.5288161714332997,
    -0.5288390264418946,
    -0.5288605130991908,
    -0.5288806378326357,
    -0.5288994070696766,
    -0.5289168272377606,
    -0.5289329047643352,
    -0.5289476460768472,
    -0.5289610576027441,
    -0.5289731457694734,
    -0.5289839170044819,
    -0.5289933777352173,
    -0.5290015343891263,
    -0.5290083933936565,
    -0.5290139611762552,
    -0.5290182441643694,
    -0.5290212487854465,
    -0.5290229814669338,
    -0.5290234486362785,
    -0.5290226567209277,
    -0.5290206121483289,
    -0.529017321345929,
    -0.5290127907411757,
    -0.5290070267615158,
    -0.5290000358343968,
    -0.5289918243872659,
    -0.5289823988475704,
    -0.5289717656427574,
    -0.5289599312002742,
    -0.5289469019475682,
    -0.5289326843120864,
    -0.5289172847212762,
    -0.5289007096025848,
    -0.5288829653834595,
    -0.5288640584913473,
    -0.528843995353696,
    -0.5288227823979522,
    -0.5288004260515637,
    -0.5287769327419773,
    -0.5287523088966404,
    -0.5287265609430005,
    -0.5286996953085044,
    -0.5286717184205998,
    -0.5286426367067335,
    -0.528612456594353,
    -0.5285811845109056,
    -0.5285488268838383,
    -0.5285153901405986,
    -0.5284808807086336,
    -0.5284453050153907,
    -0.528408669488317,
    -0.5283709805548598,
    -0.5283322446424662,
    -0.5282924681785838,
    -0.5282516575906594,
    -0.5282098193061406,
    -0.5281669597524745,
    -0.5281230853571083,
    -0.5280782025474894,
    -0.5280323177510649,
    -0.527985437395282,
    -0.5279375679075882,
    -0.5278887157154305,
    -0.5278388872462563,
    -0.5277880889275127,
    -0.5277363271866471,
    -0.5276836084511066,
    -0.5276299391483386,
    -0.5275753257057902,
    -0.5275197745509088,
    -0.5274632921111414,
    -0.5274058848139356,
    -0.5273475590867382,
    -0.5272883213569969,
    -0.5272281780521587,
    -0.5271671355996709,
    -0.5271052004269807,
    -0.5270423789615354,
    -0.5269786776307821,
    -0.5269141028621684,
    -0.5268486610831411,
    -0.5267823587211479,
    -0.5267152022036357,
    -0.5266471979580517,
    -0.5265783524118435,
    -0.526508671992458,
    -0.5264381631273426,
    -0.5263668322439448,
    -0.5262946857697113,
    -0.5262217301320897,
    -0.5261479717585271,
    -0.5260734170764709,
    -0.5259980725133684,
    -0.5259219444966665,
    -0.5258450394538129,
    -0.5257673638122544,
    -0.5256889239994385,
    -0.5256097264428125,
    -0.5255297775698233,
    -0.5254490838079187,
    -0.5253676515845453,
    -0.5252854873271509,
    -0.5252025974631827,
    -0.5251189884200874,
    -0.5250346666253127,
    -0.5249496385063059,
    -0.5248639104905141,
    -0.5247774890053846,
    -0.5246903804783645,
    -0.524602591336901,
    -0.5245141280084418,
    -0.5244249969204337,
    -0.524335204500324,
    -0.5242447571755602,
    -0.5241536613735892,
    -0.5240619235218587,
    -0.5239695500478154,
    -0.5238765473789069,
    -0.5237829219425805,
    -0.523688680166283,
    -0.5235938284774623,
    -0.5234983733035651,
    -0.5234023210720388,
    -0.5233056782103309,
    -0.5232084511458882,
    -0.5231106463061583,
    -0.5230122701185884,
    -0.5229133290106256,
    -0.5228138294097172,
    -0.5227137777433105,
    -0.5226131804388526,
    -0.5225120439237911,
    -0.5224103746255728,
    -0.5223081789716453,
    -0.5222054633894556,
    -0.522102234306451,
    -0.5219984981500789,
    -0.5218942613477864,
    -0.5217895303270208,
    -0.5216843115152293,
    -0.5215786113398592,
    -0.5214724362283577,
    -0.5213657926081721,
    -0.5212586869067495,
    -0.5211511255515373,
    -0.5210431149699828,
    -0.520934661589533,
    -0.5208257718376355,
    -0.5207164521417371,
    -0.5206067089292854,
    -0.5204965486277275,
    -0.5203859776645108,
    -0.5202750024670824,
    -0.5201636294628894,
    -0.5200518650793794,
    -0.5199397157439993,
    -0.5198271878841966,
    -0.5197142879274185,
    -0.519601022301112,
    -0.5194873974327249,
    -0.5193734197497037,
    -0.5192590956794962,
    -0.5191444316495497,
    -0.519029434087311,
    -0.5189141094202276,
    -0.5187984640757468,
    -0.5186825044813156,
    -0.5185662370643815,
    -0.5184496682523917,
    -0.5183328044727934,
    -0.5182156521530339,
    -0.5180982177205603,
    -0.51798050760282,
    -0.5178625282272602,
    -0.5177442860213279,
    -0.517625787412471,
    -0.517507038828136,
    -0.5173880466957707,
    -0.5172688174428219,
    -0.5171493574967372,
    -0.5170296732849637,
    -0.5169097712349486,
    -0.5167896577741392,
    -0.5166693393299828,
    -0.5165488223299266,
    -0.5164281132014179,
    -0.5163072183719037,
    -0.5161861442688316,
    -0.5160648973196487,
    -0.515943483951802,
    -0.5158219105927392,
    -0.5157001836699071,
    -0.5155783096107533,
    -0.515456294842725,
    -0.5153341457932692,
    -0.5152118688898333,
    -0.5150894705598646,
    -0.5149669572308103,
    -0.5148443353301178,
    -0.5147216112852339,
    -0.5145987915236062,
    -0.5144758824726821,
    -0.5143528905599083,
    -0.5142298222127326,
    -0.5141066838586018,
    -0.5139834819249635,
    -0.5138602228392648,
    -0.513736913028953,
    -0.5136135589214752,
    -0.5134901669442787,
    -0.5133667435248109,
    -0.513243295090519,
    -0.51311982806885,
    -0.5129963488872513,
    -0.5128728639731704,
    -0.5127493797540542,
    -0.5126259026573501,
    -0.5125024391105053,
    -0.512378995540967,
    -0.5122555783761825,
    -0.5121321940435991,
    -0.5120088489706639,
    -0.5118855495848245,
    -0.5117623023135276,
    -0.5116391135842209,
    -0.5115159898243514,
    -0.5113929374613664,
    -0.5112699629227133,
    -0.511147072635839,
    -0.5110242730281912,
    -0.5109015705272167,
    -0.510778971560363,
    -0.5106564825550775,
    -0.510534109938807,
    -0.5104118601389992,
    -0.510289739583101,
    -0.5101677546985598,
    -0.5100459119128229,
    -0.5099242176533374,
    -0.5098026783475506,
    -0.5096813004229098,
    -0.5095600903068622,
    -0.5094390544268551,
    -0.5093181992103357,
    -0.5091975310847512,
    -0.509077056477549,
    -0.5089567818161761,
    -0.50883671352808,
    -0.5087168580407078,
    -0.5085972217815067,
    -0.5084778111779242,
    -0.5083586326574072,
    -0.5082396926474033,
    -0.5081209975753594,
    -0.508002553868723,
    -0.5078843679549412,
    -0.5077664462614613,
    -0.5076487952157306,
    -0.5075314212451963,
    -0.5074143307773056,
    -0.5072975302395059,
    -0.5071810260592442,
    -0.5070648246639679,
    -0.5069489324811243,
    -0.5068333559381604,
    -0.5067181014625237,
    -0.5066031754816614,
    -0.5064885844230207,
    -0.5063743347140489,
    -0.5062604327821931,
    -0.5061468850549007,
    -0.5060336979596189,
    -0.5059208779237949,
    -0.5058084313748761,
    -0.5056963647403094,
    -0.5055846844475425,
    -0.5054733969240223,
    -0.5053625085971961,
    -0.5052520258945115,
    -0.5051419552434151,
    -0.5050323030713547,
    -0.5049230758057773,
    -0.5048142798741302,
    -0.5047059217038606,
    -0.504598007722416,
    -0.5044905443572433,
    -0.50438353803579,
    -0.504276995185503,
    -0.5041709222338298,
    -0.5040653256082177,
    -0.5039602117361138,
    -0.5038555870449656,
    -0.50375145796222,
    -0.5036478309153243,
    -0.503544712331726,
    -0.5034421086388722,
    -0.50334002626421,
    -0.503238471635187,
    -0.5031374511792501,
    -0.5030369713238467,
    -0.502937038496424,
    -0.5028376591244292,
    -0.5027388396353099,
    -0.5026405864565128,
    -0.5025429060154856,
    -0.5024458047396752,
    -0.5023492890565289,
    -0.5022533653934942,
    -0.5021580401780181,
    -0.502063319837548,
    -0.5019692107995312,
    -0.5018757194914146,
    -0.5017828523406459,
    -0.501690615774672,
    -0.5015990162209403,
    -0.501508060106898,
    -0.5014177538599923,
    -0.5013281039076707,
    -0.50123911667738,
    -0.5011507985965677,
    -0.5010631560926813,
    -0.5009761955931675,
    -0.500889923525474,
    -0.500804346317048,
    -0.5007194703953364,
    -0.5006353021877867,
    -0.5005518481218463,
    -0.500469114624962,
    -0.5003871081245815,
    -0.5003058350481517,
    -0.5002253018231203,
    -0.500145514876934,
    -0.5000664806370403,
    -0.4999882055308865,
    -0.49991069598591975,
    -0.49983395842958744,
    -0.49975799928933656,
    -0.4996828249926145,
    -0.4996084419668687,
    -0.499534856639546,
    -0.49946207543809396,
    -0.49939010478995977,
    -0.4993189511225905,
    -0.4992486208634337,
    -0.49917912043993634,
    -0.49911045627954576,
    -0.49904263480970934,
    -0.49897566245787406,
    -0.49890954565148726,
    -0.4988442908179964,
    -0.4987799043848485,
    -0.4987163927794909,
    -0.49865376242937076,
    -0.49859201976193535,
    -0.49853117120463203,
    -0.4984712231849079,
    -0.4984121821302103,
    -0.4983540544679864,
    -0.4982968466256835,
    -0.49824056503074887,
    -0.4981852161106297,
    -0.49813080629277334,
    -0.49807734200462683,
    -0.49802482967363754,
    -0.4979732757272528,
    -0.4979226865929197,
    -0.49787306869808556,
    -0.4978244284701977,
    -0.49777677233670314,
    -0.49773010672504947,
    -0.4976844380626836,
    -0.49763977277705285,
    -0.4975961172956047,
    -0.49755347804578615,
    -0.4975118614550446,
    -0.49747127395082713,
    -0.49743172196058105,
    -0.49739321191175373,
    -0.49735575023179224,
    -0.49731934334814387,
    -0.49728399768825604,
    -0.4972497196795757,
    -0.4972165157495504,
    -0.4971843923256271,
    -0.4971533558352532,
    -0.49712341270587607,
    -0.4970945693649427,
    -0.4970668322399005,
    -0.4970402077581966,
    -0.4970147023472783,
    -0.49699032243459296,
    -0.4969670744475877,
    -0.49694496481370964,
    -0.49692399996040637,
    -0.49690418631512484,
    -0.4968855303053125,
    -0.4968680383584164,
    -0.4968517169018839,
    -0.49683657236316225,
    -0.4968226111696986,
    -0.49680983974894044,
    -0.49679826452833464,
    -0.4967878919353287,
    -0.4967787283973699,
    -0.49677078034190536,
    -0.49676405419638225,
    -0.4967585563882482,
    -0.4967542933449499,
    -0.49675127149393516,
    -0.4967494972626507,
    -0.49674897707854415,
    -0.49674971736906265,
    -0.49675172456165334,
    -0.49675500508376363,
    -0.4967595653628406,
    -0.49676541182633155,
    -0.4967725509016839,
    -0.4967809890163446,
    -0.4967907325977611,
    -0.4968017880733806,
    -0.4968141618706503,
    -0.49682786041701754,
    -0.4968428901399295,
    -0.49685925746683335,
    -0.4968769688251765,
    -0.4968960306424061,
    -0.4969164493459695,
    -0.4969382313633137,
    -0.4969613831218862,
    -0.49698591104913414,
    -0.4970118215725048,
    -0.49703912111944526,
    -0.49706781611740314,
    -0.4970979129938252,
    -0.4971294181761592,
    -0.49716233809185195,
    -0.49719667916835086,
    -0.49723244783310333,
    -0.4972696505135563,
    -0.49730829363715734,
    -0.4973483836313535,
    -0.4973899269235919,
    -0.49743292994132016,
    -0.4974773991119852,
    -0.4975233408630344,
    -0.49757076162191494,
    -0.49761966781607414,
    -0.4976700658729593,
    -0.4977219622200175,
    -0.49777536328469607,
    -0.4978302754944423,
    -0.4978867052767033,
    -0.49794465905892654,
    -0.498004143268559,
    -0.4980651643330481,
    -0.49812771714577775,
    -0.4981917966001317,
    -0.4982573975894939,
    -0.4983245150072483,
    -0.4983931437467787,
    -0.498463278701469,
    -0.498534914764703,
    -0.4986080468298647,
    -0.49868266979033804,
    -0.4987587785395067,
    -0.4988363679707548,
    -0.498915432977466,
    -0.4989959684530243,
    -0.49907796929081366,
    -0.4991614303842178,
    -0.4992463466266207,
    -0.49933271291140624,
    -0.4994205241319582,
    -0.4995097751816607,
    -0.4996004609538973,
    -0.4996925763420521,
    -0.4997861162395091,
    -0.4998810755396519,
    -0.49997744913586456,
    -0.5000752319215308,
    -0.5001744187900347,
    -0.5002750046347602,
    -0.5003769843490907,
    -0.5004803528264108,
    -0.5005851049601038,
    -0.5006912356435538,
    -0.5007987397701448,
    -0.5009076122332603,
    -0.5010178479262848,
    -0.5011294417426015,
    -0.5012423885755948,
    -0.5013566833186485,
    -0.5014723208651461,
    -0.5015892961084719,
    -0.5017076039420097,
    -0.5018272392591433,
    -0.5019481969532567,
    -0.5020704719177336,
    -0.5021940590459579,
    -0.5023189532313137,
    -0.5024451493671848,
    -0.5025726423469549,
    -0.5027014270640081,
    -0.5028314984117281,
    -0.502962851283499,
    -0.5030954805727046,
    -0.5032293811727286,
    -0.5033645479769553,
    -0.5035009758787681,
    -0.5036386597715512,
    -0.5037775945486882,
    -0.5039177751035633,
    -0.5040591963295604,
    -0.504201853120063,
    -0.5043457403684555,
    -0.5044908529681214,
    -0.5046371858124445,
    -0.504784733794809,
    -0.5049334918085987,
    -0.5050834547471974,
    -0.5052346175039891,
    -0.5053869749723575,
    -0.5055405220456868,
    -0.5056952536173605,
    -0.5058511645807626,
    -0.5060082498292773,
    -0.506166504256288,
    -0.506325922755179,
    -0.5064865002193338,
    -0.5066482315421366,
    -0.5068111116169711,
    -0.5069751353372213,
    -0.5071402975962709,
    -0.5073065932875042,
    -0.5074740173043045,
    -0.5076425645400562,
    -0.5078122298881429,
    -0.5079830082419484,
    -0.508154894494857,
    -0.5083278835402522,
    -0.508501970271518,
    -0.5086771495820382,
    -0.5088534163651969,
    -0.5090307655143778,
    -0.5092091919229648,
    -0.5093886904843419,
    -0.5095692560918929,
    -0.5097508836390016,
    -0.5099335680190521,
    -0.510117304125428,
    -0.5103020868515133,
    -0.5104879110906922,
    -0.5106747717363481,
    -0.5108626636818653,
    -0.5110515818206273,
    -0.511241521046018,
    -0.5114324762514217,
    -0.511624442330222,
    -0.5118174141758027,
    -0.5120113866815479,
    -0.5122063547408413,
    -0.512402313247067,
    -0.5125992570936087,
    -0.5127971811738501,
    -0.5129960803811756,
    -0.5131959496089686,
    -0.5133967837506134,
    -0.5135985776994935,
    -0.5138013263489929,
    -0.5140050245924956,
    -0.5142096673233854,
    -0.5144152494350464,
    -0.5146217658208619,
    -0.5148292113742164,
    -0.5150375809884936,
    -0.5152468695570772,
    -0.5154570719733512,
    -0.5156681831306997,
    -0.5158801979225063,
    -0.516093111242155,
    -0.5163069179830295,
    -0.5165216130385138,
    -0.516737191301992,
    -0.5169536476668477,
    -0.517170977026465,
    -0.5173891742742276,
    -0.5176082343035194,
    -0.5178281520077246,
    -0.5180489222802265,
    -0.5182705400144094,
    -0.5184930001036572,
    -0.5187162974413535,
    -0.5189404269208826,
    -0.5191653834356279,
    -0.5193911618789736,
    -0.5196177571443036,
    -0.5198451641250016,
    -0.5200733777144517,
    -0.5203023928060375,
    -0.5205322042931431,
    -0.5207628070691523,
    -0.5209941960274491,
    -0.5212263660614173,
    -0.5214593120644407,
    -0.5216930289299033,
    -0.521927511551189,
    -0.5221627548216815,
    -0.5223987536347648,
    -0.522635502883823,
    -0.5228729974622397,
    -0.5231112322633988,
    -0.5233502021806843,
    -0.5235899021074799,
    -0.5238303269371698,
    -0.5240714715631376,
    -0.5243133308787673,
    -0.5245558997774429,
    -0.524799173152548,
    -0.5250431458974667,
    -0.5252878129055828,
    -0.5255331690702801,
    -0.5257792092849428,
    -0.5260259284429545,
    -0.5262733214376991,
    -0.5265213831625606,
    -0.5267701085109227,
    -0.5270194923761695,
    -0.5272695296516847,
    -0.5275202152308524,
    -0.5277715440070563,
    -0.5280235108736804,
    -0.5282761107241085,
    -0.5285293384517245,
    -0.5287831889499122,
    -0.5290376571120556,
    -0.5292927378315386,
    -0.5295484260017451,
    -0.5298047165160589,
    -0.5300616042678639,
    -0.5303190841505441,
    -0.530577151057483,
    -0.5308357998820651,
    -0.5310950255176736,
    -0.531354822857693,
    -0.5316151867955069,
    -0.531876112224499,
    -0.5321375940380535,
    -0.5323996271295542,
    -0.5326622063923849,
    -0.5329253267199296,
    -0.533188983005572,
    -0.5334531701426962,
    -0.533717883024686,
    -0.5339831165449251,
    -0.5342488655967977,
    -0.5345151250736876,
    -0.5347818898689785,
    -0.5350491548760545,
    -0.5353169149882993,
    -0.5355851650990968,
    -0.5358539001018311,
    -0.5361231148898858,
    -0.5363928043566452,
    -0.5366629633954926,
    -0.5369335868998122,
    -0.5372046697629881,
    -0.5374762068784038,
    -0.5377481931394433,
    -0.5380206234394906,
    -0.5382934926719295,
    -0.538566795730144,
    -0.5388405275075177,
    -0.5391146828974347,
    -0.539389256793279,
    -0.539664244088434,
    -0.5399396396762843,
    -0.5402154384502131,
    -0.5404916353036047,
    -0.5407682251298429,
    -0.5410452028223114,
    -0.5413225632743944,
    -0.5416003013794756,
    -0.5418784120309388,
    -0.5421568901221681,
    -0.542435730546547,
    -0.5427149281974598,
    -0.5429944779682904,
    -0.5432743747524222,
    -0.5435546134432397,
    -0.5438351889341264,
    -0.5441160961184661,
    -0.5443973298896431,
    -0.5446788851410409,
    -0.5449607567660435,
    -0.5452429396580348,
    -0.5455254287103988,
    -0.5458082188165192,
    -0.5460913048697799,
    -0.5463746817635649,
    -0.546658344391258,
    -0.5469422876462431,
    -0.5472265064219041,
    -0.5475109956116249,
    -0.5477957501087892,
    -0.5480807648067813,
    -0.5483660345989846,
    -0.5486515543787833,
    -0.5489373190395612,
    -0.5492233234747022,
    -0.5495095625775901,
    -0.5497960312416088,
    -0.5500827243601423,
    -0.5503696368265745,
    -0.550656763534289
]