[
    0.09900560375579241,
    0.09890012071063876,
    0.09879440405795278,
    0.09868845427783957,
    0.09858227185040432,
    0.09847585725575214,
    0.09836921097398821,
    0.09826233348521765,
    0.09815522526954565,
    0.0980478868070773,
    0.09794031857791781,
    0.09783252106217227,
    0.09772449473994586,
    0.09761624009134373,
    0.09750775759647101,
    0.09739904773543287,
    0.09729011098833443,
    0.09718094783528086,
    0.0970715587563773,
    0.09696194423172891,
    0.09685210474144082,
    0.09674204076561818,
    0.09663175278436614,
    0.09652124127778985,
    0.09641050672599447,
    0.09629954960908513,
    0.09618837040716698,
    0.09607696960034516,
    0.09596534766872486,
    0.09585350509241117,
    0.09574144235150928,
    0.09562915992612432,
    0.09551665829636144,
    0.09540393794232578,
    0.0952909993441225,
    0.09517784298185676,
    0.09506446933563367,
    0.09495087888555842,
    0.09483707211173611,
    0.09472304949427195,
    0.09460881151327102,
    0.09449435864883853,
    0.09437969138107959,
    0.09426481019009934,
    0.09414971555600297,
    0.09403440795889559,
    0.09391888787888236,
    0.09380315579606842,
    0.09368721219055895,
    0.09357105754245905,
    0.09345469233187391,
    0.09333811703890865,
    0.09322133214366843,
    0.0931043381262584,
    0.0929871354667837,
    0.09286972464534948,
    0.09275210614206088,
    0.09263428043702307,
    0.09251624801034117,
    0.09239800934212036,
    0.09227956491246575,
    0.09216091520148254,
    0.09204206068927581,
    0.09192300185595076,
    0.09180373918161253,
    0.09168427314636624,
    0.09156460423031706,
    0.09144473291357015,
    0.09132465967623064,
    0.09120438499840366,
    0.0910839093601944,
    0.09096323324170799,
    0.09084235712304957,
    0.09072128148432428,
    0.09060000680563729,
    0.09047853356709373,
    0.09035686224879877,
    0.09023499333085754,
    0.09011292729337518,
    0.08999066461645686,
    0.08986820578020771,
    0.08974555126473288,
    0.08962270155013753,
    0.0894996571165268,
    0.08937641844400583,
    0.0892529860126798,
    0.08912936030265381,
    0.08900554179403304,
    0.08888153096692263,
    0.08875732830142773,
    0.08863293427765348,
    0.08850834937570504,
    0.08838357407568755,
    0.08825860885770614,
    0.08813345420186601,
    0.08800811058827225,
    0.08788257849703004,
    0.08775685840824451,
    0.08763095080202084,
    0.08750485615846415,
    0.08737857495767959,
    0.0872521076797723,
    0.08712545480484744,
    0.08699861681301017,
    0.08687159418436563,
    0.08674438739901895,
    0.0866169969370753,
    0.0864894232786398,
    0.08636166690381764,
    0.08623372829271393,
    0.08610560792543384,
    0.0859773062820825,
    0.08584882384276507,
    0.0857201610875867,
    0.08559131849665254,
    0.08546229655006772,
    0.0853330957279374,
    0.08520371651036673,
    0.08507415937746086,
    0.08494442480932493,
    0.08481451328606408,
    0.08468442528778349,
    0.08455416129458827,
    0.08442372178658358,
    0.0842931072438746,
    0.08416231814656641,
    0.08403135497476422,
    0.08390021820857314,
    0.08376890832809836,
    0.083637425813445,
    0.08350577114471819,
    0.08337394480202309,
    0.08324194726546487,
    0.08310977901514865,
    0.0829774405311796,
    0.08284493229366285,
    0.08271225478270357,
    0.08257940847840689,
    0.08244639386087796,
    0.08231321141022192,
    0.08217986160654395,
    0.08204634492994915,
    0.0819126618605427,
    0.08177881287842975,
    0.08164479846371543,
    0.0815106190965049,
    0.0813762752569033,
    0.08124176742501579,
    0.0811070960809475,
    0.0809722617048036,
    0.0808372647766892,
    0.0807021057767095,
    0.08056678518496962,
    0.0804313034815747,
    0.08029566114662991,
    0.08015985866024036,
    0.08002389650251124,
    0.07988777515354768,
    0.07975149509345483,
    0.07961505680233782,
    0.07947846076030184,
    0.079341707447452,
    0.07920479734389345,
    0.07906773092973136,
    0.07893050868507087,
    0.07879313109001711,
    0.07865559862467525,
    0.0785179117691504,
    0.07838007100354778,
    0.07824207680797247,
    0.07810392966252964,
    0.07796563004732446,
    0.07782717844246205,
    0.07768857532804757,
    0.07754982118418614,
    0.07741091649098296,
    0.07727186172854313,
    0.07713265737697182,
    0.07699330391637418,
    0.07685380182685536,
    0.0767141515885205,
    0.07657435368147474,
    0.07643440858582323,
    0.07629431678167115,
    0.0761540787491236,
    0.07601369496828575,
    0.07587316591926276,
    0.07573249208215975,
    0.07559167393708188,
    0.07545071196413433,
    0.07530960664342219,
    0.07516835845505065,
    0.07502696787912486,
    0.07488543539574993,
    0.07474376148503104,
    0.07460194662707333,
    0.07445999130198194,
    0.07431789598986202,
    0.07417566117081874,
    0.07403328732495722,
    0.07389077493238261,
    0.07374812447320006,
    0.07360533642751474,
    0.07346241127543178,
    0.07331934949705633,
    0.07317615157249353,
    0.07303281798184853,
    0.0728893492052265,
    0.07274574572273255,
    0.07260200801447186,
    0.07245813656054956,
    0.07231413184107081,
    0.07216999433614076,
    0.07202572452586453,
    0.0718813228903473,
    0.0717367899096942,
    0.07159212606401039,
    0.07144733183340099,
    0.07130240769797118,
    0.0711573541378261,
    0.0710121716330709,
    0.0708668606638107,
    0.0707214217101507,
    0.07057585525219601,
    0.07043016177005176,
    0.07028434174382316,
    0.07013839565361529,
    0.06999232397953335,
    0.06984612720168247,
    0.06969980580016778,
    0.06955336025509445,
    0.06940679104656762,
    0.06926009865469243,
    0.06911328355957405,
    0.06896634624131762,
    0.06881928718002826,
    0.06867210685581115,
    0.06852480574877143,
    0.06837738433901423,
    0.06822984310664473,
    0.06808218253176807,
    0.06793440309448937,
    0.06778650527491381,
    0.06763848955314651,
    0.06749035640929264,
    0.06734210632345734,
    0.06719373977574576,
    0.06704525724626305,
    0.06689665921511434,
    0.0667479461624048,
    0.06659911856823957,
    0.06645017691272379,
    0.06630112167596262,
    0.0661519533380612,
    0.06600267237912469,
    0.06585327927925823,
    0.06570377451856696,
    0.06555415857715605,
    0.06540443193513061,
    0.06525459507259582,
    0.06510464846965681,
    0.06495459260641874,
    0.06480442796298676,
    0.064654155019466,
    0.06450377425596163,
    0.06435328615257878,
    0.06420269118942261,
    0.06405198984659827,
    0.06390118260421088,
    0.06375026994236561,
    0.06359925234116762,
    0.06344813028072203,
    0.06329690424113402,
    0.06314557470250873,
    0.06299414214495128,
    0.06284260704856683,
    0.06269096989346053,
    0.06253923115973754,
    0.062387391327503,
    0.06223545087686205,
    0.06208341028791985,
    0.06193127004078154,
    0.06177903061555227,
    0.061626692492337196,
    0.06147425615124145,
    0.06132172207237019,
    0.06116909073582856,
    0.061016362621721706,
    0.0608635382101548,
    0.06071061798123295,
    0.06055760241506133,
    0.060404491991745066,
    0.060251287191389336,
    0.06009798849409927,
    0.05994459637998002,
    0.059791111329136726,
    0.059637533821674554,
    0.05948386433769863,
    0.05933010335731411,
    0.05917625136062615,
    0.059022308827739886,
    0.058868276238760474,
    0.05871415407379306,
    0.058559942812942786,
    0.05840564293631481,
    0.05825125492401427,
    0.05809677925614633,
    0.05794221641281612,
    0.057787566874128796,
    0.05763283112018949,
    0.057478009631103374,
    0.05732310288697559,
    0.05716811136791128,
    0.05701303555401559,
    0.05685787592539367,
    0.05670263296215067,
    0.056547307144391726,
    0.05639189895222201,
    0.05623640886574666,
    0.056080837365070815,
    0.05592518493029963,
    0.055769452041538256,
    0.055613639178891824,
    0.0554577468224655,
    0.05530177545236442,
    0.055145725548693736,
    0.05498959759155861,
    0.054833392061064176,
    0.054677109437315574,
    0.05452075020041797,
    0.05436431483047648,
    0.054207803807596294,
    0.054051217611882536,
    0.05389455672344036,
    0.05373782162237492,
    0.05358101278879134,
    0.053424130702794795,
    0.053267175844490415,
    0.05311014869398335,
    0.052953049731378765,
    0.05279587943678178,
    0.052638638290297565,
    0.05248132677203127,
    0.05232394536208802,
    0.05216649454057298,
    0.0520089747875913,
    0.051851386583248116,
    0.05169373040764859,
    0.05153600674089785,
    0.051378216063101056,
    0.051220358854363365,
    0.051062435594789915,
    0.05090444676448584,
    0.050746392843556316,
    0.05058827431210647,
    0.050430091650241454,
    0.05027184533806643,
    0.05011353585568652,
    0.0499551636832069,
    0.04979672930073269,
    0.04963823318836906,
    0.04947967582622116,
    0.0493210576943941,
    0.04916237927299308,
    0.04900364104212321,
    0.04884484348188965,
    0.04868598707239755,
    0.04852707229375207,
    0.04836809962605833,
    0.0482090695494215,
    0.04804998254394672,
    0.04789083908973914,
    0.04773163966690389,
    0.04757238475554614,
    0.047413074835771035,
    0.04725371038768372,
    0.04709429189138935,
    0.04693481982699306,
    0.046775294674599996,
    0.04661571691431532,
    0.04645608702624417,
    0.046296405490491695,
    0.04613667278716303,
    0.045976889396363366,
    0.04581705579819781,
    0.04565717247277151,
    0.04549723990018964,
    0.04533725856055732,
    0.04517722893397973,
    0.04501715150056198,
    0.04485702674040924,
    0.04469685513362666,
    0.04453663716031939,
    0.04437637330059256,
    0.04421606403455133,
    0.04405570984230085,
    0.043895311203946255,
    0.04373486859959272,
    0.04357438250934535,
    0.04341385341330933,
    0.043253281791589805,
    0.0430926681242919,
    0.04293201289152078,
    0.04277131657338158,
    0.04261057964997947,
    0.042449802601419576,
    0.04228898590780706,
    0.04212813004924706,
    0.04196723550584473,
    0.04180630275770522,
    0.04164533228493367,
    0.04148432456763523,
    0.04132328008591504,
    0.04116219931987827,
    0.04100108274963005,
    0.04083993085527554,
    0.04067874411691988,
    0.04051752301466821,
    0.040356268028625686,
    0.04019497963889746,
    0.04003365832558868,
    0.03987230456880448,
    0.03971091884865002,
    0.03954950164523047,
    0.03938805343865092,
    0.03922657470901657,
    0.03906506593643254,
    0.03890352760100399,
    0.03874196018283606,
    0.03858036416203391,
    0.03841874001870267,
    0.03825708823294752,
    0.038095409284873566,
    0.03793370365458598,
    0.037771971822189915,
    0.0376102142677905,
    0.03744843147149289,
    0.03728662391340224,
    0.037124792073623694,
    0.03696293643226241,
    0.0368010574694235,
    0.036639155665212156,
    0.036477231499733496,
    0.03631528545309269,
    0.036153318005394855,
    0.03599132963674517,
    0.03582932082724878,
    0.03566729205701081,
    0.03550524380613643,
    0.03534317655473077,
    0.035181090782898994,
    0.035018986970746235,
    0.03485686559837767,
    0.0346947271458984,
    0.03453257209341361,
    0.03437040092102844,
    0.03420821410884803,
    0.034046012136977534,
    0.03388379548552209,
    0.033721564634586865,
    0.033559320064276976,
    0.033397062254697615,
    0.033234791685953904,
    0.03307250883815097,
    0.032910214191394005,
    0.03274790822578812,
    0.032585591421438485,
    0.032423264258450234,
    0.032260927216928525,
    0.03209858077697851,
    0.03193622541870532,
    0.031773861622214114,
    0.03161148986761003,
    0.03144911063499824,
    0.03128672440448386,
    0.031124331656172066,
    0.030961932870167977,
    0.030799528526576775,
    0.03063711910550358,
    0.030474705087053543,
    0.03031228695133183,
    0.03014986517844357,
    0.029987440248493924,
    0.02982501264158803,
    0.02966258283783104,
    0.029500151317328104,
    0.029337718560184363,
    0.029175285046504976,
    0.02901285125639507,
    0.028850417669959827,
    0.02868798476730436,
    0.028525553028533837,
    0.028363122933753405,
    0.028200694963068193,
    0.028038269596583378,
    0.02787584731440408,
    0.02771342859663547,
    0.027551013923382675,
    0.027388603774750865,
    0.02722619863084516,
    0.027063798971770744,
    0.02690140527763274,
    0.02673901770901442,
    0.026576636426499066,
    0.02641426159066995,
    0.026251893362110347,
    0.026089531901403527,
    0.025927177369132776,
    0.02576482992588135,
    0.025602489732232524,
    0.02544015694876959,
    0.025277831736075798,
    0.02511551425473444,
    0.024953204665328778,
    0.0247909031284421,
    0.024628609804657666,
    0.02446632485455875,
    0.02430404843872864,
    0.02414178071775059,
    0.023979521852207884,
    0.023817272002683795,
    0.0236550313297616,
    0.023492799994024562,
    0.02333057815605597,
    0.023168365976439093,
    0.023006163615757188,
    0.022843971234593554,
    0.02268178899353144,
    0.022519617053154143,
    0.022357455574044914,
    0.022195304716787052,
    0.022033164641963813,
    0.02187103551015847,
    0.021708917481954308,
    0.02154681071793459,
    0.021384715378682594,
    0.02122263162478159,
    0.021060559616814863,
    0.020898499515365685,
    0.02073645148101731,
    0.02057441567435303,
    0.02041239225595611,
    0.020250381386409833,
    0.020088383226297458,
    0.01992639793620228,
    0.019764425676707553,
    0.019602466608396565,
    0.01944052089185258,
    0.01927858868765887,
    0.019116670156398723,
    0.018954765458655393,
    0.01879287475501217,
    0.018630998206052313,
    0.018469135972359114,
    0.01830728821451584,
    0.01814545509310575,
    0.017983636768712136,
    0.017821833401918258,
    0.017660045153307404,
    0.01749827218346283,
    0.01733651465296783,
    0.01717477272240566,
    0.01701304655235961,
    0.016851336303412946,
    0.016689642136148927,
    0.016527964211150853,
    0.01636630268900197,
    0.016204657730285583,
    0.016043029495584935,
    0.015881418145483325,
    0.015719823840564015,
    0.01555824674141027,
    0.015396687008605383,
    0.015235144802732607,
    0.015073620284375236,
    0.014912113614116523,
    0.014750624952539764,
    0.014589154460228222,
    0.014427702297765159,
    0.01426626862573387,
    0.014104853604717608,
    0.013943457395299666,
    0.013782080158063299,
    0.013620722053591801,
    0.013459383242468426,
    0.013298063885276464,
    0.013136764142599183,
    0.012975484175019845,
    0.012814224143121744,
    0.01265298420748813,
    0.012491764528702303,
    0.012330565267347516,
    0.012169386584007055,
    0.012008228639264191,
    0.011847091593702189,
    0.011685975607904337,
    0.011524880842453891,
    0.011363807457934142,
    0.01120275561492835,
    0.011041725474019805,
    0.010880717195791768,
    0.010719730940827508,
    0.010558766869710317,
    0.010397825143023443,
    0.01023690592135019,
    0.010076009365273803,
    0.009915135635377579,
    0.009754284892244771,
    0.009593457296458675,
    0.009432653008602552,
    0.009271872189259666,
    0.009111114999013313,
    0.008950381598446742,
    0.008789672148143251,
    0.008628986808686095,
    0.008468325740658561,
    0.008307689104643917,
    0.008147077061225428,
    0.007986489770986384,
    0.007825927394510043,
    0.0076653900923796935,
    0.007504878025178593,
    0.007344391353490035,
    0.0071839302378972816,
    0.007023494838983596,
    0.006863085317332275,
    0.006702701833526567,
    0.006542344548149772,
    0.006382013621785141,
    0.0062217092150159675,
    0.006061431488425504,
    0.005901180602597044,
    0.005740956718113855,
    0.005580759995559195,
    0.005420590595516363,
    0.0052604486785686085,
    0.00510033440529923,
    0.004940247936291475,
    0.0047801894321286426,
    0.004620159053393992,
    0.004460156960670791,
    0.004300183314542332,
    0.004140238275591866,
    0.00398032200440269,
    0.0038204346615580576,
    0.0036605764076412597,
    0.0035007474032355615,
    0.0033409478089242283,
    0.00318117778529055,
    0.003021437492917785,
    0.0028617270923892227,
    0.0027020467442881186,
    0.0025423966091977675,
    0.002382776847701421,
    0.0022231876203823737,
    0.0020636290878238896,
    0.0019041014106092307,
    0.0017446047493216953,
    0.0015851392645445314,
    0.0014257051168610375,
    0.00126630246685446,
    0.0011069314751081024,
    0.0009475923022052198,
    0.0007882851087290827,
    0.0006290100552629792,
    0.00046976730239016613,
    0.00031055701069393656,
    0.00015137934075754207,
    -7.765546835718923e-06,
    -0.00016687749150258967,
    -0.00032595633265979605,
    -0.0004850019097240553,
    -0.0006440140621121089,
    -0.000802992629240662,
    -0.0009619374505264646,
    -0.0011208483653862168,
    -0.001279725213236672,
    -0.0014385678334945338,
    -0.0015973760655765383,
    -0.0017561497488994202,
    -0.0019148887228798862,
    -0.0020735928269346865,
    -0.0022322619004805245,
    -0.002390895782934145,
    -0.002549494313712257,
    -0.002708057332231598,
    -0.0028665846779088976,
    -0.0030250761901608695,
    -0.003183531708404257,
    -0.003341951072055765,
    -0.003500334120532144,
    -0.003658680693250099,
    -0.003816990629626364,
    -0.003975263769077673,
    -0.00413349995102074,
    -0.004291699014872304,
    -0.004449860800049077,
    -0.0046079851459678006,
    -0.004766071892045186,
    -0.004924120877697974,
    -0.005082131942342876,
    -0.0052401049253966245,
    -0.005398039666275957,
    -0.005555936004397582,
    -0.005713793779178243,
    -0.005871612830034657,
    -0.0060293929963835344,
    -0.006187134117641635,
    -0.006344836033225663,
    -0.006502498582552335,
    -0.006660121605038413,
    -0.006817704940100599,
    -0.006975248427155627,
    -0.007132751905620195,
    -0.007290215214911076,
    -0.00744763819444497,
    -0.007605020683638591,
    -0.007762362521908697,
    -0.007919663548672004,
    -0.008076923603345226,
    -0.008234142525345083,
    -0.008391320154088331,
    -0.008548456328991682,
    -0.00870555088947184,
    -0.008862603674945568,
    -0.009019614524829578,
    -0.009176583278540595,
    -0.009333509775495323,
    -0.009490393855110532,
    -0.009647235356802925,
    -0.00980403411998923,
    -0.00996078998408615,
    -0.010117502788510459,
    -0.010274172372678855,
    -0.010430798576008048,
    -0.010587381237914804,
    -0.010743920197815834,
    -0.010900415295127855,
    -0.01105686636926758,
    -0.01121327325965177,
    -0.01136963580569714,
    -0.01152595384682039,
    -0.011682227222438285,
    -0.011838455771967533,
    -0.011994639334824865,
    -0.01215077775042698,
    -0.01230687085819065,
    -0.012462918497532576,
    -0.01261892050786947,
    -0.012774876728618094,
    -0.012930786999195159,
    -0.013086651159017384,
    -0.013242469047501482,
    -0.013398240504064214,
    -0.013553965368122294,
    -0.013709643479092426,
    -0.013865274676391367,
    -0.01402085879943583,
    -0.014176395687642548,
    -0.014331885180428218,
    -0.014487327117209608,
    -0.014642721337403426,
    -0.014798067680426378,
    -0.014953365985695233,
    -0.01510861609262669,
    -0.015263817840637482,
    -0.015418971069144312,
    -0.015574075617563948,
    -0.015729131325313096,
    -0.015884138031808465,
    -0.016039095576466815,
    -0.016194003798704858,
    -0.016348862537939317,
    -0.016503671633586903,
    -0.016658430925064374,
    -0.01681314025178844,
    -0.016967799453175832,
    -0.017122408368643253,
    -0.017276966837607467,
    -0.01743147469948518,
    -0.017585931793693107,
    -0.017740337959648005,
    -0.017894693036766586,
    -0.01804899686446557,
    -0.018203249282161667,
    -0.018357450129271646,
    -0.01851159924521221,
    -0.018665696469400066,
    -0.01881974164125198,
    -0.018973734600184658,
    -0.019127675185614826,
    -0.019281563236959197,
    -0.019435398593634523,
    -0.01958918109505752,
    -0.019742910580644903,
    -0.01989658688981342,
    -0.02005020986197979,
    -0.020203779336560732,
    -0.020357295152972958,
    -0.020510757150633233,
    -0.02066416516895826,
    -0.02081751904736475,
    -0.020970818625269463,
    -0.02112406374208911,
    -0.021277254237240417,
    -0.021430389950140093,
    -0.021583470720204896,
    -0.02173649638685154,
    -0.02188946678949673,
    -0.022042381767557233,
    -0.022195241160449748,
    -0.022348044807591012,
    -0.02250079254839772,
    -0.022653484222286652,
    -0.022806119668674504,
    -0.022958698726978,
    -0.02311122123661386,
    -0.02326368703699884,
    -0.023416095967549642,
    -0.023568447867682984,
    -0.023720742576815623,
    -0.023872979934364272,
    -0.024025159779745654,
    -0.024177281952376478,
    -0.0243293462916735,
    -0.02448135263705344,
    -0.024633300827932997,
    -0.024785190703728945,
    -0.024937022103857977,
    -0.025088794867736828,
    -0.025240508834782207,
    -0.025392163844410873,
    -0.025543759736039538,
    -0.025695296349084906,
    -0.025846773522963738,
    -0.02599819109709275,
    -0.026149548910888665,
    -0.026300846803768187,
    -0.026452084615148086,
    -0.026603262184445055,
    -0.026754379351075823,
    -0.026905435954457144,
    -0.02705643183400572,
    -0.027207366829138283,
    -0.02735824077927154,
    -0.027509053523822255,
    -0.02765980490220714,
    -0.027810494753842886,
    -0.027961122918146276,
    -0.028111689234534012,
    -0.02826219354242282,
    -0.028412635681229398,
    -0.028563015490370523,
    -0.0287133328092629,
    -0.028863587477323233,
    -0.029013779333968277,
    -0.02916390821861476,
    -0.029313973970679398,
    -0.029463976429578896,
    -0.029613915434730013,
    -0.029763790825549474,
    -0.029913602441453996,
    -0.03006335012186028,
    -0.03021303370618509,
    -0.03036265303384515,
    -0.03051220794425715,
    -0.030661698276837866,
    -0.030811123871003994,
    -0.030960484566172272,
    -0.031109780201759397,
    -0.03125901061718214,
    -0.031408175651857204,
    -0.031557275145201305,
    -0.0317063089366312,
    -0.031855276865563595,
    -0.03200417877141521,
    -0.03215301449360277,
    -0.03230178387154303,
    -0.0324504867446527,
    -0.032599122952348486,
    -0.03274769233404714,
    -0.03289619472916539,
    -0.03304462997711995,
    -0.03319299791732753,
    -0.033341298389204896,
    -0.03348953123216875,
    -0.033637696285635815,
    -0.03378579338902283,
    -0.03393382238174652,
    -0.03408178310322361,
    -0.034229675392870806,
    -0.03437749909010486,
    -0.0345252540343425,
    -0.03467294006500042,
    -0.03482055702149539,
    -0.03496810474324411,
    -0.035115583069663316,
    -0.03526299184016971,
    -0.03541033089418006,
    -0.03555760007111106,
    -0.035704799210379445,
    -0.03585192815140195,
    -0.0359989867335953,
    -0.03614597479637621,
    -0.036292892179161394,
    -0.036439738721367625,
    -0.03658651426241159,
    -0.03673321864171002,
    -0.03687985169867965,
    -0.03702641327273721,
    -0.03717290320329942,
    -0.03731932132978299,
    -0.03746566749160467,
    -0.03761194152818119,
    -0.03775814327892927,
    -0.037904272583265605,
    -0.03805032928060696,
    -0.038196313210370064,
    -0.0383422242119716,
    -0.03848806212482834,
    -0.038633826788357,
    -0.0387795180419743,
    -0.03892513572509695,
    -0.039070679677141694,
    -0.039216149737525276,
    -0.039361545745664375,
    -0.039506867540975765,
    -0.03965211496287615,
    -0.039797287850782265,
    -0.03994238604411081,
    -0.04008740938227855,
    -0.04023235770470219,
    -0.04037723085079844,
    -0.04052202865998407,
    -0.040666750971675776,
    -0.04081139762529029,
    -0.04095596846024432,
    -0.041100463315954634,
    -0.04124488203183793,
    -0.04138922444731093,
    -0.04153349040179038,
    -0.041677679734692996,
    -0.041821792285435505,
    -0.04196582789343462,
    -0.042109786398107085,
    -0.04225366763886963,
    -0.04239747145513898,
    -0.04254119768633183,
    -0.042684846171864944,
    -0.04282841675115504,
    -0.04297190926361882,
    -0.04311532354867305,
    -0.043258659445734426,
    -0.04340191679421969,
    -0.043545095433545546,
    -0.043688195203128756,
    -0.043831215942386016,
    -0.04397415749073406,
    -0.044117019687589624,
    -0.04425980237236943,
    -0.044402505384490205,
    -0.04454512856336866,
    -0.044687671748421545,
    -0.04483013477906558,
    -0.04497251749471746,
    -0.04511481973479396,
    -0.04525704133871179,
    -0.045399182145887666,
    -0.0455412419957383,
    -0.045683220727680454,
    -0.045825118181130844,
    -0.04596693419550617,
    -0.04610866861022318,
    -0.04625032126469862,
    -0.04639189199834919,
    -0.0465333806505916,
    -0.04667478706084261,
    -0.04681611106851894,
    -0.046957352513037294,
    -0.047098511233814436,
    -0.047239587070267056,
    -0.047380579861811906,
    -0.04752148944786568,
    -0.04766231566784515,
    -0.04780305836116701,
    -0.04794371736724798,
    -0.04808429252550482,
    -0.04822478367535424,
    -0.048365190656212954,
    -0.04850551330749768,
    -0.04864575146862519,
    -0.048785904979012175,
    -0.04892597367807537,
    -0.04906595740523148,
    -0.049205855999897276,
    -0.04934566930148946,
    -0.04948539714942472,
    -0.04962503938311986,
    -0.04976459584199156,
    -0.04990406636545655,
    -0.05004345079293154,
    -0.050182748963833304,
    -0.05032196106898094,
    -0.05046108729919354,
    -0.05060012784529028,
    -0.05073908289809026,
    -0.050877952648412605,
    -0.051016737287076425,
    -0.05115543700490087,
    -0.051294051992705064,
    -0.0514325824413081,
    -0.05157102854152914,
    -0.05170939048418728,
    -0.051847668460101665,
    -0.051985862660091385,
    -0.05212397327497561,
    -0.05226200049557343,
    -0.05239994451270397,
    -0.05253780551718639,
    -0.05267558369983979,
    -0.052813279251483276,
    -0.05295089236293598,
    -0.053088423225017056,
    -0.053225872028545604,
    -0.053363238964340726,
    -0.0535005242232216,
    -0.053637727996007314,
    -0.05377485047351701,
    -0.05391189184656976,
    -0.05404885230598477,
    -0.05418573204258111,
    -0.05432253124717791,
    -0.05445925011059431,
    -0.05459588882364943,
    -0.05473244757716239,
    -0.054868926561952296,
    -0.0550053259688383,
    -0.05514164598863952,
    -0.05527788681217508,
    -0.05541404863026408,
    -0.05555013163372568,
    -0.05568613601337899,
    -0.05582206196004311,
    -0.0559579096645372,
    -0.056093679317680376,
    -0.05622937111029176,
    -0.05636498523319045,
    -0.05650052187719561,
    -0.056635981233126347,
    -0.056771363491801764,
    -0.056906668844041025,
    -0.05704189748066324,
    -0.05717704959248752,
    -0.05731212537033298,
    -0.05744712500501878,
    -0.057582048687364024,
    -0.05771689660818782,
    -0.05785166895830932,
    -0.05798636592854765,
    -0.05812098770972191,
    -0.05825553449265122,
    -0.05839000646815473,
    -0.05852440382705157,
    -0.05865872676016082,
    -0.05879297545830164,
    -0.05892715011229315,
    -0.05906125091295448,
    -0.059195278051104715,
    -0.059329231717563026,
    -0.05946311210314852,
    -0.0595969193986803,
    -0.05973065379497754,
    -0.059864315482859316,
    -0.05999790465314478,
    -0.06013142149665302,
    -0.06026486620420321,
    -0.06039823896661445,
    -0.06053153997470584,
    -0.060664769419296556,
    -0.06079792749120569,
    -0.06093101438125236,
    -0.06106403028025569,
    -0.06119697537903483,
    -0.0613298498684089,
    -0.061462653939197,
    -0.06159538778221825,
    -0.06172805158829181,
    -0.06186064554823679,
    -0.06199316985287228,
    -0.06212562469301745,
    -0.06225801025949142,
    -0.06239032674311329,
    -0.06252257433470218,
    -0.06265475322507724,
    -0.06278686360505759,
    -0.06291890566546232,
    -0.06305087959711062,
    -0.06318278559082156,
    -0.06331462383741426,
    -0.06344639452770788,
    -0.06357809785252153,
    -0.06370973400267434,
    -0.06384130316898538,
    -0.06397280554227387,
    -0.06410424131335887,
    -0.06423561067305952,
    -0.0643669138121949,
    -0.06449815092158423,
    -0.06462932219204656,
    -0.06476042781440101,
    -0.06489146797946677,
    -0.0650224428780629,
    -0.06515335270100855,
    -0.06528419763912283,
    -0.0654149778832249,
    -0.06554569362413383,
    -0.06567634505266877,
    -0.06580693235964886,
    -0.06593745573589321,
    -0.06606791537222095,
    -0.06619831145945118,
    -0.06632864418840306,
    -0.0664589137498957,
    -0.06658912033474822,
    -0.06671926413377971,
    -0.06684934533780935,
    -0.06697936413765626,
    -0.06710932072413951,
    -0.06723921528807829,
    -0.0673690480202917,
    -0.06749881911159886,
    -0.06762852875281886,
    -0.06775817713477088,
    -0.06788776444827402,
    -0.0680172908841474,
    -0.06814675663321014,
    -0.0682761618862814,
    -0.06840550683418027,
    -0.06853479166772586,
    -0.06866401657773732,
    -0.0687931817550338,
    -0.06892228739043435,
    -0.06905133367475817,
    -0.06918032079882433,
    -0.069309248953452,
    -0.06943811832946026,
    -0.06956692911766826,
    -0.06969568150889512,
    -0.06982437569395995,
    -0.0699530118636819,
    -0.07008159020888009,
    -0.07021011092037362,
    -0.07033857418898161,
    -0.07046698020552324,
    -0.07059532916081757,
    -0.07072362124568374,
    -0.0708518566509409,
    -0.07098003556740817,
    -0.07110815818590466,
    -0.07123622469724947,
    -0.07136423529226177,
    -0.07149219016176067,
    -0.07162008949656527,
    -0.07174793348749472,
    -0.07187572232536815,
    -0.07200345620100468,
    -0.07213113530522339,
    -0.07225875982884346,
    -0.07238632996268399,
    -0.07251384589756411,
    -0.07264130782430292,
    -0.07276871593371959,
    -0.07289607041663322,
    -0.07302337146386291,
    -0.07315061926622782,
    -0.07327781401454707,
    -0.07340495589963977,
    -0.07353204511232504,
    -0.07365908184342203,
    -0.07378606628374984,
    -0.07391299862412759,
    -0.07403987905537443,
    -0.07416670776830947,
    -0.07429348495375183,
    -0.07442021080252063,
    -0.07454688550543502,
    -0.0746735092533141,
    -0.07480008223697697,
    -0.07492660464724282,
    -0.07505307667493073,
    -0.07517949851085985,
    -0.07530587034584924,
    -0.0754321923707181,
    -0.07555846477628554,
    -0.07568468775337064,
    -0.07581086149279255,
    -0.07593698618537043,
    -0.07606306202192335,
    -0.07618908919327044,
    -0.07631506789023085,
    -0.0764409983036237,
    -0.0765668806242681,
    -0.0766927150429832,
    -0.07681850175058808,
    -0.0769442409379019,
    -0.07706993279574377,
    -0.07719557751493282,
    -0.07732117528628817,
    -0.07744672630062893,
    -0.07757223074877426,
    -0.07769768882154326,
    -0.07782310070975505,
    -0.07794846660422876,
    -0.07807378669578353,
    -0.07819906117523848,
    -0.07832429023341268,
    -0.07844947406112533,
    -0.07857461284919552,
    -0.07869970678844238,
    -0.07882475606968499,
    -0.07894976088374256,
    -0.07907472142143415,
    -0.07919963787357892,
    -0.07932451043099593,
    -0.07944933928450439,
    -0.07957412462492339,
    -0.079698866643072,
    -0.07982356552976944,
    -0.07994822147583477,
    -0.08007283467208715,
    -0.08019740530934563,
    -0.08032193357842944,
    -0.08044641967015764,
    -0.08057086377534935,
    -0.08069526608482373,
    -0.08081962678939988,
    -0.08094394607989694,
    -0.081068224147134,
    -0.08119246118193021,
    -0.08131665737510471,
    -0.08144081291747657,
    -0.08156492799986498,
    -0.08168900281308904,
    -0.08181303754796786,
    -0.08193703239532055,
    -0.08206098754596627,
    -0.08218490319072413,
    -0.08230877952041325,
    -0.08243261672585275,
    -0.08255641499786179,
    -0.08268017452725945,
    -0.08280389550486486,
    -0.08292757812149715,
    -0.08305122256797547,
    -0.08317482903511891,
    -0.0832983977137466,
    -0.08342192879467768,
    -0.08354542246873126,
    -0.08366887892672646,
    -0.08379229835948243,
    -0.08391568095781826,
    -0.0840390269125531,
    -0.08416233641450606,
    -0.08428560965449627,
    -0.08440884682334285,
    -0.08453204811186492,
    -0.08465521371088162,
    -0.08477834381121206,
    -0.08490143860367538,
    -0.08502449827909067,
    -0.0851475230282771,
    -0.08527051304205376,
    -0.08539346851123977,
    -0.0855163896266543,
    -0.08563927657911644,
    -0.0857621295594453,
    -0.08588494875846002,
    -0.08600773436697974,
    -0.08613048657582356,
    -0.0862532055758106,
    -0.08637589155776002,
    -0.08649854471249091,
    -0.08662116523082242,
    -0.08674375330357363,
    -0.08686630912156372,
    -0.08698883287561178,
    -0.08711132475653692,
    -0.08723378495515831,
    -0.08735621366229505,
    -0.08747861106876627,
    -0.08760097736539106,
    -0.0877233127429886,
    -0.08784561739237798,
    -0.0879678915043783,
    -0.08809013526980874,
    -0.08821234887948841,
    -0.08833453252423643,
    -0.08845668639487186,
    -0.08857881068221393,
    -0.0887009055770817,
    -0.08882297127029432,
    -0.08894500795267087,
    -0.08906701581503054,
    -0.08918899504819242,
    -0.0893109458429756,
    -0.08943286839019926,
    -0.08955476288068251,
    -0.08967662950524448,
    -0.08979846845470424,
    -0.08992027991988098,
    -0.09004206409159381,
    -0.09016382116066181,
    -0.09028555131790415,
    -0.09040725475413995,
    -0.09052893166018834,
    -0.0906505822268684,
    -0.09077220664499928,
    -0.09089380510540014,
    -0.09101537779889005,
    -0.09113692491628816,
    -0.09125844664841358,
    -0.09137994318608546,
    -0.0915014147201229,
    -0.09162286144134503,
    -0.09174428354057097,
    -0.09186568120861986,
    -0.09198705463631082,
    -0.09210840401446296,
    -0.09222972953389541,
    -0.09235103138542729,
    -0.09247230975987775,
    -0.09259356484806588,
    -0.0927147968408108,
    -0.09283600592893168,
    -0.09295719230324762,
    -0.09307835615457773,
    -0.09319949767374112,
    -0.09332061705155698,
    -0.09344171447884438,
    -0.09356279014642242,
    -0.0936838442451103,
    -0.0938048769657271,
    -0.09392588849909195,
    -0.09404687903602395,
    -0.09416784876734227,
    -0.09428879788386602,
    -0.0944097265764143,
    -0.09453063503580623,
    -0.09465152345286099,
    -0.09477239201839764,
    -0.09489324092323533,
    -0.0950140703581932,
    -0.09513488051409036,
    -0.09525567158174594,
    -0.09537644375197903,
    -0.0954971972156088,
    -0.09561793216345436,
    -0.0957386487863348,
    -0.09585934727506931,
    -0.09598002782047697,
    -0.09610069061337691,
    -0.09622133584458824,
    -0.09634196370493012,
    -0.09646257438522164,
    -0.09658316807628194,
    -0.09670374496893014,
    -0.09682430525398539,
    -0.09694484912226677,
    -0.09706537676459343,
    -0.09718588837178446,
    -0.09730638413465906,
    -0.09742686424403627,
    -0.09754732889073525,
    -0.09766777826557516,
    -0.09778821255937506,
    -0.09790863196295412,
    -0.09802903666713142,
    -0.09814942686272614,
    -0.09826980274055734,
    -0.09839016449144422,
    -0.09851051230620583,
    -0.09863084637566134,
    -0.09875116689062986,
    -0.09887147404193053,
    -0.09899176802038244,
    -0.09911204901680473,
    -0.09923231722201654,
    -0.09935257282683699,
    -0.09947281602208517,
    -0.09959304699858024,
    -0.09971326594714132,
    -0.09983347305858753,
    -0.09995366852373798,
    -0.1000738525334118,
    -0.10019402527842815,
    -0.1003141869496061,
    -0.10043433773776478,
    -0.10055447783372337,
    -0.10067460742830095,
    -0.10079472671231664,
    -0.10091483587658955,
    -0.10103493511193887,
    -0.10115502460918366,
    -0.10127510455914306,
    -0.10139517515263621,
    -0.10151523658048223,
    -0.10163528903350023,
    -0.10175533270250933,
    -0.10187536777832869
]