[
    -0.701548989828041,
    -0.7015086695351185,
    -0.7014690438399627,
    -0.7014301105807136,
    -0.701391867595511,
    -0.7013543127224944,
    -0.7013174437998038,
    -0.7012812586655788,
    -0.7012457551579594,
    -0.7012109311150851,
    -0.7011767843750958,
    -0.7011433127761313,
    -0.7011105141563313,
    -0.7010783863538355,
    -0.7010469272067839,
    -0.7010161345533158,
    -0.7009860062315714,
    -0.7009565400796903,
    -0.7009277339358122,
    -0.7008995856380769,
    -0.7008720930246243,
    -0.7008452539335941,
    -0.7008190662031258,
    -0.7007935276713595,
    -0.7007686361764349,
    -0.7007443895564915,
    -0.7007207856496693,
    -0.7006978222941083,
    -0.7006754973279476,
    -0.7006538085893275,
    -0.7006327539163877,
    -0.7006123311472677,
    -0.7005925381201075,
    -0.7005733726730468,
    -0.7005548326442252,
    -0.7005369158717827,
    -0.700519620193859,
    -0.7005029434485939,
    -0.7004868834741269,
    -0.700471438108598,
    -0.7004566051901471,
    -0.7004423825569136,
    -0.7004287680470374,
    -0.7004157594986584,
    -0.7004033547499162,
    -0.7003915516389506,
    -0.7003803480039015,
    -0.7003697416829084,
    -0.7003597305141113,
    -0.7003503123356497,
    -0.7003414849856637,
    -0.7003332463022928,
    -0.7003255941236768,
    -0.7003185262879557,
    -0.7003120406332689,
    -0.7003061349977563,
    -0.7003008072195579,
    -0.700296055136813,
    -0.7002918765876617,
    -0.7002882694102438,
    -0.7002852314426988,
    -0.7002827605231665,
    -0.7002808544897869,
    -0.7002795111806996,
    -0.7002787284340445,
    -0.700278504087961,
    -0.7002788359805894,
    -0.7002797219500689,
    -0.7002811598345395,
    -0.7002831474721412,
    -0.7002856827010134,
    -0.700288763359296,
    -0.700292387285129,
    -0.7002965523166517,
    -0.700301256292004,
    -0.700306497049326,
    -0.7003122724267571,
    -0.7003185802624372,
    -0.7003254183945059,
    -0.7003327846611034,
    -0.7003406769003688,
    -0.7003490929504425,
    -0.7003580306494639,
    -0.7003674878355728,
    -0.7003774623469089,
    -0.7003879520216123,
    -0.7003989546978223,
    -0.700410468213679,
    -0.7004224904073222,
    -0.7004350191168912,
    -0.7004480521805263,
    -0.7004615874363669,
    -0.7004756227225529,
    -0.7004901558772242,
    -0.7005051847385202,
    -0.700520707144581,
    -0.7005367209335462,
    -0.7005532239435557,
    -0.7005702140127491,
    -0.7005876889792662,
    -0.7006056466812467,
    -0.7006240849568306,
    -0.7006430016441575,
    -0.700662394581367,
    -0.7006822616065991,
    -0.7007026005579936,
    -0.70072340927369,
    -0.7007446855918282,
    -0.7007664273505482,
    -0.7007886323879893,
    -0.7008112985422915,
    -0.7008344236515948,
    -0.7008580055540384,
    -0.7008820420877625,
    -0.7009065310909068,
    -0.700931470401611,
    -0.7009568578580148,
    -0.7009826912982581,
    -0.7010089685604804,
    -0.7010356874828219,
    -0.7010628459034218,
    -0.7010904416604204,
    -0.7011184725919571,
    -0.7011469365361719,
    -0.7011758313312044,
    -0.7012051548151945,
    -0.7012349048262817,
    -0.7012650792026062,
    -0.7012956757823072,
    -0.7013266924035249,
    -0.7013581269043989,
    -0.7013899771230689,
    -0.7014222408976748,
    -0.7014549160663562,
    -0.7014880004672532,
    -0.7015214919385052,
    -0.701555388318252,
    -0.7015896874446336,
    -0.7016243871557896,
    -0.7016594852898596,
    -0.7016949796849836,
    -0.7017308681793014,
    -0.7017671486109525,
    -0.701803818818077,
    -0.7018408766388142,
    -0.7018783199113043,
    -0.7019161464736868,
    -0.7019543541641018,
    -0.7019929408206886,
    -0.7020319042815872,
    -0.7020712423849375,
    -0.7021109529688789,
    -0.7021510338715514,
    -0.7021914829310949,
    -0.7022322979856488,
    -0.7022734768733531,
    -0.7023150174323476,
    -0.7023569175007718,
    -0.7023991749167656,
    -0.702441787518469,
    -0.7024847531440215,
    -0.7025280696315628,
    -0.7025717348192329,
    -0.7026157465451713,
    -0.702660102647518,
    -0.7027048009644126,
    -0.702749839333995,
    -0.7027952155944048,
    -0.7028409275837818,
    -0.702886973140266,
    -0.7029333501019968,
    -0.7029800563071141,
    -0.7030270895937578,
    -0.7030744478000676,
    -0.703122128764183,
    -0.703170130324244,
    -0.7032184503183905,
    -0.703267086584762,
    -0.7033160369614984,
    -0.7033652992867394,
    -0.7034148713986247,
    -0.7034647511352942,
    -0.7035149363348876,
    -0.7035654248355446,
    -0.703616214475405,
    -0.7036673030926087,
    -0.7037186885252953,
    -0.7037703686116046,
    -0.7038223411896762,
    -0.7038746040976503,
    -0.7039271551736663,
    -0.7039799922558639,
    -0.7040331131823833,
    -0.7040865157913637,
    -0.7041401979209453,
    -0.7041941574092676,
    -0.7042483920944705,
    -0.7043028998146936,
    -0.7043576784080771,
    -0.7044127257127601,
    -0.7044680395668828,
    -0.704523617808585,
    -0.7045794582760061,
    -0.7046355588072861,
    -0.7046919172405648,
    -0.7047485314139821,
    -0.7048053991656773,
    -0.7048625183337905,
    -0.7049198867564614,
    -0.7049775022718299,
    -0.7050353627180354,
    -0.705093465933218,
    -0.7051518097555172,
    -0.705210392023073,
    -0.705269210574025,
    -0.7053282632465131,
    -0.7053875478786769,
    -0.7054470623086562,
    -0.705506804374591,
    -0.7055667719146207,
    -0.7056269627668852,
    -0.7056873747695244,
    -0.7057480057606779,
    -0.7058088535784854,
    -0.705869916061087,
    -0.7059311910466219,
    -0.7059926763732304,
    -0.7060543698790521,
    -0.7061162694022266,
    -0.7061783727808938,
    -0.7062406778531934,
    -0.7063031824572653,
    -0.7063658844312491,
    -0.7064287816132846,
    -0.7064918718415116,
    -0.7065551529540699,
    -0.7066186227890991,
    -0.7066822791847391,
    -0.7067461199791296,
    -0.7068101430104105,
    -0.7068743461167214,
    -0.706938727136202,
    -0.7070032839069922,
    -0.7070680142672318,
    -0.7071329160550605,
    -0.707197987108618,
    -0.707263225266044,
    -0.7073286283654786,
    -0.7073941942450612,
    -0.7074599207429317,
    -0.70752580569723,
    -0.7075918469460956,
    -0.7076580423276684,
    -0.7077243896800881,
    -0.7077908868414946,
    -0.7078575316500274,
    -0.7079243219438266,
    -0.7079912555610317,
    -0.7080583303397825,
    -0.7081255441182188,
    -0.7081928947344807,
    -0.7082603800267072,
    -0.7083279978330387,
    -0.7083957459916148,
    -0.708463622340575,
    -0.7085316247180594,
    -0.7085997509622077,
    -0.7086679989111596,
    -0.7087363664030547,
    -0.7088048512760331,
    -0.7088734513682343,
    -0.7089421645177981,
    -0.7090109885628644,
    -0.7090799213415728,
    -0.7091489606920631,
    -0.7092181044524751,
    -0.7092873504609487,
    -0.7093566965556234,
    -0.709426140574639,
    -0.7094956803561355,
    -0.7095653137382524,
    -0.7096350385591295,
    -0.7097048526569067,
    -0.7097747538697236,
    -0.7098447400357201,
    -0.7099148089930358,
    -0.7099849585798107,
    -0.7100551866341843,
    -0.7101254909942966,
    -0.7101958694982872,
    -0.7102663199842959,
    -0.7103368402904624,
    -0.7104074282549266,
    -0.7104780817158282,
    -0.7105487985113068,
    -0.7106195764795026,
    -0.7106904134585549,
    -0.7107613072866036,
    -0.7108322558017885,
    -0.7109032568422494,
    -0.7109743082461261,
    -0.7110454078515581,
    -0.7111165534966855,
    -0.7111877430196478,
    -0.7112589742585849,
    -0.7113302450516366,
    -0.7114015532369424,
    -0.7114728966526424,
    -0.7115442731368762,
    -0.7116156805277835,
    -0.711687116663504,
    -0.7117585793821779,
    -0.7118300665219444,
    -0.7119015759209436,
    -0.7119731054173151,
    -0.7120446528491989,
    -0.7121162160547345,
    -0.7121877928720617,
    -0.7122593811393205,
    -0.7123309786946503,
    -0.7124025833761911,
    -0.7124741930220827,
    -0.7125458054704645,
    -0.7126174185594767,
    -0.712689030127259,
    -0.7127606380119509,
    -0.7128322400516923,
    -0.712903834084623,
    -0.7129754179488828,
    -0.7130469894826112,
    -0.7131185465239483,
    -0.7131900869110338,
    -0.7132616084820071,
    -0.7133331090750085,
    -0.7134045865281774,
    -0.7134760386796537,
    -0.713547463367577,
    -0.7136188584300873,
    -0.7136902217053243,
    -0.7137615510314275,
    -0.713832844246537,
    -0.7139040991887924,
    -0.7139753136963334,
    -0.7140464856072999,
    -0.7141176127598318,
    -0.7141886929920684,
    -0.7142597241421498,
    -0.7143307040482157,
    -0.714401630548406,
    -0.7144725014808601,
    -0.7145433146837181,
    -0.7146140679951196,
    -0.7146847592532044,
    -0.7147553862961123,
    -0.714825946961983,
    -0.7148964390889563,
    -0.7149668605151718,
    -0.7150372090787697,
    -0.7151074826178891,
    -0.7151776789706703,
    -0.715247795975253,
    -0.7153178314697768,
    -0.7153877832923814,
    -0.7154576492812068,
    -0.7155274272743924,
    -0.7155971151100784,
    -0.7156667106264044,
    -0.71573621166151,
    -0.7158056160535351,
    -0.7158749216406194,
    -0.7159441262609028,
    -0.7160132277525249,
    -0.7160822239536254,
    -0.7161511127023444,
    -0.7162198918368213,
    -0.7162885591951961,
    -0.7163571126156085,
    -0.7164255499361981,
    -0.7164938689951048,
    -0.7165620676304685,
    -0.7166301436804287,
    -0.7166980949831252,
    -0.716765919376698,
    -0.7168336146992865,
    -0.7169011787890307,
    -0.7169686094840704,
    -0.7170359046225453,
    -0.7171030620425951,
    -0.7171700795823596,
    -0.7172369550799786,
    -0.7173036863735918,
    -0.7173702713013389,
    -0.7174367077013598,
    -0.7175029934117942,
    -0.7175691262707818,
    -0.7176351041164627,
    -0.7177009247869761,
    -0.7177665861204622,
    -0.7178320859550605,
    -0.7178974221289111,
    -0.7179625924801533,
    -0.7180275948469271,
    -0.7180924270673724,
    -0.7181570869796288,
    -0.7182215724218359,
    -0.7182858812321339,
    -0.7183500112486622,
    -0.7184139603095605,
    -0.7184777262529689,
    -0.718541306917027,
    -0.7186047001398744,
    -0.7186679037596511,
    -0.7187309156144969,
    -0.7187937335425512,
    -0.718856355381954,
    -0.7189187789708452,
    -0.7189810021473644,
    -0.7190430227496513,
    -0.7191048386158458,
    -0.7191664475840875,
    -0.7192278474925163,
    -0.7192890361792721,
    -0.7193500114824942,
    -0.7194107712403228,
    -0.7194713132908975,
    -0.719531635472358,
    -0.7195917356228442,
    -0.7196516115804956,
    -0.7197112611834524,
    -0.719770682269854,
    -0.7198298726778403,
    -0.7198888302455511,
    -0.7199475528111259,
    -0.7200060382127047,
    -0.7200642842884273,
    -0.7201222888764334,
    -0.7201800498148626,
    -0.7202375649418549,
    -0.7202948320955499,
    -0.7203518491140875,
    -0.7204086138356073,
    -0.7204651240982493,
    -0.7205213777401529,
    -0.7205773725994581,
    -0.7206331065143048,
    -0.7206885773228324,
    -0.7207437828631809,
    -0.7207987209734901,
    -0.7208533894918995,
    -0.720907786256549,
    -0.7209619091055787,
    -0.7210157558771279,
    -0.7210693244093365,
    -0.7211226125403442,
    -0.7211756181082909,
    -0.7212283389513163,
    -0.7212807729075601,
    -0.7213329178151623,
    -0.7213847715122623,
    -0.7214363318370002,
    -0.7214875966275155,
    -0.7215385637219481,
    -0.7215892309584376,
    -0.7216395961751242,
    -0.7216896572101471,
    -0.7217394119016464,
    -0.7217888580877616,
    -0.7218379936066329,
    -0.7218868162963996,
    -0.7219353239952018,
    -0.721983514541179,
    -0.7220313857724712,
    -0.7220789355272178,
    -0.7221261616435591,
    -0.7221730619596344,
    -0.7222196343135836,
    -0.7222658765435466,
    -0.7223117864876629,
    -0.7223573619840725,
    -0.7224026008709151,
    -0.7224475009863304,
    -0.7224920601684581,
    -0.7225362762554381,
    -0.7225801470854102,
    -0.722623670496514,
    -0.7226668443268893,
    -0.722709666414676,
    -0.7227521345980137,
    -0.7227942467150422,
    -0.7228360006039014,
    -0.7228773941027308,
    -0.7229184250496703,
    -0.7229590912828597,
    -0.7229993906404387,
    -0.7230393209605471,
    -0.7230788800813246,
    -0.7231180658409112,
    -0.7231568760774463,
    -0.7231953086290698,
    -0.7232333613339217,
    -0.7232710320301413,
    -0.7233083185558687,
    -0.7233452224020765,
    -0.7233817450597371,
    -0.723417888019823,
    -0.7234536527733071,
    -0.7234890408111617,
    -0.7235240536243595,
    -0.7235586927038729,
    -0.7235929595406748,
    -0.7236268556257375,
    -0.7236603824500336,
    -0.7236935415045359,
    -0.7237263342802166,
    -0.7237587622680486,
    -0.7237908269590044,
    -0.7238225298440565,
    -0.7238538724141774,
    -0.7238848561603399,
    -0.7239154825735163,
    -0.7239457531446795,
    -0.723975669364802,
    -0.7240052327248561,
    -0.7240344447158145,
    -0.7240633068286498,
    -0.7240918205543349,
    -0.7241199873838418,
    -0.7241478088081433,
    -0.7241752863182123,
    -0.7242024214050209,
    -0.7242292155595419,
    -0.724255670272748,
    -0.7242817870356114,
    -0.7243075673391051,
    -0.7243330126742014,
    -0.7243581245318729,
    -0.7243829044030922,
    -0.7244073537788319,
    -0.7244314741500647,
    -0.724455267007763,
    -0.7244787338428993,
    -0.7245018761464465,
    -0.7245246954093767,
    -0.7245471931226629,
    -0.7245693707772776,
    -0.7245912298641931,
    -0.7246127718743822,
    -0.7246339982988176,
    -0.7246549106284716,
    -0.7246755103543169,
    -0.724695798967326,
    -0.7247157779584718,
    -0.7247354488187263,
    -0.7247548130390625,
    -0.724773872110453,
    -0.7247926275238701,
    -0.7248110807702864,
    -0.7248292333406748,
    -0.7248470867260075,
    -0.7248646424172573,
    -0.7248819019053968,
    -0.7248988666813984,
    -0.7249155382362347,
    -0.7249319180608785,
    -0.7249480076463021,
    -0.7249638084834781,
    -0.7249793220633792,
    -0.7249945498769781,
    -0.725009493415247,
    -0.7250241541691588,
    -0.725038533629686,
    -0.725052633287801,
    -0.7250664546344765,
    -0.7250799991606852,
    -0.7250932683573994,
    -0.725106263715592,
    -0.7251189867262353,
    -0.725131438880302,
    -0.7251436216687646,
    -0.7251555365825957,
    -0.725167185112768,
    -0.725178568750254,
    -0.7251896889860261,
    -0.7252005473110572,
    -0.7252111452163196,
    -0.7252214841927859,
    -0.7252315657314289,
    -0.725241391323221,
    -0.7252509624591347,
    -0.7252602806301428,
    -0.7252693473272176,
    -0.7252781640413318,
    -0.7252867322634581,
    -0.725295053484569,
    -0.725303129195637,
    -0.7253109608876347,
    -0.7253185500515347,
    -0.7253258981783095,
    -0.7253330067589319,
    -0.7253398772843742,
    -0.7253465112456091,
    -0.7253529101336091,
    -0.7253590754393471,
    -0.7253650086537952,
    -0.7253707112679262,
    -0.7253761847727127,
    -0.7253814306591272,
    -0.7253864504181423,
    -0.7253912455407305,
    -0.7253958175178647,
    -0.7254001678405171,
    -0.7254042979996604,
    -0.7254082094862673,
    -0.7254119037913102,
    -0.7254153824057616,
    -0.7254186468205944,
    -0.7254216985267808,
    -0.7254245390152937,
    -0.7254271697771055,
    -0.7254295923031888,
    -0.7254318080845161,
    -0.7254338186120601,
    -0.7254356253767934,
    -0.7254372298696885,
    -0.7254386335817179,
    -0.7254398380038544,
    -0.7254408446270703,
    -0.7254416549423383,
    -0.7254422704406309,
    -0.7254426926129209,
    -0.7254429229501806,
    -0.7254429629433828,
    -0.7254428140835,
    -0.7254424778615046,
    -0.7254419557683695,
    -0.725441249295067,
    -0.7254403599325698,
    -0.7254392891718504,
    -0.7254380385038816,
    -0.7254366094196356,
    -0.7254350034100852,
    -0.725433221966203,
    -0.7254312665789615,
    -0.7254291387393332,
    -0.7254268399382909,
    -0.7254243716668071,
    -0.7254217354158541,
    -0.7254189326764048,
    -0.7254159649394317,
    -0.7254128336959074,
    -0.7254095404368042,
    -0.7254060866530951,
    -0.7254024738357524,
    -0.7253987034757486,
    -0.7253947770640566,
    -0.7253906960916487,
    -0.7253864620494976,
    -0.725382076428576,
    -0.725377540719856,
    -0.7253728564143107,
    -0.7253680250029124,
    -0.7253630479766338,
    -0.7253579268264472,
    -0.7253526630433255,
    -0.7253472581182413,
    -0.7253417135421668,
    -0.7253360308060749,
    -0.7253302114009382,
    -0.725324256817729,
    -0.7253181685474202,
    -0.7253119480809841,
    -0.7253055969093933,
    -0.7252991165236206,
    -0.7252925084146383,
    -0.7252857740734192,
    -0.7252789149909357,
    -0.7252719326581605,
    -0.7252648285660662,
    -0.7252576042056251,
    -0.7252502610678101,
    -0.7252428006435938,
    -0.7252352244239484,
    -0.7252275338998467,
    -0.7252197305622615,
    -0.725211815902165,
    -0.7252037914105299,
    -0.7251956585783289,
    -0.7251874188965344,
    -0.725179073856119,
    -0.7251706249480553,
    -0.7251620736633161,
    -0.7251534214928735,
    -0.7251446699277005,
    -0.7251358204587696,
    -0.7251268745770532,
    -0.7251178337735239,
    -0.7251086995391545,
    -0.7250994733649173,
    -0.725090156741785,
    -0.7250807511607302,
    -0.7250712581127254,
    -0.7250616790887432,
    -0.7250520155797564,
    -0.7250422690767371,
    -0.7250324410706582,
    -0.7250225330524922,
    -0.7250125465132119,
    -0.7250024829437894,
    -0.7249923438351976,
    -0.7249821306784092,
    -0.7249718449643964,
    -0.724961488184132,
    -0.7249510618285886,
    -0.7249405673887386,
    -0.7249300063555547,
    -0.7249193802200096,
    -0.7249086904730755,
    -0.7248979386057254,
    -0.7248871261089316,
    -0.7248762544736668,
    -0.7248653251909034,
    -0.7248543397516142,
    -0.7248432996467717,
    -0.7248322063673485,
    -0.724821061404317,
    -0.7248098662486501,
    -0.7247986223913201,
    -0.7247873313232995,
    -0.7247759945355612,
    -0.7247646135190775,
    -0.7247531897648212,
    -0.7247417247637645,
    -0.7247302200068806,
    -0.7247186769851414,
    -0.7247070971895199,
    -0.7246954821109886,
    -0.7246838332405199,
    -0.7246721520690864,
    -0.7246604400876611,
    -0.7246486987872159,
    -0.724636929658724,
    -0.7246251341931575,
    -0.7246133138814893,
    -0.7246014702146918,
    -0.7245896046837377,
    -0.7245777187795993,
    -0.7245658139932495,
    -0.7245538918156607,
    -0.7245419537378056,
    -0.7245300012506566,
    -0.7245180358451864,
    -0.7245060590123676,
    -0.7244940722431726,
    -0.7244820770285741,
    -0.7244700748595448,
    -0.7244580672270571,
    -0.7244460556220835,
    -0.7244340415355968,
    -0.7244220264585695,
    -0.724410011881974,
    -0.724397999296783,
    -0.7243859901939692,
    -0.724373986064505,
    -0.724361988399363,
    -0.724349998689516,
    -0.7243380184259361,
    -0.7243260490995963,
    -0.7243140922014691,
    -0.724302149222527,
    -0.7242902216537425,
    -0.7242783109860883,
    -0.7242664187105369,
    -0.724254546318061,
    -0.7242426952996329,
    -0.7242308671462255,
    -0.7242190633488111,
    -0.7242072853983625,
    -0.7241955347858523,
    -0.7241838130022528,
    -0.7241721215385367,
    -0.7241604618856767,
    -0.7241488355346453,
    -0.7241372439764149,
    -0.7241256887019584,
    -0.7241141712022481,
    -0.7241026929682566,
    -0.7240912554909568,
    -0.7240798602613208,
    -0.7240685087703214,
    -0.7240572025089312,
    -0.7240459429681229,
    -0.7240347316388688,
    -0.7240235700121415,
    -0.7240124595789138,
    -0.7240014018301582,
    -0.7239903982568471,
    -0.7239794503499533,
    -0.7239685596004491,
    -0.7239577274993073,
    -0.7239469555375005,
    -0.7239362452060012,
    -0.7239255979957818,
    -0.7239150153978152,
    -0.7239044989030738,
    -0.7238940500025302,
    -0.7238836701871568,
    -0.7238733609479266,
    -0.7238631237758117,
    -0.723852960161785,
    -0.723842871596819,
    -0.7238328595718861,
    -0.7238229255779591,
    -0.7238130711060106,
    -0.7238032976470129,
    -0.7237936066919387,
    -0.7237839997317607,
    -0.7237744782574514,
    -0.7237650437599833,
    -0.723755697730329,
    -0.7237464416594612,
    -0.7237372770383523,
    -0.723728205357975,
    -0.723719228109302,
    -0.7237103467833055,
    -0.7237015628709583,
    -0.723692877863233,
    -0.7236842932511021,
    -0.7236758105255382,
    -0.7236674311775139,
    -0.7236591566980017,
    -0.7236509885779743,
    -0.7236429283084042,
    -0.7236349773802639,
    -0.7236271372845262,
    -0.7236194095121634,
    -0.7236117955541482,
    -0.7236042969014532,
    -0.723596915045051,
    -0.7235896514759141,
    -0.7235825076850151,
    -0.7235754851633265,
    -0.7235685854018211,
    -0.7235618098914711,
    -0.7235551601232495,
    -0.7235486375881285,
    -0.723542243777081,
    -0.7235359801810793,
    -0.7235298482910961,
    -0.7235238495981041,
    -0.7235179855930757,
    -0.7235122577669835,
    -0.7235066676108001,
    -0.7235012166154979,
    -0.7234959062720498,
    -0.7234907380714283,
    -0.7234857135046058,
    -0.7234808340625549,
    -0.7234761012362483,
    -0.7234715165166585,
    -0.7234670813947581,
    -0.7234627973615196,
    -0.7234586659079157,
    -0.7234546885249189,
    -0.7234508667035018,
    -0.7234472019346371,
    -0.723443695709297,
    -0.7234403495184544,
    -0.7234371648530818,
    -0.7234341432041518,
    -0.7234312860626368,
    -0.7234285949195095,
    -0.7234260712657427,
    -0.7234237165923086,
    -0.7234215323901799,
    -0.7234195201503294,
    -0.7234176813637293,
    -0.7234160175213523,
    -0.7234145301141712,
    -0.7234132206331584,
    -0.7234120905692863,
    -0.7234111414135279,
    -0.7234103746568553,
    -0.7234097917902415,
    -0.7234093943046588,
    -0.7234091836910798,
    -0.7234091614404771,
    -0.7234093290438233,
    -0.7234096879920912,
    -0.7234102397762529,
    -0.7234109858872813,
    -0.7234119278161489,
    -0.7234130670538282,
    -0.723414405091292,
    -0.7234159434195127,
    -0.7234176835294628,
    -0.7234196269121149,
    -0.7234217750584419,
    -0.7234241294594159,
    -0.7234266916060098,
    -0.723429462989196,
    -0.7234324450999472,
    -0.7234356394292359,
    -0.7234390474680347,
    -0.7234426707073163,
    -0.7234465106380529,
    -0.7234505687512174,
    -0.7234548465377824,
    -0.7234593454887202,
    -0.7234640670950035,
    -0.7234690128476052,
    -0.7234741842374974,
    -0.7234795827556528,
    -0.7234852098930441,
    -0.7234910671406439,
    -0.7234971559894247,
    -0.7235034779303589,
    -0.7235100344544193,
    -0.7235168270525785,
    -0.7235238572158088,
    -0.7235311264350832,
    -0.7235386362013738,
    -0.7235463880056535,
    -0.7235543833388949,
    -0.7235626236920703,
    -0.7235711105561524,
    -0.7235798454221141,
    -0.7235888297809274,
    -0.7235980651235652,
    -0.723607552941,
    -0.7236172947242046,
    -0.7236272919641511,
    -0.7236375461518125,
    -0.7236480587781613,
    -0.7236588313341699,
    -0.7236698653108109,
    -0.7236811621990572,
    -0.7236927234898809,
    -0.7237045506742549,
    -0.7237166452431517,
    -0.7237290086875438,
    -0.7237416424984038,
    -0.7237545481667043,
    -0.723767727183418,
    -0.7237811810395172,
    -0.7237949112259746,
    -0.7238089192337629,
    -0.7238232065538546,
    -0.7238377746772221,
    -0.7238526250948383,
    -0.7238677592976754,
    -0.7238831787767063,
    -0.7238988850229034,
    -0.7239148795272393,
    -0.7239311637806867,
    -0.7239477392742178,
    -0.7239646074988058,
    -0.7239817699454227,
    -0.7239992281050414,
    -0.7240169834686343,
    -0.724035037527174,
    -0.7240533917716331,
    -0.7240720476929844,
    -0.7240910067822001,
    -0.7241102705302528,
    -0.7241298404281155,
    -0.7241497179667603,
    -0.7241699046371599,
    -0.7241904019302872,
    -0.7242112113371143,
    -0.724232334348614,
    -0.7242537724557588,
    -0.7242755271495216,
    -0.7242975999208745,
    -0.7243199922607902,
    -0.7243427056602416,
    -0.724365741610201,
    -0.7243891016016408,
    -0.7244127871255339,
    -0.7244367996728528,
    -0.7244611407345699,
    -0.724485811801658,
    -0.7245108143650897,
    -0.7245361499158373,
    -0.7245618199448735,
    -0.724587825943171,
    -0.7246141694017022,
    -0.7246408518114397,
    -0.7246678746633562,
    -0.7246952394484243,
    -0.7247229476576164,
    -0.7247510007819051,
    -0.7247794003122631,
    -0.7248081477396627,
    -0.724837244555077,
    -0.724866692249478,
    -0.7248964923138386,
    -0.7249266462391313,
    -0.7249571555163287,
    -0.7249880216364033,
    -0.7250192460903276,
    -0.7250508303690746,
    -0.7250827759636164,
    -0.7251150816451385,
    -0.7251477461848265,
    -0.7251807683538655,
    -0.7252141469234411,
    -0.7252478806647388,
    -0.7252819683489437,
    -0.7253164087472413,
    -0.7253512006308173,
    -0.7253863427708566,
    -0.7254218339385448,
    -0.7254576729050674,
    -0.7254938584416097,
    -0.7255303893193572,
    -0.7255672643094951,
    -0.7256044821832092,
    -0.7256420417116843,
    -0.7256799416661062,
    -0.7257181808176603,
    -0.7257567579375317,
    -0.7257956717969061,
    -0.7258349211669689,
    -0.7258745048189053,
    -0.7259144215239007,
    -0.7259546700531406,
    -0.7259952491778106,
    -0.7260361576690956,
    -0.7260773942981813,
    -0.7261189578362532,
    -0.7261608470544966,
    -0.7262030607240967,
    -0.7262455976162392,
    -0.7262884565021092,
    -0.7263316361528923,
    -0.7263751353397739,
    -0.7264189528339393,
    -0.726463087406574,
    -0.7265075378288631,
    -0.7265523028719926,
    -0.7265973813071472,
    -0.7266427719055127,
    -0.7266884734382746,
    -0.7267344846766179,
    -0.7267808043917283,
    -0.7268274313547912,
    -0.7268743643369918,
    -0.7269216021095156,
    -0.7269691434435481,
    -0.7270169871102744,
    -0.7270651318808802,
    -0.7271135765265508,
    -0.7271623198184716,
    -0.7272113605278279,
    -0.7272606974258051,
    -0.727310329283589,
    -0.7273602548723643,
    -0.727410472963317,
    -0.7274609823276322,
    -0.7275117817364953,
    -0.7275628699610918,
    -0.727614245772607,
    -0.7276659079422264,
    -0.7277178552411353,
    -0.7277700864405192,
    -0.7278226003115634,
    -0.7278753956254533,
    -0.7279284711533743,
    -0.7279818256665119,
    -0.7280354579360514,
    -0.7280893667331781,
    -0.7281435508290778,
    -0.7281980089949354,
    -0.7282527400019365,
    -0.7283077426212666,
    -0.7283630156241109,
    -0.7284185577816549,
    -0.7284743678650841,
    -0.7285304446455837,
    -0.7285867868943392,
    -0.7286433933825359,
    -0.7287002628813594,
    -0.7287573941619949,
    -0.7288147859956279,
    -0.7288724371534437,
    -0.7289303464066279,
    -0.7289885125263655,
    -0.7290469342838425,
    -0.7291056104502437,
    -0.7291645397967548,
    -0.7292237210945612,
    -0.7292831531148483,
    -0.7293428346288012,
    -0.7294027644076057,
    -0.729462941222447,
    -0.7295233638445106,
    -0.7295840310449816,
    -0.7296449415950459,
    -0.7297060942658884,
    -0.7297674878286947,
    -0.7298291210546504,
    -0.7298909927149406,
    -0.7299531015807508,
    -0.7300154464232664,
    -0.7300780260136728,
    -0.7301408391231553,
    -0.7302038845228995,
    -0.7302671609840906,
    -0.7303306672779141,
    -0.7303944021755553
]