[
    0.7225427126199808,
    0.7223598747880298,
    0.7221776145267037,
    0.7219959294535095,
    0.7218148171859544,
    0.7216342753415457,
    0.7214543015377902,
    0.7212748933921955,
    0.7210960485222687,
    0.7209177645455167,
    0.720740039079447,
    0.7205628697415665,
    0.7203862541493824,
    0.720210189920402,
    0.7200346746721324,
    0.7198597060220807,
    0.7196852815877542,
    0.7195113989866601,
    0.7193380558363053,
    0.7191652497541972,
    0.7189929783578428,
    0.7188212392647495,
    0.7186500300924243,
    0.7184793484583744,
    0.718309191980107,
    0.7181395582751293,
    0.7179704449609482,
    0.7178018496550712,
    0.7176337699750055,
    0.7174662035382577,
    0.7172991479623357,
    0.7171326008647463,
    0.7169665598629966,
    0.716801022574594,
    0.7166359866170455,
    0.7164714496078584,
    0.7163074091645396,
    0.7161438629045964,
    0.7159808084455362,
    0.715818243404866,
    0.7156561654000928,
    0.715494572048724,
    0.7153334609682667,
    0.7151728297762279,
    0.7150126760901151,
    0.7148529975274351,
    0.7146937917056954,
    0.714535056242403,
    0.7143767887550649,
    0.7142189868611887,
    0.7140616481782812,
    0.7139047703238497,
    0.7137483509154013,
    0.7135923875704434,
    0.7134368779064828,
    0.7132818195410269,
    0.7131272100915828,
    0.7129730471756577,
    0.7128193284107589,
    0.7126660514143932,
    0.7125132138040682,
    0.7123608131972907,
    0.712208847211568,
    0.7120573134644074,
    0.711906209573316,
    0.7117555331558008,
    0.7116052818293691,
    0.7114554532115283,
    0.711306044919785,
    0.7111570545716468,
    0.7110084797846208,
    0.7108603181762141,
    0.710712567363934,
    0.7105652249652874,
    0.7104182885977817,
    0.7102717558789241,
    0.7101256244262215,
    0.7099798918571814,
    0.7098345557893107,
    0.7096896138401165,
    0.7095450636271063,
    0.7094009027677871,
    0.7092571288796662,
    0.7091137395802505,
    0.7089707324870472,
    0.7088281052175638,
    0.7086858553893072,
    0.7085439806197844,
    0.708402478526503,
    0.7082613467269698,
    0.7081205828386921,
    0.7079801844791771,
    0.7078401492659321,
    0.7077004748164638,
    0.7075611587482799,
    0.7074221986788872,
    0.7072835922257931,
    0.7071453370065047,
    0.7070074306385291,
    0.7068698707393735,
    0.7067326549265451,
    0.706595780817551,
    0.7064592460298985,
    0.7063230481810947,
    0.7061871848886466,
    0.7060516537700616,
    0.7059164524428467,
    0.7057815785245093,
    0.7056470296325563,
    0.7055128033844951,
    0.7053788973978325,
    0.7052453092900762,
    0.7051120366787329,
    0.70497907718131,
    0.7048464284153148,
    0.704714087998254,
    0.7045820535476353,
    0.7044503226809655,
    0.7043188930157518,
    0.7041877621695015,
    0.7040569277597217,
    0.7039263874039197,
    0.7037961387196026,
    0.7036661793242773,
    0.7035365068354514,
    0.7034071188706318,
    0.7032780130473256,
    0.7031491869830403,
    0.7030206382952827,
    0.7028923646015601,
    0.7027643635193799,
    0.7026366326662488,
    0.7025091696596745,
    0.7023819721171637,
    0.7022550376562238,
    0.702128363894362,
    0.7020019484490854,
    0.7018757889379009,
    0.7017498829783162,
    0.7016242281878382,
    0.701498822183974,
    0.7013736625842308,
    0.701248747006116,
    0.7011240730671362,
    0.7009996383847992,
    0.7008754405766118,
    0.7007514772600814,
    0.7006277460527148,
    0.7005042445720195,
    0.7003809704355027,
    0.7002579212606714,
    0.7001350946650327,
    0.700012488266094,
    0.6998900996813622,
    0.6997679265283446,
    0.6996459664245485,
    0.6995242169874809,
    0.699402675834649,
    0.69928134058356,
    0.6991602088517209,
    0.6990392782566391,
    0.6989185464158219,
    0.6987980109467758,
    0.6986776694670087,
    0.6985575195940276,
    0.6984375589453392,
    0.6983177851384512,
    0.6981981957908707,
    0.6980787885201045,
    0.6979595609436602,
    0.6978405106790446,
    0.6977216353437652,
    0.697602932555329,
    0.697484399931243,
    0.6973660350890148,
    0.6972478356461512,
    0.6971297992201595,
    0.6970119234285469,
    0.6968942058888205,
    0.6967766442184874,
    0.696659236035055,
    0.6965419789560301,
    0.6964248705989202,
    0.6963079085812325,
    0.6961910905204738,
    0.6960744140341516,
    0.6959578767397729,
    0.6958414762548449,
    0.6957252101968749,
    0.69560907618337,
    0.6954930718318372,
    0.6953771947597839,
    0.6952614425847171,
    0.6951458129241439,
    0.6950303033955718,
    0.6949149116165076,
    0.6947996352044588,
    0.6946844717769323,
    0.6945694189514352,
    0.694454474345475,
    0.6943396355765588,
    0.6942249002621934,
    0.6941102660198865,
    0.6939957304671449,
    0.6938812912214758,
    0.6937669459003865,
    0.6936526921213839,
    0.6935385275019756,
    0.6934244496596685,
    0.6933104562119697,
    0.6931965447763866,
    0.6930827129704262,
    0.6929689584115957,
    0.6928552787174023,
    0.692741671505353,
    0.6926281343929552,
    0.6925146649977161,
    0.6924012609371426,
    0.6922879198287419,
    0.6921746392900214,
    0.6920614169384881,
    0.6919482503916492,
    0.691835137267012,
    0.6917220751820834,
    0.6916090617543708,
    0.6914960946013813,
    0.6913831713406219,
    0.6912702895896,
    0.6911574469658227,
    0.691044641086797,
    0.6909318695700304,
    0.6908191300330297,
    0.6907064200933024,
    0.6905937373683555,
    0.6904810794756961,
    0.6903684440328316,
    0.6902558286572689,
    0.6901432309665152,
    0.6900306485780779,
    0.689918079109464,
    0.6898055201781805,
    0.6896929694017351,
    0.6895804243976342,
    0.6894678827833858,
    0.6893553421764964,
    0.6892428001944735,
    0.6891302544548241,
    0.6890177025750556,
    0.6889051421726748,
    0.6887925708651893,
    0.6886799862701061,
    0.6885673860049322,
    0.6884547676871748,
    0.6883421289343413,
    0.6882294673639386,
    0.6881167805934741,
    0.6880040662404548,
    0.687891321922388,
    0.6877785452567808,
    0.6876657338611403,
    0.6875528853529738,
    0.6874399973497883,
    0.6873270674690911,
    0.6872140933283893,
    0.6871010725451903,
    0.6869880027370008,
    0.6868748815213284,
    0.6867617065156798,
    0.6866484753375628,
    0.6865351856044841,
    0.686421834933951,
    0.6863084209434708,
    0.6861949412505504,
    0.686081393472697,
    0.685967775227418,
    0.6858540841322205,
    0.6857403178046115,
    0.6856264738620983,
    0.6855125499221881,
    0.6853985436023879,
    0.6852844525202051,
    0.6851702742931465,
    0.6850560065387198,
    0.6849416468744317,
    0.6848271929177896,
    0.6847126422863006,
    0.6845979925974719,
    0.6844832414688105,
    0.6843683865178238,
    0.6842534253620189,
    0.6841383556189029,
    0.6840231749059832,
    0.6839078808407666,
    0.6837924710407604,
    0.6836769431234719,
    0.6835612947064081,
    0.6834455234070763,
    0.6833296268429837,
    0.6832136026316373,
    0.6830974483905443,
    0.6829811617372121,
    0.6828647402891475,
    0.6827481816638579,
    0.6826314834788505,
    0.6825146433516321,
    0.6823976588997105,
    0.6822805277405923,
    0.6821632474917849,
    0.6820458157707956,
    0.6819282301951313,
    0.6818104883822993,
    0.6816925879498069,
    0.6815745265151609,
    0.6814563016958688,
    0.6813379111094378,
    0.6812193523733746,
    0.6811006231051869,
    0.6809817209223815,
    0.6808626434424659,
    0.6807433882829471,
    0.6806239530613322,
    0.6805043353951284,
    0.680384532901843,
    0.6802645431989829,
    0.6801443639040555,
    0.6800239926345679,
    0.6799034270080273,
    0.6797826646419408,
    0.6796617031538156,
    0.6795405401611587,
    0.6794191732814777,
    0.6792976001322794,
    0.679175818331071,
    0.6790538254953599,
    0.6789316192426529,
    0.6788091971904575,
    0.6786865569562807,
    0.6785636961576296,
    0.6784406124120116,
    0.6783173033369337,
    0.678193766549903,
    0.678069999668427,
    0.6779460003100124,
    0.6778217660921668,
    0.6776972946323971,
    0.6775725835482105,
    0.6774476304571142,
    0.6773224329766154,
    0.6771969887242212,
    0.6770712953174389,
    0.6769453503737756,
    0.6768191515107382,
    0.6766926963458344,
    0.676565982496571,
    0.6764390075804552,
    0.6763117692149941,
    0.6761842650176951,
    0.6760564926060653,
    0.6759284495976117,
    0.6758001336098416,
    0.6756715422602622,
    0.6755426731663806,
    0.675413523945704,
    0.6752840922157395,
    0.6751543755939944,
    0.6750243716979756,
    0.6748940781451906,
    0.6747634925531464,
    0.6746326125393501,
    0.6745014357213092,
    0.6743699597165304,
    0.6742381821425211,
    0.6741061006167886,
    0.6739737127568397,
    0.6738410161801819,
    0.6737080085043223,
    0.6735746873467678,
    0.6734410503250261,
    0.6733070950566039,
    0.6731728191590085,
    0.6730382202497471,
    0.6729032959463269,
    0.6727680438662551,
    0.6726324616270387,
    0.6724965468461849,
    0.672360297141201,
    0.6722237101295941,
    0.6720867834288713,
    0.67194951465654,
    0.671811901430107,
    0.6716739413670797,
    0.6715356320849654,
    0.6713969712012708,
    0.6712579563335036,
    0.6711185850991707,
    0.6709788551157791,
    0.6708387640008364,
    0.6706983093718495,
    0.6705574888463255,
    0.6704163000417718,
    0.6702747405756954,
    0.6701328080656034,
    0.6699905001290032,
    0.6698478143834018,
    0.6697047484463062,
    0.6695612999352241,
    0.669417466467662,
    0.6692732456611277,
    0.669128635133128,
    0.66898363250117,
    0.6688382353827611,
    0.6686924413954085,
    0.668546248156619,
    0.6683996532839002,
    0.668252654394759,
    0.6681052491067025,
    0.6679574350372384,
    0.667809209803873,
    0.6676605710241144,
    0.667511516315469,
    0.6673620432954444,
    0.6672121495815475,
    0.6670618327912858,
    0.6669110905421661,
    0.666759920451696,
    0.6666083201373822,
    0.6664562872167321,
    0.666303819307253,
    0.6661509140264519,
    0.6659975689918358,
    0.6658437818209122,
    0.6656895501311879,
    0.6655348715401705,
    0.665379743665367,
    0.6652241641242844,
    0.66506813053443,
    0.664911640513311,
    0.6647546916784344,
    0.6645972816473076,
    0.6644394080374377,
    0.6642810684663316,
    0.6641222605514969,
    0.6639629819104405,
    0.6638032301606697,
    0.6636430029196915,
    0.6634822978050131,
    0.6633211124341418,
    0.6631594444245847,
    0.662997291393849,
    0.6628346509594418,
    0.6626715207388703,
    0.6625078983496415,
    0.662343781409263,
    0.6621791675352415,
    0.6620140543450844,
    0.6618484394562989,
    0.661682320486392,
    0.661515695052871,
    0.6613485607732431,
    0.6611809152650152,
    0.6610127561456949,
    0.6608440810327891,
    0.6606748875438049,
    0.6605051732962497,
    0.6603349359076305,
    0.6601641729954543,
    0.6599928821772287,
    0.6598210610704605,
    0.659648707292657,
    0.6594758184613255,
    0.6593023921939729,
    0.6591284261081066,
    0.6589539178212337,
    0.6587788649508612,
    0.6586032651144966,
    0.6584271159296468,
    0.6582504150138189,
    0.6580731599845204,
    0.6578953484592582,
    0.6577169780555394,
    0.6575380463908715,
    0.6573585510827614,
    0.6571784897487164,
    0.6569978600062436,
    0.6568166594728502,
    0.6566348857660432,
    0.6564525365033301,
    0.6562696093022178,
    0.6560861017802135,
    0.6559020115548245,
    0.6557173362435578,
    0.6555320734639207,
    0.6553462208334202,
    0.6551597759695638,
    0.6549727364898584,
    0.654785100011811,
    0.6545968641529293,
    0.6544080265307199,
    0.6542185847626903,
    0.6540285364663476,
    0.6538378792591991,
    0.6536466107587516,
    0.6534547351883662,
    0.6532622567714035,
    0.653069179731224,
    0.6528755082911889,
    0.6526812466746587,
    0.6524863991049941,
    0.652290969805556,
    0.6520949629997048,
    0.6518983829108017,
    0.6517012337622072,
    0.6515035197772819,
    0.6513052451793868,
    0.6511064141918825,
    0.6509070310381297,
    0.6507070999414895,
    0.650506625125322,
    0.6503056108129884,
    0.6501040612278495,
    0.6499019805932655,
    0.6496993731325978,
    0.6494962430692068,
    0.6492925946264532,
    0.6490884320276978,
    0.6488837594963015,
    0.6486785812556247,
    0.6484729015290285,
    0.6482667245398734,
    0.6480600545115203,
    0.6478528956673297,
    0.6476452522306626,
    0.6474371284248797,
    0.6472285284733416,
    0.6470194565994091,
    0.646809917026443,
    0.6465999139778039,
    0.6463894516768526,
    0.6461785343469499,
    0.6459671662114567,
    0.6457553514937333,
    0.6455430944171409,
    0.6453303992050398,
    0.645117270080791,
    0.6449037112677554,
    0.6446897269892933,
    0.6444753214687657,
    0.6442604989295335,
    0.6440452635949572,
    0.6438296196883975,
    0.6436135714332154,
    0.6433971230527713,
    0.6431802787704262,
    0.6429630428095408,
    0.6427454193934756,
    0.6425274127455918,
    0.6423090270892495,
    0.6420902666478102,
    0.641871135644634,
    0.641651638303082,
    0.6414317788465149,
    0.6412115614982933,
    0.6409909904817779,
    0.6407700700203297,
    0.6405488043373092,
    0.6403271976560772,
    0.6401052541999945,
    0.6398829781924218,
    0.6396603738567198,
    0.6394374454162494,
    0.639214197094371,
    0.6389906331144457,
    0.6387667576998342,
    0.638542575073897,
    0.638318089459995,
    0.638093305081489,
    0.6378682261617394,
    0.6376428569241075,
    0.6374172015919536,
    0.6371912643886385,
    0.6369650495375231,
    0.6367385612619679,
    0.6365118037853339,
    0.6362847813309818,
    0.6360574981222722,
    0.635829958382566,
    0.6356021663352237,
    0.6353741262036061,
    0.6351458422110742,
    0.6349173185809885,
    0.6346885595367098,
    0.6344595693015989,
    0.6342303520990163,
    0.6340009121523231,
    0.6337712536848799,
    0.6335413809200472,
    0.633311298081186,
    0.6330810093916571,
    0.6328505190748209,
    0.6326198313540385,
    0.6323889504526705,
    0.6321578805940775,
    0.6319266260016205,
    0.6316951908986601,
    0.631463579508557,
    0.6312317960546721,
    0.6309998447603657,
    0.6307677298489992,
    0.630535455543933,
    0.6303030260685276,
    0.6300704456461442,
    0.6298377185001433,
    0.6296048488538855,
    0.6293718409307318,
    0.6291386989540428,
    0.6289054271471793,
    0.6286720297335021,
    0.6284385109363717,
    0.6282048749791491,
    0.627971126085195,
    0.6277372684778699,
    0.6275033063805349,
    0.6272692440165504,
    0.6270350856092772,
    0.6268008353820764,
    0.6265664975583084,
    0.6263320763613338,
    0.6260975760145138,
    0.6258630007412088,
    0.6256283547647795,
    0.625393642308587,
    0.6251588675959916,
    0.6249240348503543,
    0.6246891482950359,
    0.6244542121533967,
    0.624219230648798,
    0.6239842080046003,
    0.6237491484441643,
    0.6235140561908508,
    0.6232789354680206,
    0.6230437904990341,
    0.6228086255072525,
    0.6225734447160363,
    0.6223382523487462,
    0.6221030526287431,
    0.6218678497793875,
    0.6216326480240405,
    0.6213974515860625,
    0.6211622646888144,
    0.620927091555657,
    0.6206919364099508,
    0.6204568034750566,
    0.6202216969743355,
    0.6199866211311478,
    0.6197515801688543,
    0.6195165783108161,
    0.6192816197803934,
    0.6190467088009475,
    0.6188118495958387,
    0.6185770463884278,
    0.6183423034020759,
    0.6181076248601433,
    0.6178730149859908,
    0.6176384780029796,
    0.6174040181344698,
    0.6171696396038224,
    0.6169353466343984,
    0.6167011434495582,
    0.6164670342726626,
    0.6162330233270725,
    0.6159991148361483,
    0.6157653130232512,
    0.6155316221117417,
    0.6152980463249804,
    0.6150645898863283,
    0.614831257019146,
    0.6145980519467942,
    0.6143649788926338,
    0.6141320420800254,
    0.6138992457323298,
    0.6136665940729076,
    0.6134340913251197,
    0.6132017417123269,
    0.6129695494578898,
    0.6127375187851691,
    0.6125056539175258,
    0.6122739590783202,
    0.6120424384909133,
    0.611811096378666,
    0.611579936964939,
    0.6113489644730925,
    0.611118183126488,
    0.6108875971484856,
    0.6106572107624466,
    0.6104270281917313,
    0.6101970536597006,
    0.6099672913897154,
    0.6097377456051362,
    0.6095084205293237,
    0.6092793203856389,
    0.6090504493974424,
    0.6088218117880948,
    0.608593411780957,
    0.60836525359939,
    0.6081373414667539,
    0.60790967960641,
    0.6076822722417187,
    0.607455123596041,
    0.6072282378927375,
    0.6070016193551688,
    0.606775272206696,
    0.6065492006706796,
    0.6063234089704802,
    0.6060979013294588,
    0.6058726819709761,
    0.6056477551183927,
    0.6054231249950696,
    0.6051987958243671,
    0.6049747718296464,
    0.604751057234268,
    0.6045276562615925,
    0.6043045731349811,
    0.6040818120777942,
    0.6038593773133925,
    0.6036372730651369,
    0.6034155035563881,
    0.6031940730105068,
    0.6029729856508537,
    0.6027522457007896,
    0.6025318573836752,
    0.6023118249228714,
    0.6020921525417386,
    0.601872844463638,
    0.60165390491193,
    0.6014353381099754,
    0.601217148281135,
    0.6009993396487695,
    0.6007819164362396,
    0.6005648828669061,
    0.6003482431641298,
    0.6001320015512712,
    0.5999161622516914,
    0.5997007294887508,
    0.5994857074858103,
    0.5992711004662308,
    0.5990569126533726,
    0.5988431482705968,
    0.598629811541264,
    0.598416906688735,
    0.5982044379363707,
    0.5979924095075315,
    0.5977808256255782,
    0.5975696905138718,
    0.5973590083957727,
    0.597148783494642,
    0.5969390200338401,
    0.5967297222367278,
    0.5965208943266661,
    0.5963125405270157,
    0.5961046650611369,
    0.595897272152391,
    0.5956903660241384,
    0.5954839508997398,
    0.5952780310025562,
    0.5950726105559482,
    0.5948676937832764,
    0.5946632849079018,
    0.594459388153185,
    0.5942560077424868,
    0.5940531478991677,
    0.5938508128465888,
    0.5936490068081107,
    0.5934477340070942,
    0.5932469986668998,
    0.5930468050108884,
    0.5928471572624208,
    0.5926480596448576,
    0.5924495163815596,
    0.5922515316958876,
    0.5920541098112022,
    0.5918572549508644,
    0.5916609713382346,
    0.5914652631966738,
    0.5912701347495426,
    0.5910755902202017,
    0.5908816338320121,
    0.5906882698083343,
    0.5904955023725291,
    0.5903033357479572,
    0.5901117741579796,
    0.5899208218259564,
    0.589730482975249,
    0.5895407618292179,
    0.5893516626112238,
    0.5891631895446275,
    0.5889753468527896,
    0.5887881387590711,
    0.5886015694868326,
    0.5884156432594347,
    0.5882303643002385,
    0.5880457368326043,
    0.587861765079893,
    0.5876784532654655,
    0.5874958056126824,
    0.5873138263449045,
    0.5871325196854925,
    0.5869518898578071,
    0.5867719410852091,
    0.5865926775910593,
    0.5864141035987183,
    0.5862362233315468,
    0.5860590410129058,
    0.5858825608661558,
    0.5857067871146576,
    0.585531723981772,
    0.5853573756908597,
    0.5851837464652814,
    0.5850108405283978,
    0.5848386621035698,
    0.5846672154141581,
    0.5844965046835233,
    0.5843265341350263,
    0.5841573079920277,
    0.5839888304778884,
    0.583821105815969,
    0.5836541382296303,
    0.5834879319422329,
    0.5833224911771379,
    0.5831578201577057,
    0.5829939231072969,
    0.5828308042492728,
    0.5826684678069937,
    0.5825069180038205,
    0.5823461590631138,
    0.5821861952082346,
    0.5820270306625434,
    0.581868669649401,
    0.5817111163921681,
    0.5815543751142056,
    0.581398450038874,
    0.5812433453895343,
    0.5810890653895471,
    0.580935614262273,
    0.5807829962310731,
    0.5806312155193079,
    0.580480276350338,
    0.5803301829475245,
    0.5801809395342279,
    0.5800325503338088,
    0.5798850195696283,
    0.579738351465047,
    0.5795925502434256,
    0.5794476201281247,
    0.5793035653425052,
    0.579160390109928,
    0.5790180986537535,
    0.5788766951973425,
    0.5787361839640561,
    0.5785965691772547,
    0.578457855060299,
    0.57832004583655,
    0.5781831457293682,
    0.5780471589621143,
    0.5779120897581493,
    0.577777942340834,
    0.5776447209335287,
    0.5775124297595945,
    0.5773810730423918,
    0.5772506550052818,
    0.5771211798716251,
    0.5769926518647821,
    0.5768650752081139,
    0.5767384541249813,
    0.5766127928387446,
    0.5764880955727649,
    0.5763643665504028,
    0.576241609995019,
    0.5761198301299746,
    0.5759990311786297,
    0.5758792173643457,
    0.5757603929104829,
    0.5756425620404021,
    0.5755257289774642,
    0.57540989794503,
    0.5752950731664599,
    0.5751812588651148,
    0.5750684592643556,
    0.5749566785875428,
    0.5748459210580374,
    0.5747361908991999,
    0.574627492334391,
    0.5745198295869718,
    0.5744132068803026,
    0.5743076284377445,
    0.574203098482658,
    0.574099621238404,
    0.573997200928343,
    0.5738958417758362,
    0.5737955480042437,
    0.5736963238369268,
    0.573598173497246,
    0.5735011012085618,
    0.5734051111942355,
    0.5733102076776275,
    0.5732163948820984,
    0.5731236770310093,
    0.5730320583477206,
    0.5729415430555933,
    0.5728521353779881,
    0.5727638395382654,
    0.5726766597597863,
    0.5725906002659116,
    0.5725056652800018,
    0.5724218590254178,
    0.5723391857255202,
    0.5722576496036698,
    0.5721772548832273,
    0.5720980057875535,
    0.5720199065400091,
    0.5719429613639551,
    0.5718671744827517,
    0.57179255011976,
    0.5717190924983409,
    0.5716468058418546,
    0.5715756943736623,
    0.5715057623171247,
    0.5714370138956022,
    0.5713694533324559,
    0.5713030848510463,
    0.5712379126747344,
    0.5711739410268808,
    0.5711111741308461,
    0.5710496162099914,
    0.5709892714876771,
    0.5709301441872638,
    0.5708722385321128,
    0.5708155587455845,
    0.5707601090510395,
    0.5707058936718388,
    0.5706529168313431,
    0.5706011827529129,
    0.5705506956599093,
    0.5705014597756928,
    0.5704534793236242,
    0.5704067585270642,
    0.5703613016093736,
    0.5703171127939131,
    0.5702741963040435,
    0.5702325563631254,
    0.5701921971945197,
    0.5701531230215873,
    0.5701153380676883,
    0.5700788465561841,
    0.5700436527104351,
    0.5700097607538022,
    0.5699771749096461,
    0.5699458994013273,
    0.5699159384522069,
    0.5698872962856454,
    0.5698599771250037,
    0.5698339851936425,
    0.5698093247149225,
    0.5697859999122042,
    0.5697640150088489,
    0.569743374228217,
    0.5697240817936691,
    0.5697061419285661,
    0.5696895588562687,
    0.5696743368001378,
    0.5696604799835341,
    0.5696479926298179,
    0.5696368789623507,
    0.5696271432044926,
    0.5696187895796045,
    0.5696118223110475,
    0.5696062456221819,
    0.5696020637363686,
    0.5695992808769682,
    0.5695979012673416,
    0.5695979291308497,
    0.5695993686908529,
    0.569602224170712,
    0.569606499793788,
    0.5696121997834415,
    0.569619328363033,
    0.5696278897559235,
    0.5696378881854738,
    0.5696493278750443,
    0.5696622130479962,
    0.56967654792769,
    0.5696923367374862,
    0.569709583700746,
    0.5697282930408296,
    0.5697484689810983,
    0.5697701157449127,
    0.5697932375556332,
    0.5698178386366208,
    0.5698439232112363,
    0.5698714955028403,
    0.5699005597347937,
    0.569931120130457,
    0.5699631809131911,
    0.5699967360833231,
    0.5700317796411805,
    0.5700683055870901,
    0.5701063079213795,
    0.5701457806443757,
    0.5701867177564062,
    0.5702291132577979,
    0.5702729611488779,
    0.570318255429974,
    0.5703649901014131,
    0.5704131591635222,
    0.5704627566166288,
    0.5705137764610602,
    0.5705662126971431,
    0.5706200593252054,
    0.570675310345574,
    0.570731959758576,
    0.570790001564539,
    0.5708494297637898,
    0.5709102383566558,
    0.5709724213434644,
    0.5710359727245424,
    0.5711008865002174,
    0.5711671566708166,
    0.571234777236667,
    0.571303742198096,
    0.5713740455554306,
    0.5714456813089984,
    0.5715186434591264,
    0.5715929260061416,
    0.5716685229503717,
    0.5717454282921437,
    0.5718236360317845,
    0.5719031401696217,
    0.5719839347059827,
    0.5720660136411941,
    0.5721493709755838,
    0.5722340007094786,
    0.5723198968432057,
    0.5724070533770926,
    0.5724954643114664,
    0.5725851236466541,
    0.5726760253829835,
    0.572768163520781,
    0.5728615320603745,
    0.5729561250020909,
    0.5730519363462574,
    0.5731489600932015,
    0.5732471902432503,
    0.5733466207967308,
    0.5734472457539704,
    0.5735490591152964,
    0.573652054881036,
    0.5737562270515162,
    0.5738615696270644,
    0.573968076608008,
    0.5740757419946738,
    0.5741845597873894,
    0.5742945239864818,
    0.5744056285922783,
    0.574517867605106,
    0.5746312350252925,
    0.5747457248531646,
    0.5748613310890496,
    0.5749780477332749,
    0.5750958687861676,
    0.5752147882480549,
    0.5753348001192642,
    0.5754558984001225,
    0.5755780770909571,
    0.5757013301920952,
    0.5758256517038641,
    0.5759510356265911,
    0.5760774759606033,
    0.5762049667062277,
    0.5763335018637918,
    0.5764630754336229,
    0.576593681416048,
    0.5767253138113945,
    0.5768579666199893,
    0.5769916338421602,
    0.577126309478234,
    0.5772619875285377,
    0.5773986619933991,
    0.5775363268731452,
    0.5776749761681029,
    0.5778146038785998,
    0.5779552040049631,
    0.57809677054752,
    0.5782392975065974,
    0.5783827788825229,
    0.5785272086756237,
    0.5786725808862268,
    0.5788188895146595,
    0.5789661285612492,
    0.5791142920263229,
    0.5792633739102079,
    0.5794133682132314,
    0.5795642689357208,
    0.5797160700780031,
    0.5798687656404056,
    0.5800223496232555,
    0.58017681602688,
    0.5803321588516065,
    0.5804883720977619,
    0.5806454497656738,
    0.5808033858556692,
    0.5809621743680752,
    0.5811218093032193,
    0.5812822846614285,
    0.5814435944430302,
    0.5816057326483516,
    0.5817686932777197,
    0.581932470331462,
    0.5820970578099056,
    0.5822624497133777,
    0.5824286400422056,
    0.5825956227967165,
    0.5827633919772375,
    0.5829319415840959,
    0.583101265617619,
    0.5832713580781339,
    0.583442212965968,
    0.5836138242814484,
    0.5837861860249022,
    0.5839592921966569,
    0.5841331367970394,
    0.5843077138263773,
    0.5844830172849975,
    0.5846590411732273,
    0.584835779491394,
    0.5850132262398248,
    0.5851913754188469,
    0.5853702210287876,
    0.5855497570699739,
    0.5857299775427331,
    0.5859108764473928,
    0.5860924477842797,
    0.5862746855537213,
    0.5864575837560447,
    0.5866411363915772,
    0.5868253374606461,
    0.5870101809635785,
    0.5871956609007015,
    0.5873817712723427,
    0.5875685060788289,
    0.5877558593204877,
    0.587943824997646,
    0.5881323971106313,
    0.5883215696597704,
    0.588511336645391,
    0.5887016920678201,
    0.5888926299273849,
    0.5890841442244128,
    0.5892762289592307,
    0.5894688781321662,
    0.5896620857435463,
    0.5898558457936981,
    0.5900501522829491,
    0.5902449992116264,
    0.5904403805800572,
    0.5906362903885688,
    0.5908327226374883,
    0.591029671327143,
    0.5912271304578602,
    0.5914250940299669,
    0.5916235560437906,
    0.5918225104996583,
    0.5920219513978973,
    0.5922218727388348,
    0.5924222685227981,
    0.5926231327501142,
    0.5928244594211107,
    0.5930262425361146,
    0.593228476095453,
    0.5934311540994534,
    0.5936342705484428,
    0.5938378194427485,
    0.5940417947826977,
    0.5942461905686176,
    0.5944510008008357,
    0.5946562194796787,
    0.5948618406054742,
    0.5950678581785495,
    0.5952742661992315,
    0.5954810586678475,
    0.595688229584725,
    0.5958957729501909,
    0.5961036827645725,
    0.5963119530281972,
    0.5965205777413919,
    0.5967295509044842,
    0.596938866517801,
    0.5971485185816697,
    0.5973585010964175,
    0.5975688080623717,
    0.5977794334798592,
    0.5979903713492076,
    0.5982016156707439,
    0.5984131604447953,
    0.5986249996716893,
    0.5988371273517528,
    0.5990495374853132,
    0.5992622240726977,
    0.5994751811142334,
    0.5996884026102476,
    0.5999018825610677,
    0.6001156149670206,
    0.6003295938284338,
    0.6005438131456344,
    0.6007582669189495,
    0.6009729491487066,
    0.6011878538352327,
    0.6014029749788551,
    0.6016183065799011,
    0.6018338426386977,
    0.6020495771555724,
    0.6022655041308522,
    0.6024816175648644,
    0.6026979114579363,
    0.602914379810395,
    0.6031310166225677,
    0.6033478158947818,
    0.6035647716273644,
    0.6037818778206426,
    0.603999128474944,
    0.6042165175905954,
    0.6044340391679243,
    0.6046516872072578,
    0.6048694557089231,
    0.6050873386732476,
    0.6053053301005583,
    0.6055234239911824,
    0.6057416143454475,
    0.6059598951636804,
    0.6061782604462085,
    0.606396704193359,
    0.6066152204054592,
    0.6068338030828361,
    0.6070524462258172,
    0.6072711438347295,
    0.6074898899099004,
    0.607708678451657,
    0.6079275034603265,
    0.6081463589362363,
    0.6083652388797134,
    0.6085841372910851,
    0.6088030481706788,
    0.6090219655188215,
    0.6092408833358404,
    0.6094597956220629,
    0.609678696377816,
    0.6098975796034272,
    0.6101164392992237,
    0.6103352694655323,
    0.6105540641026808,
    0.610772817210996,
    0.6109915227908052,
    0.6112101748424358,
    0.611428767366215,
    0.6116472943624697,
    0.6118657498315275,
    0.6120841277737156,
    0.6123024221893608,
    0.6125206270787908,
    0.6127387364423326,
    0.6129567442803134,
    0.6131746445930607,
    0.6133924313809014,
    0.6136100986441628,
    0.6138276403831723,
    0.6140450505982568,
    0.6142623232897437,
    0.6144794524579603,
    0.6146964321032337,
    0.6149132562258912,
    0.6151299188262599,
    0.6153464139046673,
    0.6155627354614404,
    0.6157788774969062,
    0.6159948340113924,
    0.616210599005226,
    0.616426166478734,
    0.6166415304322441,
    0.6168566848660832,
    0.6170716237805784,
    0.6172863411760574,
    0.6175008310528469,
    0.6177150874112746,
    0.6179291042516674,
    0.6181428755743523,
    0.6183563953796571,
    0.6185696576679087,
    0.6187826564394343,
    0.6189953856945614,
    0.6192078394336168,
    0.619420011656928,
    0.6196318963648221,
    0.6198434875576264,
    0.6200547792356681,
    0.6202657653992744,
    0.6204764400487724,
    0.6206867971844897,
    0.6208968308067532,
    0.6211065349158902,
    0.621315903512228,
    0.6215249305960937,
    0.6217336101678144,
    0.6219419362277177,
    0.6221499027761306,
    0.6223575038133803,
    0.6225647333397941,
    0.622771585355699,
    0.6229780538614227,
    0.623184132857292,
    0.6233898163436341,
    0.6235950983207765,
    0.6237999727890464,
    0.6240044337487707,
    0.624208475200277,
    0.6244120911438924,
    0.6246152755799439,
    0.6248180225087591,
    0.6250203259306649,
    0.6252221798459886,
    0.6254235782550576,
    0.6256245151581988,
    0.6258249845557398,
    0.6260249804480077,
    0.6262244968353294,
    0.6264235277180326,
    0.6266220670964443,
    0.6268201089708916,
    0.627017647341702,
    0.6272146762092023,
    0.6274111895737202,
    0.6276071814355827,
    0.6278026457951171,
    0.6279975766526504,
    0.6281919680085101,
    0.6283858138630232,
    0.6285791082165171,
    0.6287718450693189,
    0.6289640184217559,
    0.6291556222741552,
    0.6293466506268444,
    0.6295370974801501,
    0.6297269568343999,
    0.6299162226899212,
    0.6301048890470409,
    0.6302929499060862,
    0.6304803992673845,
    0.6306672311312631,
    0.630853439498049,
    0.6310390183680694,
    0.6312239617416517,
    0.6314082636191232,
    0.6315919180008108,
    0.6317749188870421,
    0.6319572602781439,
    0.6321389361744437,
    0.6323199405762687,
    0.632500267483946,
    0.6326799108978032,
    0.632858864818167,
    0.6330371232453648,
    0.633214680179724,
    0.6333915296215717,
    0.633567665571235,
    0.6337430820290414,
    0.6339177729953179,
    0.6340917324703917,
    0.6342649544545902,
    0.6344374329482406,
    0.6346091619516699,
    0.6347801354652056,
    0.6349503474891747,
    0.6351197920239046,
    0.6352884630697224,
    0.6354563546269554,
    0.6356234606959307,
    0.6357897752769757,
    0.6359552923704175,
    0.6361200059765834,
    0.6362839100958004,
    0.636446998728396,
    0.6366092658746975,
    0.6367707055350317,
    0.6369313117097262,
    0.637091078399108,
    0.6372499996035044,
    0.6374080693232427,
    0.63756528155865,
    0.6377216303100535,
    0.6378771095777807,
    0.6380317133621585,
    0.6381854356635142,
    0.6383382704821751,
    0.6384902118184684,
    0.6386412536727213,
    0.6387913900452611,
    0.6389406149364147,
    0.6390889223465097,
    0.6392363062758734,
    0.6393827607248326,
    0.6395282796937147,
    0.6396728571828472,
    0.6398164871925569,
    0.6399591637231712,
    0.6401008807750175,
    0.6402416323484226,
    0.6403814124437142,
    0.6405202150612191,
    0.6406580342012648,
    0.6407948638641784,
    0.6409306980502871,
    0.6410655307599183,
    0.6411993559933992,
    0.6413321677510567,
    0.6414639600332184,
    0.6415947268402113,
    0.6417244621723627,
    0.6418531600299998,
    0.64198081441345,
    0.64210741932304,
    0.6422329687590977,
    0.6423574567219499,
    0.6424808772119239,
    0.6426032242293471,
    0.6427244917745464,
    0.6428446738478493,
    0.6429637644495829,
    0.6430817575800742,
    0.6431986472396509,
    0.64331442742864,
    0.6434290921473685,
    0.6435426353961641,
    0.6436550511753535,
    0.6437663334852642,
    0.6438764763262236,
    0.6439854736985584,
    0.6440933196025964,
    0.6442000080386645,
    0.6443055330070899,
    0.6444098885081999,
    0.6445130685423218,
    0.6446150671097827,
    0.6447158782109099,
    0.6448154958460306,
    0.6449139140154718,
    0.6450111267195612,
    0.6451071279586256,
    0.6452019117329925,
    0.645295472042989,
    0.6453878028889422,
    0.6454788982711794,
    0.6455687521900281,
    0.6456573586458151,
    0.6457447116388678,
    0.6458308051695136,
    0.6459156332380793,
    0.6459991898448927,
    0.6460814689902804,
    0.6461624646745701,
    0.6462421708980888,
    0.6463205816611637,
    0.6463976909641221,
    0.6464734928072913,
    0.6465479811909983,
    0.6466211501155705,
    0.6466929935813353,
    0.6467635055886194,
    0.6468326801377504,
    0.6469005112290556,
    0.6469669928628619,
    0.6470321190394966,
    0.6470958837592871,
    0.6471582810225606,
    0.6472193048296442,
    0.6472789491808651,
    0.6473372080765507,
    0.6473940755170282,
    0.6474495455026246,
    0.6475036120336672,
    0.6475562691104835,
    0.6476075107334003,
    0.6476573309027451,
    0.6477057236188452,
    0.6477526828820274,
    0.6477982026926193,
    0.647842277050948,
    0.6478848999573409,
    0.6479260654121249,
    0.6479657674156274,
    0.6480039999681757,
    0.6480407570700969,
    0.6480760327217181,
    0.6481098209233669,
    0.6481421156753702,
    0.6481729109780552,
    0.6482022108978188,
    0.6482300195010573,
    0.6482563408541677,
    0.6482811790235465,
    0.6483045380755902,
    0.6483264220766956,
    0.6483468350932593,
    0.6483657811916776,
    0.6483832644383478,
    0.6483992888996661,
    0.6484138586420292,
    0.6484269777318338,
    0.6484386502354763,
    0.6484488802193538,
    0.6484576717498625,
    0.6484650288933992,
    0.6484709557163606,
    0.6484754562851432,
    0.6484785346661438,
    0.6484801949257589,
    0.6484804411303853,
    0.6484792773464193,
    0.648476707640258,
    0.6484727360782976,
    0.648467366726935,
    0.6484606036525669,
    0.6484524509215894,
    0.6484429126004,
    0.6484319927553948,
    0.6484196954529703,
    0.6484060247595235,
    0.6483909847414508,
    0.648374579465149,
    0.6483568129970146,
    0.6483376894034445,
    0.6483172127508349,
    0.6482953871055828,
    0.6482722165340845,
    0.6482477051027371,
    0.648221856877937,
    0.6481946759260806,
    0.6481661663135649,
    0.6481363321067863,
    0.6481051773721416,
    0.6480727061760274,
    0.6480389225848402,
    0.6480038306649768,
    0.6479674344828338,
    0.6479297381048078,
    0.6478907455972953,
    0.6478504610266933,
    0.6478088884593981,
    0.6477660319618066,
    0.6477218956003151,
    0.6476764834413204,
    0.6476297995512195,
    0.6475818479964084,
    0.6475326328432841,
    0.6474821581582433,
    0.6474304280076825,
    0.6473774464579982,
    0.6473232175755873,
    0.6472677454268462,
    0.6472110340781718,
    0.6471530875959606,
    0.6470939100466091,
    0.6470335054965142,
    0.6469718780120725,
    0.6469090316596803,
    0.6468449705057346,
    0.646779698616632,
    0.6467132200587689,
    0.6466455388985421,
    0.6465766592023484,
    0.6465065850365841,
    0.6464353204676461,
    0.6463628695619308,
    0.646289236385835,
    0.6462144250057555,
    0.6461384394880886,
    0.6460612838992311,
    0.6459829623055797,
    0.6459034787735308,
    0.6458228373694813,
    0.6457410421598279,
    0.6456580972109667,
    0.645574006589295,
    0.645488774361209,
    0.6454024045931055,
    0.6453149013513811,
    0.6452262687024325,
    0.6451365107126563,
    0.6450456314484491,
    0.6449536349762075,
    0.6448605253623283,
    0.644766306673208,
    0.6446709829752432,
    0.6445745583348307,
    0.644477036818367,
    0.6443784224922487,
    0.6442787194228727,
    0.6441779316766353,
    0.6440760633199334,
    0.6439731184191635,
    0.6438691010407223,
    0.6437640152510062,
    0.6436578651164123,
    0.6435506547033368,
    0.6434423880781767,
    0.6433330693073283,
    0.6432227024571884,
    0.6431112915941536,
    0.6429988407846206,
    0.6428853540949859,
    0.6427708355916464,
    0.6426552893409984,
    0.6425387194094387,
    0.6424211298633642,
    0.6423025247691709,
    0.6421829081932562,
    0.6420622842020162,
    0.6419406568618475,
    0.6418180302391472,
    0.6416944084003116,
    0.6415697954117372,
    0.641444195339821,
    0.6413176122509594,
    0.6411900502115492,
    0.6410615132879869,
    0.6409320055466691,
    0.6408015310539926,
    0.640670093876354,
    0.6405376980801498,
    0.6404043477317768,
    0.6402700468976316,
    0.6401347996441107,
    0.6399986100376108,
    0.6398614821445285,
    0.6397234200312608,
    0.639584427764204,
    0.6394445094097545,
    0.6393036690343095,
    0.6391619107042652,
    0.6390192384860185,
    0.6388756564459659,
    0.638731168650504,
    0.6385857791660297,
    0.6384394920589392,
    0.6382923113956296,
    0.638144241242497,
    0.6379952856659387,
    0.6378454487323507,
    0.6376947345081301,
    0.6375431470596733,
    0.637390690453377,
    0.6372373687556379,
    0.6370831860328525,
    0.6369281463514175,
    0.6367722537777296,
    0.6366155123781854,
    0.6364579262191814,
    0.6362994993671144,
    0.636140235888381,
    0.6359801398493778,
    0.6358192153165015,
    0.6356574663561487,
    0.6354948970347161,
    0.6353315114186002,
    0.6351673135741976,
    0.6350023075679052,
    0.6348364974661196,
    0.634669887335237,
    0.6345024812416546,
    0.6343342832517688,
    0.634165297431976,
    0.6339955278486733,
    0.6338249785682569,
    0.6336536536571238,
    0.6334815571816705,
    0.6333086932082934,
    0.6331350658033896,
    0.6329606790333555,
    0.6327855369645875,
    0.6326096436634826,
    0.6324330031964374,
    0.6322556196298481,
    0.632077497030112,
    0.6318986394636252,
    0.6317190509967846,
    0.631538735695987,
    0.6313576976276284,
    0.6311759408581061,
    0.6309934694538165,
    0.6308102874811562,
    0.6306263990065218,
    0.6304418080963101,
    0.6302565188169176,
    0.630070535234741,
    0.6298838614161768,
    0.6296965014276218,
    0.6295084593354727,
    0.6293197392061258,
    0.6291303451059781,
    0.6289402811014262,
    0.6287495512588663,
    0.6285581596446956,
    0.6283661103253106,
    0.6281734073671077,
    0.6279800548364837,
    0.6277860567998352,
    0.6275914173235588,
    0.6273961404740513,
    0.6272002303177091,
    0.627003690920929,
    0.6268065263501077,
    0.6266087406716416,
    0.6264103379519275,
    0.6262113222573621,
    0.6260116976543417,
    0.6258114682092635,
    0.6256106379885237,
    0.625409211058519,
    0.6252071914856461,
    0.6250045833363016,
    0.6248013906768821,
    0.6245976175737845,
    0.6243932680934051,
    0.6241883463021407,
    0.6239828562663879,
    0.6237768020525434,
    0.6235701877270037,
    0.6233630173561657,
    0.6231552950064256,
    0.6229470247441804,
    0.6227382106358268,
    0.6225288567477609,
    0.62231896714638,
    0.6221085458980803,
    0.6218975970692586,
    0.6216861247263117,
    0.6214741329356358,
    0.6212616257636279,
    0.6210486072766845,
    0.6208350815412023,
    0.6206210526235778,
    0.6204065245902078,
    0.6201915015074888,
    0.6199759874418176,
    0.6197599864595907,
    0.6195435026272048,
    0.6193265400110565,
    0.6191091026775424,
    0.6188911946930593,
    0.6186728201240037,
    0.6184539830367721,
    0.6182346874977616,
    0.6180149375733683,
    0.617794737329989,
    0.6175740908340206,
    0.6173530021518596,
    0.6171314753499024,
    0.6169095144945459,
    0.6166871236521866,
    0.6164643068892213,
    0.6162410682720465,
    0.6160174118670587,
    0.6157933417406549,
    0.6155688619592316,
    0.615343976589185,
    0.6151186896969125,
    0.6148930053488103,
    0.614666927611275,
    0.6144404605507032,
    0.6142136082334918,
    0.6139863747260372,
    0.6137587640947364,
    0.6135307804059854,
    0.6133024277261815,
    0.613073710121721,
    0.6128446316590004,
    0.6126151964044166,
    0.6123854084243663,
    0.6121552717852458,
    0.611924790553452,
    0.6116939687953815,
    0.6114628105774307,
    0.6112313199659967,
    0.6109995010274756,
    0.6107673578282645,
    0.61053489443476,
    0.6103021149133582,
    0.6100690233304563,
    0.6098356237524508,
    0.6096019202457382,
    0.6093679168767153,
    0.6091336177117788,
    0.6088990268173249,
    0.6086641482597508,
    0.6084289861054528,
    0.6081935444208275,
    0.6079578272722718,
    0.607721838726182,
    0.607485582848955,
    0.6072490637069875,
    0.6070122853666758,
    0.6067752518944168,
    0.6065379673566071,
    0.6063004358196433,
    0.606062661349922,
    0.6058246480138401,
    0.6055863998777937,
    0.6053479210081799,
    0.6051092154713951,
    0.6048702873338362,
    0.6046311406618995,
    0.6043917795219819,
    0.6041522079804799,
    0.6039124301037901,
    0.6036724499583093,
    0.603432271610434,
    0.603191899126561,
    0.6029513365730865,
    0.6027105880164078,
    0.602469657522921,
    0.602228549159023,
    0.6019872669911104,
    0.6017458150855797,
    0.6015041975088277,
    0.601262418327251,
    0.6010204816072462,
    0.6007783914152098,
    0.6005361518175388,
    0.6002937668806295,
    0.6000512406708788,
    0.5998085772546831,
    0.599565780698439,
    0.5993228550685434,
    0.5990798044313927,
    0.5988366328533838,
    0.5985933444009132,
    0.5983499431403774,
    0.5981064331381731,
    0.5978628184606971,
    0.5976191031743459,
    0.5973752913455161,
    0.5971313870406045,
    0.5968873943260076,
    0.596643317268122,
    0.5963991599333445,
    0.5961549263880717,
    0.5959106206987,
    0.5956662469316263,
    0.5954218091532472,
    0.5951773114299592,
    0.594932757828159,
    0.5946881524142434,
    0.5944434992546089,
    0.594198802415652,
    0.5939540659637697,
    0.5937092939653582,
    0.5934644904868144,
    0.5932196595945349,
    0.5929748053549162,
    0.5927299318343553,
    0.5924850430992485,
    0.5922401432159924,
    0.5919952362509839,
    0.5917503262706196,
    0.5915054173412958,
    0.5912605135294096,
    0.5910156189013573,
    0.5907707375235356,
    0.5905258734623413,
    0.5902810307841707,
    0.5900362135554209,
    0.5897914258424883,
    0.5895466717117694,
    0.5893019552296611,
    0.5890572804625599,
    0.5888126514768622,
    0.5885680723389652,
    0.5883235471152651,
    0.5880790798721586,
    0.5878346746760424,
    0.5875903355933132,
    0.5873460666903675,
    0.5871018720336021,
    0.5868577556894133,
    0.5866137217241982,
    0.5863697742043532,
    0.5861259171962748,
    0.58588215476636,
    0.5856384909810051,
    0.5853949299066068,
    0.5851514756095618,
    0.5849081321562669,
    0.5846649036131184,
    0.5844217940465132,
    0.5841788075228478,
    0.5839359481085188,
    0.583693219869923,
    0.5834506268734568,
    0.5832081731855172,
    0.5829658628725005,
    0.5827237000008035,
    0.5824816886368228,
    0.5822398328469551,
    0.5819981366975968,
    0.5817566042551449,
    0.5815152395859958,
    0.581274046756546,
    0.5810330298331925,
    0.5807921928823317,
    0.5805515399703604,
    0.580311075163675,
    0.5800708025286723,
    0.5798307261317488,
    0.5795908500393014,
    0.5793511783177264,
    0.5791117150334208,
    0.5788724642527809,
    0.5786334300422036,
    0.5783946164680853,
    0.5781560275968228,
    0.5779176674948128,
    0.5776795402284517,
    0.5774416498641363,
    0.5772040004682633,
    0.5769665961072291,
    0.5767294408474304,
    0.5764925387552642,
    0.5762558938971267,
    0.5760195103394146,
    0.5757833921485247,
    0.5755475433908536,
    0.5753119681327978,
    0.5750766704407542,
    0.574841654381119,
    0.5746069240202893,
    0.5743724834246615,
    0.5741383366606323,
    0.5739044877945984,
    0.5736709408929562,
    0.5734377000221025,
    0.5732047692484341,
    0.5729721526383473,
    0.5727398542582389,
    0.5725078781745057,
    0.5722762284535439,
    0.5720449091617505,
    0.5718139243655223,
    0.5715832781312554,
    0.5713529745253468,
    0.5711230176141932,
    0.5708934114641908,
    0.5706641601417367,
    0.5704352677132274,
    0.5702067382450594,
    0.5699785758036295,
    0.5697507844553343,
    0.5695233682665704,
    0.5692963313037345,
    0.569069677633223,
    0.5688434113214329,
    0.5686175364347607,
    0.5683920570396028,
    0.5681669772023562,
    0.5679423009894173,
    0.5677180324671828,
    0.5674941757020493,
    0.5672707347604137,
    0.5670477137086721,
    0.5668251166132217,
    0.5666029475404587,
    0.56638121055678,
    0.5661599097285823,
    0.5659390491222619,
    0.5657186328042157,
    0.5654986648408404,
    0.5652791492985323,
    0.5650600902436884,
    0.5648414917427051,
    0.5646233578619791,
    0.5644056926679072,
    0.5641885002268858,
    0.5639717846053116,
    0.5637555498695813,
    0.5635398000860914,
    0.5633245393212388,
    0.56310977164142,
    0.5628955011130314,
    0.56268173180247,
    0.5624684677761324,
    0.5622557131004149,
    0.5620434718417144,
    0.5618317480664277,
    0.5616205458409509,
    0.5614098692316811,
    0.5611997223050148,
    0.5609901091273488,
    0.5607810282911184,
    0.5605724783887596,
    0.5603644580127078,
    0.5601569657553989,
    0.5599500002092681,
    0.5597435599667516,
    0.5595376436202848,
    0.5593322497623032,
    0.5591273769852428,
    0.558923023881539,
    0.5587191890436275,
    0.5585158710639441,
    0.558313068534924,
    0.5581107800490035,
    0.5579090041986179,
    0.5577077395762027,
    0.5575069847741938,
    0.5573067383850269,
    0.5571069990011374,
    0.5569077652149611,
    0.5567090356189337,
    0.5565108088054908,
    0.556313083367068,
    0.5561158578961011,
    0.5559191309850255,
    0.5557229012262771,
    0.5555271672122913,
    0.5553319275355042,
    0.555137180788351,
    0.5549429255632674,
    0.5547491604526894,
    0.5545558840490523,
    0.5543630949447917,
    0.5541707917323437,
    0.5539789730041437,
    0.5537876373526271,
    0.55359678337023,
    0.5534064096493876,
    0.5532165147825359,
    0.5530270973621105,
    0.5528381559805469,
    0.5526496892302808,
    0.5524616957037481,
    0.5522741739933841,
    0.5520871226916246,
    0.5519005403909054,
    0.5517144256836617,
    0.5515287771623296,
    0.5513435934193447,
    0.5511588730471424,
    0.5509746146381587,
    0.5507908167848289,
    0.550607478079589,
    0.5504245971148743,
    0.5502421724831208,
    0.5500602027767638,
    0.5498786865882392,
    0.5496976225099826,
    0.5495170091344296,
    0.5493368450540159,
    0.5491571288611771,
    0.548977859148349,
    0.548799034507967,
    0.5486206535324669,
    0.5484427148142845,
    0.5482652169458552,
    0.5480881585196147,
    0.5479115381279989,
    0.547735354363443,
    0.547559605818383,
    0.5473842910852547,
    0.5472094087564932,
    0.5470349574245346,
    0.5468609356818143,
    0.5466873421207681,
    0.5465141753338318,
    0.5463414339134407,
    0.5461691164520308,
    0.5459972215420374,
    0.5458257477758963,
    0.5456546937460434,
    0.5454840580449141,
    0.5453138392649439,
    0.5451440359985689,
    0.5449746468382243,
    0.544805670376346,
    0.5446371052053696,
    0.5444689499177306,
    0.544301203105865,
    0.5441338633622084,
    0.543966929279196,
    0.543800399449264,
    0.5436342724648475,
    0.5434685469183826,
    0.543303221402305,
    0.5431382945090502,
    0.5429737648310535,
    0.5428096309607511,
    0.5426458914905783,
    0.5424825450129711,
    0.5423195901203648,
    0.5421570254051951,
    0.5419948494598978,
    0.5418330608769086,
    0.5416716582486629,
    0.5415106401675966,
    0.5413500052261452,
    0.5411897520167444,
    0.5410298791318298,
    0.5408703851638372,
    0.540711268705202,
    0.5405525283483601,
    0.5403941626857471,
    0.5402361703097986,
    0.5400785498129503,
    0.5399212997876377,
    0.5397644188262967,
    0.5396079055213627,
    0.5394517584652716,
    0.5392959762504589,
    0.5391405574693603,
    0.5389855007144113,
    0.5388308045780478,
    0.5386764676527052,
    0.5385224885308195,
    0.538368865804826,
    0.5382155980671606,
    0.5380626839102587,
    0.5379101219265563,
    0.5377579107084887,
    0.5376060488484917,
    0.5374545349390011,
    0.5373033675724522,
    0.5371525453412811,
    0.537002066837923,
    0.5368519306548138,
    0.5367021353843893,
    0.5365526796190847,
    0.5364035619513361,
    0.5362547809735789,
    0.5361063352782489,
    0.5359582234577817,
    0.535810444104613,
    0.535662995811178,
    0.5355158771699131,
    0.5353690867732536,
    0.535222623213635,
    0.535076485083493,
    0.5349306709752635,
    0.534785179481382,
    0.5346400091942842,
    0.5344951587064055,
    0.534350626610182,
    0.534206411498049,
    0.5340625119624423,
    0.5339189265957974,
    0.5337756539905503,
    0.5336326927391362,
    0.5334900414339909,
    0.5333476986675504,
    0.5332056630322499,
    0.5330639331205251,
    0.5329225075248121,
    0.532781384837546,
    0.5326405636511627,
    0.5325000425580979,
    0.5323598201507872,
    0.5322198950216663,
    0.5320802657631707,
    0.5319409309677361,
    0.5318018892277984,
    0.5316631391357929,
    0.5315246792841554,
    0.5313865082653215,
    0.5312486246717271,
    0.5311110270958076,
    0.5309737141299985,
    0.5308366843667358,
    0.5306999363984553,
    0.530563468817592,
    0.530427280216582,
    0.530291369187861,
    0.5301557343238643,
    0.5300203742170281,
    0.5298852874597875,
    0.5297504726445784,
    0.5296159283638366,
    0.5294816532099973,
    0.5293476457754968,
    0.5292139046527702,
    0.5290804284342533,
    0.5289472157123819,
    0.5288142650795915,
    0.5286815751283178,
    0.5285491444509964,
    0.5284169716400633,
    0.5282850552879534,
    0.5281533939871033,
    0.5280219863299478,
    0.5278908309089231,
    0.5277599263164645,
    0.5276292711450079,
    0.527498863986989,
    0.5273687034348433,
    0.5272387880810063,
    0.527109116517914,
    0.5269796873380019,
    0.5268504991337055,
    0.5267215504974607,
    0.5265928400217031,
    0.5264643662988682,
    0.5263361279213917,
    0.5262081234817093,
    0.5260803515722567,
    0.5259528107854696,
    0.5258254997137835,
    0.525698416949634,
    0.525571561085457,
    0.5254449307136879,
    0.5253185244267625,
    0.5251923408171164,
    0.5250663784771854,
    0.5249406359994049,
    0.5248151119762107,
    0.5246898050000384,
    0.5245647136633238,
    0.5244398365585022,
    0.5243151722780097,
    0.5241907194142817,
    0.5240664765597538,
    0.5239424423068619,
    0.5238186152480414,
    0.5236949939757279,
    0.5235715770823575,
    0.5234483631603655,
    0.5233253508021873,
    0.5232025386002591,
    0.5230799251470162,
    0.5229575090348945,
    0.5228352888563295,
    0.5227132632037568,
    0.5225914306696121,
    0.5224697898463311,
    0.5223483393263494,
    0.5222270777021027,
    0.5221060035660267,
    0.5219851155105568,
    0.521864412128129,
    0.5217438920111787,
    0.5216235537521416,
    0.5215033959434536,
    0.5213834171775498,
    0.5212636160468664,
    0.5211439911438389,
    0.5210245410609029,
    0.520905264390494,
    0.5207861597250478,
    0.5206672256570002,
    0.5205484607787867,
    0.5204298636828428,
    0.5203114329616045,
    0.5201931672075073,
    0.5200750650129866,
    0.5199571249704784,
    0.5198393456724182,
    0.5197217257112416,
    0.5196042636793845,
    0.5194869581692824,
    0.5193698077733707,
    0.5192528110840855,
    0.5191359666938622,
    0.5190192731951364,
    0.5189027291803439,
    0.5187863332419203,
    0.5186700839723012,
    0.5185539799639224,
    0.5184380198092192,
    0.5183222021006277,
    0.5182065254305834,
    0.5180909883915219,
    0.5179755895758789,
    0.5178603275760898,
    0.5177452009845906,
    0.5176302083938169,
    0.5175153483962041,
    0.517400619584188,
    0.5172860205502045,
    0.5171715498866888,
    0.517057206186077,
    0.5169429880408045,
    0.5168288940433068,
    0.5167149227860198,
    0.5166010728613792,
    0.5164873428618204,
    0.5163737313797794,
    0.5162602370076915,
    0.5161468583379925,
    0.516033593963118,
    0.5159204424755037,
    0.5158074024675854,
    0.5156944725317987,
    0.5155816512605789,
    0.5154689372463621,
    0.5153563290815837,
    0.5152438253586793,
    0.5151314246700848,
    0.5150191256082357,
    0.5149069267655677,
    0.5147948267345164,
    0.5146828241075174,
    0.5145709174770066,
    0.5144591054354193,
    0.5143473865751914,
    0.5142357594887585,
    0.5141242227685564,
    0.5140127750070205,
    0.5139014147965865,
    0.5137901407296901,
    0.5136789513987668,
    0.5135678453962527,
    0.513456821314583,
    0.5133458777461934,
    0.51323501328352,
    0.5131242265189978,
    0.5130135160450628,
    0.5129028804541509,
    0.5127923183386971,
    0.5126818282911376,
    0.512571408903908,
    0.5124610587694436,
    0.5123507764801805,
    0.512240560628554,
    0.5121304098069999,
    0.5120203226079538,
    0.5119102976238514,
    0.5118003334471284,
    0.5116904286702203,
    0.5115805818855628,
    0.5114707916855917,
    0.5113610566627427,
    0.511251375409451,
    0.5111417465181528,
    0.5110321685812835,
    0.5109226401912785,
    0.510813159940574,
    0.5107037264216053,
    0.510594338226808,
    0.510484993948618,
    0.5103756921794709,
    0.510266431511802,
    0.5101572105380474,
    0.5100480278506425,
    0.5099388820420232,
    0.509829771704625,
    0.5097206954308833,
    0.5096116518132341,
    0.509502639444113,
    0.5093936569159554,
    0.5092847028211973,
    0.5091757757522744,
    0.5090668743016218,
    0.5089579970616757,
    0.5088491426248714,
    0.5087403095836449,
    0.5086314965304315,
    0.508522702057667,
    0.5084139247577872,
    0.5083051632232277,
    0.5081964160464238,
    0.5080876818198117,
    0.5079789591358266,
    0.5078702465869044,
    0.5077615427654807,
    0.507652846263991,
    0.5075441556748712,
    0.5074354695905569,
    0.5073267866034835,
    0.5072181053060869,
    0.5071094242908029,
    0.5070007421500666,
    0.5068920574763143,
    0.5067833688619813,
    0.5066746748995031,
    0.5065659741813158,
    0.5064572652998547,
    0.5063485468475555,
    0.5062398174168541,
    0.5061310756001857,
    0.5060223199899865,
    0.5059135491786917,
    0.5058047617587371,
    0.5056959563225585,
    0.5055871314625914,
    0.5054782857712714,
    0.5053694178410343,
    0.5052605262643157,
    0.5051516096335511,
    0.5050426665411765,
    0.5049336955796271,
    0.5048246953413389,
    0.5047156644187476,
    0.5046066014042885,
    0.5044975048903975,
    0.5043883734695103,
    0.5042792057340623,
    0.5041700002764895,
    0.5040607556892273,
    0.5039514705647112,
    0.5038421434953773,
    0.5037327730736609,
    0.5036233578919979,
    0.5035138965428239,
    0.5034043876185741,
    0.5032948297116848,
    0.5031852214145914,
    0.5030755613197293,
    0.5029658480195347,
    0.5028560801064428,
    0.5027462561728893,
    0.5026363748113101,
    0.5025264346141407,
    0.5024164341738165,
    0.5023063720827736,
    0.5021962469334473,
    0.5020860573182737,
    0.501975801829688,
    0.5018654790601258,
    0.5017550876020233,
    0.5016446260478157,
    0.5015340929899386,
    0.5014234870208281,
    0.5013128067329193,
    0.5012020507186483,
    0.5010912175704505,
    0.5009803058807616,
    0.5008693142420173,
    0.5007582412466534,
    0.5006470854871051,
    0.5005358455558085,
    0.5004245200451991,
    0.5003131075477125,
    0.5002016066557844,
    0.5000900159618505,
    0.4999783340583463,
    0.4998665595377077,
    0.49975469099237013,
    0.49964272701476925,
    0.4995306661973408,
    0.4994185071325204,
    0.4993062484127438,
    0.49919388863044656,
    0.49908142637806424,
    0.4989688602480327,
    0.49885618883278743,
    0.4987434107247641,
    0.49863052451639844,
    0.4985175288001261,
    0.4984044221683826,
    0.49829120321360376,
    0.49817787052822504,
    0.4980644227046824,
    0.49795085833541125,
    0.49783717601284716,
    0.49772337432942604,
    0.49760945187758343,
    0.4974954072497549,
    0.49738123903837617,
    0.497266945835883,
    0.4971525262347108,
    0.49703797882729545,
    0.4969233022060725,
    0.49680849496347756,
    0.4966935556919464,
    0.49657848298391455,
    0.49646327543181784,
    0.49634793162809177,
    0.4962324501651719,
    0.49611682963549414,
    0.496001068631494,
    0.4958851657456071,
    0.4957691195702692,
    0.4956529286979159,
    0.4955365917209827,
    0.49542010723190555,
    0.4953034738231199,
    0.4951866900870614,
    0.4950697546161658,
    0.49495266600286864,
    0.4948354228396057,
    0.4947180237188126,
    0.49460046723292483,
    0.49448275197437835,
    0.49436487653560857,
    0.49424683950905113,
    0.49412863948714186,
    0.4940102750623163,
    0.49389174482701004,
    0.49377304737365885,
    0.4936541812946983,
    0.49353514518256414,
    0.4934159384883608,
    0.49329656066319244,
    0.4931770111581637,
    0.49305728942437893,
    0.4929373949129424,
    0.4928173270749587,
    0.4926970853615322,
    0.4925766692237671,
    0.4924560781127681,
    0.4923353114796395,
    0.4922143687754854,
    0.4920932494514107,
    0.4919719529585195,
    0.49185047874791626,
    0.49172882627070547,
    0.4916069949779914,
    0.4914849843208785,
    0.4913627937504712,
    0.4912404227178738,
    0.49111787067419094,
    0.4909951370705268,
    0.4908722213579858,
    0.4907491229876725,
    0.49062584141069104,
    0.4905023760781461,
    0.49037872644114205,
    0.490254891950783,
    0.4901308720581737,
    0.4900066662144184,
    0.48988227387062144,
    0.48975769447788736,
    0.48963292748732057,
    0.4895079723500253,
    0.48938282851710607,
    0.4892574954396673,
    0.4891319725688133,
    0.4890062593556486,
    0.48888035525127743,
    0.4887542597068044,
    0.48862797217333387,
    0.48850149210197,
    0.4883748189438176,
    0.4882479521499808,
    0.4881208911715639,
    0.4879936354596716,
    0.4878661844654082,
    0.48773853763987784,
    0.4876106944341853,
    0.48748265429943477,
    0.48735441668673074,
    0.4872259810471776,
    0.4870973468318797,
    0.4869685134919416,
    0.4868394804784674,
    0.4867102472425618,
    0.4865808132353291,
    0.4864511779078737,
    0.4863213407112998,
    0.48619130109671216,
    0.4860610585152149,
    0.4859306124179127,
    0.4857999622559098,
    0.4856691074803105,
    0.4855380475422193,
    0.4854067818927407,
    0.4852753099829789,
    0.4851436312640386,
    0.48501174518702395,
    0.4848796512030393,
    0.4847473487631893,
    0.4846148373185782,
    0.48448211632031035,
    0.4843491852194904,
    0.48421604346722236,
    0.484082690514611,
    0.4839491258127606,
    0.48381534881277544,
    0.4836813589657602,
    0.48354715572281903,
    0.48341273853505634,
    0.48327810685357664,
    0.48314326012948433,
    0.48300819781388377,
    0.4828729193578794,
    0.4827374242125755,
    0.48260171182907663,
    0.4824657816584872,
    0.4823296331519114,
    0.4821932657604539,
    0.482056678935219,
    0.4819198721273109,
    0.48178284478783434,
    0.4816455963678936,
    0.48150812631859297,
    0.4813704340910369,
    0.48123251913633,
    0.48109438090557627,
    0.4809560188498805,
    0.48081743242034686,
    0.48067862106807985,
    0.4805395842441839,
    0.48040032139976324,
    0.48026083198592245,
    0.480121115453766,
    0.47998117125439804,
    0.4798409988389231,
    0.4797005976584457,
    0.47955996716407,
    0.4794191068069006,
    0.47927801603804177,
    0.47913669430859807,
    0.4789951410696738,
    0.47885335577237326,
    0.47871133786780107,
    0.47856908680706156,
    0.478426602041259,
    0.47828388302149794,
    0.4781409291988828,
    0.4779977400245178,
    0.47785431494950753,
    0.4777106534249564,
    0.47756675490196854,
    0.4774226188316487,
    0.47727824466510105,
    0.47713363185343016,
    0.4769887798477404,
    0.47684368809913596,
    0.47669835605872146,
    0.4765527831776013,
    0.4764069689068798,
    0.47626091269766135,
    0.4761146140010505,
    0.47596807226815147,
    0.47582128695006876,
    0.47567425749790665,
    0.47552698336276983,
    0.4753794639957625,
    0.4752316988479889,
    0.4750836873705538,
    0.47493542901456137,
    0.47478692323111593,
    0.47463816947132215,
    0.4744891671862843,
    0.4743399158271068,
    0.474190414844894,
    0.47404066369075026,
    0.4738906618157801,
    0.4737404086710879,
    0.473589903707778,
    0.4734391463769549,
    0.4732881361297229,
    0.47313687241718644,
    0.47298535469045005,
    0.472833582400618,
    0.47268155499879455,
    0.4725292719360844,
    0.4723767326635918,
    0.472223936632421,
    0.47207088329367686,
    0.4719175720984633,
    0.4717640024978849,
    0.47161017394304616,
    0.47145608588505133,
    0.47130173777500495,
    0.47114712906401135,
    0.4709922592031749,
    0.4708371276436001,
    0.4706817338363912,
    0.4705260772326528,
    0.47037015728348913,
    0.47021397344000476,
    0.47005752515330385,
    0.46990081187449106,
    0.46974383305467055,
    0.469586588144947,
    0.46942907659642463,
    0.4692712978602078,
    0.46911325138740106,
    0.46895493662910875,
    0.46879635303643524,
    0.46863750006048505,
    0.46847837715236246,
    0.4683189837631717,
    0.46815931934401767,
    0.4679993833460044,
    0.4678391752202362,
    0.46767869441781784,
    0.4675179403898534,
    0.4673569125874475,
    0.4671956104617045,
    0.46703403346372857,
    0.46687218104462447,
    0.4667100526554965,
    0.4665476477474488,
    0.46638496577158606,
    0.4662220061790126,
    0.4660587684208327,
    0.465895251948151,
    0.46573145621207174,
    0.4655673806636994,
    0.4654030247541383,
    0.4652383879344929,
    0.4650734696558676,
    0.46490826936936686,
    0.46474278652609485,
    0.4645770205771563,
    0.46441097097365536,
    0.4642446371666965,
    0.4640780186073843,
    0.4639111147468228,
    0.4637439250361167,
    0.4635764489263704,
    0.4634086858686881,
    0.46324063531417436,
    0.46307229671393363,
    0.4629036695190701,
    0.4627347531806884,
    0.4625655471498928,
    0.4623960508777877,
    0.4622262638154776,
    0.4620561854140668,
    0.4618858151246597,
    0.46171515239836086,
    0.4615441966862744,
    0.46137294743950497,
    0.46120140410915694,
    0.4610295661463346,
    0.4608574330021425,
    0.4606850041276849,
    0.4605122789740662,
    0.46033925699239103,
    0.4601659376337636,
    0.4599923203492882,
    0.4598184045900695,
    0.4596441898072117,
    0.4594696754518194,
    0.45929486097499683,
    0.45911974582784837,
    0.4589443294614786,
    0.45876861132699187,
    0.4585925908754923,
    0.45841626755808473,
    0.4582396408258733,
    0.45806271012996247,
    0.4578854749214567,
    0.4577079346514602,
    0.45753008877107765,
    0.45735193673141333,
    0.45717347798357144,
    0.45699471197865676,
    0.4568156381677735,
    0.4566362560020259,
    0.45645656493251874,
    0.45627656441035613,
    0.45609625388664243,
    0.4559156328124823,
    0.45573470063898,
    0.45555345681723985,
    0.4553719007983664,
    0.45519003203346403,
    0.4550078499736371,
    0.45482535406999,
    0.4546425437736271,
    0.45445941853565297,
    0.4542759778071719,
    0.4540922210392882,
    0.4539081476831064,
    0.4537237571897309,
    0.45353904901026604,
    0.4533540225958163,
    0.45316867739748595,
    0.4529830128663796,
    0.4527970284536014,
    0.45261072361025595,
    0.45242409778744763,
    0.4522371504362808,
    0.45204988100785976,
    0.4518622889532891,
    0.4516743737236732,
    0.45148613477011623,
    0.4512975715437229,
    0.4511086834955975,
    0.45091947007684424,
    0.4507299307385679,
    0.4505400649318725,
    0.45034987210786276,
    0.4501593517176429,
    0.4499685032123173,
    0.44977732604299053,
    0.4495858196607669,
    0.4493939835167506,
    0.44920181706204637,
    0.44900931974775854,
    0.4488164910249914,
    0.44862333034484936,
    0.44842983715843693,
    0.44823601091685833,
    0.44804185107121824,
    0.4478473570726208,
    0.44765252837217057,
    0.4474573644209719,
    0.44726186467012913,
    0.4470660285707468,
    0.4468698555739292,
    0.4466733451307807,
    0.4464764966924059,
    0.44627930970990903,
    0.4460817836343945,
    0.44588391791696685,
    0.44568571200873025,
    0.44548716536078936,
    0.4452882774242484,
    0.4450890476502118,
    0.4448894754897841,
    0.44468956039406954,
    0.44448930181417257,
    0.4442886992011976,
    0.4440877520062491,
    0.4438864596804313,
    0.4436848216748488,
    0.4434828374406059,
    0.44328050642880695,
    0.44307782809055657,
    0.44287480187695877,
    0.4426714272391184,
    0.44246770362813964,
    0.4422636304951268,
    0.4420592072911845,
    0.4418544334674171,
    0.4416493084749287,
    0.44144383176482416,
    0.4412380027882077,
    0.44103182099618343,
    0.4408252858398562,
    0.4406183967703302,
    0.44041115323870983,
    0.4402035546960995,
    0.4399956005936036,
    0.43978729038232667,
    0.439578623513373,
    0.4393695994378469,
    0.439160217606853,
    0.43895047747149557,
    0.43874037848287883,
    0.43852992009210756,
    0.43831910175028593,
    0.4381079229085183,
    0.43789638301790923,
    0.437684481529563,
    0.4374722178945842,
    0.437259591564077,
    0.43704660198914586,
    0.43683324862089534,
    0.4366195309104297,
    0.4364054483088532,
    0.4361910002672706,
    0.4359761862367861,
    0.435761005668504,
    0.43554545801352895,
    0.43532954272296503,
    0.43511325924791705,
    0.4348966070394891,
    0.43467958554878566,
    0.43446219422691124,
    0.43424443252497014,
    0.43402629989406666,
    0.4338077957853055,
    0.4335889196497908,
    0.43336967093862694,
    0.43315004910291854,
    0.43293005359376996,
    0.43270968386228537,
    0.43248893935956945,
    0.4322678195367263,
    0.43204632384486075,
    0.431824451735077,
    0.43160220265847915,
    0.4313795760661721,
    0.43115657140926,
    0.4309331881388471,
    0.4307094257060382,
    0.43048528356193744,
    0.4302607611576491,
    0.43003585794427795,
    0.42981057337292805,
    0.429584906894704,
    0.42935885796071016,
    0.4291324260220508,
    0.42890561052983067,
    0.4286784109351538,
    0.4284508266891247,
    0.4282228572428479,
    0.4279945020474278,
    0.4277657605539685,
    0.4275366322135747,
    0.42730711647735065,
    0.427077212796401,
    0.42684692062182994,
    0.42661623940474175,
    0.42638516859624115,
    0.4261537076474323,
    0.42592185600941973,
    0.4256896131333078,
    0.4254569784702009,
    0.4252239514712034,
    0.42499053158741984,
    0.4247567182699546,
    0.4245225109699118,
    0.42428790913839615,
    0.42405291222651187,
    0.42381751968536363,
    0.42358173096605556,
    0.42334554551969217,
    0.4231089627973778,
    0.4228719822502171,
    0.422634603329314,
    0.42239682548577334,
    0.4221586481706994,
    0.4219200708351964,
    0.421681092930369,
    0.4214417139073214,
    0.42120193321715815,
    0.42096175031098365,
    0.4207211646399021,
    0.4204801756550182,
    0.4202387828074362,
    0.4199969855482603,
    0.41975478332859534,
    0.41951217559954546,
    0.41926916181221496,
    0.4190257414177085,
    0.4187819138671304,
    0.4185376786115848,
    0.4182930351021765,
    0.41804798279000965,
    0.4178025211261888,
    0.4175566495618183,
    0.41731036754800244,
    0.4170636745358458,
    0.4168165699764527,
    0.41656905332092753,
    0.41632112402037474,
    0.41607278152589866,
    0.4158240252886037,
    0.4155748547595943,
    0.4153252693899749,
    0.4150752686308498,
    0.4148248519333236,
    0.41457401874850036,
    0.41432276852748484,
    0.41407110072138137,
    0.41381901478129407,
    0.4135665101583277,
    0.41331358630358644,
    0.41306024266817476,
    0.4128064787031971,
    0.41255229385975783,
    0.41229768758896124,
    0.41204265934191203,
    0.41178720856971424,
    0.41153133472347253,
    0.4112750372542913,
    0.41101831561327473,
    0.41076116925152745,
    0.41050359762015387,
    0.41024560017025813,
    0.40998717635294485,
    0.4097283256193185,
    0.40946904742048323,
    0.40920934120754365,
    0.40894920643160415,
    0.4086886425437689,
    0.40842764899514267,
    0.40816622523682955,
    0.4079043707199342,
    0.4076420848955608,
    0.40737936721481377,
    0.40711621712879775,
    0.40685263408861694,
    0.4065886175453757,
    0.4063241669501786,
    0.4060592817541299,
    0.405793961408334,
    0.40552820536389556,
    0.40526201307191867,
    0.40499538398350776,
    0.40472831754976746,
    0.4044608132218019,
    0.4041928704507157,
    0.40392448868761327,
    0.40365566738359876,
    0.4033864059897768,
    0.4031167039572518,
    0.40284656073712793,
    0.4025759757805099,
    0.4023049485385019,
    0.4020334784622083,
    0.4017615650027338,
    0.40148920761118245,
    0.4012164057386589,
    0.4009431660806749,
    0.4006694953327421,
    0.4003954001903726,
    0.4001208873490781,
    0.39984596350437024,
    0.39957063535176107,
    0.39929490958676234,
    0.3990187929048858,
    0.39874229200164335,
    0.3984654135725468,
    0.398188164313108,
    0.3979105509188387,
    0.3976325800852506,
    0.3973542585078558,
    0.397075592882166,
    0.39679658990369276,
    0.39651725626794837,
    0.39623759867044434,
    0.39595762380669247,
    0.39567733837220476,
    0.3953967490624929,
    0.3951158625730686,
    0.39483468559944396,
    0.3945532248371305,
    0.3942714869816404,
    0.39398947872848517,
    0.3937072067731766,
    0.3934246778112268,
    0.39314189853814735,
    0.3928588756494501,
    0.39257561584064693,
    0.3922921258072497,
    0.39200841224477,
    0.3917244818487199,
    0.39144034131461103,
    0.3911559973379554,
    0.39087145661426476,
    0.39058672583905074,
    0.3903018117078254,
    0.39001672091610057,
    0.3897314601593878,
    0.38944603613319917,
    0.3891604555330464,
    0.38887472505444126,
    0.3885888513928956,
    0.3883028412439213,
    0.38801670130303006,
    0.3877304382657339,
    0.38744405882754435,
    0.3871575696839735,
    0.38687097753053307,
    0.3865842890627348,
    0.3862975109760906,
    0.38601064996611223,
    0.3857237127283114,
    0.3854367059582003,
    0.3851496363512904,
    0.3848625106030935,
    0.38457533540912175,
    0.3842881174648866,
    0.3840008634659001,
    0.38371358010767403,
    0.38342627408572005,
    0.3831389520955502,
    0.38285162083267626,
    0.38256428699260986,
    0.38227695727086297,
    0.38198963836294747,
    0.3817023369643749,
    0.3814150597706574,
    0.38112781347730657,
    0.3808406047798344,
    0.3805534403737526,
    0.38026632695457296,
    0.37997927121780734,
    0.37969227985896764,
    0.3794053595735655,
    0.3791185170571129,
    0.3788317590051216,
    0.37854509211310333,
    0.37825852307657004,
    0.37797205859103344,
    0.37768570535200546,
    0.3773994700549979,
    0.37711335939552243,
    0.3768273800690911,
    0.3765415387712156,
    0.37625584219740754,
    0.37597029704317914,
    0.375684910004042,
    0.3753996877755079,
    0.37511463705308884,
    0.37482976453229644,
    0.3745450769086425,
    0.3742605808776391,
    0.3739762831347978,
    0.3736921903756305,
    0.3734083092956491,
    0.3731246465903652,
    0.37284120895529094,
    0.3725580030859379,
    0.37227503567781783,
    0.3719923134264428,
    0.37170984302732457,
    0.3714276311759747,
    0.37114568456790537,
    0.3708640098986281,
    0.3705826138636548,
    0.37030150315849747,
    0.3700206844786676,
    0.36974016451967734,
    0.36945994997703835,
    0.36918004754626227,
    0.36890046392286124,
    0.368621205802347,
    0.3683422798802311,
    0.36806369285202567,
    0.3677854514132425,
    0.36750756225939313,
    0.3672300320859897,
    0.36695286758854384,
    0.3666760754625675,
    0.3663996624035724,
    0.3661236351070703,
    0.3658480002685732,
    0.36557276458359284,
    0.3652979347476409,
    0.36502351745622935,
    0.36474951940487005,
    0.3644759472890746,
    0.36420280780435504,
    0.36393010764622313,
    0.36365785351019053,
    0.36338605209176933,
    0.36311471008647106,
    0.3628438341898078,
    0.3625734310972913,
    0.36230350750443313,
    0.3620340701067455,
    0.36176512559974,
    0.3614966806789283,
    0.3612287420398226,
    0.36096131637793444,
    0.3606944103887757,
    0.3604280307678583,
    0.36016218421069385,
    0.3598968774127943,
    0.3596321170696715,
    0.35936790987683714,
    0.3591042625298032,
    0.3588411817240814,
    0.3585786741551835,
    0.3583167465186215,
    0.3580554055099071,
    0.35779465782455205,
    0.3575345101580683,
    0.35727496920596763,
    0.3570160416637617,
    0.3567577342269626,
    0.3565000535910819,
    0.35624300645163165,
    0.35598659950412354,
    0.3557308394440693,
    0.35547573296698093,
    0.35522128676837017,
    0.35496750754374873,
    0.3547144019886286,
    0.35446197679852154,
    0.35421023866893925,
    0.3539591942953937,
    0.3537088503733967,
    0.35345921359845994,
    0.35321029066609544,
    0.35296208827181474,
    0.35271461311112995,
    0.35246787187955275,
    0.35222187127259486,
    0.3519766179857683,
    0.3517321187145847,
    0.35148838015455597,
    0.351245409001194,
    0.35100321195001055,
    0.3507617956965173,
    0.35052116693622626,
    0.35028133236464903,
    0.35004229867729775,
    0.34980407256968404,
    0.3495666607373196,
    0.3493300698757165,
    0.3490943066803865,
    0.3488593778468411,
    0.3486252900705926,
    0.34839205004715257,
    0.3481596644720327,
    0.3479281400407452,
    0.3476974834488014,
    0.34746770139171346,
    0.3472388005649932,
    0.34701078766415216,
    0.3467836693847024,
    0.34655745242215574,
    0.3463321434720238,
    0.3461077492298187,
    0.345884276391052,
    0.3456617316512355,
    0.34544012170588123,
    0.34521945325050096,
    0.34499973298060627,
    0.3447809675917093,
    0.34456316377932156,
    0.34434632823895517,
    0.34413046766612176,
    0.3439155887563332,
    0.34370169820510127,
    0.3434888027079379,
    0.3432769089603547,
    0.34306602365786376,
    0.34285615349597665,
    0.34264730517020525,
    0.3424394853760615,
    0.342232700809057,
    0.3420269581647039,
    0.34182226413851374,
    0.3416186254259983,
    0.3414160487226697,
    0.3412145407240395,
    0.3410141081256195,
    0.34081475762292174,
    0.3406164959114578,
    0.3404193296867396,
    0.340223265644279,
    0.3400283104795877,
    0.3398344708881777,
    0.3396417535655607,
    0.33945016520724847,
    0.3392597125087529,
    0.33907040216558587,
    0.338882240873259,
    0.3386952353272843,
    0.33850939222317356,
    0.3383247182564384,
    0.3381412201225909,
    0.33795890451714283,
    0.33777777813560583,
    0.3375978476734919,
    0.3374191198263126,
    0.3372416012895802,
    0.3370652987588062,
    0.3368902189295023,
    0.33671636849718073,
    0.33654375415735294,
    0.3363723826055308,
    0.3362022605372264,
    0.3360333946479513,
    0.3358657916332173,
    0.3356994581885363,
    0.33553440100942006,
    0.3353706267913806,
    0.33520814222992956,
    0.3350469540205787,
    0.33488706885884,
    0.33472849344022526,
    0.33457123446024606,
    0.3344152986144145,
    0.3342606925982423,
    0.33410742310724123,
    0.33395549683692316,
    0.33380492048279997,
    0.3336557007403833,
    0.3335078443051852,
    0.3333613578727172,
    0.3332162481384914,
    0.33307252179801944,
    0.33293018554681314,
    0.33278924608038446,
    0.33264971009424515,
    0.33251158428390687,
    0.33237487534488175,
    0.3322395899726813,
    0.3321057348628174,
    0.33197331671080216,
    0.33184234221214703,
    0.3317128180623639,
    0.3315847509569648,
    0.3314581475914613,
    0.3313330146613654,
    0.33120935886218883,
    0.3310871868894434,
    0.330966505438641,
    0.33084732120529337,
    0.3307296408849122,
    0.3306134711730096,
    0.33049881876509724,
    0.33038569035668686,
    0.33027409264329044,
    0.3301640323204198,
    0.33005551608358646,
    0.3299485506283026,
    0.3298431426500798,
    0.3297392988444301,
    0.3296370259068651,
    0.32953633053289666,
    0.3294372194180367,
    0.32933969925779705,
    0.3292437767476893,
    0.32914945858322553,
    0.3290567514599174,
    0.32896566207327677,
    0.3288761971188155,
    0.3287883632920453,
    0.3287021672884782,
    0.3286176158036258,
    0.32853471553299995,
    0.32845347317211265,
    0.3283738954164755,
    0.32829598896160034,
    0.3282197605029991,
    0.3281452167361836,
    0.3280723643566654,
    0.32800121005995675,
    0.3279317605415692,
    0.32786402249701446,
    0.32779800262180464,
    0.32773370761145126,
    0.3276711441614664,
    0.3276103189673618,
    0.32755123872464914,
    0.3274939101288404,
    0.32743833987544735,
    0.3273845346599817,
    0.3273325011779554,
    0.3272822461248804,
    0.32723377619626803,
    0.3271870980876307,
    0.3271422184944797,
    0.3270991441123273,
    0.32705788163668514,
    0.32701843776306483,
    0.3269808191869785,
    0.32694503260393787,
    0.3269110847094546,
    0.3268789821990407,
    0.32684873176820806,
    0.32682034011246813,
    0.32679381392733303,
    0.32676915990831445,
    0.32674638475092443,
    0.32672549515067456,
    0.32670649780307665,
    0.3266893994036426,
    0.32667420664788427,
    0.3266609262313133,
    0.3266495648494418,
    0.32664012919778135,
    0.32663262597184367,
    0.32662706186714097,
    0.32662344357918477,
    0.32662177780348683,
    0.32662207123555925,
    0.32662433057091356,
    0.32662856250506184,
    0.32663477373351574,
    0.32664297095178696,
    0.32665316085538765,
    0.32666535013982945,
    0.32667954550062406,
    0.3266957536332835,
    0.3267139812333195,
    0.3267342349962438,
    0.32675652161756835,
    0.32678084779280486,
    0.3268072202174653,
    0.32683564558706135,
    0.3268661305971048,
    0.3268986819431076,
    0.32693330632058154,
    0.32697001042503826,
    0.3270088009519898,
    0.32704968459694794,
    0.32709266805542436,
    0.32713775802293105,
    0.32718496119497964,
    0.3272342842670822,
    0.3272857339347503,
    0.3273393168934958,
    0.3273950398388307,
    0.3274529094662667,
    0.32751293247131547,
    0.3275751155494891,
    0.3276394653962993,
    0.3277059887072577,
    0.3277746921778764,
    0.32784558250366713,
    0.32791866638014155,
    0.3279939505028117,
    0.3280714415671892,
    0.3281511462687861,
    0.3282330713031141,
    0.32831722336568486,
    0.3284036091520104,
    0.3284922353576026,
    0.32858310867797297,
    0.3286762358086336,
    0.32877162344509625,
    0.3288692782828726,
    0.32896920701747473,
    0.32907141634441417,
    0.32917591295920295,
    0.32928270355735284,
    0.3293917948343755,
    0.329503193485783,
    0.329616906207087,
    0.32973293969379924,
    0.32985130064143175,
    0.3299719957454963,
    0.3300950317015045,
    0.3302204152049685,
    0.33034815295139985,
    0.33047825163631034,
    0.3306107179552121,
    0.33074555860361654,
    0.3308827802770359,
    0.3310223896709817,
    0.33116439348096577,
    0.3313087984025001,
    0.3314556111310964,
    0.3316048383622664,
    0.3317564867915221,
    0.3319105631143752,
    0.3320670740263375,
    0.33222602622292097,
    0.33238742639963725,
    0.3325512812519983,
    0.33271759747551577,
    0.33288638176570157,
    0.33305764081806766,
    0.33323138132812563,
    0.33340760999138735,
    0.33358633350336475,
    0.3337675585595696,
    0.33395129185551353,
    0.33413754008670865,
    0.3343263099486667,
    0.33451760813689924,
    0.3347114413469185,
    0.33490781627423594,
    0.3351067396143636,
    0.33530821806281325,
    0.33551225831509657,
    0.3357188670667256,
    0.33592805101321205,
    0.3361398168500676,
    0.3363541712728043,
    0.3365711209769339,
    0.3367906726579681,
    0.3370128330114189,
    0.33723760873279796,
    0.33746500651761707,
    0.3376950330613883,
    0.33792769505962317,
    0.3381629992078337,
    0.3384009522015317,
    0.3386415607362288,
    0.33888483150743703,
    0.3391307712106681,
    0.3393793865414338,
    0.33963068419524606,
    0.3398846708676167,
    0.34014135325405725,
    0.3404007380500799,
    0.3406628319511964,
    0.3409276416529183,
    0.3411951738507577,
    0.34146543524022627,
    0.34173843251683594,
    0.34201417237609844,
    0.3422926615135256,
    0.3425739066246293,
    0.34285791440492125,
    0.3431446915499133,
    0.34343424475511736,
    0.34372658071604517,
    0.3440217061282085,
    0.34431962768711927,
    0.3446203520882892,
    0.34492388602723023,
    0.3452302361994541,
    0.34553940930047256,
    0.34585141202579756,
    0.34616625107094096,
    0.34648393313141423,
    0.34680446490272965,
    0.3471278530803988,
    0.3474541043599334,
    0.3477832254368455,
    0.34811522300664666,
    0.348450103764849,
    0.3487878744069641,
    0.3491285416285039,
    0.34947211212498014,
    0.34981857572892994,
    0.35016792227289006,
    0.3505201415893977,
    0.3508752235109899,
    0.3512331578702033,
    0.3515939344995753,
    0.3519575432316427,
    0.3523239738989425,
    0.3526932163340117,
    0.35306526036938723,
    0.35344009583760627,
    0.3538177125712057,
    0.3541981004027224,
    0.35458124916469363,
    0.3549671486896562,
    0.35535578881014696,
    0.3557471593587032,
    0.35614125016786186,
    0.35653805107015973,
    0.356937551898134,
    0.35733974248432154,
    0.3577446126612594,
    0.35815215226148467,
    0.3585623511175341,
    0.3589751990619449,
    0.35939068592725404,
    0.35980880154599837,
    0.36022953575071504,
    0.360652878373941,
    0.3610788192482131,
    0.3615073482060685,
    0.36193845508004413,
    0.362372129702677,
    0.36280836190650423,
    0.3632471415240625,
    0.3636884583878891,
    0.3641323023305209,
    0.36457866318449483,
    0.36502753078234806,
    0.36547889495661745,
    0.36593274553983995,
    0.3663890723645527,
    0.3668478652632926,
    0.36730911406859656,
    0.3677728086130018,
    0.36823893872904506,
    0.3687074942492636,
    0.3691784650061942,
    0.3696518408323739,
    0.37012761156033974,
    0.3706057670226287,
    0.3710862970517777,
    0.3715691914803239,
    0.37205444014080413,
    0.37254203286575543,
    0.3730319594877148,
    0.3735242098392192,
    0.37401877375280573,
    0.3745156410610114,
    0.37501480159637285,
    0.37551624519142757,
    0.37601996167871227,
    0.37652594089076385,
    0.37703417266011957,
    0.3775446468193164,
    0.378057353200891,
    0.3785722816373807,
    0.37908942196132234,
    0.37960876400525306,
    0.38013029760170974,
    0.3806540125832293,
    0.38117989878234887,
    0.3817079460316054,
    0.3822381441635358,
    0.38277048301067723,
    0.3833049524055666,
    0.38384154218074074,
    0.38438024216873695,
    0.38492104220209206,
    0.38546393211334296,
    0.38600890173502683,
    0.3865559408996805,
    0.38710503943984115,
    0.3876561871880457,
    0.388209373976831,
    0.3887645896387342,
    0.38932182400629234,
    0.38988106691204216,
    0.39044230818852094,
    0.3910055376682655,
    0.39157074518381285,
    0.3921379205677001,
    0.3927070536524641,
    0.39327813427064184,
    0.39385115225477046,
    0.39442609743738677,
    0.395002959651028,
    0.39558172872823094,
    0.39616239450153257,
    0.39674494680347006,
    0.39732937546658026,
    0.39791567032340014,
    0.3985038212064668,
    0.3990938179483173,
    0.39968565038148834,
    0.4002793083385172,
    0.40087478165194074,
    0.40147206015429593,
    0.4020711336781199,
    0.4026719920559494,
    0.40327462512032175,
    0.40387902270377374,
    0.40448517463884226,
    0.4050930707580646,
    0.4057027008939776,
    0.40631405487911804,
    0.4069271225460233,
    0.40754189372723015,
    0.4081583582552755,
    0.4087765059626966,
    0.4093963266820302,
    0.4100178102458135,
    0.4106409464865834,
    0.4112657252368767,
    0.4118921363292308,
    0.4125201695961824,
    0.4131498148702684,
    0.41378106198402614,
    0.41441390076999246,
    0.41504832106070416,
    0.4156843126886985,
    0.41632186548651234,
    0.41696096928668264,
    0.41760161392174655,
    0.4182437892242409,
    0.41888748502670275,
    0.4195326911616692,
    0.42017939746167693,
    0.4208275937592633,
    0.4214772698869651,
    0.4221284156773193,
    0.422781020962863,
    0.4234350755761332,
    0.4240905693496667,
    0.42474749211600077,
    0.42540583370767215,
    0.42606558395721805,
    0.42672673269717537,
    0.42738926976008096,
    0.42805318497847206,
    0.42871846818488557,
    0.42938510921185835,
    0.4300530978919276,
    0.4307224240576302,
    0.4313930775415031,
    0.43206504817608343,
    0.43273832579390814,
    0.433412900227514,
    0.43408876130943835,
    0.43476589887221795,
    0.4354443027483899,
    0.4361239627704912,
    0.43680486877105873,
    0.4374870105826296,
    0.4381703780377408,
    0.4388549609689292,
    0.43954074920873193,
    0.44022773258968595,
    0.4409159009443281,
    0.44160524410519564,
    0.4422957519048253,
    0.4429874141757543,
    0.44368022075051955,
    0.44437416146165787,
    0.4450692261417066,
    0.4457654046232024,
    0.44646268673868245,
    0.4471610623206837,
    0.4478605212017432,
    0.44856105321439776,
    0.44926264819118455,
    0.4499652959646404,
    0.45066898636730257,
    0.45137370923170794,
    0.4520794543903932,
    0.45278621167589583,
    0.45349397092075255,
    0.4542027219575003,
    0.4549124546186762,
    0.4556231587368173,
    0.4563348241444603,
    0.4570474406741426,
    0.45776099815840093,
    0.45847548642977226,
    0.45919089532079377,
    0.45990721466400225,
    0.46062443429193484,
    0.46134254403712854,
    0.4620615337321201,
    0.46278139320944683,
    0.4635021123016456,
    0.46422368084125337,
    0.46494608866080717,
    0.465669325592844,
    0.4663933814699007,
    0.4671182461245146,
    0.46784390938922227,
    0.468570361096561,
    0.4692975910790678,
    0.47002558916927945,
    0.4707543451997331,
    0.47148384900296575,
    0.4722140904115142,
    0.4729450592579157,
    0.47367674537470716,
    0.4744091385944254,
    0.4751422287496077,
    0.47587600567279076,
    0.47661045919651185,
    0.47734557915330783,
    0.47808135537571556,
    0.4788177776962723,
    0.4795548359475149,
    0.4802925199619803,
    0.4810308195722056,
    0.4817697246107278,
    0.48250922491008374,
    0.4832493103028106,
    0.4839899706214453,
    0.4847311956985247,
    0.485472975366586,
    0.48621529945816605,
    0.486958157805802,
    0.4877015402420307,
    0.4884454365993891,
    0.4891898367104144,
    0.48993473040764346,
    0.4906801075236132,
    0.4914259578908607,
    0.49217227134192304,
    0.492919037709337,
    0.4936662468256398,
    0.49441388852336837,
    0.4951619526350595,
    0.49591042899325044,
    0.496659307430478,
    0.4974085777792794,
    0.49815822987219144,
    0.49890825354175106,
    0.4996586386204955,
    0.5004093749409616,
    0.5011604523356862,
    0.5019118606372066,
    0.5026635896780597,
    0.5034156292907823,
    0.5041679693079116,
    0.5049205995619845,
    0.505673509885538
]