[
    0.5830821676144569,
    0.584169620599846,
    0.5852551533722552,
    0.5863387633947885,
    0.5874204481305499,
    0.5885002050426437,
    0.5895780315941739,
    0.5906539252482444,
    0.5917278834679593,
    0.5927999037164227,
    0.5938699834567387,
    0.5949381201520111,
    0.5960043112653443,
    0.5970685542598422,
    0.5981308465986087,
    0.5991911857447483,
    0.6002495691613646,
    0.6013059943115618,
    0.602360458658444,
    0.6034129596651151,
    0.6044634947946795,
    0.605512061510241,
    0.6065586572749037,
    0.6076032795517715,
    0.6086459258039488,
    0.6096865934945395,
    0.6107252800866475,
    0.6117619830433769,
    0.6127966998278319,
    0.6138294279031166,
    0.6148601647323347,
    0.6158889077785907,
    0.6169156545049884,
    0.6179404023746319,
    0.6189631488506253,
    0.6199838913960724,
    0.6210026274740776,
    0.622019354547745,
    0.6230340700801783,
    0.6240467715344818,
    0.6250574563737595,
    0.6260661220611154,
    0.6270727660596536,
    0.6280773858324782,
    0.6290799788426931,
    0.6300805425534026,
    0.6310790744277106,
    0.6320755719287211,
    0.6330700325195384,
    0.6340624536632663,
    0.6350528328230087,
    0.6360411674618702,
    0.6370274550429545,
    0.6380116930293658,
    0.6389938788842079,
    0.6399740100705851,
    0.6409520840516013,
    0.6419280982903607,
    0.6429020502499672,
    0.643873937393525,
    0.6448437571841381,
    0.6458115070849105,
    0.6467771845589464,
    0.6477407870693498,
    0.6487023120792246,
    0.6496617570516751,
    0.6506191194498049,
    0.6515743967367186,
    0.6525275863755201,
    0.6534786858293133,
    0.6544276925612025,
    0.6553746040342914,
    0.6563194177116844,
    0.6572621310564853,
    0.6582027415317983,
    0.6591412466007275,
    0.6600776437263768,
    0.6610119303718504,
    0.6619441040002523,
    0.6628741620746864,
    0.6638021020582571,
    0.6647279214140681,
    0.6656516176052236,
    0.6665731880948277,
    0.6674926303459845,
    0.6684099418217979,
    0.6693251199853719,
    0.6702381622998109,
    0.6711490662282188,
    0.6720578292336993,
    0.6729644487793569,
    0.6738689223282956,
    0.6747712473436193,
    0.675671421288432,
    0.6765694416258381,
    0.6774653058189413,
    0.6783590113308458,
    0.6792505556246554,
    0.6801399361634747,
    0.6810271504104073,
    0.6819121958285574,
    0.6827950698810292,
    0.6836757700309266,
    0.6845542937413537,
    0.6854306384754143,
    0.6863048016962128,
    0.6871767808668531,
    0.6880465734504393,
    0.6889141769100755,
    0.6897795887088656,
    0.6906428063099139,
    0.6915038271763242,
    0.6923626487712007,
    0.6932192685576473,
    0.6940736839987683,
    0.6949258925576677,
    0.6957758916974494,
    0.6966236788812176,
    0.6974692515720762,
    0.6983126072331294,
    0.6991537433274813,
    0.6999926573182356,
    0.7008293466684968,
    0.7016638088413687,
    0.7024960412999555,
    0.7033260415073611,
    0.7041538069266897,
    0.7049793350210454,
    0.705802623253532,
    0.7066236690872537,
    0.7074424699853147,
    0.7082590234108187,
    0.7090733268268701,
    0.7098853776965728,
    0.7106951734830309,
    0.7115027116493484,
    0.7123079896586295,
    0.713111004973978,
    0.7139117550584979,
    0.7147102373752938,
    0.7155064493874694,
    0.7163003885581286,
    0.7170920523503758,
    0.7178814382273148,
    0.7186685436520496,
    0.7194533660876845,
    0.7202359029973233,
    0.7210161518440704,
    0.7217941100910297,
    0.722569775201305,
    0.7233431446380005,
    0.7241142158642206,
    0.7248829863430689,
    0.7256494535376496,
    0.7264136149110669,
    0.7271754679264247,
    0.7279350100468271,
    0.7286922387353781,
    0.7294471514551819,
    0.7301997456693424,
    0.7309500188409636,
    0.7316979684331498,
    0.7324435919090048,
    0.7331868867316329,
    0.733927850364138,
    0.7346664802696243,
    0.7354027739111956,
    0.7361367287519561,
    0.7368683422550099,
    0.737597611883461,
    0.7383245351004135,
    0.7390491093689715,
    0.7397713321522388,
    0.7404912009133197,
    0.7412087131153182,
    0.7419238662213382,
    0.742636657694484,
    0.7433470849978596,
    0.744055145594569,
    0.7447608369477162,
    0.7454641565204054,
    0.7461651017757406,
    0.7468636701768258,
    0.7475598591867648,
    0.7482536662686622,
    0.7489450888856218,
    0.7496341245007476,
    0.7503207705771439,
    0.7510050245779142,
    0.7516868839661631,
    0.7523663462049947,
    0.7530434087575123,
    0.7537180690868208,
    0.7543903246560238,
    0.7550601729282257,
    0.7557276113665302,
    0.7563926374340416,
    0.7570552485938637,
    0.7577154423091009,
    0.7583732160428569,
    0.7590285672582361,
    0.7596814934183422,
    0.7603319919862794,
    0.7609800604251521,
    0.7616256961980638,
    0.7622688967681188,
    0.7629096595984212,
    0.7635479821520749,
    0.764183861892184,
    0.7648172962818528,
    0.7654482827841852,
    0.7660768188622852,
    0.766702901979257,
    0.7673265295982042,
    0.7679476991822314,
    0.7685664081944424,
    0.7691826540979413,
    0.7697964343558322,
    0.7704077464312191,
    0.7710165877872062,
    0.7716229558868972,
    0.7722268481933965,
    0.7728282621698082,
    0.7734271952792356,
    0.7740236449847839,
    0.7746176087495564,
    0.7752090840366574,
    0.775798068309191,
    0.776384559030261,
    0.7769685536629718,
    0.7775500496704271,
    0.7781290445157312,
    0.7787055356619881,
    0.7792795205723018,
    0.7798509967097765,
    0.780419961537516,
    0.7809864125186247,
    0.7815503471162063,
    0.7821117627933649,
    0.7826706570132049,
    0.7832270272388302,
    0.7837808709333445,
    0.7843321855598524,
    0.7848809685814576,
    0.7854272174612642,
    0.7859709296623764,
    0.7865121026478981,
    0.7870507338809334,
    0.7875868208245863,
    0.788120360941961,
    0.7886513516961616,
    0.7891797905502919,
    0.7897056749674563,
    0.7902290024107583,
    0.7907497703433024,
    0.7912679762281926,
    0.7917836175285329,
    0.7922966917074274,
    0.7928071962279802,
    0.7933151285532952,
    0.7938204861464766,
    0.7943232664706282,
    0.7948234669888543,
    0.7953210851642589,
    0.7958161184599462,
    0.79630856433902,
    0.7967984202645846,
    0.7972856836997437,
    0.7977703521076017,
    0.7982524229512624,
    0.7987318936938301,
    0.7992087617984086,
    0.7996830247281023,
    0.800154679946015,
    0.8006237249152507,
    0.8010901570989137,
    0.8015539739601079,
    0.8020151729619371,
    0.8024737515675059,
    0.802929707239918,
    0.8033830374422776,
    0.8038337396376887,
    0.8042818112892552,
    0.8047272498600814,
    0.8051700528132713,
    0.8056102176119287,
    0.8060477417191579,
    0.8064826225980631,
    0.8069148577117483,
    0.8073444445233171,
    0.807771380495874,
    0.8081956630925231,
    0.8086172897763683,
    0.8090362580105135,
    0.8094525652580629,
    0.8098662089821205,
    0.8102771866457906,
    0.810685495712177,
    0.8110911336443838,
    0.8114940979055151,
    0.811894385958675,
    0.8122919952669674,
    0.8126869232934965,
    0.8130791675013662,
    0.8134687253536808,
    0.8138555943135442,
    0.8142397718440604,
    0.8146212554083335,
    0.8150000424694678,
    0.8153761304905669,
    0.8157495169347352,
    0.8161201992650765,
    0.8164881749446952,
    0.8168534414366951,
    0.8172159962041804,
    0.8175758367102547,
    0.8179329604180229,
    0.8182873647905882,
    0.8186390472910552,
    0.8189880053825277,
    0.8193342365281101,
    0.819677738190906,
    0.8200185078340196,
    0.8203565429205552,
    0.8206918409136162,
    0.8210243992763075,
    0.8213542154717329,
    0.821681286962996,
    0.8220056112132015,
    0.822327185685453,
    0.8226460078428547,
    0.8229620751485106,
    0.8232753850655248,
    0.8235859350570013,
    0.8238937225860443,
    0.8241987451157579,
    0.8245010001092459,
    0.8248004850296125,
    0.8250971973399618,
    0.8253911345033975,
    0.8256822939830242,
    0.8259706732419456,
    0.826256269743266,
    0.8265390809500892,
    0.8268191043255194,
    0.8270963373326606,
    0.827370777434617,
    0.8276424220944925,
    0.8279112687753909,
    0.8281773149404169,
    0.8284405580526739,
    0.8287009955752664,
    0.8289586249712985,
    0.8292134437038738,
    0.8294654492360967,
    0.8297146390310712,
    0.8299610105519012,
    0.8302045612616911,
    0.8304452886235446,
    0.8306831901005659,
    0.8309182631558591,
    0.8311505052525283,
    0.8313799138536773,
    0.8316064864224104,
    0.8318302204218314,
    0.8320511133150447,
    0.832269162565154,
    0.8324843656352638,
    0.8326967199884777,
    0.8329062230879,
    0.8331128723966348,
    0.8333166653777859,
    0.8335175994944576,
    0.8337156722097537,
    0.8339108809867787,
    0.8341032232886362,
    0.8342926965784305,
    0.8344792983192656,
    0.8346630259742456,
    0.8348438770064742,
    0.8350218488790561,
    0.8351969390550947,
    0.8353691449976947,
    0.8355384641699597,
    0.8357048940349937,
    0.8358684320559011,
    0.8360290756957858,
    0.8361868224177517,
    0.836341669684903,
    0.836493614960344,
    0.8366426557071782,
    0.8367887893885101,
    0.8369320134674437,
    0.8370723254070829,
    0.8372097226705317,
    0.8373442027208944,
    0.837475763021275,
    0.8376044010347774,
    0.8377301142245057,
    0.8378529000535642,
    0.8379727559850566,
    0.8380896794820871,
    0.8382036680077598,
    0.8383147190251786,
    0.838422829997448,
    0.8385279983876714,
    0.8386302216589534,
    0.8387294972743978,
    0.8388258226971086,
    0.8389191953901901,
    0.8390096128167461,
    0.8390970724398807,
    0.8391815717226981,
    0.8392631081283024,
    0.8393416791197974,
    0.8394172821602874,
    0.8394899147128762,
    0.8395595742406681,
    0.8396262582067668,
    0.8396899640742769,
    0.8397506893063021,
    0.8398084313659464,
    0.8398631877163141,
    0.8399149558205091,
    0.8399637331416355,
    0.8400095171427973,
    0.8400523052870985,
    0.8400920950376433,
    0.8401288838575357,
    0.8401626692098798,
    0.8401934485577797,
    0.8402212193643392,
    0.8402459790926626,
    0.8402677252058539,
    0.840286455167017,
    0.8403021664392564,
    0.8403148564856756,
    0.8403245227693789,
    0.8403311627534704,
    0.840334773901054,
    0.840335353675234,
    0.8403328995391144,
    0.8403274089557989,
    0.8403188793883921,
    0.8403073082999977,
    0.8402926931537198,
    0.8402750314126624,
    0.8402543205399299,
    0.840230557998626,
    0.8402037412518548,
    0.8401738677627204,
    0.840140934994327,
    0.8401049404097783,
    0.8400658814721789,
    0.8400237556446324,
    0.8399785603902429,
    0.8399302931721144,
    0.8398789514533513,
    0.8398245326970576,
    0.839767034366337,
    0.839706453924294,
    0.8396427888340322,
    0.839576036558656,
    0.8395061945612694,
    0.8394332603049761,
    0.8393572312528805,
    0.8392781048680868,
    0.8391958786136988,
    0.8391105499528205,
    0.8390221163485562,
    0.8389305752640098,
    0.8388359241622854,
    0.838738160506487,
    0.8386372817597185,
    0.8385332853850844,
    0.8384261688456883,
    0.8383159296046346,
    0.8382025651250272,
    0.8380860728699702,
    0.8379664503025674,
    0.8378436948859233,
    0.8377178040831416,
    0.8375887753573265,
    0.837456606171582,
    0.8373212939890122,
    0.8371828362727213,
    0.837041230485813,
    0.8368964740913918,
    0.8367485645525612,
    0.8365974993324258,
    0.8364432758940894,
    0.8362858917006559,
    0.8361253442152299,
    0.8359616309009147,
    0.835794749220815,
    0.8356246966380345,
    0.8354514706156771,
    0.8352750686168475,
    0.8350954881046493,
    0.8349127265421865,
    0.8347267813925634,
    0.8345376501188839,
    0.8343453439511443,
    0.8341498741193412,
    0.8339512518534706,
    0.8337494883835291,
    0.8335445949395133,
    0.8333365827514191,
    0.8331254630492431,
    0.8329112470629815,
    0.8326939460226309,
    0.8324735711581875,
    0.8322501336996477,
    0.832023644877008,
    0.8317941159202644,
    0.8315615580594138,
    0.831325982524452,
    0.8310874005453757,
    0.830845823352181,
    0.8306012621748644,
    0.8303537282434226,
    0.8301032327878514,
    0.8298497870381476,
    0.8295934022243071,
    0.8293340895763267,
    0.8290718603242028,
    0.8288067256979312,
    0.8285386969275089,
    0.8282677852429317,
    0.8279940018741965,
    0.8277173580512992,
    0.8274378650042364,
    0.8271555339630046,
    0.8268703761575998,
    0.8265824028180188,
    0.8262916251742574,
    0.8259980544563122,
    0.8257017018941798,
    0.8254025787178565,
    0.8251006961573384,
    0.8247960654426221,
    0.8244886978037037,
    0.8241786044705799,
    0.8238657966732468,
    0.8235502856417009,
    0.8232320826059384,
    0.822911198795956,
    0.8225876454417497,
    0.822261433773316,
    0.8219325750206513,
    0.8216010804137519,
    0.821266961182614,
    0.8209302285572343,
    0.820590893767609,
    0.8202489680437346,
    0.8199044626156072,
    0.8195573887132233,
    0.8192077575665793,
    0.8188555804056714,
    0.8185008684604961,
    0.8181436329610496,
    0.8177838851373286,
    0.8174216362193292,
    0.8170568974370478,
    0.8166896800204808,
    0.8163199951996245,
    0.8159478542044751,
    0.8155732682650296,
    0.8151962486112836,
    0.8148168064732337,
    0.8144349530808767,
    0.8140506996642083,
    0.8136640574532253,
    0.813275037677924,
    0.8128836515683004,
    0.8124899103543514,
    0.8120938252660729,
    0.8116954075334616,
    0.8112946683865137,
    0.8108916190552256,
    0.8104862707695937,
    0.8100786347596142,
    0.8096687222552836,
    0.8092565444865982,
    0.8088421126835544,
    0.8084254380761486,
    0.8080065318943771,
    0.8075854053682364,
    0.8071620697277225,
    0.8067365362028323,
    0.8063088160235616,
    0.805878920419907,
    0.805446860621865,
    0.8050126478594319,
    0.8045762933626041,
    0.8041378083613776,
    0.8036972040857492,
    0.803254491765715,
    0.8028096826312714,
    0.8023627879124149,
    0.8019138188391417,
    0.8014627866414482,
    0.8010097025493309,
    0.800554577792786,
    0.8000974236018099,
    0.7996382512063991,
    0.7991770718365497,
    0.7987138967222582,
    0.7982487370935211,
    0.7977816041803345,
    0.7973125092126948,
    0.7968414634205986,
    0.796368478034042,
    0.7958935642830215,
    0.7954167333975335,
    0.7949379966075741,
    0.7944573651431398,
    0.7939748502342272,
    0.7934904631108325,
    0.793004215002952,
    0.792516117140582,
    0.7920261807537188,
    0.7915344170723592,
    0.7910408373264992,
    0.7905454527461351,
    0.7900482745612636,
    0.7895493140018808,
    0.7890485822979831,
    0.7885460906795668,
    0.7880418503766284,
    0.7875358726191641,
    0.7870281686371705,
    0.7865187496606437,
    0.7860076269195804,
    0.7854948116439765,
    0.7849803150638287,
    0.7844641484091333,
    0.7839463229098866,
    0.7834268497960849,
    0.7829057402977248,
    0.7823830056448023,
    0.7818586570673143,
    0.7813327057952565,
    0.7808051630586258,
    0.7802760400874184,
    0.7797453481116302,
    0.7792130983612583,
    0.7786793020662988,
    0.7781439704567479,
    0.7776071147626019,
    0.7770687462138575,
    0.776528876040511,
    0.7759875154725584,
    0.7754446757399964,
    0.7749003680728214,
    0.7743546037010294,
    0.7738073938546169,
    0.7732587497635807,
    0.7727086826579166,
    0.7721572037676213,
    0.7716043243226909,
    0.7710500555531219,
    0.7704944086889106,
    0.7699373949600535,
    0.7693790255965468,
    0.7688193118283871,
    0.7682582648855705,
    0.7676958959980934,
    0.7671322163959522,
    0.7665672373091433,
    0.7660009699676632,
    0.765433425601508,
    0.7648646154406741,
    0.7642945507151578,
    0.7637232426549558,
    0.7631507024900642,
    0.7625769414504794,
    0.7620019707661977,
    0.7614258016672156,
    0.7608484453835294,
    0.7602699131451355,
    0.75969021618203,
    0.7591093657242098,
    0.7585273730016706,
    0.7579442492444093,
    0.7573600056824219,
    0.7567746535457051,
    0.7561882040642548,
    0.755600668468068,
    0.7550120579871403,
    0.7544223838514689,
    0.7538316572910493,
    0.7532398895358785,
    0.7526470918159527,
    0.7520532753612681,
    0.7514584514018211,
    0.7508626311676082,
    0.7502658258886258,
    0.74966804679487,
    0.7490693051163373,
    0.7484696120830241,
    0.7478689789249268,
    0.7472674168720416,
    0.746664937154365,
    0.7460615510018932,
    0.7454572696446228,
    0.74485210431255,
    0.7442460662356714,
    0.7436391666439828,
    0.743031416767481,
    0.7424228278361623,
    0.7418134110800232,
    0.7412031777290597,
    0.7405921390132685,
    0.7399803061626459,
    0.739367690407188,
    0.7387543029768915,
    0.7381401551017523,
    0.7375252580117673,
    0.7369096229369327,
    0.7362932611072447,
    0.7356761837526998,
    0.7350584021032942,
    0.7344399273890245,
    0.7338207708398868,
    0.7332009436858777,
    0.7325804571569934,
    0.7319593224832303,
    0.7313375508945847,
    0.7307151536210533,
    0.730092141892632,
    0.7294685269393175,
    0.7288443199911059,
    0.7282195322779937,
    0.7275941750299773,
    0.7269682594770529,
    0.726341796849217,
    0.7257147983764659,
    0.725087275288796,
    0.7244592388162037,
    0.7238307001886853,
    0.7232016706362372,
    0.7225721613888557,
    0.7219421836765373,
    0.7213117487292781,
    0.7206808677770746,
    0.7200495520499233,
    0.7194178127778204,
    0.718785661190762,
    0.718153108518745,
    0.7175201659917656,
    0.7168868448398201,
    0.7162531562929048,
    0.715619111581016,
    0.7149847219341501,
    0.7143499985823035,
    0.7137149527554729,
    0.7130795956836542,
    0.712443938596844,
    0.7118079927250383,
    0.7111717692982339,
    0.7105352795464269,
    0.7098985346996138,
    0.7092615459877911,
    0.7086243246409547,
    0.7079868818891013,
    0.7073492289622273,
    0.7067113770903289,
    0.7060733375034025,
    0.7054351214314445,
    0.704796740104451,
    0.7041582047524189,
    0.7035195266053442,
    0.7028807168932233,
    0.7022417868460527,
    0.7016027476938285,
    0.7009636106665473,
    0.7003243869942053,
    0.6996850879067988,
    0.6990457246343245,
    0.6984063084067784,
    0.6977668504541571,
    0.6971273620064568,
    0.696487854293674,
    0.6958483385458051,
    0.6952088259928462,
    0.6945693278647938,
    0.6939298553916443,
    0.693290419803394,
    0.6926510323300393,
    0.6920117042015766,
    0.6913724466480022,
    0.6907332708993126,
    0.690094188185504,
    0.6894552097365727,
    0.6888163467825152,
    0.6881776105533278,
    0.6875390122790069,
    0.6869005631895488,
    0.6862622745149501,
    0.6856241574852069,
    0.6849862233303154,
    0.6843484832802724,
    0.6837109485650741,
    0.6830736304147167,
    0.6824365400591967,
    0.6817996887285105,
    0.6811630876526543,
    0.6805267480616246,
    0.6798906811854177,
    0.6792548982540301,
    0.6786194104974579,
    0.6779842291456976,
    0.6773493654287457,
    0.6767148305765983,
    0.6760806358192518,
    0.6754467923867028,
    0.6748133115089474,
    0.674180204415982,
    0.6735474823378033,
    0.6729151565044071,
    0.6722832381457902,
    0.6716517384919488,
    0.6710206687728794,
    0.6703900402185781,
    0.6697598640590412,
    0.6691301515242656,
    0.668500913844247,
    0.6678721622489824,
    0.6672439079684677,
    0.6666161622326993,
    0.6659889362716737,
    0.6653622413153872,
    0.6647360885938363,
    0.6641104893370171,
    0.6634854547749262,
    0.6628609961375598,
    0.6622371246549145,
    0.6616138515569863,
    0.6609911880737718,
    0.6603691454352674,
    0.6597477348714691,
    0.6591269676123737,
    0.6585068548879774,
    0.6578874079282766,
    0.6572686379632676,
    0.6566505562229467,
    0.6560331739373104,
    0.655416502336355,
    0.6548005526500769,
    0.6541853361084723,
    0.6535708639415376,
    0.6529571473792695,
    0.652344197651664,
    0.6517320259887175,
    0.6511206436204264,
    0.6505100617767873,
    0.6499002916877961,
    0.6492913445834496,
    0.6486832316937438,
    0.6480759642486753,
    0.6474695534782404,
    0.6468640106124354,
    0.6462593468812567,
    0.6456555735147008,
    0.6450527017427637,
    0.6444507427954422,
    0.6438497079027324,
    0.6432496082946307,
    0.6426504552011336,
    0.6420522598522371,
    0.641455033477938,
    0.6408587873082323,
    0.6402635325731166,
    0.6396692805025872,
    0.6390760423266405,
    0.6384838292752727,
    0.6378926525784804,
    0.6373025234662597,
    0.6367134531686072,
    0.6361254529155189,
    0.6355385339369917,
    0.6349527074630215,
    0.6343679847236048,
    0.6337843769487381,
    0.6332018953684176,
    0.6326205512126398,
    0.6320403557114009,
    0.6314613200946974,
    0.6308834555925256,
    0.6303067734348817,
    0.6297312848517624,
    0.6291570010731637,
    0.6285839333290824,
    0.6280120928495144,
    0.6274414908644563,
    0.6268721386039044,
    0.6263040472978552,
    0.6257372281763048,
    0.6251716924692499,
    0.6246074514066865,
    0.6240445162186112,
    0.6234828981350202,
    0.6229226083859101,
    0.622363658201277,
    0.6218060588111174,
    0.6212498214454276,
    0.620694957334204,
    0.620141477707443,
    0.619589393795141,
    0.6190387168272942,
    0.618489458033899,
    0.6179416286449517,
    0.617395239890449,
    0.6168503030003869,
    0.6163068292047619,
    0.6157648297335703,
    0.6152243158168086,
    0.614685298684473,
    0.6141477895665599,
    0.6136117996930657,
    0.6130773402939869,
    0.6125444225993195,
    0.6120130578390601,
    0.6114832572432052,
    0.6109550320417507,
    0.6104283934646935,
    0.6099033527420297,
    0.6093799211037556,
    0.6088581097798677,
    0.6083379300003622,
    0.6078193929952357,
    0.6073025099944842,
    0.6067872922281045,
    0.6062737509260927,
    0.6057618973184451,
    0.6052517426351582,
    0.6047432981062284,
    0.604236574961652,
    0.6037315844314253,
    0.6032283377455446,
    0.6027268461340065,
    0.6022271208268073,
    0.6017291730539431,
    0.6012330140454105,
    0.6007386550312058,
    0.6002461072413254,
    0.5997553819057657,
    0.599266490254523,
    0.5987794435175936,
    0.598294252924974,
    0.5978109297066604,
    0.5973294850926493,
    0.5968499303129369,
    0.5963722765975197,
    0.5958965351763941,
    0.5954227172795563,
    0.5949508341370027,
    0.5944808969787299,
    0.5940129170347338,
    0.5935469055350112,
    0.5930828737095583,
    0.5926208327883714,
    0.5921607940014469,
    0.5917027685787812,
    0.5912467677503707,
    0.5907928027462115,
    0.5903408847963003,
    0.5898910251306333,
    0.5894432349792069,
    0.5889975255720175,
    0.5885539081390612,
    0.5881123939103347,
    0.5876729941158341,
    0.587235719985556,
    0.5868005827494966,
    0.5863675936376523,
    0.5859367638800196,
    0.5855081047065945,
    0.5850816273473738,
    0.5846573430323535,
    0.5842352629915302,
    0.5838153984549,
    0.5833977606524596,
    0.5829823608142052,
    0.5825692101701331,
    0.5821583199502397,
    0.5817497013845213,
    0.5813433657029745,
    0.5809393241355953,
    0.5805375879123804,
    0.580138168263326,
    0.5797410764184285,
    0.5793463236076842,
    0.5789539210610896,
    0.5785638800086408,
    0.5781762116803344,
    0.5777909273061668,
    0.5774080381161342,
    0.5770275553402329,
    0.5766494902084593,
    0.57627385395081,
    0.5759006392421555,
    0.5755298387573667,
    0.5751614451713143,
    0.5747954511588691,
    0.574431849394902,
    0.5740706325542835,
    0.5737117933118845,
    0.5733553243425757,
    0.573001218321228,
    0.572649467922712,
    0.5723000658218987,
    0.5719530046936586,
    0.5716082772128627,
    0.5712658760543816,
    0.5709257938930861,
    0.570588023403847,
    0.5702525572615351,
    0.5699193881410209,
    0.5695885087171757,
    0.5692599116648699,
    0.5689335896589741,
    0.5686095353743595,
    0.5682877414858966,
    0.5679682006684562,
    0.5676509055969091,
    0.567335848946126,
    0.5670230233909777,
    0.5667124216063351,
    0.5664040362670687,
    0.5660978600480495,
    0.5657938856241482,
    0.5654921056702354,
    0.5651925128611823,
    0.5648950998718593,
    0.5645998593771371,
    0.5643067840518866,
    0.5640158665709787,
    0.563727099609284,
    0.5634404758416733,
    0.5631559879430174,
    0.562873628588187,
    0.5625933904520529,
    0.562315266209486,
    0.5620392485353568,
    0.5617653301045362,
    0.5614935035918951,
    0.5612237616723041,
    0.560956097020634,
    0.5606905023117554,
    0.5604269702205396,
    0.5601654934218567,
    0.5599060645905779,
    0.5596486764015738,
    0.5593933215297152,
    0.5591399926498729,
    0.5588886824369177,
    0.5586393835657202,
    0.5583920887111513,
    0.5581467905480817,
    0.5579034817513823,
    0.5576621549959235,
    0.5574228029565766,
    0.5571854183082121,
    0.5569499937257006,
    0.5567165218839132,
    0.5564849954577205,
    0.5562554071219931,
    0.5560277495516021,
    0.5558020154214179,
    0.5555781974063116,
    0.5553562881811538,
    0.5551362804208153,
    0.5549181668001669,
    0.5547019399940794,
    0.5544875926774233,
    0.5542751175250696,
    0.5540645072118892,
    0.5538557544127525,
    0.5536488518025305,
    0.5534437920560941,
    0.5532405678483137,
    0.5530391718540602,
    0.5528395967482045,
    0.5526418352056174,
    0.5524458799011694,
    0.5522517235097316,
    0.5520593587061744,
    0.551868778165369,
    0.5516799745621856,
    0.5514929405714954,
    0.5513076688681692,
    0.5511241521270775,
    0.5509423830230913,
    0.5507623542310811,
    0.5505840584259178,
    0.5504074882824723,
    0.5502326364756153,
    0.5500594956802174,
    0.5498880585711494,
    0.5497183178232823,
    0.5495502661114867,
    0.5493838961106334,
    0.5492192004955931,
    0.5490561719412366,
    0.5488948031224347,
    0.5487350867140581,
    0.5485770153909777,
    0.5484205818280641,
    0.5482657787001882,
    0.5481125986822207,
    0.5479610344490323,
    0.547811078675494,
    0.5476627240364763,
    0.5475159632068501,
    0.5473707888614862,
    0.5472271936752552,
    0.5470851703230281,
    0.5469447114796754,
    0.5468058098200681,
    0.5466684580190768,
    0.5465326487515725,
    0.5463983746924256,
    0.5462656285165072,
    0.5461344028986879,
    0.5460046905138385,
    0.5458764840368298,
    0.5457497761425325,
    0.5456245595058175,
    0.5455008268015552,
    0.5453785707046168,
    0.545257783889873,
    0.5451384590321944,
    0.5450205888064519,
    0.544904165887516,
    0.5447891829502578,
    0.5446756326695479,
    0.5445635077202572,
    0.5444528007772563,
    0.544343504515416,
    0.5442356116096071,
    0.5441291147347004,
    0.5440240065655666,
    0.5439202797770765,
    0.5438179270441008,
    0.5437169410415105,
    0.543617314444176,
    0.5435190399269684,
    0.5434221101647583,
    0.5433265178324164,
    0.5432322556048137,
    0.5431393161568208,
    0.5430476921633084,
    0.5429573762991473,
    0.5428683612392086,
    0.5427806396583625,
    0.5426942042314802,
    0.5426090476334323,
    0.5425251625390897,
    0.5424425416233228,
    0.5423611775610029,
    0.5422810630270003,
    0.5422021906961859,
    0.5421245532434307,
    0.5420481433436053,
    0.5419729536715803,
    0.5418989769022267,
    0.5418262057104151,
    0.5417546327710164,
    0.5416842507589014,
    0.5416150523489407,
    0.5415470302160053,
    0.5414801770349655,
    0.5414144854806926,
    0.5413499482280572,
    0.5412865579519299,
    0.5412243073271816,
    0.541163189028683,
    0.541103195731305,
    0.5410443201099182,
    0.5409865548393935,
    0.5409298925946017,
    0.5408743260504133,
    0.5408198478816993,
    0.5407664507633305,
    0.5407141273701775,
    0.5406628703771111,
    0.5406126724590022,
    0.5405635262907216,
    0.5405154245471396,
    0.5404683599031276,
    0.5404223250335559,
    0.5403773126132955,
    0.5403333153172172,
    0.5402903258201915,
    0.5402483367970894,
    0.5402073409227817,
    0.540167330872139,
    0.540128299320032,
    0.5400902389413318,
    0.540053142410909,
    0.5400170024036341,
    0.5399818115943783,
    0.5399475626580121,
    0.5399142482694064,
    0.5398818611034318,
    0.5398503938349593,
    0.5398198391388593,
    0.539790189690003,
    0.5397614381632609,
    0.5397335772335039,
    0.5397065995756026,
    0.539680497864428,
    0.5396552647748506,
    0.5396308929817413,
    0.5396073751599709,
    0.53958470398441,
    0.5395628721299297,
    0.5395418722714005,
    0.5395216970836931,
    0.5395023392416787,
    0.5394837914202275,
    0.5394660462942105,
    0.5394490965384986,
    0.5394329348279624,
    0.5394175538374728,
    0.5394029462419004,
    0.5393891047161161,
    0.5393760219349908,
    0.5393636905733948,
    0.5393521033061993,
    0.5393412528082749,
    0.5393311317544923,
    0.5393217328197225,
    0.5393130486788361,
    0.5393050720067037,
    0.5392977954781966,
    0.539291211768185,
    0.5392853135515399,
    0.539280093503132,
    0.5392755442978322,
    0.5392716586105111,
    0.5392684291160397,
    0.5392658484892885,
    0.5392639094051284,
    0.5392626045384301,
    0.5392619265640646,
    0.5392618681569022,
    0.5392624219918142,
    0.539263580743671,
    0.5392653370873435,
    0.5392676836977024,
    0.5392706132496186,
    0.5392741184179626,
    0.5392781918776055,
    0.5392828263034178,
    0.5392880143702705,
    0.5392937487530343,
    0.5393000221265797,
    0.5393068271657778,
    0.5393141565454992,
    0.5393220029406147,
    0.5393303590259952,
    0.5393392174765113,
    0.5393485709670337,
    0.5393584121724333,
    0.5393687337675809,
    0.5393795284273472,
    0.539390788826603,
    0.5394025076402189,
    0.5394146775430659,
    0.5394272912100146,
    0.5394403413159359,
    0.5394538205357005,
    0.5394677215441792,
    0.5394820370162426,
    0.5394967596267618,
    0.5395118820506073,
    0.5395273969626497,
    0.5395432970377603,
    0.5395595749508095,
    0.5395762233766681,
    0.5395932349902068,
    0.5396106024662967,
    0.5396283184798081,
    0.539646375705612,
    0.5396647668185793,
    0.5396834844935806,
    0.5397025214054867,
    0.5397218702291683,
    0.5397415236394962,
    0.5397614743113414,
    0.5397817149195743,
    0.5398022381390658,
    0.5398230366446868,
    0.5398441031113077,
    0.5398654302137997,
    0.5398870106270335,
    0.5399088370258798,
    0.5399309020852091,
    0.5399531984798924,
    0.5399757188848006,
    0.5399984559748042,
    0.5400214024247743,
    0.5400445509095813,
    0.540067894104096,
    0.5400914246831894,
    0.5401151353217322,
    0.540139018694595,
    0.5401630674766489,
    0.5401872743427643,
    0.5402116319678121,
    0.5402361330266631,
    0.5402607701941881,
    0.5402855361452578,
    0.5403104235547429,
    0.5403354250975143,
    0.5403605334484427,
    0.5403857412823989,
    0.5404110412742538,
    0.5404364260988779,
    0.540461888431142,
    0.540487420945917,
    0.5405130163180736,
    0.5405386672224826,
    0.5405643663340147,
    0.5405901063275408,
    0.5406158798779315,
    0.5406416796600577,
    0.54066749834879,
    0.5406933286189994,
    0.5407191631455565,
    0.540744994603332,
    0.540770815667197,
    0.5407966190120219,
    0.5408223973126776,
    0.5408481432440349,
    0.5408738494809646,
    0.5408995086983373,
    0.5409251135710239,
    0.5409506567738952,
    0.5409761309818218,
    0.5410015288696747,
    0.5410268431123244,
    0.5410520663846419,
    0.5410771913614978,
    0.541102210717763,
    0.5411271171283082,
    0.5411519032680041,
    0.5411765618117216,
    0.5412010854343313,
    0.5412254668107042,
    0.5412496986157109,
    0.5412737735242221,
    0.5412976842111088,
    0.5413214233512416,
    0.5413449836194912,
    0.5413683576907286,
    0.5413915382398242,
    0.5414145179416492,
    0.5414372894710742,
    0.5414598455029698,
    0.5414821787122069,
    0.5415042817736564,
    0.5415261473621888,
    0.541547768152675,
    0.5415691368199858,
    0.5415902460389919,
    0.541611088484564,
    0.5416316568315731,
    0.5416519437548897,
    0.5416719419293848,
    0.5416916440299291,
    0.5417110427313931,
    0.541730130708648,
    0.5417489006365643,
    0.5417673451900129,
    0.5417854570438643,
    0.5418032288729895,
    0.5418206533522594,
    0.5418377231565443,
    0.5418544309607154,
    0.5418707694396434,
    0.541886731268199,
    0.5419023091212528,
    0.5419174956736759,
    0.5419322836003386,
    0.5419466655761122,
    0.5419606342758672,
    0.5419741823744741,
    0.5419873025468043,
    0.5419999874677279,
    0.5420122298121163,
    0.5420240222548397,
    0.5420353574707693,
    0.5420462281347755,
    0.5420566269217294,
    0.5420665465065015,
    0.5420759795639627,
    0.5420849187689838,
    0.5420933567964354,
    0.5421012863211885,
    0.5421087000181137,
    0.5421155905620818,
    0.5421219506279635,
    0.5421277728906297,
    0.5421330500249513,
    0.5421377747057987,
    0.5421419396080428,
    0.5421455374065545,
    0.5421485607762043,
    0.5421510023918633,
    0.542152854928402,
    0.5421541110606913,
    0.5421547634636021,
    0.5421548048120048,
    0.5421542277807705,
    0.5421530250447698,
    0.5421511892788734,
    0.5421487131579523,
    0.5421455893568771,
    0.5421418105505185,
    0.5421373694137475,
    0.5421322586214347,
    0.5421264708484508,
    0.5421199987696668,
    0.5421128350599532,
    0.5421049723941811,
    0.5420964034472209,
    0.5420871208939435,
    0.5420771174092198,
    0.5420663856679204,
    0.5420549183449161,
    0.5420427081150778,
    0.542029747653276,
    0.5420160296343818,
    0.5420015467332657,
    0.5419862916247986,
    0.5419702569838513,
    0.5419534354852944,
    0.5419358198039987,
    0.5419174026148351,
    0.5418981765926743,
    0.5418781344123871,
    0.5418572687488441,
    0.5418355722769161,
    0.5418130376714743,
    0.5417896576073888,
    0.5417654247595308,
    0.541740331802771,
    0.5417143714119801,
    0.5416875362620289,
    0.5416598190277881,
    0.5416312123841285,
    0.541601709005921,
    0.5415713015680361,
    0.5415399827453449,
    0.5415077452127178,
    0.5414745816450259,
    0.5414404847171397,
    0.5414054471039302,
    0.541369461480268,
    0.5413325205210238,
    0.5412946169010686,
    0.5412557432952729,
    0.5412158923785078,
    0.5411750568256439,
    0.5411332293115518,
    0.5410904025111025,
    0.5410465690991666,
    0.541001721750615,
    0.5409558531403185,
    0.5409089559431477,
    0.5408610228339733,
    0.5408120464876663,
    0.5407620195790974,
    0.5407109347831374,
    0.5406587847746569,
    0.5406055622285268,
    0.5405512598196178,
    0.5404958702228009,
    0.5404393861129466,
    0.5403818001649257,
    0.5403231050536089,
    0.5402632934538671,
    0.5402023580405712,
    0.5401402914885917,
    0.5400770864727994,
    0.5400127356680653,
    0.5399472317492598,
    0.5398805673912541,
    0.5398127352689186,
    0.5397437280571242,
    0.5396735384307416,
    0.5396021590646418,
    0.5395295826336952,
    0.539455801812773,
    0.5393808092767456,
    0.5393045977004838,
    0.5392271597588586,
    0.5391484881267407,
    0.5390685876467364,
    0.5389874631614524,
    0.5389051195134951,
    0.538821561545471,
    0.5387367940999868,
    0.5386508220196486,
    0.5385636501470634,
    0.5384752833248374,
    0.5383857263955771,
    0.538294984201889,
    0.5382030615863799,
    0.538109963391656,
    0.5380156944603238,
    0.5379202596349899,
    0.5378236637582607,
    0.537725911672743,
    0.537627008221043,
    0.5375269582457671,
    0.5374257665895223,
    0.5373234380949147,
    0.5372199776045509,
    0.5371153899610375,
    0.5370096800069807,
    0.5369028525849873,
    0.5367949125376639,
    0.5366858647076166,
    0.5365757139374522,
    0.5364644650697772,
    0.5363521229471979,
    0.536238692412321,
    0.536124178307753,
    0.5360085854761003,
    0.5358919187599696,
    0.5357741830019671,
    0.5356553830446994,
    0.5355355237307732,
    0.5354146099027948,
    0.5352926464033707,
    0.5351696380751076,
    0.5350455897606119,
    0.53492050630249,
    0.5347943925433485,
    0.5346672533257939,
    0.5345390934924328,
    0.5344099178858714,
    0.5342797313487165,
    0.5341485387235745,
    0.5340163448530519,
    0.5338831545797552,
    0.533748972746291,
    0.5336138041952656,
    0.5334776537692856,
    0.5333405263109576,
    0.5332024266628881,
    0.5330633596676834,
    0.5329233301679502,
    0.532782343006295,
    0.5326404030253241,
    0.5324975150676442,
    0.5323536839758618,
    0.5322089145925833,
    0.5320632117604154,
    0.5319165803219643,
    0.5317690251198368,
    0.5316205509966392,
    0.531471162794978,
    0.5313208653574598,
    0.5311696635266911,
    0.5310175621452785,
    0.5308645660558282,
    0.5307106801009471,
    0.5305559091232415,
    0.5304002579653176,
    0.5302437314697824,
    0.5300863344792422,
    0.5299280718363036,
    0.5297689483835729,
    0.5296089689636567,
    0.5294481384191616,
    0.5292864615926941,
    0.5291239433268604,
    0.5289605884642674,
    0.5287964018475214,
    0.528631388319229,
    0.5284655527219965,
    0.5282988998984307,
    0.5281314346911379,
    0.5279631619427246,
    0.5277940864957974,
    0.5276242131929627,
    0.5274535468768271,
    0.5272820923899972,
    0.5271098545750792,
    0.5269368382746799,
    0.5267630483314056,
    0.526588489587863,
    0.5264131668866583,
    0.5262370850703983,
    0.5260602489816895,
    0.5258826634631382,
    0.5257043333573509,
    0.5255252635069343,
    0.5253454587544948,
    0.5251649239426389,
    0.5249836639139731,
    0.524801683511104,
    0.524618987576638,
    0.5244355809531817,
    0.5242514684833415,
    0.5240666550097238,
    0.5238811453749354,
    0.5236949444215826,
    0.5235080569922719,
    0.5233204879296098,
    0.523132242076203,
    0.5229433242746577,
    0.5227537393675807,
    0.5225634921975784,
    0.5223725876072571,
    0.5221810304392236,
    0.5219888255360843,
    0.5217959777404455,
    0.521602491894914,
    0.5214083728420962,
    0.5212136254245987,
    0.5210182544850277,
    0.5208222648659899,
    0.520625661410092,
    0.5204284489599402,
    0.5202306323581412,
    0.5200322164473012,
    0.5198332060700271,
    0.5196336060689252,
    0.5194334212866019,
    0.519232656565664,
    0.5190313167487177,
    0.5188294066783696,
    0.5186269311972264,
    0.5184238951478943,
    0.5182203033729801,
    0.51801616071509,
    0.5178114720168308,
    0.5176062421208087,
    0.5174004758696304,
    0.5171941781059025,
    0.5169873536722313,
    0.5167800074112233,
    0.5165721441654851,
    0.5163637687776232,
    0.5161548860902442,
    0.5159455009459544,
    0.5157356181873604,
    0.5155252426570686,
    0.5153143791976857,
    0.515103032651818,
    0.5148912078620722,
    0.5146789096710547,
    0.5144661429213719,
    0.5142529124556307,
    0.5140392231164371,
    0.5138250797463979,
    0.5136104871881195,
    0.5133954502842084,
    0.5131799738772711,
    0.5129640628099144,
    0.5127477219247443,
    0.5125309560643675,
    0.5123137700713907,
    0.5120961687884202,
    0.5118781570580626,
    0.5116597397229242,
    0.5114409216256118,
    0.5112217076087319,
    0.5110021025148908,
    0.5107821111866949,
    0.510561738466751,
    0.5103409891976655,
    0.5101198682220448,
    0.5098983803824956,
    0.5096765305216242,
    0.5094543234820373,
    0.5092317641063413,
    0.5090088572371427,
    0.5087856077170478,
    0.5085620203886636,
    0.5083381000945962,
    0.5081138516774522,
    0.5078892799798382,
    0.5076643898443606,
    0.5074391861136258,
    0.5072136736302406,
    0.5069878572368113,
    0.5067617417759445,
    0.5065353320902466,
    0.5063086330223241,
    0.5060816494147835,
    0.5058543861102315,
    0.5056268479512743,
    0.5053990397805187,
    0.5051709664405711,
    0.5049426327740378,
    0.5047140436235257,
    0.504485203831641,
    0.5042561182409901,
    0.50402679169418,
    0.5037972290338167,
    0.5035674351025069,
    0.5033374147428571
]