[
    -0.8299455423394437,
    -0.8299944980070981,
    -0.8300434154432932,
    -0.8300922947729953,
    -0.8301411361211707,
    -0.8301899396127854,
    -0.8302387053728059,
    -0.8302874335261982,
    -0.8303361241979285,
    -0.8303847775129631,
    -0.8304333935962682,
    -0.8304819725728101,
    -0.8305305145675549,
    -0.8305790197054689,
    -0.8306274881115181,
    -0.830675919910669,
    -0.8307243152278877,
    -0.8307726741881404,
    -0.8308209969163932,
    -0.8308692835376126,
    -0.8309175341767645,
    -0.8309657489588154,
    -0.8310139280087312,
    -0.8310620714514784,
    -0.831110179412023,
    -0.8311582520153314,
    -0.8312062893863699,
    -0.8312542916501043,
    -0.8313022589315011,
    -0.8313501913555266,
    -0.8313980890471467,
    -0.831445952131328,
    -0.8314937807330364,
    -0.8315415749772382,
    -0.8315893349888998,
    -0.8316370608929871,
    -0.8316847528144665,
    -0.8317324108783042,
    -0.8317800352094664,
    -0.8318276259329194,
    -0.8318751831736292,
    -0.8319227070565622,
    -0.8319701977066845,
    -0.8320176552489624,
    -0.8320650798083621,
    -0.8321124715098498,
    -0.8321598304783917,
    -0.8322071568389541,
    -0.8322544507165032,
    -0.832301712236005,
    -0.8323489415224259,
    -0.8323961387007321,
    -0.8324433038958898,
    -0.8324904372328653,
    -0.8325375388366247,
    -0.8325846088321343,
    -0.83263164734436,
    -0.8326786544982685,
    -0.8327256304188257,
    -0.832772575230998,
    -0.8328194890597514,
    -0.8328663720300523,
    -0.8329132242668668,
    -0.8329600458951611,
    -0.8330068370399016,
    -0.8330535978260543,
    -0.8331003283785855,
    -0.8331470288224615,
    -0.8331936992826483,
    -0.8332403398841124,
    -0.8332869507518197,
    -0.8333335320107367,
    -0.8333800837858294,
    -0.8334266062020641,
    -0.8334730993844071,
    -0.8335195634578244,
    -0.8335659985472823,
    -0.8336124047777472,
    -0.8336587822741851,
    -0.8337051311615623,
    -0.8337514515648451,
    -0.8337977436089995,
    -0.8338440074189918,
    -0.8338902431197883,
    -0.8339364508363551,
    -0.8339826306936585,
    -0.8340287828166647,
    -0.83407490733034,
    -0.8341210043596503,
    -0.8341670740295621,
    -0.8342131164650416,
    -0.8342591317910549,
    -0.8343051201325684,
    -0.8343510816145481,
    -0.8343970163619602,
    -0.8344429244997711,
    -0.834488806152947,
    -0.8345346614464538,
    -0.8345804905052582,
    -0.834626293454326,
    -0.8346720704186237,
    -0.8347178215231174,
    -0.8347635468927732,
    -0.8348092466525575,
    -0.8348549209274364,
    -0.8349005698423763,
    -0.8349461935223431,
    -0.8349917920923032,
    -0.8350373656772229,
    -0.8350829144020682,
    -0.8351284383918054,
    -0.8351739377714008,
    -0.8352194126658206,
    -0.8352648632000309,
    -0.835310289498998,
    -0.8353556916876881,
    -0.8354010698910674,
    -0.8354464242341022,
    -0.8354917548417585,
    -0.8355370618390028,
    -0.835582345350801,
    -0.8356276055021196,
    -0.8356728424179247,
    -0.8357180562231824,
    -0.8357632470428592,
    -0.8358084150019209,
    -0.8358535602253341,
    -0.8358986828380648,
    -0.8359437829650793,
    -0.8359888607313439,
    -0.8360339162618247,
    -0.8360789496814878,
    -0.8361239611152996,
    -0.8361689506882263,
    -0.836213918525234,
    -0.836258864751289,
    -0.8363037894913574,
    -0.8363486928704057,
    -0.8363935750133997,
    -0.836438436045306,
    -0.8364832760910906,
    -0.8365280952757198,
    -0.8365728937241598,
    -0.8366176715613767,
    -0.8366624289123369,
    -0.8367071659020064,
    -0.8367518826553516,
    -0.8367965792973387,
    -0.8368412559529339,
    -0.8368859127471032,
    -0.8369305498048132,
    -0.8369751672510297,
    -0.8370197652107193,
    -0.837064343808848,
    -0.837108903170382,
    -0.8371534434202875,
    -0.8371979646835309,
    -0.8372424670850782,
    -0.8372869507498958,
    -0.8373314158029498,
    -0.8373758623692065,
    -0.8374202905736319,
    -0.8374647005411924,
    -0.8375090923968542,
    -0.8375534662655835,
    -0.8375978222723465,
    -0.8376421605421094,
    -0.8376864811998385,
    -0.8377307843704999,
    -0.8377750701790598,
    -0.8378193387504846,
    -0.8378635902097403,
    -0.8379078246817933,
    -0.8379520422916097,
    -0.8379962431641557,
    -0.8380404274243974,
    -0.8380845951973014,
    -0.8381287466078335,
    -0.8381728817809603,
    -0.8382170008416476,
    -0.838261103914862,
    -0.8383051911255693,
    -0.8383492625987361,
    -0.8383933184593285,
    -0.8384373588323126,
    -0.8384813838426547,
    -0.8385253936153211,
    -0.8385693882752778,
    -0.8386133679474911,
    -0.8386573327569273,
    -0.8387012828285526,
    -0.8387452182873332,
    -0.8387891392582352,
    -0.838833045866225,
    -0.8388769382362686,
    -0.8389208164933324,
    -0.8389646807623826,
    -0.8390085311683853,
    -0.8390523678363068,
    -0.8390961908911132,
    -0.8391400004577709,
    -0.839183796661246,
    -0.8392275796265047,
    -0.8392713494785132,
    -0.8393151063422379,
    -0.8393588503426448,
    -0.8394025816047002,
    -0.8394463002533703,
    -0.8394900064136213,
    -0.8395337002104194,
    -0.8395773817687309,
    -0.8396210512135218,
    -0.8396647086697587,
    -0.8397083542624075,
    -0.8397519881164345,
    -0.8397956103568059,
    -0.839839221108488,
    -0.8398828204964469,
    -0.8399264086456488,
    -0.8399699856810601,
    -0.8400135517276468,
    -0.8400571069103753,
    -0.8401006513542116,
    -0.840144185184122,
    -0.840187708525073,
    -0.8402312215020303,
    -0.8402747242399604,
    -0.8403182168638296,
    -0.840361699498604,
    -0.8404051722692497,
    -0.8404486353007331,
    -0.8404920887180203,
    -0.8405355326460776,
    -0.8405789672098711,
    -0.8406223925343672,
    -0.840665808744532,
    -0.8407092159653317,
    -0.8407526143217324,
    -0.8407960039387006,
    -0.8408393849412023,
    -0.8408827574542037,
    -0.8409261216026712,
    -0.8409694775115708,
    -0.8410128253058688,
    -0.8410561651105316,
    -0.8410994970505251,
    -0.8411428212508157,
    -0.8411861378363696,
    -0.841229446932153,
    -0.841272748663132,
    -0.841316043154273,
    -0.841359330530542,
    -0.8414026109169055,
    -0.8414458844383295,
    -0.8414891512197803,
    -0.841532411386224,
    -0.8415756650626269,
    -0.8416189123739554,
    -0.8416621534451754,
    -0.8417053884012532,
    -0.8417486173671551,
    -0.8417918404678473,
    -0.8418350578282959,
    -0.8418782695734672,
    -0.8419214758283274,
    -0.8419646767178429,
    -0.8420078723669796,
    -0.8420510629007039,
    -0.842094248443982,
    -0.84213742912178,
    -0.8421806050590642,
    -0.8422237763808008,
    -0.8422669432119562,
    -0.8423101056774962,
    -0.8423532639023874,
    -0.8423964180115958,
    -0.8424395681300878,
    -0.8424827143828294,
    -0.842525856894787,
    -0.8425689957909266,
    -0.8426121311962146,
    -0.8426552632356171,
    -0.8426983920341005,
    -0.8427415177166308,
    -0.8427846404081742,
    -0.8428277602336972,
    -0.8428708773181658,
    -0.8429139917865461,
    -0.8429571037638045,
    -0.8430002133749073,
    -0.8430433207448205,
    -0.8430864259985104,
    -0.8431295292609431,
    -0.843172630657085,
    -0.8432157303119023,
    -0.843258828350361,
    -0.8433019248974276,
    -0.8433450200780681,
    -0.8433881140172489,
    -0.8434312068399361,
    -0.8434742986710959,
    -0.8435173896356944,
    -0.8435604798586982,
    -0.8436035694650731,
    -0.8436466585797856,
    -0.8436897473278017,
    -0.8437328358340878,
    -0.8437759242236099,
    -0.8438190126213344,
    -0.8438621011522275,
    -0.8439051899412553,
    -0.8439482791133841,
    -0.84399136879358,
    -0.8440344591068095,
    -0.8440775501780385,
    -0.8441206421322334,
    -0.8441637350943603,
    -0.8442068291893855,
    -0.8442499245422752,
    -0.8442930212779955,
    -0.8443361195215128,
    -0.8443792193977931,
    -0.8444223210318029,
    -0.8444654245485081,
    -0.8445085300728753,
    -0.8445516377298703,
    -0.8445947476444595,
    -0.8446378599416091,
    -0.8446809747462853,
    -0.8447240921834545,
    -0.8447672123780826,
    -0.8448103354551361,
    -0.8448534615395809,
    -0.8448965907563835,
    -0.8449397232305099,
    -0.8449828590869266,
    -0.8450259984505996,
    -0.845069141446495,
    -0.8451122881995793,
    -0.8451554388348185,
    -0.845198593477179,
    -0.8452417522516268,
    -0.8452849152831282,
    -0.8453280826966495,
    -0.8453712546171569,
    -0.8454144311696165,
    -0.8454576124789945,
    -0.8455007986702574,
    -0.8455439898683711,
    -0.8455871861983019,
    -0.845630387785016,
    -0.8456735947534797,
    -0.8457168072286592,
    -0.8457600253355206,
    -0.8458032491990302,
    -0.8458464789441542,
    -0.8458897146958589,
    -0.8459329565791104,
    -0.8459762047188749,
    -0.8460194592401187,
    -0.846062720267808,
    -0.8461059879269089,
    -0.8461492623423879,
    -0.8461925436392108,
    -0.8462358319423442,
    -0.846279127376754,
    -0.8463224300674067,
    -0.8463657401392684,
    -0.8464090577173051,
    -0.8464523829264833,
    -0.8464957158917692,
    -0.8465390567381288,
    -0.8465824055905286,
    -0.8466257625739345,
    -0.8466691278133129,
    -0.8467125014336301,
    -0.8467558835598521,
    -0.8467992743169453,
    -0.8468426738298758,
    -0.8468860822236098,
    -0.8469294996231136,
    -0.8469729261533533,
    -0.8470163619392953,
    -0.8470598071059057,
    -0.8471032617781507,
    -0.8471467260809965,
    -0.8471902001394094,
    -0.8472336840783555,
    -0.8472771780228011,
    -0.8473206820977124,
    -0.8473641964280556,
    -0.8474077211387969,
    -0.8474512563549026,
    -0.8474948022013388,
    -0.8475383588030718,
    -0.8475819262850677,
    -0.8476255047722928,
    -0.8476690943897134,
    -0.8477126952622955,
    -0.8477563075150055,
    -0.8477999312728095,
    -0.8478435666606737,
    -0.8478872138035646,
    -0.847930872826448,
    -0.8479745438542903,
    -0.8480182270120578,
    -0.8480619224247166,
    -0.848105630217233,
    -0.848149350514573,
    -0.8481930834417031,
    -0.8482368291235893,
    -0.848280587685198,
    -0.8483243592514953,
    -0.8483681439474474,
    -0.8484119418980205,
    -0.848455753228181,
    -0.8484995780628949,
    -0.8485434165271284,
    -0.8485872687458479,
    -0.8486311348440195,
    -0.8486750149466094,
    -0.8487189091785838,
    -0.8487628176649091,
    -0.8488067405305513,
    -0.8488506779004766,
    -0.8488946298996515,
    -0.8489385966530418,
    -0.8489825782856141,
    -0.8490265749223344,
    -0.8490705866881689,
    -0.8491146137080838,
    -0.8491586561070456,
    -0.8492027140100201,
    -0.8492467875419738,
    -0.8492908768278729,
    -0.8493349819926834,
    -0.8493791031613718,
    -0.849423240458904,
    -0.8494673940102466,
    -0.8495115639403654,
    -0.8495557503742269,
    -0.8495999534367973,
    -0.8496441732530426,
    -0.8496884099479293,
    -0.8497326636464234,
    -0.8497769344734912,
    -0.8498212225540989,
    -0.8498655280132127,
    -0.8499098509757987,
    -0.8499541915668235,
    -0.8499985499112529,
    -0.8500429261340533,
    -0.8500873203601909,
    -0.8501317327146318,
    -0.8501761633223425,
    -0.8502206123082888,
    -0.8502650797974374,
    -0.850309565914754,
    -0.8503540707852052,
    -0.8503985945337571,
    -0.8504431372853759,
    -0.8504876991650278,
    -0.8505322802976789,
    -0.8505768808082956,
    -0.8506215008218441,
    -0.8506661404632906,
    -0.8507107998576012,
    -0.8507554791297423,
    -0.8508001784046799,
    -0.8508448978073805,
    -0.85088963746281,
    -0.8509343974959348,
    -0.8509791780317211,
    -0.851023979195135,
    -0.8510688011111428,
    -0.8511136439047108,
    -0.851158507700805,
    -0.8512033926243918,
    -0.8512482988004374,
    -0.8512932263539079,
    -0.8513381754097696,
    -0.8513831460929888,
    -0.8514281385285315,
    -0.851473152841364,
    -0.8515181891564526,
    -0.8515632475987636,
    -0.8516083282932628,
    -0.8516534313649168,
    -0.8516985569386917,
    -0.8517437051395537,
    -0.851788876092469,
    -0.851834069922404,
    -0.8518792867543246,
    -0.8519245267131971,
    -0.8519697899239879,
    -0.8520150765116631,
    -0.8520603866011888,
    -0.8521057203175314,
    -0.852151077785657,
    -0.852196459130532,
    -0.8522418644771224,
    -0.8522872939503944,
    -0.8523327474294022,
    -0.8523782247932002,
    -0.8524237259208426,
    -0.8524692506913834,
    -0.8525147989838768,
    -0.8525603706773772,
    -0.8526059656509387,
    -0.8526515837836155,
    -0.8526972249544618,
    -0.8527428890425317,
    -0.8527885759268796,
    -0.8528342854865596,
    -0.8528800176006259,
    -0.8529257721481327,
    -0.8529715490081343,
    -0.8530173480596848,
    -0.8530631691818383,
    -0.8531090122536493,
    -0.8531548771541717,
    -0.8532007637624599,
    -0.853246671957568,
    -0.8532926016185503,
    -0.8533385526244609,
    -0.853384524854354,
    -0.8534305181872839,
    -0.8534765325023047,
    -0.8535225676784707,
    -0.853568623594836,
    -0.8536147001304548,
    -0.8536607971643815,
    -0.85370691457567,
    -0.8537530522433747,
    -0.8537992100465498,
    -0.8538453878642496,
    -0.8538915855755279,
    -0.8539378030594393,
    -0.8539840401950379,
    -0.8540302968613779,
    -0.8540765729375134,
    -0.8541228683024987,
    -0.854169182835388,
    -0.8542155164152355,
    -0.8542618689210953,
    -0.8543082402320219,
    -0.8543546302270691,
    -0.8544010387852914,
    -0.8544474657857427,
    -0.8544939111074775,
    -0.85454037462955,
    -0.8545868562310143,
    -0.8546333557909245,
    -0.8546798731883349,
    -0.8547264083022998,
    -0.8547729610118734,
    -0.8548195311961096,
    -0.854866118734063,
    -0.8549127235047876,
    -0.8549593453873375,
    -0.8550059842607672,
    -0.8550526400041306,
    -0.8550993124964821,
    -0.8551460016168758,
    -0.855192707244366,
    -0.8552394292580068,
    -0.8552861675368524,
    -0.855332921959957,
    -0.855379692406375,
    -0.8554264787551603,
    -0.8554732808853674,
    -0.8555200986760503,
    -0.8555669320062632,
    -0.8556137807550604,
    -0.8556606448014961,
    -0.8557075240246244,
    -0.8557544183034996,
    -0.8558013275171759,
    -0.8558482515447075,
    -0.8558951902651484,
    -0.855942143557553,
    -0.8559891113009757,
    -0.8560360933744703,
    -0.8560830896570912,
    -0.8561301000278927,
    -0.8561771243659287,
    -0.8562241625502538,
    -0.8562712144599219,
    -0.8563182799739872,
    -0.8563653589715042,
    -0.8564124513315268,
    -0.8564595569331093,
    -0.8565066756553059,
    -0.8565538073771708,
    -0.8566009519777582,
    -0.8566481093361225,
    -0.8566952793313175,
    -0.8567424618423977,
    -0.8567896567484171,
    -0.8568368639284302,
    -0.8568840832614909,
    -0.8569313146266536,
    -0.8569785579029725,
    -0.8570258129695016,
    -0.8570730797052953,
    -0.8571203579894078,
    -0.857167647700893,
    -0.8572149487188057,
    -0.8572622609221995,
    -0.8573095841901289,
    -0.8573569184016481,
    -0.8574042634358112,
    -0.8574516191716725,
    -0.8574989854882861,
    -0.8575463622647063,
    -0.8575937493799872,
    -0.8576411467131831,
    -0.8576885541433483,
    -0.8577359715495367,
    -0.8577833988108028,
    -0.8578308358062006,
    -0.8578782824147844,
    -0.8579257385156084,
    -0.8579732039877268,
    -0.8580206787101937,
    -0.8580681625620634,
    -0.8581156554223902,
    -0.8581631571702281,
    -0.8582106676846314,
    -0.8582581868446544,
    -0.8583057145293511,
    -0.8583532506177758,
    -0.8584007949889826,
    -0.858448347522026,
    -0.85849590809596,
    -0.8585434765898388,
    -0.8585910528827165,
    -0.8586386368536475,
    -0.858686228381686,
    -0.858733827345886,
    -0.8587814336253019,
    -0.8588290470989878,
    -0.8588766676459979,
    -0.8589242951453865,
    -0.8589719294762077,
    -0.8590195705175158,
    -0.8590672181483648,
    -0.8591148722478091,
    -0.859162532694903,
    -0.8592101993687004,
    -0.8592578721482557,
    -0.859305550912623,
    -0.8593532355408565,
    -0.8594009259120106,
    -0.8594486219051393,
    -0.8594963233992969,
    -0.8595440302735375,
    -0.8595917424069155,
    -0.8596394596784849,
    -0.8596871819672999,
    -0.8597349091524148,
    -0.8597826411128838,
    -0.859830377727761,
    -0.8598781188761009,
    -0.8599258644369573,
    -0.8599736142893847,
    -0.8600213683124371,
    -0.8600691263851689,
    -0.860116888386634,
    -0.8601646541958871,
    -0.8602124236919818,
    -0.8602601967539728,
    -0.860307973260914,
    -0.8603557530918597,
    -0.8604035361258642,
    -0.8604513222419816,
    -0.860499111319266,
    -0.8605469032367719,
    -0.8605946978735532,
    -0.8606424951086642,
    -0.8606902948211592,
    -0.8607380968900923,
    -0.8607859011945178,
    -0.8608337076134898,
    -0.8608815160260624,
    -0.86092932631129,
    -0.8609771383482269,
    -0.861024952015927,
    -0.8610727671934446,
    -0.861120583759834,
    -0.8611684015941494,
    -0.861216220575445,
    -0.8612640405827748,
    -0.8613118614951932,
    -0.8613596831917545,
    -0.8614075055515127,
    -0.861455328453522,
    -0.8615031517768367,
    -0.861550975400511,
    -0.8615987992035989,
    -0.8616466230651549,
    -0.8616944468642331,
    -0.8617422704798877,
    -0.8617900937911729,
    -0.8618379166771428,
    -0.8618857390168518,
    -0.8619335606893539,
    -0.8619813815737034,
    -0.8620292015489546,
    -0.8620770204941615,
    -0.8621248382883784,
    -0.8621726548106594,
    -0.862220469940059,
    -0.8622682835556311,
    -0.8623160955364301,
    -0.8623639057615099,
    -0.862411714109925,
    -0.8624595204607296,
    -0.8625073246929779,
    -0.8625551266857239,
    -0.8626029263180219,
    -0.8626507234689261,
    -0.8626985180174909,
    -0.8627463098427702,
    -0.8627940988238184,
    -0.8628418848396896,
    -0.8628896677694381,
    -0.862937447492118,
    -0.8629852238867834,
    -0.8630329968324889,
    -0.8630807662082883,
    -0.863128531893236,
    -0.8631762937663862,
    -0.863224051706793,
    -0.8632718055935106,
    -0.8633195553055933,
    -0.8633673007220953,
    -0.8634150417220708,
    -0.863462778184574,
    -0.863510509988659,
    -0.86355823701338,
    -0.8636059591377914,
    -0.8636536762409472,
    -0.8637013882019017,
    -0.8637490948997091,
    -0.8637967962134236,
    -0.8638444920220995,
    -0.8638921822047907,
    -0.8639398666405517,
    -0.8639875452084365,
    -0.8640352177874995,
    -0.8640828842567947,
    -0.8641305444953765,
    -0.864178198382299,
    -0.8642258457966164,
    -0.8642734866173829,
    -0.8643211207236527,
    -0.86436874799448,
    -0.8644163683089191,
    -0.8644639815460241,
    -0.8645115875848491,
    -0.8645591863044486,
    -0.8646067775838766,
    -0.8646543613021872,
    -0.8647019373384348,
    -0.8647495055716736,
    -0.8647970658809577,
    -0.8648446181453414,
    -0.8648921622438788,
    -0.8649396980556241,
    -0.8649872254596316,
    -0.8650347443349554,
    -0.8650822545606498,
    -0.8651297560157689,
    -0.8651772485793671,
    -0.8652247321304983,
    -0.865272206548217,
    -0.8653196717115772,
    -0.8653671274996332,
    -0.865414573791439,
    -0.8654620104660492,
    -0.8655094374025177,
    -0.8655568544798987,
    -0.8656042615772466,
    -0.8656516585736155,
    -0.8656990453480595,
    -0.8657464217796329,
    -0.8657937877473899,
    -0.8658411431303847,
    -0.8658884878076715,
    -0.8659358216583045,
    -0.865983144561338,
    -0.8660304563958259,
    -0.8660777570408227,
    -0.8661250463753826,
    -0.8661723242785596,
    -0.866219590629408,
    -0.8662668453069821,
    -0.866314088190336,
    -0.8663613191585239,
    -0.8664085380906,
    -0.8664557448656186,
    -0.8665029393626337,
    -0.8665501214606997,
    -0.8665972910388707,
    -0.866644447976201,
    -0.8666915921517447,
    -0.866738723444556,
    -0.8667858417336893,
    -0.8668329468981986,
    -0.866880038817138,
    -0.8669271173695621,
    -0.8669741824345246,
    -0.8670212338910801,
    -0.8670682716182826,
    -0.8671152954951864,
    -0.8671623054008457,
    -0.8672093012143146,
    -0.8672562828146474,
    -0.8673032500808983,
    -0.8673502028921214,
    -0.867397141127371,
    -0.8674440646657012,
    -0.8674909733861664,
    -0.8675378671678207,
    -0.8675847458897182,
    -0.8676316094309132,
    -0.86767845767046,
    -0.8677252904874126,
    -0.8677721077608254,
    -0.8678189093697524,
    -0.8678656951932479,
    -0.867912465110366,
    -0.8679592190001612,
    -0.8680059567416875,
    -0.8680526782139989,
    -0.86809938329615,
    -0.8681460718671947,
    -0.8681927438061875,
    -0.8682393989921823,
    -0.8682860373042334,
    -0.8683326586213951,
    -0.8683792628227215,
    -0.8684258497872668,
    -0.8684724193940853,
    -0.868518971522231,
    -0.8685655060507583,
    -0.8686120228587214,
    -0.8686585218251744,
    -0.8687050028291716,
    -0.868751465749767,
    -0.8687979104660152,
    -0.8688443368569699,
    -0.8688907448016857,
    -0.8689371341792167,
    -0.868983504868617,
    -0.8690298567489407,
    -0.8690761896992424,
    -0.869122503598576,
    -0.8691687983259957,
    -0.8692150737605558,
    -0.8692613297813105,
    -0.8693075662673141,
    -0.8693537830976205,
    -0.8693999801512842,
    -0.8694461573073592,
    -0.8694923144448998,
    -0.8695384514429603,
    -0.8695845681805946,
    -0.8696306645368572,
    -0.8696767403908022,
    -0.8697227956214838,
    -0.8697688301079562,
    -0.8698148437292736,
    -0.8698608363644902,
    -0.8699068078926603,
    -0.8699527581928379,
    -0.8699986871440774,
    -0.8700445946254328,
    -0.8700904805159585,
    -0.8701363446947087,
    -0.8701821870407374,
    -0.8702280074330989,
    -0.8702738057508476,
    -0.8703195818730374,
    -0.8703653356787225,
    -0.8704110670469575,
    -0.8704567758567961,
    -0.870502461987293,
    -0.870548125317502,
    -0.8705937657264775,
    -0.8706393830932736,
    -0.8706849772969446,
    -0.8707305482165446,
    -0.8707760957311279,
    -0.8708216197197487,
    -0.8708671200614612,
    -0.8709125966353194,
    -0.8709580493203778,
    -0.8710034779956904,
    -0.8710488825403115,
    -0.8710942628332953,
    -0.8711396187536959,
    -0.8711849501805676,
    -0.8712302569929646,
    -0.8712755390699412,
    -0.8713207962905514,
    -0.8713660285338494,
    -0.8714112356788896,
    -0.871456417604726,
    -0.871501574190413,
    -0.8715467053150047,
    -0.8715918108575552,
    -0.8716368906971189,
    -0.8716819447127498,
    -0.8717269727835024,
    -0.8717719747884306,
    -0.8718169506065887,
    -0.8718619001170309,
    -0.8719068231988115,
    -0.8719517197309845,
    -0.8719965895926044,
    -0.872041432662725,
    -0.872086248820401,
    -0.8721310379446862,
    -0.8721757999146349,
    -0.8722205346093013,
    -0.8722652419077397,
    -0.8723099216890042,
    -0.8723545738321491,
    -0.8723991982162286,
    -0.8724437947202968,
    -0.872488363223408,
    -0.8725329036046162,
    -0.8725774157429759,
    -0.8726218995175411,
    -0.872666354807366,
    -0.8727107814915049,
    -0.872755179449012,
    -0.8727995485589415,
    -0.8728438887003476,
    -0.8728881997522844,
    -0.8729324815938062,
    -0.8729767341039671,
    -0.8730209571618215,
    -0.8730651506464234,
    -0.8731093144368272,
    -0.873153448412087,
    -0.8731975524512569,
    -0.8732416264333911,
    -0.873285670237544,
    -0.8733296837427698,
    -0.8733736668281225,
    -0.8734176193726564,
    -0.8734615412554256,
    -0.8735054323554846,
    -0.8735492925518873,
    -0.8735931217236881,
    -0.8736369197499411,
    -0.8736806865097004,
    -0.8737244218820205,
    -0.8737681257459553,
    -0.8738117979805592,
    -0.8738554384648862,
    -0.8738990470779908,
    -0.873942623698927,
    -0.8739861682067489,
    -0.874029680480511,
    -0.8740731603992671,
    -0.8741166078420718,
    -0.8741600226879793,
    -0.8742034048160434,
    -0.8742467541053187,
    -0.8742900704348592,
    -0.8743333536837192,
    -0.8743766037309528,
    -0.8744198204556143,
    -0.8744630037367579,
    -0.8745061534534377,
    -0.874549269484708,
    -0.874592351709623,
    -0.8746354000072368,
    -0.8746784142566038,
    -0.874721394336778,
    -0.8747643401268136,
    -0.874807251505765,
    -0.8748501283526863,
    -0.8748929705466316,
    -0.8749357779666552,
    -0.8749785504918114,
    -0.8750212880011542,
    -0.8750639903737378,
    -0.8751066574886167,
    -0.8751492892248448,
    -0.8751918854614764,
    -0.8752344460775658,
    -0.875276970952167,
    -0.8753194599643345,
    -0.875361912993122,
    -0.8754043299175843,
    -0.8754467106167753,
    -0.875489054969749,
    -0.8755313630113596,
    -0.8755736347764604,
    -0.8756158702999053,
    -0.875658069616548,
    -0.8757002327612422,
    -0.8757423597688415,
    -0.8757844506741999,
    -0.8758265055121708,
    -0.8758685243176081,
    -0.8759105071253653,
    -0.8759524539702965,
    -0.8759943648872551,
    -0.8760362399110949,
    -0.8760780790766696,
    -0.876119882418833,
    -0.8761616499724386,
    -0.8762033817723405,
    -0.8762450778533919,
    -0.8762867382504469,
    -0.8763283629983591,
    -0.8763699521319823,
    -0.87641150568617,
    -0.876453023695776,
    -0.8764945061956543,
    -0.8765359532206581,
    -0.8765773648056415,
    -0.8766187409854581,
    -0.8766600817949616,
    -0.8767013872690057,
    -0.8767426574424442,
    -0.8767838923501307,
    -0.8768250920269188,
    -0.8768662565076626,
    -0.8769073858272155,
    -0.8769484800204314,
    -0.8769895391221638,
    -0.8770305631672666,
    -0.8770715521905934,
    -0.877112506226998,
    -0.877153425311334,
    -0.8771943094784553,
    -0.8772351587632155,
    -0.8772759732004682,
    -0.8773167528250673,
    -0.8773574976718664,
    -0.8773982077757193,
    -0.8774388831714797,
    -0.8774795238940012,
    -0.8775201299781376,
    -0.8775607014587427,
    -0.87760123837067,
    -0.8776417407487734,
    -0.8776822086279066,
    -0.877722642042923,
    -0.8777630410286769,
    -0.8778034056200216,
    -0.8778437358518109,
    -0.8778840317588984,
    -0.8779242933761381,
    -0.8779645207383835,
    -0.8780047138804883,
    -0.8780448728373064,
    -0.8780849976436913,
    -0.8781250883344969,
    -0.8781651449445766,
    -0.8782051675087845,
    -0.8782451560619742,
    -0.8782851106389992,
    -0.8783250312747134,
    -0.8783649180039705,
    -0.8784047708616243,
    -0.8784445898825284,
    -0.8784843751015364,
    -0.8785241265535022,
    -0.8785638442732795,
    -0.8786035282957219,
    -0.8786431786556832,
    -0.8786827953880171,
    -0.8787223785275773,
    -0.8787619281092175,
    -0.8788014441677915,
    -0.878840926738153,
    -0.8788803758551554,
    -0.878919791553653,
    -0.878959173868499,
    -0.8789985228345473,
    -0.8790378384866517,
    -0.8790771208596658,
    -0.8791163699884433,
    -0.879155585907838,
    -0.8791947686527036,
    -0.8792339182578938,
    -0.8792730347582622,
    -0.8793121181886627,
    -0.8793511685839489,
    -0.8793901859789746,
    -0.8794291704085934,
    -0.879468121907659,
    -0.8795070405110254,
    -0.8795459262535459,
    -0.8795847791700744,
    -0.8796235992954647,
    -0.8796623866645704,
    -0.8797011413122453,
    -0.8797398632733431,
    -0.8797785525827173,
    -0.879817209275222,
    -0.8798558333857106,
    -0.8798944249490369,
    -0.8799329840000547,
    -0.8799715105736177,
    -0.8800100047045795,
    -0.8800484664277938,
    -0.8800868957781144,
    -0.8801252927903951,
    -0.8801636574994894,
    -0.8802019899402512,
    -0.8802402901475341,
    -0.8802785581561919,
    -0.8803167940010783,
    -0.880354997717047,
    -0.8803931693389516,
    -0.880431308901646,
    -0.8804694164399838,
    -0.8805074919888187,
    -0.8805455355830045,
    -0.8805835472573948,
    -0.8806215270468435,
    -0.8806594749862041,
    -0.8806973911103304,
    -0.8807352754540761,
    -0.8807731280522951,
    -0.8808109489398408,
    -0.8808487381515672,
    -0.8808864957223277,
    -0.8809242216869763,
    -0.8809619160803664,
    -0.8809995789373521,
    -0.8810372102927869,
    -0.8810748101815247,
    -0.8811123786384188,
    -0.8811499156983233,
    -0.8811874213960919,
    -0.881224895766578,
    -0.8812623388446357,
    -0.8812997506651185,
    -0.8813371312628799,
    -0.8813744806727741,
    -0.8814117989296545,
    -0.8814490860683749,
    -0.881486342123789,
    -0.8815235671307505,
    -0.8815607611241131,
    -0.8815979241387306,
    -0.8816350562094566,
    -0.8816721573711448,
    -0.8817092276586491,
    -0.881746267106823,
    -0.8817832757505204,
    -0.8818202536245948,
    -0.8818572007639002,
    -0.88189411720329,
    -0.8819310029776182,
    -0.8819678581217383,
    -0.882004682670504,
    -0.8820414766587692,
    -0.8820782401213875,
    -0.8821149730932126,
    -0.8821516756090982,
    -0.8821883477038982,
    -0.8822249894124661,
    -0.8822616007696557,
    -0.8822981818103207,
    -0.8823347325693148,
    -0.8823712530814917,
    -0.8824077433817051,
    -0.8824442035048089,
    -0.8824806334856565,
    -0.8825170333591019,
    -0.8825534031599986,
    -0.8825897429232006,
    -0.8826260526835612,
    -0.8826623324759345,
    -0.882698582335174,
    -0.8827348022961334,
    -0.8827709923936665,
    -0.882807152662627,
    -0.8828432831378686,
    -0.882879383854245,
    -0.88291545484661,
    -0.8829514961498173,
    -0.8829875077987204,
    -0.8830234898281732,
    -0.8830594422730295,
    -0.8830953651681428,
    -0.8831312585483669,
    -0.8831671224485557,
    -0.8832029569035625,
    -0.8832387619482415,
    -0.883274537617446,
    -0.8833102839460298,
    -0.8833460009688469,
    -0.8833816887207507,
    -0.883417347236595,
    -0.8834529765512337,
    -0.8834885766995202,
    -0.8835241477163085,
    -0.883559689636452,
    -0.8835952024948047,
    -0.8836306863262202,
    -0.8836661411655522,
    -0.8837015670476545,
    -0.8837369640073807,
    -0.8837723320795845,
    -0.8838076712991197,
    -0.8838429817008401,
    -0.8838782633195992,
    -0.8839135161902508,
    -0.8839487403476487,
    -0.8839839358266465,
    -0.8840191026620979,
    -0.8840542408888568,
    -0.8840893505417766,
    -0.8841244316557113,
    -0.8841594842655146,
    -0.8841945084060401,
    -0.8842295041121414,
    -0.8842644714186725,
    -0.884299410360487,
    -0.8843343209724385,
    -0.8843692032893807,
    -0.8844040573461676,
    -0.8844388831776526,
    -0.8844736808186896,
    -0.8845084503041322,
    -0.8845431916688342,
    -0.8845779049476492,
    -0.884612590175431,
    -0.8846472473870335,
    -0.88468187661731,
    -0.8847164779011145,
    -0.8847510512733007,
    -0.8847855967687221,
    -0.8848201144222327,
    -0.8848546042686861,
    -0.8848890663429361,
    -0.8849235006798362,
    -0.8849579073142402,
    -0.8849922862810018,
    -0.8850266376149748,
    -0.8850609613510129,
    -0.8850952575239698,
    -0.8851295261686991,
    -0.8851637673200548,
    -0.8851979810128902,
    -0.8852321672820593,
    -0.8852663261624159,
    -0.8853004576888134,
    -0.8853345618961057,
    -0.8853686388191465,
    -0.8854026884927896,
    -0.8854367109518886,
    -0.8854707062312972,
    -0.8855046743658691,
    -0.8855386153904581,
    -0.8855725293399179,
    -0.8856064162491022,
    -0.8856402761528646,
    -0.885674109086059,
    -0.885707915083539,
    -0.8857416941801584,
    -0.8857754464107708,
    -0.88580917181023,
    -0.8858428704133896,
    -0.8858765422551035,
    -0.8859101873702253,
    -0.8859438057936088,
    -0.8859773975601075,
    -0.8860109627045752,
    -0.8860445012618658,
    -0.8860780132668329,
    -0.8861114987543302,
    -0.8861449577592113,
    -0.8861783903163302,
    -0.8862117964605403,
    -0.8862451762266954,
    -0.8862785296496494,
    -0.8863118567642557,
    -0.8863451576053684,
    -0.8863784322078408,
    -0.886411680606527,
    -0.8864449028362804,
    -0.886478098931955,
    -0.8865112689284043,
    -0.8865444128604819,
    -0.8865775307630419,
    -0.8866106226709377,
    -0.8866436886190231,
    -0.886676728642152,
    -0.8867097427751778,
    -0.8867427310529543,
    -0.8867756935103354,
    -0.8868086301821746,
    -0.8868415411033257,
    -0.8868744263086423,
    -0.8869072858329784,
    -0.8869401197111875,
    -0.8869729279781233,
    -0.8870057106686396,
    -0.8870384678175901,
    -0.8870711994598285,
    -0.8871039056302085,
    -0.8871365863635837,
    -0.8871692416948082,
    -0.8872018716587352,
    -0.8872344762902188,
    -0.8872670556241125,
    -0.8872996096952701,
    -0.8873321385385453,
    -0.8873646421887919,
    -0.8873971206808634,
    -0.8874295740496138,
    -0.8874620023298966,
    -0.8874944055565654,
    -0.8875267837644744,
    -0.8875591369884768,
    -0.8875914652634265,
    -0.8876237686241772,
    -0.8876560471055828,
    -0.8876883007424967,
    -0.8877205295697729,
    -0.8877527336222649,
    -0.8877849129348265,
    -0.8878170675423114,
    -0.8878491974795734,
    -0.887881302781466,
    -0.8879133834828431,
    -0.8879454396185584,
    -0.8879774712234656,
    -0.8880094783324184,
    -0.8880414609802705,
    -0.8880734192018755,
    -0.8881053530320874,
    -0.8881372625057596,
    -0.888169147657746,
    -0.8882010085229003,
    -0.8882328451360763,
    -0.8882646575321274,
    -0.8882964457459076,
    -0.8883282098122706,
    -0.8883599497660699,
    -0.8883916656421594,
    -0.8884233574753928,
    -0.8884550253006238,
    -0.8884866691527061,
    -0.8885182890664933,
    -0.8885498850768394,
    -0.8885814572185978,
    -0.8886130055266225,
    -0.8886445300357669,
    -0.888676030780885,
    -0.8887075077968303,
    -0.8887389611184566,
    -0.8887703907806177,
    -0.8888017968181673,
    -0.888833179265959,
    -0.8888645381588464,
    -0.8888958735316835,
    -0.8889271854193239,
    -0.8889584738566213,
    -0.8889897388784294,
    -0.8890209805196019,
    -0.8890521988149926,
    -0.8890833937994551,
    -0.8891145655078433,
    -0.8891457139750106,
    -0.889176839235811,
    -0.8892079413250982,
    -0.8892390202777256,
    -0.8892700761285474,
    -0.8893011089124169,
    -0.8893321186641879,
    -0.8893631054187143,
    -0.8893940692108497,
    -0.8894250100754478,
    -0.8894559280473623,
    -0.8894868231614469,
    -0.8895176954525554,
    -0.8895485449555414,
    -0.8895793717052587,
    -0.8896101757365611,
    -0.889640957084302,
    -0.8896717157833355,
    -0.8897024518685152,
    -0.8897331653746945,
    -0.8897638563367275,
    -0.8897945247894677,
    -0.889825170767769,
    -0.889855794306485,
    -0.8898863954404693,
    -0.8899169742045758,
    -0.8899475306336582,
    -0.8899780647625701,
    -0.8900085766261653,
    -0.8900390662592974,
    -0.8900695336968203,
    -0.8900999789735875,
    -0.8901304021244529,
    -0.8901608031842702,
    -0.8901911821878928,
    -0.8902215391701749,
    -0.89025187416597,
    -0.8902821872101316,
    -0.8903124783375138,
    -0.89034274758297,
    -0.8903729949813541,
    -0.8904032205675197,
    -0.8904334243763206,
    -0.8904636064426105,
    -0.890493766801243,
    -0.8905239054870719,
    -0.8905540225349511,
    -0.8905841179797339,
    -0.8906141918562744,
    -0.8906442441994261,
    -0.8906742750440427,
    -0.8907042844249782,
    -0.8907342723770859,
    -0.8907642389352198,
    -0.8907941841342335,
    -0.8908241080089807,
    -0.8908540105943152,
    -0.8908838919250907,
    -0.8909137520361609,
    -0.8909435909623794,
    -0.8909734087386001,
    -0.8910032053996765,
    -0.8910329809804626,
    -0.8910627355158118,
    -0.891092469040578,
    -0.891122181589615,
    -0.8911518731977762,
    -0.8911815438999157,
    -0.8912111937308869,
    -0.8912408227255436,
    -0.8912704309187396,
    -0.8913000183453286,
    -0.8913295850401642,
    -0.8913591310381003,
    -0.8913886563739903,
    -0.8914181610826883,
    -0.8914476451990477,
    -0.8914771087579225,
    -0.8915065517941662,
    -0.8915359743426325,
    -0.8915653764381752,
    -0.891594758115648,
    -0.8916241194099047,
    -0.8916534603557988,
    -0.8916827809881842,
    -0.8917120813419146,
    -0.8917413614518436,
    -0.891770621352825,
    -0.8917998610797124,
    -0.8918290806673598,
    -0.8918582801506206,
    -0.8918874595643487,
    -0.8919166189433977,
    -0.8919457583226214,
    -0.8919748777368733,
    -0.8920039772210074,
    -0.8920330568098773,
    -0.8920621165383368,
    -0.8920911564412396,
    -0.8921201765534392,
    -0.8921491769097895,
    -0.8921781575451441,
    -0.8922071184943567,
    -0.8922360597922813,
    -0.8922649814737713,
    -0.8922938835736807,
    -0.8923227661268629,
    -0.8923516291681717,
    -0.892380472732461,
    -0.8924092968545843,
    -0.8924381015693954,
    -0.892466886911748,
    -0.8924956529164959,
    -0.8925243996184927,
    -0.8925531270525922,
    -0.892581835253648,
    -0.8926105242565139,
    -0.8926391940960435,
    -0.8926678448070907,
    -0.8926964764245091,
    -0.8927250889831524,
    -0.8927536825178745,
    -0.8927822570635288,
    -0.8928108126549692,
    -0.8928393493270494,
    -0.8928678671097363,
    -0.892896366032997,
    -0.8929248461267985,
    -0.8929533074211076,
    -0.8929817499458912,
    -0.8930101737311166,
    -0.8930385788067504,
    -0.89306696520276,
    -0.8930953329491119,
    -0.8931236820757734,
    -0.8931520126127114,
    -0.8931803245898927,
    -0.8932086180372846,
    -0.8932368929848538,
    -0.8932651494625673,
    -0.8932933875003922,
    -0.8933216071282953,
    -0.8933498083762438,
    -0.8933779912742045,
    -0.8934061558521443,
    -0.8934343021400304,
    -0.8934624301678296,
    -0.893490539965509,
    -0.8935186315630353,
    -0.8935467049903758,
    -0.8935747602774974,
    -0.8936027974543669,
    -0.8936308165509513,
    -0.8936588175972178,
    -0.8936868006231332,
    -0.8937147656586645,
    -0.8937427127337786,
    -0.8937706418784425,
    -0.8937985531226232,
    -0.8938264464962877,
    -0.8938543220294031,
    -0.8938821797519361,
    -0.8939100196938538,
    -0.893937841885123,
    -0.893965646355711,
    -0.8939934331355845,
    -0.8940212022547107,
    -0.8940489537430564,
    -0.8940766876305886,
    -0.8941044039472742,
    -0.8941321027230803,
    -0.8941597839879738,
    -0.8941874477719218,
    -0.8942150941048911,
    -0.8942427230168487,
    -0.8942703345377617,
    -0.8942979286975969,
    -0.8943255055263214,
    -0.8943530650539021,
    -0.894380607310306,
    -0.8944081323255001,
    -0.8944356401294513,
    -0.8944631307521266,
    -0.894490604223493,
    -0.8945180605735175,
    -0.8945454998321668,
    -0.8945729220294083,
    -0.8946003271952087,
    -0.894627715359535,
    -0.8946550865523543,
    -0.8946824408036333,
    -0.8947097781433394,
    -0.8947370986014391,
    -0.8947644022078998,
    -0.894791688992688,
    -0.8948189589857711,
    -0.8948462122171159,
    -0.8948734487166894,
    -0.8949006685144584,
    -0.8949278716403901,
    -0.8949550581244514,
    -0.8949822279966092,
    -0.8950093812868306,
    -0.8950365180250824,
    -0.8950636382413318,
    -0.8950907419655456,
    -0.8951178292276908,
    -0.8951449000577343,
    -0.8951719544856432,
    -0.8951989925413845,
    -0.895226014254925,
    -0.8952530196562318,
    -0.8952800087752718,
    -0.8953069816420121,
    -0.8953339382864195,
    -0.8953608787384612,
    -0.8953878030281038,
    -0.8954147111853146,
    -0.8954416032400605,
    -0.8954684792223083,
    -0.8954953391620253,
    -0.8955221830891781,
    -0.895549011033734,
    -0.8955758230256597,
    -0.8956026190949223,
    -0.8956293992714888,
    -0.8956561635853262,
    -0.8956829120664013,
    -0.8957096447446812,
    -0.8957363616501328,
    -0.8957630628127231,
    -0.8957897482624192,
    -0.8958164180291879,
    -0.8958430721429962,
    -0.8958697106338112,
    -0.8958963335315997,
    -0.8959229408663287,
    -0.8959495326679653,
    -0.8959761089664763,
    -0.8960026697918287,
    -0.8960292151739897,
    -0.8960557451429261,
    -0.8960822597286047,
    -0.8961087589609927,
    -0.8961352428700571,
    -0.8961617114857646,
    -0.8961881648380825,
    -0.8962146029569776,
    -0.8962410258724169,
    -0.8962674336143673,
    -0.896293826212796,
    -0.8963202036976696,
    -0.8963465660989554,
    -0.8963729134466202,
    -0.896399245770631,
    -0.8964255631009549,
    -0.8964518654675586,
    -0.8964781529004094,
    -0.8965044254294741,
    -0.8965306830847195,
    -0.8965569258961129,
    -0.8965831538936211,
    -0.896609367107211,
    -0.8966355655668498,
    -0.8966617493025042,
    -0.8966879183441413,
    -0.8967140727217281,
    -0.8967402124652316,
    -0.8967663376046187,
    -0.8967924481698561,
    -0.8968185441909114,
    -0.8968446256977511,
    -0.8968706927203424,
    -0.896896745288652,
    -0.8969227834326472,
    -0.8969488071822949,
    -0.8969748165675617,
    -0.897000811618415,
    -0.8970267923648216,
    -0.8970527588367486,
    -0.8970787110641628,
    -0.8971046490770311,
    -0.8971305729053208,
    -0.8971564825789986,
    -0.8971823781280316,
    -0.8972082595823867,
    -0.8972341269720309,
    -0.8972599803269311,
    -0.8972858196770543,
    -0.8973116450523676,
    -0.8973374564828379,
    -0.8973632539984321,
    -0.8973890376291171,
    -0.8974148074048602,
    -0.897440563355628,
    -0.8974663055113877,
    -0.8974920339021063,
    -0.8975177485577506,
    -0.8975434495082876,
    -0.8975691367836843,
    -0.8975948104139078,
    -0.8976204704289248,
    -0.8976461168587025,
    -0.8976717497332078,
    -0.8976973690824077,
    -0.8977229749362692,
    -0.897748567324759,
    -0.8977741462778445,
    -0.8977997118254923,
    -0.8978252639976697,
    -0.8978508028243434,
    -0.8978763283354805,
    -0.8979018405610478,
    -0.8979273395310126,
    -0.8979528252753416,
    -0.8979782978240018,
    -0.8980037572069602,
    -0.8980292034541839,
    -0.8980546365956398,
    -0.8980800566612948,
    -0.8981054636811158,
    -0.89813085768507,
    -0.8981562387031242,
    -0.8981816067652454,
    -0.8982069619014006,
    -0.8982323041415567,
    -0.8982576335156809,
    -0.8982829500537399,
    -0.8983082537857008,
    -0.8983335447415305,
    -0.8983588229511961,
    -0.8983840884446644,
    -0.8984093412519025,
    -0.8984345814028774,
    -0.8984598089275558,
    -0.898485023855905,
    -0.8985102262178919,
    -0.8985354160434833,
    -0.8985605933626464,
    -0.898585758205348,
    -0.8986109106015551,
    -0.8986360505812347,
    -0.8986611781743539,
    -0.8986862934108794,
    -0.8987113963207783,
    -0.8987364869340176,
    -0.8987615652805643,
    -0.8987866313903854,
    -0.8988116852934477,
    -0.8988367270197182,
    -0.898861756599164,
    -0.898886774061752,
    -0.8989117794374492,
    -0.8989367727562224,
    -0.8989617540480389,
    -0.8989867233428654,
    -0.8990116806706691,
    -0.8990366260614168,
    -0.8990615595450754,
    -0.899086481151612,
    -0.8991113909109937,
    -0.8991362888531872,
    -0.8991611750081595,
    -0.8991860494058778,
    -0.8992109120763089,
    -0.8992357630494198,
    -0.8992606023551775,
    -0.8992854300235489,
    -0.8993102460845009,
    -0.8993350505680008,
    -0.8993598435040153,
    -0.8993846249225114,
    -0.8994093948534561,
    -0.8994341533268163,
    -0.8994589003725592,
    -0.8994836360206515,
    -0.8995083603010603,
    -0.8995330732437525,
    -0.8995577748786953,
    -0.8995824652358553,
    -0.8996071443451998,
    -0.8996318122366955,
    -0.8996564689403097,
    -0.8996811144860091,
    -0.8997057489037606,
    -0.8997303722235316,
    -0.8997549844752886,
    -0.8997795856889989,
    -0.8998041758946291,
    -0.8998287551221467,
    -0.8998533234015181,
    -0.8998778807627108,
    -0.8999024272356914,
    -0.899926962850427,
    -0.8999514876368846,
    -0.899976001625031,
    -0.9000005048448334,
    -0.9000249973262587,
    -0.9000494790992738,
    -0.9000739501938457,
    -0.9000984106399416,
    -0.900122860467528,
    -0.9001472997065723,
    -0.9001717283870412,
    -0.9001961465389017,
    -0.900220554192121,
    -0.9002449513766658,
    -0.9002693381225032,
    -0.9002937144596003,
    -0.9003180804179237,
    -0.9003424360274408,
    -0.9003667813181182,
    -0.9003911163199232,
    -0.9004154410628226,
    -0.9004397555767832,
    -0.9004640598917724,
    -0.9004883540377567,
    -0.9005126380447034,
    -0.9005369119425793,
    -0.9005611757613515,
    -0.900585429530987,
    -0.9006096732814526,
    -0.9006339070427153,
    -0.9006581308447421,
    -0.9006823447175001,
    -0.9007065486909561,
    -0.9007307427950771,
    -0.9007549270598302,
    -0.9007791015151823,
    -0.9008032661911003,
    -0.9008274211175511,
    -0.9008515663245019,
    -0.9008757018419196,
    -0.9008998276997711,
    -0.9009239439280233,
    -0.9009480505566433,
    -0.9009721476155981,
    -0.9009962351348546,
    -0.9010203131443798,
    -0.9010443816741407,
    -0.9010684407541042,
    -0.9010924904142372,
    -0.9011165306845069,
    -0.9011405615948801,
    -0.9011645831753239,
    -0.9011885954558051,
    -0.9012125984662908,
    -0.9012365922367478,
    -0.9012605767971433,
    -0.9012845521774442,
    -0.9013085184076173,
    -0.9013324755176298,
    -0.9013564235374486,
    -0.9013803624970407,
    -0.9014042924263729,
    -0.9014282133554123,
    -0.901452125314126,
    -0.9014760283324807,
    -0.9014999224404435,
    -0.9015238076679815,
    -0.9015476840450615,
    -0.9015715516016505,
    -0.9015954103677155,
    -0.9016192603732235,
    -0.9016431016481413,
    -0.9016669342224362,
    -0.9016907581260748,
    -0.9017145733890243,
    -0.9017383800412516,
    -0.9017621781127237,
    -0.9017859676334077,
    -0.9018097486332702,
    -0.9018335211422785,
    -0.9018572851903995,
    -0.9018810408076002,
    -0.9019047880238474,
    -0.9019285268691083,
    -0.9019522573733497,
    -0.9019759795665386,
    -0.9019996934786421,
    -0.9020233991396269,
    -0.9020470965794603,
    -0.902070785828109,
    -0.9020944669155401,
    -0.9021181398717205,
    -0.9021418047266173,
    -0.9021654615101975,
    -0.9021891102524278,
    -0.9022127509832754,
    -0.9022363837327072,
    -0.9022600085306902,
    -0.9022836254071913,
    -0.9023072343921776,
    -0.9023308355156159,
    -0.9023544288074733,
    -0.9023780142977168,
    -0.9024015920163132,
    -0.9024251619932296,
    -0.902448724258433,
    -0.9024722788418904,
    -0.9024958257735686,
    -0.9025193650834346,
    -0.9025428968014555,
    -0.9025664209575982,
    -0.9025899375818296,
    -0.9026134467041168,
    -0.9026369483544268,
    -0.9026604425627264,
    -0.9026839293589827,
    -0.9027074087731625,
    -0.902730880835233,
    -0.9027543455751611,
    -0.9027778030229137,
    -0.9028012532084578,
    -0.9028246961617604,
    -0.9028481319127885,
    -0.902871560491509,
    -0.9028949819278889,
    -0.9029183962518951,
    -0.9029418034934945,
    -0.9029652036826544,
    -0.9029885968493416,
    -0.903011983023523,
    -0.9030353622351658,
    -0.9030587345142367,
    -0.9030820998907026,
    -0.9031054583945307,
    -0.903128810055688,
    -0.9031521549041414,
    -0.9031754929698578,
    -0.9031988242828042,
    -0.9032221488729475,
    -0.9032454667702549,
    -0.9032687780046932,
    -0.9032920826062294,
    -0.9033153806048305,
    -0.9033386720304634,
    -0.9033619569130952,
    -0.9033852352826927,
    -0.9034085071692229,
    -0.903431772602653,
    -0.9034550316129497,
    -0.90347828423008,
    -0.9035015304840112,
    -0.9035247704047098,
    -0.903548004022143,
    -0.9035712313662778,
    -0.9035944524670811,
    -0.90361766735452,
    -0.9036408760585612,
    -0.903664078609172,
    -0.9036872750363191,
    -0.9037104653699696,
    -0.9037336496400905,
    -0.9037568278766487,
    -0.9037800001096112,
    -0.903803166368945,
    -0.9038263266846169,
    -0.9038494810865941,
    -0.9038726296048436,
    -0.9038957722693322,
    -0.9039189091100268,
    -0.9039420401568945,
    -0.9039651654399024,
    -0.9039882849890172,
    -0.9040113988342061,
    -0.9040345070054359,
    -0.9040576095326737,
    -0.9040807064458863,
    -0.904103797775041,
    -0.9041268835501044,
    -0.9041499638010437,
    -0.9041730385578258,
    -0.9041961078504177,
    -0.9042191717087863,
    -0.9042422301628986,
    -0.9042652832427216,
    -0.9042883309782223,
    -0.9043113733993676,
    -0.9043344105361245,
    -0.90435744241846,
    -0.904380469076341,
    -0.9044034905397346,
    -0.9044265068386075,
    -0.904449518002927,
    -0.9044725240626599,
    -0.9044955250477732,
    -0.9045185209882338,
    -0.9045415119140089,
    -0.9045644978550651,
    -0.9045874788413697,
    -0.9046104549028896,
    -0.9046334260695916,
    -0.9046563923714429,
    -0.9046793538384104,
    -0.9047023105004609,
    -0.9047252623875616,
    -0.9047482095296793,
    -0.9047711519567812,
    -0.9047940896988339,
    -0.9048170227858048,
    -0.9048399512476605,
    -0.9048628751143681,
    -0.9048857944158948,
    -0.9049087091822073,
    -0.9049316194432726,
    -0.9049545252290578,
    -0.9049774265695297,
    -0.9050003234946553,
    -0.9050232160344017,
    -0.9050461042187359,
    -0.9050689880776247,
    -0.9050918676410351,
    -0.9051147429389341,
    -0.9051376140012888,
    -0.905160480858066,
    -0.9051833435392328,
    -0.905206202074756,
    -0.9052290564946027,
    -0.9052519068287398,
    -0.9052747531071343,
    -0.9052975953597533,
    -0.9053204336165636,
    -0.9053432679075322,
    -0.9053660982626262,
    -0.9053889247545499,
    -0.9054117474560082,
    -0.9054345664397055,
    -0.9054573817783466,
    -0.9054801935446358,
    -0.905503001811278,
    -0.9055258066509775,
    -0.9055486081364391,
    -0.9055714063403673,
    -0.9055942013354668,
    -0.905616993194442,
    -0.9056397819899976,
    -0.9056625677948382,
    -0.9056853506816684,
    -0.9057081307231928,
    -0.905730907992116,
    -0.9057536825611424,
    -0.905776454502977,
    -0.905799223890324,
    -0.9058219907958881,
    -0.905844755292374,
    -0.9058675174524861,
    -0.9058902773489292,
    -0.9059130350544078,
    -0.9059357906416264,
    -0.9059585441832899,
    -0.9059812957521025,
    -0.9060040454207691,
    -0.9060267932619941,
    -0.9060495393484821,
    -0.9060722837529378,
    -0.9060950265480657,
    -0.9061177678065705,
    -0.9061405076011567,
    -0.9061632460045289,
    -0.9061859830893917,
    -0.9062087189284497,
    -0.9062314535944075,
    -0.9062541871599696,
    -0.9062769196978409,
    -0.9062996512807255,
    -0.9063223819813284,
    -0.906345111872354,
    -0.906367841026507,
    -0.9063905695164919,
    -0.9064132974150133,
    -0.9064360247947759,
    -0.9064587517284841,
    -0.9064814782888427,
    -0.9065042045485562,
    -0.9065269305803291,
    -0.9065496564568661,
    -0.9065723822508718,
    -0.9065951080350507,
    -0.9066178338821076,
    -0.9066405598647468,
    -0.906663286055673,
    -0.906686012527591,
    -0.9067087393532052,
    -0.9067314666052201,
    -0.9067541943563404,
    -0.9067769226792708,
    -0.9067996516467157,
    -0.9068223813313798,
    -0.9068451118059677,
    -0.906867843143184,
    -0.9068905754157331,
    -0.9069133086963199,
    -0.9069360430576489,
    -0.9069587785724245,
    -0.9069815153133515,
    -0.9070042533531343,
    -0.9070269927644777,
    -0.9070497336200862,
    -0.9070724759926644,
    -0.9070952199549168,
    -0.9071179655795483,
    -0.907140712939263,
    -0.9071634621067659,
    -0.9071862131547614,
    -0.9072089661559543,
    -0.9072317211830488,
    -0.90725447830875,
    -0.907277237605762,
    -0.9072999991467896,
    -0.9073227630045375,
    -0.9073455292517102,
    -0.9073682979610123,
    -0.9073910692051483,
    -0.9074138430568229,
    -0.9074366195887407,
    -0.9074593988736063,
    -0.9074821809841241,
    -0.907504965992999,
    -0.9075277539729354,
    -0.9075505449966378,
    -0.907573339136811,
    -0.9075961364661596,
    -0.9076189370573879,
    -0.9076417409832008,
    -0.9076645483163028,
    -0.9076873591293985,
    -0.9077101734951925,
    -0.9077329914863892,
    -0.9077558131756934,
    -0.9077786386358098,
    -0.9078014679394426,
    -0.9078243011592968,
    -0.9078471383680767,
    -0.9078699796384871,
    -0.9078928250432325,
    -0.9079156746550175,
    -0.9079385285465467,
    -0.9079613867905246,
    -0.907984249459656,
    -0.9080071166266452,
    -0.908029988364197,
    -0.908052864745016,
    -0.9080757458418067,
    -0.9080986317272738,
    -0.9081215224741218,
    -0.9081444181550553,
    -0.9081673188427789,
    -0.9081902246099972,
    -0.9082131355294147,
    -0.9082360516737362,
    -0.9082589731156662,
    -0.9082818999279092,
    -0.9083048321831699,
    -0.9083277699541528,
    -0.9083507133135625,
    -0.9083736623341038,
    -0.908396617088481,
    -0.9084195776493988,
    -0.9084425440895619,
    -0.9084655164816748,
    -0.9084884948984421,
    -0.9085114794125683,
    -0.9085344700967581,
    -0.9085574670237161,
    -0.9085804702661469,
    -0.9086034798967549,
    -0.908626495988245,
    -0.9086495186133215,
    -0.9086725478446893,
    -0.9086955837550528,
    -0.9087186264171165,
    -0.9087416759035852,
    -0.9087647322871634,
    -0.9087877956405556,
    -0.9088108660364664,
    -0.9088339435476006,
    -0.9088570282466627,
    -0.9088801202063572,
    -0.9089032194993888,
    -0.908926326198462,
    -0.9089494403762816,
    -0.9089725621055518,
    -0.9089956914589775,
    -0.9090188285092632,
    -0.9090419733291135,
    -0.909065125991233,
    -0.9090882865683263,
    -0.909111455133098,
    -0.9091346317582527,
    -0.9091578165164949,
    -0.9091810094805293,
    -0.9092042107230603,
    -0.9092274203167927,
    -0.9092506383344311,
    -0.90927386484868,
    -0.9092970999322441,
    -0.9093203436578278,
    -0.9093435960981358,
    -0.9093668573258726,
    -0.909390127413743,
    -0.9094134064344515,
    -0.9094366944607025,
    -0.909459991565201,
    -0.9094832978206512,
    -0.9095066132997578,
    -0.9095299380752255,
    -0.9095532722197588,
    -0.9095766158060623,
    -0.9095999689068407,
    -0.9096233315947985,
    -0.9096467039426401,
    -0.9096700860230705,
    -0.909693477908794,
    -0.9097168796725152,
    -0.9097402913869389,
    -0.9097637131247694,
    -0.9097871449587116,
    -0.9098105869614699,
    -0.9098340392057489,
    -0.9098575017642532,
    -0.9098809747096874,
    -0.9099044581147561,
    -0.9099279520521639,
    -0.9099514565946154,
    -0.9099749718148152,
    -0.9099984977854679,
    -0.910022034579278,
    -0.9100455822689502,
    -0.910069140927189,
    -0.910092710626699,
    -0.910116291440185,
    -0.9101398834403513,
    -0.9101634866999027,
    -0.9101871012915437,
    -0.9102107272879788,
    -0.9102343647619128,
    -0.9102580137860501,
    -0.9102816744330954,
    -0.9103053467757533,
    -0.9103290308867282,
    -0.910352726838725,
    -0.9103764347044482,
    -0.9104001545566022,
    -0.9104238864678917,
    -0.9104476305110215,
    -0.9104713867586959,
    -0.9104951552836197,
    -0.9105189361584972,
    -0.9105427294560333,
    -0.9105665352489325,
    -0.9105903536098994,
    -0.9106141846116385,
    -0.9106380283268545,
    -0.9106618848282519,
    -0.9106857541885354,
    -0.9107096364804095,
    -0.9107335317765788,
    -0.9107574401497478,
    -0.9107813616726212,
    -0.9108052964179039,
    -0.9108292444582999,
    -0.9108532058665143,
    -0.9108771807152514,
    -0.9109011690772157,
    -0.9109251710251122,
    -0.9109491866316451,
    -0.9109732159695192,
    -0.910997259111439,
    -0.9110213161301092,
    -0.9110453870982343,
    -0.9110694720885189,
    -0.9110935711736676,
    -0.911117684426385,
    -0.9111418119193756,
    -0.9111659537253441,
    -0.9111901099169952,
    -0.9112142805670332,
    -0.911238465748163,
    -0.911262665533089,
    -0.9112868799945159,
    -0.911311109205148,
    -0.9113353532376903,
    -0.9113596121648472,
    -0.9113838860593233,
    -0.9114081749938232,
    -0.9114324790410515,
    -0.9114567982737127,
    -0.9114811327645116,
    -0.9115054825861526,
    -0.9115298478113404,
    -0.9115542285127795,
    -0.9115786247631745,
    -0.9116030366352301,
    -0.9116274642016508,
    -0.9116519075351412,
    -0.9116763667084059,
    -0.9117008417941496,
    -0.9117253328650767,
    -0.9117498399938919,
    -0.9117743632532999,
    -0.9117989027160049,
    -0.911823458454712,
    -0.9118480305421255,
    -0.91187261905095,
    -0.9118972240538902,
    -0.9119218456236505,
    -0.9119464838329358,
    -0.9119711387544504,
    -0.911995810460899,
    -0.9120204990249863,
    -0.9120452045194166,
    -0.9120699270168948,
    -0.9120946665901254,
    -0.912119423311813,
    -0.912144197254662,
    -0.9121689884913773,
    -0.9121937970946632,
    -0.9122186231372246,
    -0.9122434666917658,
    -0.9122683278309915,
    -0.9122932066276064,
    -0.9123181031543149,
    -0.9123430174838217,
    -0.9123679496888315,
    -0.9123928998420487,
    -0.912417868016178,
    -0.9124428542839239,
    -0.9124678587179912,
    -0.9124928813910842,
    -0.9125179223759077,
    -0.9125429817451661,
    -0.9125680595715643
]