[
    -1.8056627557632787,
    -1.8058466867654526,
    -1.8060311780914886,
    -1.8062162281833016,
    -1.8064018354828069,
    -1.80658799843192,
    -1.8067747154725557,
    -1.8069619850466294,
    -1.8071498055960564,
    -1.8073381755627516,
    -1.80752709338863,
    -1.8077165575156076,
    -1.8079065663855987,
    -1.8080971184405192,
    -1.8082882121222839,
    -1.8084798458728077,
    -1.8086720181340064,
    -1.808864727347795,
    -1.8090579719560884,
    -1.8092517504008023,
    -1.8094460611238512,
    -1.809640902567151,
    -1.8098362731726163,
    -1.8100321713821625,
    -1.810228595637705,
    -1.810425544381159,
    -1.8106230160544392,
    -1.8108210090994612,
    -1.81101952195814,
    -1.8112185530723912,
    -1.8114181008841292,
    -1.8116181638352697,
    -1.811818740367728,
    -1.812019828923419,
    -1.8122214279442581,
    -1.8124235358721605,
    -1.8126261511490411,
    -1.8128292722168153,
    -1.8130328975173982,
    -1.813237025492705,
    -1.8134416545846512,
    -1.8136467832351515,
    -1.8138524098861213,
    -1.8140585329794756,
    -1.81426515095713,
    -1.8144722622609994,
    -1.8146798653329992,
    -1.8148879586150442,
    -1.81509654054905,
    -1.8153056095769313,
    -1.815515164140604,
    -1.8157252026819828,
    -1.8159357236429827,
    -1.8161467254655195,
    -1.8163582065915078,
    -1.816570165462863,
    -1.8167826005215004,
    -1.8169955102093351,
    -1.8172088929682824,
    -1.8174227472402573,
    -1.817637071467175,
    -1.8178518640909507,
    -1.8180671235535,
    -1.8182828482967375,
    -1.8184990367625784,
    -1.8187156873929382,
    -1.8189327986297321,
    -1.8191503689148751,
    -1.8193683966902827,
    -1.8195868803978696,
    -1.8198058184795514,
    -1.8200252093772429,
    -1.8202450515328596,
    -1.8204653433883167,
    -1.8206860833855292,
    -1.8209072699664124,
    -1.8211289015728813,
    -1.8213509766468514,
    -1.8215734936302377,
    -1.8217964509649556,
    -1.8220198470929199,
    -1.822243680456046,
    -1.822467949496249,
    -1.8226926526554443,
    -1.8229177883755472,
    -1.8231433550984724,
    -1.823369351266135,
    -1.823595775320451,
    -1.8238226257033348,
    -1.8240499008567024,
    -1.824277599222468,
    -1.8245057192425473,
    -1.8247342593588554,
    -1.8249632180133077,
    -1.825192593647819,
    -1.8254223847043052,
    -1.8256525896246807,
    -1.825883206850861,
    -1.8261142348247612,
    -1.8263456719882964,
    -1.8265775167833824,
    -1.8268097676519337,
    -1.8270424230358657,
    -1.8272754813770937,
    -1.8275089411175327,
    -1.827742800699098,
    -1.827977058563705,
    -1.8282117131532685,
    -1.8284467629097036,
    -1.828682206274926,
    -1.8289180416908504,
    -1.8291542675993926,
    -1.8293908824424672,
    -1.8296278846619893,
    -1.8298652726998748,
    -1.830103044998038,
    -1.830341199998395,
    -1.8305797361428604,
    -1.8308186518733494,
    -1.8310579456317773,
    -1.8312976158600593,
    -1.8315376610001106,
    -1.8317780794938465,
    -1.832018869783182,
    -1.8322600303100323,
    -1.8325015595163126,
    -1.832743455843938,
    -1.8329857177348239,
    -1.8332283436308856,
    -1.8334713319740379,
    -1.833714681206196,
    -1.8339583897692753,
    -1.834202456105191,
    -1.8344468786558585,
    -1.8346916558631925,
    -1.8349367861691082,
    -1.8351822680155212,
    -1.8354280998443464,
    -1.8356742800974992,
    -1.8359208072168944,
    -1.8361676796444475,
    -1.8364148958220736,
    -1.836662454191688,
    -1.8369103531952058,
    -1.8371585912745423,
    -1.8374071668716123,
    -1.8376560784283313,
    -1.8379053243866146,
    -1.838154903188377,
    -1.8384048132755344,
    -1.838655053090001,
    -1.8389056210736927,
    -1.8391565156685243,
    -1.8394077353164113,
    -1.839659278459269,
    -1.839911143539012,
    -1.840163328997556,
    -1.840415833276816,
    -1.840668654818707,
    -1.8409217920651444,
    -1.8411752434580437,
    -1.8414290074393196,
    -1.8416830824508874,
    -1.8419374669346622,
    -1.8421921593325594,
    -1.8424471580864943,
    -1.8427024616383818,
    -1.8429580684301372,
    -1.8432139769036755,
    -1.8434701855009124,
    -1.8437266926637623,
    -1.8439834968341413,
    -1.8442405964539639,
    -1.8444979899651455,
    -1.844755675809601,
    -1.8450136524292462,
    -1.845271918265996,
    -1.8455304717617658,
    -1.84578931135847,
    -1.8460484354980247,
    -1.8463078426223445,
    -1.8465675311733447,
    -1.846827499592941,
    -1.847087746323048,
    -1.847348269805581,
    -1.847609068482455,
    -1.847870140795586,
    -1.8481314851868882,
    -1.8483931000982776,
    -1.8486549839716686,
    -1.848917135248977,
    -1.8491795523721177,
    -1.8494422337830059,
    -1.8497051779235572,
    -1.849968383235686,
    -1.850231848161308,
    -1.8504955711423383,
    -1.8507595506206922,
    -1.851023785038285,
    -1.8512882728370315,
    -1.8515530124588468,
    -1.8518180023456465,
    -1.8520832409393457,
    -1.8523487266818595,
    -1.8526144580151034,
    -1.8528804333809918,
    -1.8531466512214407,
    -1.8534131099783648,
    -1.8536798080936794,
    -1.8539467440093,
    -1.8542139161671414,
    -1.8544813230091188,
    -1.8547489629771476,
    -1.8550168345131428,
    -1.8552849360590198,
    -1.8555532660566938,
    -1.8558218229480796,
    -1.8560906051750927,
    -1.8563596111796483,
    -1.8566288394036614,
    -1.8568982882890477,
    -1.8571679562777215,
    -1.8574378418115987,
    -1.857707943332594,
    -1.857978259282623,
    -1.8582487881036007,
    -1.8585195282374427,
    -1.8587904781260634,
    -1.8590616362113785,
    -1.859333000935303,
    -1.8596045707397524,
    -1.8598763440666417,
    -1.8601483193578858,
    -1.8604204950554002,
    -1.8606928696010998,
    -1.8609654414369003,
    -1.8612382090047164,
    -1.8615111707464638,
    -1.8617843251040571,
    -1.8620576705194118,
    -1.8623312054344432,
    -1.862604928291066,
    -1.8628788375311962,
    -1.863152931596748,
    -1.8634272089296373,
    -1.863701667971779,
    -1.8639763071650886,
    -1.864251124951481,
    -1.8645261197728713,
    -1.8648012900711748,
    -1.865076634288307,
    -1.8653521508661823,
    -1.8656278382467166,
    -1.8659036948718253,
    -1.8661797191834226,
    -1.8664559096234246,
    -1.8667322646337459,
    -1.867008782656302,
    -1.8672854621330082,
    -1.8675623015057792,
    -1.8678392992165307,
    -1.8681164537071775,
    -1.868393763419635,
    -1.8686712267958183,
    -1.8689488422776428,
    -1.8692266083070235,
    -1.8695045233258756,
    -1.8697825857761141,
    -1.8700607940996545,
    -1.870339146738412,
    -1.8706176421343015,
    -1.8708962787292385,
    -1.8711750549651378,
    -1.871453969283915,
    -1.8717330201274849,
    -1.872012205937763,
    -1.8722915251566645,
    -1.8725709762261042,
    -1.872850557587998,
    -1.87313026768426,
    -1.8734101049568066,
    -1.8736900678475523,
    -1.8739701547984122,
    -1.8742503642513018,
    -1.8745306946481362,
    -1.8748111444308304,
    -1.8750917120413,
    -1.8753723959214597,
    -1.875653194513225,
    -1.875934106258511,
    -1.8762151295992329,
    -1.876496262977306,
    -1.8767775048346453,
    -1.877058853613166,
    -1.8773403077547834,
    -1.8776218657014128,
    -1.8779035258949688,
    -1.8781852867773674,
    -1.8784671467905234,
    -1.8787491043763518,
    -1.8790311579767678,
    -1.879313306033687,
    -1.8795955469890244,
    -1.879877879284695,
    -1.8801603013626143,
    -1.880442811664697,
    -1.8807254086328586,
    -1.8810080907090148,
    -1.8812908563350796,
    -1.8815737039529692,
    -1.8818566320045984,
    -1.8821396389318823,
    -1.8824227231767363,
    -1.8827058831810757,
    -1.8829891173868152,
    -1.8832724242358703,
    -1.8835558021701562,
    -1.883839249631588,
    -1.8841227650620813,
    -1.8844063469035506,
    -1.8846899935979113,
    -1.8849737035870788,
    -1.8852574753129683,
    -1.8855413072174947,
    -1.8858251977425737,
    -1.8861091453301198,
    -1.8863931484220486,
    -1.8866772054602752,
    -1.8869613148867148,
    -1.887245475143283,
    -1.887529684671894,
    -1.887813941914464,
    -1.8880982453129074,
    -1.8883825933091398,
    -1.8886669843450765,
    -1.8889514168626327,
    -1.889235889303723,
    -1.8895204001102632,
    -1.889804947724168,
    -1.8900895305873533,
    -1.8903741471417337,
    -1.8906587958292245,
    -1.8909434750917409,
    -1.8912281833711981,
    -1.8915129191095112,
    -1.8917976807485957,
    -1.8920824667303666,
    -1.8923672754967389,
    -1.892652105489628,
    -1.892936955150949,
    -1.893221822922617,
    -1.8935067072465477,
    -1.8937916065646556,
    -1.8940765193188562,
    -1.8943614439510648,
    -1.8946463789031962,
    -1.8949313226171662,
    -1.8952162735348894,
    -1.8955012300982812,
    -1.8957861907492568,
    -1.8960711539297315,
    -1.8963561180816204,
    -1.8966410816468386,
    -1.8969260430673014,
    -1.8972110007849239,
    -1.8974959532416213,
    -1.8977808988793088,
    -1.8980658361399019,
    -1.8983507634653152,
    -1.8986356792974641,
    -1.8989205820782642,
    -1.89920547024963,
    -1.8994903422534772,
    -1.8997751965317209,
    -1.9000600315262761,
    -1.9003448456790581,
    -1.9006296374319822,
    -1.9009144052269633,
    -1.9011991475059171,
    -1.901483862710758,
    -1.9017685492834018,
    -1.9020532056657635,
    -1.9023378302997584,
    -1.9026224216273016,
    -1.9029069780903083,
    -1.9031914981306937,
    -1.903475980190373,
    -1.903760422711261,
    -1.9040448241352734,
    -1.9043291829043254,
    -1.904613497460332,
    -1.9048977662452082,
    -1.9051819877008693,
    -1.9054661602692309,
    -1.9057502823922075,
    -1.9060343525117152,
    -1.9063183690696681,
    -1.906602330507982,
    -1.906886235268572,
    -1.9071700817933535,
    -1.9074538685242415,
    -1.907737593903151,
    -1.9080212563719972,
    -1.9083048543726955,
    -1.908588386347161,
    -1.908871850737309,
    -1.909155245985055,
    -1.9094385705323134,
    -1.9097218228209998,
    -1.9100050012930292,
    -1.910288104390317,
    -1.9105711305547788,
    -1.910854078228329,
    -1.9111369458528829,
    -1.911419731870356,
    -1.9117024347226634,
    -1.9119850528517206,
    -1.9122675846994421,
    -1.9125500287077435,
    -1.9128323833185399,
    -1.9131146469737466,
    -1.9133968181152787,
    -1.9136788951850516,
    -1.91396087662498,
    -1.9142427608769794,
    -1.914524546382965,
    -1.9148062315848517,
    -1.9150878149245556,
    -1.9153692948439907,
    -1.9156506697850726,
    -1.9159319381897169,
    -1.9162130984998382,
    -1.9164941491573522,
    -1.916775088604174,
    -1.9170559152822182,
    -1.9173366276334005,
    -1.9176172240996363,
    -1.9178977031228401,
    -1.9181780631449281,
    -1.9184583026078144,
    -1.9187384199534148,
    -1.9190184136236443,
    -1.919298282060418,
    -1.9195780237056514,
    -1.9198576370012597,
    -1.9201371203891575,
    -1.9204164723112607,
    -1.920695691209484,
    -1.9209747755257427,
    -1.9212537237019522,
    -1.9215325341800276,
    -1.9218112054018839,
    -1.9220897358094362,
    -1.9223681238446002,
    -1.9226463679492907,
    -1.922924466565423,
    -1.923202418134912,
    -1.9234802210996735,
    -1.9237578739016221,
    -1.9240353749826733,
    -1.9243127227847423,
    -1.9245899157497441,
    -1.9248669523195938,
    -1.925143830936207,
    -1.9254205500414985,
    -1.925697108077384,
    -1.925973503485778,
    -1.926249734708596,
    -1.9265258001877532,
    -1.9268016983651648,
    -1.927077427682746,
    -1.9273529865824122,
    -1.927628373506078,
    -1.927903586895659,
    -1.9281786251930704,
    -1.9284534868402272,
    -1.928728170279045,
    -1.9290026739514385,
    -1.929276996299323,
    -1.9295511357646138,
    -1.929825090789226,
    -1.9300988598150748,
    -1.9303724412840757,
    -1.9306458336381433,
    -1.9309190353191932,
    -1.9311920447691404,
    -1.9314648604299003,
    -1.931737480743388,
    -1.9320099041515186,
    -1.9322821290962071,
    -1.9325541540193691,
    -1.9328259773629197,
    -1.9330975975687739,
    -1.933369013078847,
    -1.9336402223350542,
    -1.9339112237793104,
    -1.9341820158535312,
    -1.9344525969996316,
    -1.934722965659527,
    -1.9349931202751323,
    -1.9352630592883626,
    -1.9355327811411336,
    -1.935802283989678,
    -1.9360715659902292,
    -1.936340625299021,
    -1.9366094600722858,
    -1.9368780684662574,
    -1.9371464486371688,
    -1.9374145987412534,
    -1.937682516934745,
    -1.9379502013738756,
    -1.9382176502148794,
    -1.9384848616139894,
    -1.938751833727439,
    -1.939018564711461,
    -1.9392850527222896,
    -1.9395512959161572,
    -1.9398172924492971,
    -1.940083040477943,
    -1.9403485381583279,
    -1.9406137836466852,
    -1.940878775099248,
    -1.9411435106722494,
    -1.941407988521923,
    -1.941672206804502,
    -1.9419361636762198,
    -1.9421998572933092,
    -1.942463285812004,
    -1.9427264473885366,
    -1.9429893401791412,
    -1.9432519623400506,
    -1.9435143120274985,
    -1.9437763873977174,
    -1.9440381866069412,
    -1.9442997078114026,
    -1.9445609491673355,
    -1.9448219088309728,
    -1.9450825849585478,
    -1.9453429757062937,
    -1.945603079230444,
    -1.9458628936872315,
    -1.94612241723289,
    -1.9463816480236524,
    -1.9466405842157521,
    -1.9468992239654221,
    -1.9471575654288962,
    -1.947415606762407,
    -1.9476733461221887,
    -1.9479307816644735,
    -1.9481879115454952,
    -1.948444733921487,
    -1.948701246948682,
    -1.9489574487833137,
    -1.9492133375816154,
    -1.94946891149982,
    -1.949724168694161,
    -1.9499791073208717,
    -1.9502337255361852,
    -1.9504880214963352,
    -1.9507419933575543,
    -1.950995639276076,
    -1.9512489574081338,
    -1.9515019459099607,
    -1.9517546029377901,
    -1.9520069266478552,
    -1.9522589151963894,
    -1.9525105667396256,
    -1.9527618794337973,
    -1.953012851435138,
    -1.9532634808998806,
    -1.9535137659842583,
    -1.9537637048445047,
    -1.9540132956368526,
    -1.9542625365175357,
    -1.9545114256427873,
    -1.9547599611688404,
    -1.9550081412519282,
    -1.955255964048284,
    -1.9555034277141412,
    -1.955750530405733,
    -1.955997270279293,
    -1.9562436454910537,
    -1.9564896541972487,
    -1.9567352945541117,
    -1.9569805647178753,
    -1.9572254628447734,
    -1.9574699870910386,
    -1.9577141356129044,
    -1.9579579065666044,
    -1.9582012981083714,
    -1.958444308394439,
    -1.9586869355810403,
    -1.9589291778244085,
    -1.9591710332807768,
    -1.9594125001063787,
    -1.9596535764574474,
    -1.9598942604902163,
    -1.9601345503609182,
    -1.9603744442257864,
    -1.9606139402410547,
    -1.960853036562956,
    -1.9610917313477234,
    -1.9613300227515909,
    -1.9615679089307907,
    -1.9618053880415567,
    -1.9620424582401221,
    -1.9622791176827201,
    -1.9625153645255842,
    -1.962751196924947,
    -1.9629866130370424,
    -1.963221611018103,
    -1.9634561890243631,
    -1.963690345212055,
    -1.9639240777374127,
    -1.9641573847566687,
    -1.9643902644260567,
    -1.9646227149018098,
    -1.9648547343401614,
    -1.965086320897345,
    -1.9653174727295935,
    -1.96554818799314,
    -1.965778464844218,
    -1.9660083014390608,
    -1.9662376959339016,
    -1.9664666464849738,
    -1.9666951512485102,
    -1.9669232083807446,
    -1.96715081603791,
    -1.9673779723762397,
    -1.9676046755519672,
    -1.9678309237213254,
    -1.9680567150405475,
    -1.968282047665867,
    -1.968506919753517,
    -1.9687313294597313,
    -1.9689552749407424,
    -1.9691787543527837,
    -1.9694017658520888,
    -1.9696243075948907,
    -1.9698463777374229,
    -1.9700679744359186,
    -1.9702890958466108,
    -1.970509740125733,
    -1.9707299054295184,
    -1.9709495899142002,
    -1.971168791736012,
    -1.9713875090511863,
    -1.971605740015957,
    -1.9718234827865573,
    -1.9720407355192202,
    -1.972257496370179,
    -1.9724737634956675,
    -1.9726895350519182,
    -1.9729048091951646,
    -1.9731195840816402,
    -1.973333857867578,
    -1.9735476287092117,
    -1.973760894762774,
    -1.9739736541844983,
    -1.9741859051306179,
    -1.9743976457573662,
    -1.9746088742209764,
    -1.9748195886776818,
    -1.9750297872837153,
    -1.9752394681953107,
    -1.9754486295687008,
    -1.9756572695601191,
    -1.975865386325799,
    -1.9760729780219732,
    -1.9762800428048757,
    -1.976486578830739,
    -1.976692584255797,
    -1.9768980572362829,
    -1.9771029959284296,
    -1.9773073984884704,
    -1.9775112630726388,
    -1.9777145878371678,
    -1.977917370938291,
    -1.9781196105322416,
    -1.9783213047752524,
    -1.9785224518235571,
    -1.9787230498333888,
    -1.9789230969609808,
    -1.9791225913625667,
    -1.979321531194379,
    -1.9795199146126516,
    -1.9797177397736174,
    -1.9799150048335097,
    -1.980111707948562,
    -1.9803078472750077,
    -1.9805034209690795,
    -1.980698427187011,
    -1.9808928640850352,
    -1.9810867298193857,
    -1.9812800225462956,
    -1.9814727404219983,
    -1.9816648816027267,
    -1.9818564442447144,
    -1.9820474265041945,
    -1.9822378265374003,
    -1.9824276425005654,
    -1.9826168725499225,
    -1.982805514841705,
    -1.9829935675321462,
    -1.9831810287774796,
    -1.983367896733938,
    -1.9835541695577552,
    -1.983739845405164,
    -1.983924922432398,
    -1.9841093987956901,
    -1.984293272651274,
    -1.9844765421553827,
    -1.9846592054642493,
    -1.9848412607341075,
    -1.98502270612119,
    -1.9852035397817305,
    -1.9853837598719624,
    -1.9855633645481183,
    -1.985742351966432,
    -1.9859207202831364,
    -1.9860984676544648,
    -1.986275592236651,
    -1.9864520921859279,
    -1.9866279656585286,
    -1.9868032108106863,
    -1.9869778257986348,
    -1.9871518087786066,
    -1.987325157906836,
    -1.9874978713395552,
    -1.987669947232998,
    -1.9878413837433972,
    -1.988012179026987,
    -1.9881823312399998,
    -1.988351838538669,
    -1.9885206990792281,
    -1.98868891101791,
    -1.9888564725109485,
    -1.9890233817145764,
    -1.9891896367850275,
    -1.9893552358785342,
    -1.9895201771513304,
    -1.9896844587596492,
    -1.989848078859724,
    -1.9900110356077878,
    -1.990173327160074,
    -1.9903349516728157,
    -1.9904959073022463,
    -1.9906561922045993,
    -1.9908158045361075,
    -1.9909747424530047,
    -1.9911330041115234,
    -1.9912905876678975,
    -1.99144749127836,
    -1.9916037130991442,
    -1.9917592512864837,
    -1.991914103996611,
    -1.9920682693857599,
    -1.9922217456101636,
    -1.9923745308260552,
    -1.9925266231896681,
    -1.9926780208572357,
    -1.992828721984991,
    -1.9929787247291673,
    -1.993128027245998,
    -1.993276627691716,
    -1.9934245242225552,
    -1.9935717149947483,
    -1.9937181981645287,
    -1.9938639718881297,
    -1.9940090343217844,
    -1.9941533836217264,
    -1.994297017944189,
    -1.994439935445405,
    -1.9945821342816077,
    -1.9947236126090309,
    -1.9948643685839071,
    -1.9950044003624705,
    -1.9951437061009536,
    -1.99528228395559,
    -1.9954201320826126,
    -1.995557248638255,
    -1.9956936317787506,
    -1.9958292796603323,
    -1.9959641904392333,
    -1.9960983622716872,
    -1.9962317933139269,
    -1.9963644817221862,
    -1.996496425652698,
    -1.9966276232616953,
    -1.996758072705412,
    -1.9968877721400806,
    -1.997016719721935,
    -1.9971449136072084,
    -1.9972723519521336,
    -1.9973990329129443,
    -1.9975249546458733,
    -1.9976501153071544,
    -1.9977745130530207,
    -1.9978981460397054,
    -1.9980210124234414,
    -1.9981431103604625,
    -1.9982644380070018,
    -1.9983849935192926,
    -1.998504775053568,
    -1.9986237807660614,
    -1.9987420088130057,
    -1.9988594573506346,
    -1.9989761245351814,
    -1.999092008522879,
    -1.9992071074699609,
    -1.9993214195326603,
    -1.9994349428672102,
    -1.9995476756298443,
    -1.9996596159767956,
    -1.9997707620642977,
    -1.9998811120485833,
    -1.999990664085886,
    -2.0000994163324393,
    -2.0002073669444758,
    -2.000314514078229,
    -2.000420855889933,
    -2.0005263905358195,
    -2.000631116172123,
    -2.000735030955076,
    -2.0008381330409124,
    -2.0009404205858656,
    -2.001041891746168,
    -2.001142544678053,
    -2.001242377537755,
    -2.0013413884815057,
    -2.001439575665539,
    -2.001536937246089,
    -2.0016334713793875,
    -2.0017291762216685,
    -2.0018240499291653,
    -2.001918090658111,
    -2.0020112965647394,
    -2.002103665805283,
    -2.0021951965359754,
    -2.0022858869130498,
    -2.002375735092739,
    -2.0024647392312773,
    -2.002552897484897,
    -2.002640208009832,
    -2.0027266689623153,
    -2.0028122784985802,
    -2.00289703477486,
    -2.0029809359473876,
    -2.0030639801723966,
    -2.0031461656061205,
    -2.0032274904047918,
    -2.0033079527246445,
    -2.0033875507219117,
    -2.0034662825528264,
    -2.003544146373622,
    -2.0036211403405315,
    -2.0036972626097884,
    -2.003772511337626,
    -2.003846884680278,
    -2.003920380793977,
    -2.0039929978349567,
    -2.0040647339594497,
    -2.0041355873236895,
    -2.0042055560839103,
    -2.004274638396344,
    -2.0043428324172243,
    -2.004410136302785,
    -2.004476548209259,
    -2.004542066292879,
    -2.0046066887098792,
    -2.0046704136164926,
    -2.004733239168952,
    -2.004795163523491,
    -2.004856184836343,
    -2.0049163012637408,
    -2.004975510961918,
    -2.005033812087108,
    -2.0050912027955436,
    -2.0051476812434585,
    -2.0052032455870856,
    -2.005257893982659,
    -2.005311624586411,
    -2.0053644355545748,
    -2.005416325043384,
    -2.005467291209072,
    -2.005517332207872,
    -2.005566446196017,
    -2.005614631329741,
    -2.005661885765276,
    -2.0057082076588566,
    -2.005753595166715,
    -2.005798046445085,
    -2.0058415596501997,
    -2.0058841329382924,
    -2.0059257644655966,
    -2.0059664523883454,
    -2.006006194862772,
    -2.006044990045109,
    -2.0060828360915908,
    -2.00611973115845,
    -2.00615567340192,
    -2.0061906609782345,
    -2.006224692043626,
    -2.006257764754328,
    -2.0062898772665743,
    -2.0063210277365973,
    -2.0063512143206306,
    -2.006380435174908,
    -2.006408688455662,
    -2.0064359723191263,
    -2.006462284921534,
    -2.006487624419118,
    -2.0065119889681124,
    -2.0065353767247496,
    -2.0065577858452635,
    -2.006579214485887,
    -2.006599660802854,
    -2.0066191229523964,
    -2.006637599090749,
    -2.0066550873741438,
    -2.006671585958815,
    -2.0066870930009952,
    -2.006701606656918,
    -2.006715125082817,
    -2.0067276464349244,
    -2.0067391688694745,
    -2.0067496905427,
    -2.006759209610834,
    -2.0067677242301105,
    -2.0067752325567625,
    -2.0067817327470228,
    -2.0067872229571253,
    -2.0067917013433023,
    -2.006795166061788,
    -2.006797615268816,
    -2.006799047120618,
    -2.0067994597734287,
    -2.0067988513834805,
    -2.006797220107007,
    -2.0067945641002414,
    -2.006790881519417,
    -2.0067861705207672,
    -2.006780429260525,
    -2.006773655894924,
    -2.006765848580197,
    -2.0067570054725774,
    -2.0067471247282986,
    -2.006736204503594,
    -2.0067242429546965,
    -2.00671123823784,
    -2.0066971885092566,
    -2.006682091925181,
    -2.006665946641845,
    -2.0066487508154824,
    -2.0066305026023272,
    -2.006611200158612,
    -2.00659084164057,
    -2.0065694252044346,
    -2.0065469490064394,
    -2.0065234112028167,
    -2.0064988099498007,
    -2.0064731434036247,
    -2.006446409720521,
    -2.006418607056724,
    -2.006389733568466,
    -2.0063597874119807,
    -2.0063287667435015,
    -2.0062966697192617,
    -2.006263494495494,
    -2.006229239228432,
    -2.006193902074309,
    -2.0061574811893585,
    -2.0061199747298133,
    -2.006081380851907,
    -2.0060416977118725,
    -2.006000923465943,
    -2.0059590562703526,
    -2.005916094281334,
    -2.00587203565512,
    -2.0058268785479445,
    -2.0057806211160405,
    -2.0057332615156414,
    -2.0056847979029806,
    -2.005635228434291,
    -2.0055845512658057,
    -2.0055327645537586,
    -2.0054798664543823,
    -2.0054258551239106,
    -2.0053707287185767,
    -2.0053144853946137,
    -2.0052571233082546,
    -2.005198640615733,
    -2.005139035473282,
    -2.005078306037135,
    -2.0050164504635255,
    -2.004953466908686,
    -2.00488935352885,
    -2.0048241084802516,
    -2.004757729919123,
    -2.0046902160016984,
    -2.0046215648842103,
    -2.0045517747228923,
    -2.004480849440617,
    -2.004408792960257,
    -2.0043356092046865,
    -2.0042613020967774,
    -2.004185875559403,
    -2.0041093335154354,
    -2.004031679887748,
    -2.003952918599214,
    -2.0038730535727063,
    -2.0037920887310974,
    -2.00371002799726,
    -2.0036268752940676,
    -2.0035426345443925,
    -2.003457309671108,
    -2.0033709045970873,
    -2.003283423245202,
    -2.003194869538327,
    -2.003105247399333,
    -2.0030145607510943,
    -2.002922813516484,
    -2.0028300096183735,
    -2.002736152979637,
    -2.0026412475231474,
    -2.0025452971717765,
    -2.0024483058483984,
    -2.0023502774758857,
    -2.00225121597711,
    -2.0021511252749464,
    -2.002050009292266,
    -2.0019478719519426,
    -2.001844717176849,
    -2.001740548889858,
    -2.0016353710138417,
    -2.0015291874716743,
    -2.001422002186228,
    -2.0013138190803756,
    -2.0012046420769907,
    -2.0010944750989452,
    -2.0009833220691124,
    -2.0008711869103655,
    -2.000758073545577,
    -2.00064398589762,
    -2.000528927889367,
    -2.000412903443692,
    -2.0002959164834664,
    -2.0001779709315644,
    -2.000059070710858,
    -1.9999392197442203,
    -1.9998184219545243,
    -1.999696681264643,
    -1.999574001597449,
    -1.9994503868758153,
    -1.9993258410226153,
    -1.999200367960721,
    -1.999073971613006,
    -1.9989466559023426,
    -1.998818424751604,
    -1.9986892820836635,
    -1.9985592318213934,
    -1.9984282778876665,
    -1.9982964242053562,
    -1.9981636746973352,
    -1.9980300332864762,
    -1.9978955038956525,
    -1.9977600904477366,
    -1.9976237968656017,
    -1.99748662707212,
    -1.9973485849901653,
    -1.9972096745426104,
    -1.9970698996523275,
    -1.9969292642421899,
    -1.9967877722350704,
    -1.9966454275538421,
    -1.9965022341213776,
    -1.9963581958605503,
    -1.9962133166942326,
    -1.9960676005452973,
    -1.9959210513366177,
    -1.9957736729910664,
    -1.9956254694315168,
    -1.995476444580841,
    -1.9953266023619123,
    -1.9951759466976036,
    -1.9950244815107878,
    -1.9948722107243377,
    -1.9947191382611267,
    -1.9945652680440267,
    -1.9944106039959113,
    -1.9942551500396533,
    -1.9940989100981252,
    -1.9939418880942008,
    -1.993784087950752,
    -1.993625513590652,
    -1.993466168936774,
    -1.9933060579119906,
    -1.9931451844391748,
    -1.9929835524411994,
    -1.9928211658409374,
    -1.9926580285612616,
    -1.9924941445250448,
    -1.9923295176551603,
    -1.9921641518744806,
    -1.9919980511058786,
    -1.9918312192722274,
    -1.9916636602963997,
    -1.9914953781012685,
    -1.991326376609707,
    -1.991156659744587
]