[
    0.3866207468079099,
    0.3863698546679399,
    0.3861194803337557,
    0.3858696234142008,
    0.3856202835181184,
    0.385371460254352,
    0.3851231532317447,
    0.38487536205913986,
    0.3846280863453809,
    0.38438132569931105,
    0.3841350797297736,
    0.3838893480456119,
    0.38364413025566935,
    0.38339942596878906,
    0.3831552347938145,
    0.3829115563395889,
    0.3826683902149557,
    0.38242573602875796,
    0.3821835933898392,
    0.38194196190704277,
    0.38170084118921177,
    0.38146023084518965,
    0.3812201304838197,
    0.3809805397139453,
    0.38074145814440963,
    0.380502885384056,
    0.38026482104172793,
    0.38002726472626847,
    0.3797902160465211,
    0.37955367461132905,
    0.3793176400295357,
    0.3790821119099843,
    0.37884708986151816,
    0.37861257349298066,
    0.37837856241321505,
    0.37814505623106465,
    0.37791205455537275,
    0.37767955699498273,
    0.37744756315873784,
    0.3772160726554814,
    0.37698508509405676,
    0.37675460008330725,
    0.3765246172320761,
    0.3762951361492066,
    0.37606615644354224,
    0.37583767772392607,
    0.3756096995992016,
    0.3753822216782121,
    0.3751552435698009,
    0.37492876488281124,
    0.3747027852260864,
    0.3744773042084699,
    0.3742523214388048,
    0.3740278365259345,
    0.37380384907870245,
    0.3735803587059518,
    0.37335736501652583,
    0.373134867619268,
    0.37291286612302155,
    0.3726913601366298,
    0.37247034926893596,
    0.3722498331287835,
    0.3720298113250157,
    0.3718102834664758,
    0.37159124916200714,
    0.371372708020453,
    0.37115465965065686,
    0.3709371036614618,
    0.3707200396617112,
    0.3705034672602485,
    0.3702873860659168,
    0.37007179568755966,
    0.36985669573402014,
    0.36964208581414176,
    0.3694279655367677,
    0.3692143345107413,
    0.3690011923449059,
    0.3687885386481048,
    0.3685763730291813,
    0.3683646950969787,
    0.3681535044603404,
    0.36794280072810953,
    0.3677325835091296,
    0.3675228524122438,
    0.36731360704629545,
    0.3671048470201279,
    0.36689657194258446,
    0.3666887814225085,
    0.3664814750687431,
    0.36627465249013186,
    0.36606831329551787,
    0.36586245709374465,
    0.36565708349365533,
    0.36545219210409324,
    0.36524778253390183,
    0.3650438543919242,
    0.3648404072870039,
    0.36463744082798405,
    0.3644349546237081,
    0.3642329482830192,
    0.36403142141476086,
    0.36383037362777626,
    0.3636298045309087,
    0.36342971373300154,
    0.3632301008428981,
    0.3630309654694417,
    0.3628323072214755,
    0.36263412570784304,
    0.36243642053738756,
    0.36223919131895227,
    0.36204243766138056,
    0.3618461591735157,
    0.36165035546420116,
    0.36145502614228,
    0.36126017081659567,
    0.3610657890959915,
    0.3608718805893108,
    0.3606784449053968,
    0.3604854816530928,
    0.3602929904412423,
    0.3601009708786884,
    0.35990942257427455,
    0.359718345136844,
    0.35952773817524003,
    0.359337601298306,
    0.3591479341148852,
    0.358958736233821,
    0.35877000726395664,
    0.3585817468141354,
    0.35839395449320066,
    0.3582066299099958,
    0.358019772673364,
    0.35783338239214857,
    0.357647458675193,
    0.35746200113134036,
    0.35727700936943413,
    0.35709248299831753,
    0.35690842162683395,
    0.3567248248638266,
    0.35654169231813887,
    0.35635902359861404,
    0.3561768183140955,
    0.3559950760734264,
    0.3558137964854502,
    0.35563297915901015,
    0.3554526237029496,
    0.3552727297261118,
    0.35509329683734003,
    0.3549143246454778,
    0.35473581275936816,
    0.3545577607878546,
    0.35438016833978037,
    0.35420303502398875,
    0.3540263604493231,
    0.35385014422462674,
    0.353674385958743,
    0.3534990852605151,
    0.3533242417387864,
    0.3531498550024003,
    0.35297592466019995,
    0.35280245032102875,
    0.35262943159372995,
    0.35245686808714705,
    0.3522847594101231,
    0.3521131051715015,
    0.3519419049801257,
    0.3517711584448389,
    0.3516008651744844,
    0.3514310247779055,
    0.35126163686394557,
    0.35109270104144785,
    0.35092421691925574,
    0.35075618410621245,
    0.35058860221116145,
    0.3504214708429459,
    0.3502547896104091,
    0.35008855812239453,
    0.3499227759877453,
    0.34975744281530485,
    0.34959255821391644,
    0.34942812179242344,
    0.34926413315966903,
    0.3491005919244966,
    0.3489374976957496,
    0.34877485008227116,
    0.3486126486929046,
    0.34845089313649324,
    0.34828958302188057,
    0.3481287179579097,
    0.3479682975534239,
    0.34780832141726664,
    0.34764878915828124,
    0.34748970038531085,
    0.3473310547071989,
    0.3471728517327887,
    0.34701509107092354,
    0.3468577723304467,
    0.34670089512020147,
    0.3465444590490313,
    0.34638846372577936,
    0.346232908759289,
    0.34607779375840364,
    0.34592311833196643,
    0.34576888208882073,
    0.3456150846378099,
    0.3454617255877772,
    0.34530880454756596,
    0.34515632112601946,
    0.34500427493198116,
    0.34485266557429417,
    0.3447014926618019,
    0.3445507558033476,
    0.34440045460777474,
    0.34425058868392644,
    0.3441011576406461,
    0.343952161086777,
    0.34380359863116255,
    0.34365546988264595,
    0.3435077744500706,
    0.3433605119422797,
    0.34321368196811664,
    0.3430672841364246,
    0.34292131805604714,
    0.3427757833358275,
    0.34263067958460874,
    0.34248600641123444,
    0.34234176342454786,
    0.3421979502333923,
    0.342054566446611,
    0.3419116116730473,
    0.34176908552154456,
    0.341626987600946,
    0.34148531752009514,
    0.3413440748878351,
    0.3412032593130092,
    0.34106287040446076,
    0.3409229077710332,
    0.34078337102156975,
    0.34064425976491364,
    0.34050557360990835,
    0.34036731216539706,
    0.34022947504022316,
    0.34009206184322993,
    0.33995507218326065,
    0.3398185056691588,
    0.3396823619097674,
    0.3395466405139299,
    0.3394113410904897,
    0.3392764632482901,
    0.3391420065961743,
    0.33900797074298555,
    0.33887435529756743,
    0.338741159868763,
    0.3386083840654157,
    0.3384760274963688,
    0.33834408977046565,
    0.3382125704965495,
    0.33808146928346366,
    0.33795078574005155,
    0.33782051947515634,
    0.33769067009762144,
    0.3375612372162901,
    0.3374322204400057,
    0.3373036193776115,
    0.33717543363795077,
    0.33704766282986687,
    0.3369203065622032,
    0.3367933644438029,
    0.33666683608350945,
    0.33654072109016603,
    0.336415019072616,
    0.33628972963970266,
    0.33616485240026933,
    0.3360403869631594,
    0.335916332937216,
    0.3357926899312826,
    0.33566945755420247,
    0.3355466354148189,
    0.3354242231219751,
    0.3353022202845146,
    0.33518062651128067,
    0.33505944141111643,
    0.33493866459286536,
    0.3348182956653707,
    0.33469833423747586,
    0.33457877991802404,
    0.33445963231585857,
    0.33434089103982284,
    0.33422255569876,
    0.3341046259015136,
    0.3339871012569267,
    0.33386998137384283,
    0.3337532658611051,
    0.33363695432755697,
    0.3335210463820417,
    0.33340554163340264,
    0.333290439690483,
    0.33317574016212614,
    0.3330614426571755,
    0.3329475467844742,
    0.33283405215286566,
    0.3327209583711932,
    0.3326082650483,
    0.3324959717930295,
    0.33238407821422494,
    0.3322725839207298,
    0.3321614885213871,
    0.33205079162504036,
    0.33194049284053284,
    0.33183059177670793,
    0.33172108804240874,
    0.3316119812464788,
    0.33150327099776133,
    0.33139495690509957,
    0.33128703857733693,
    0.3311795156233167,
    0.3310723876518822,
    0.3309656542718767,
    0.3308593150921435,
    0.330753369721526,
    0.3306478177688674,
    0.33054265884301115,
    0.3304378925528004,
    0.33033351850707865,
    0.33022953631468904,
    0.33012594558447494,
    0.3300227459252797,
    0.32991993694594657,
    0.3298175182553188,
    0.3297154894622399,
    0.3296138501755531,
    0.3295126000041016,
    0.3294117385567288,
    0.32931126544227807,
    0.3292111802695926,
    0.3291114826475158,
    0.32901217218489087,
    0.3289132484905613,
    0.32881471117337024,
    0.32871655984216097,
    0.328618794105777,
    0.3285214135730615,
    0.3284244178528578,
    0.32832780655400917,
    0.32823157928535907,
    0.32813573565575066,
    0.3280402752740273,
    0.32794519774903225,
    0.32785050268960897,
    0.32775618970460063,
    0.3276622584028506,
    0.32756870839320223,
    0.3274755392844987,
    0.3273827506855834,
    0.32729034220529973,
    0.32719831345249084,
    0.32710666403600014,
    0.3270153935646709,
    0.3269245016473465,
    0.3268339878928702,
    0.32674385191008526,
    0.32665409330783507,
    0.32656471169496293,
    0.3264757066803121,
    0.326387077872726,
    0.3262988248810478,
    0.3262109473141209,
    0.3261234447807886,
    0.3260363168898942,
    0.325949563250281,
    0.32586318347079235,
    0.32577717716027155,
    0.32569154392756183,
    0.32560628338150666,
    0.32552139513094924,
    0.3254368787847328,
    0.32535273395170095,
    0.3252689602406967,
    0.3251855572605634,
    0.3251025246201445,
    0.32501986192828325,
    0.3249375687938229,
    0.32485564482560686,
    0.32477408963247834,
    0.3246929028232808,
    0.3246120840068574,
    0.3245316327920515,
    0.3244515487877065,
    0.32437183160266553,
    0.324292480845772,
    0.32421349612586925,
    0.3241348770518006,
    0.3240566232324093,
    0.32397873427653867,
    0.3239012097930321,
    0.32382404939073284,
    0.3237472526784841,
    0.32367081926512936,
    0.3235947487595119,
    0.32351904077047494,
    0.32344369490686187,
    0.323368710777516,
    0.32329408799128057,
    0.32321982615699896,
    0.32314592488351446,
    0.3230723837796704,
    0.3229992024543101,
    0.32292638051627676,
    0.32285391757441384,
    0.3227818132375646,
    0.32271006711457234,
    0.3226386788142803,
    0.32256764794553205,
    0.32249697411717054,
    0.3224266569380393,
    0.3223566960169816,
    0.3222870909628408,
    0.3222178413844601,
    0.32214894689068285,
    0.32208040709035246,
    0.32201222159231213,
    0.3219443900054052,
    0.32187691193847495,
    0.32180978700036483,
    0.32174301479991796,
    0.3216765949459778,
    0.3216105270473876,
    0.3215448107129906,
    0.3214794455516302,
    0.32141443117214974,
    0.32134976718339253,
    0.32128545319420176,
    0.3212214888134209,
    0.3211578736498931,
    0.32109460731246187,
    0.3210316894099703,
    0.3209691195512618,
    0.32090689734517974,
    0.3208450224005674,
    0.32078349432626796,
    0.32072231273112495,
    0.3206614772239816,
    0.3206009874136811,
    0.32054084290906687,
    0.3204810433189823,
    0.3204215882522705,
    0.3203624773177749,
    0.32030371012433884,
    0.3202452862808056,
    0.32018720539601847,
    0.3201294670788208,
    0.3200720709380559,
    0.320015016582567,
    0.3199583036211974,
    0.3199019316627906,
    0.3198459003161898,
    0.31979020919023826,
    0.3197348578937793,
    0.3196798460356563,
    0.3196251732247126,
    0.3195708390697914,
    0.31951684317973605,
    0.3194631851633899,
    0.3194098646295962,
    0.3193568811871983,
    0.3193042344450395,
    0.3192519240119632,
    0.3191999494968125,
    0.3191483105084309,
    0.3190970066556617,
    0.3190460375473481,
    0.3189954027923335,
    0.31894510199946113,
    0.3188951347775745,
    0.31884550073551665,
    0.31879619948213106,
    0.31874723062626104,
    0.3186985937767498,
    0.31865028854244076,
    0.31860231453217713,
    0.31855467135480237,
    0.31850735861915963,
    0.31846037593409227,
    0.3184137229084436,
    0.31836739915105705,
    0.3183214042707758,
    0.3182757378764432,
    0.3182303995769026,
    0.3181853889809972,
    0.31814070569757036,
    0.3180963493354654,
    0.31805231950352575,
    0.31800861581059453,
    0.3179652378655151,
    0.31792218527713095,
    0.31787945765428516,
    0.3178370546058211,
    0.31779497574058213,
    0.3177532206674116,
    0.3177117889951527,
    0.3176706803326488,
    0.3176298942887433,
    0.3175894298978818,
    0.3175492861945103,
    0.31750946221307447,
    0.3174699569880203,
    0.31743076955379335,
    0.31739189894483955,
    0.3173533441956047,
    0.31731510434053467,
    0.3172771784140751,
    0.3172395654506719,
    0.31720226448477096,
    0.3171652745508179,
    0.31712859468325866,
    0.31709222391653896,
    0.3170561612851047,
    0.3170204058234016,
    0.3169849565658754,
    0.3169498125469721,
    0.31691497280113734,
    0.31688043636281704,
    0.3168462022664569,
    0.31681226954650277,
    0.3167786372374005,
    0.31674530437359577,
    0.31671226998953456,
    0.31667953311966257,
    0.3166470927984255,
    0.31661494806026935,
    0.3165830979396399,
    0.3165515414709828,
    0.31652027768874397,
    0.3164893056273692,
    0.31645862432130434,
    0.31642823280499505,
    0.31639813011288725,
    0.31636831527942677,
    0.31633878733905935,
    0.3163095453262308,
    0.3162805882753869,
    0.3162519152209736,
    0.31622352519743646,
    0.3161954172392215,
    0.31616759038077447,
    0.3161400436565411,
    0.31611277610096716,
    0.31608578674849863,
    0.31605907463358124,
    0.3160326387906607,
    0.31600647825418293,
    0.3159805920585937,
    0.31595497923833876,
    0.31592963882786396,
    0.31590456986161514,
    0.3158797713740381,
    0.3158552423995786,
    0.3158309819726824,
    0.31580698912779537,
    0.31578326289936337,
    0.3157598023218321,
    0.3157366064296474,
    0.31571367425725516,
    0.315691004839101,
    0.31566859720963086,
    0.3156464504032905,
    0.3156245634545258,
    0.31560293539778245,
    0.31558156526750625,
    0.3155604520981432,
    0.31553959492413886,
    0.3155189927799391,
    0.31549864469998984,
    0.31547854971873684,
    0.3154587068706258,
    0.31543911519010265,
    0.3154197737116131,
    0.31540068146960304,
    0.31538183749851817,
    0.3153632408328043,
    0.31534489050690745,
    0.31532678555527316,
    0.3153089250123473,
    0.31529130791257576,
    0.3152739332904044,
    0.3152568001802788,
    0.3152399076166449,
    0.3152232546339485,
    0.31520684026663537,
    0.3151906635491513,
    0.31517472351594217,
    0.3151590192014538,
    0.31514354964013186,
    0.31512831386642226,
    0.3151133109147708,
    0.3150985398196232,
    0.3150839996154254,
    0.3150696893366231,
    0.3150556080176622,
    0.31504175469298834,
    0.3150281283970474,
    0.31501472816428533,
    0.31500155302914773,
    0.31498860202608053,
    0.31497587418952944,
    0.31496336855394036,
    0.31495108415375905,
    0.31493902002343127,
    0.3149271751974029,
    0.31491554871011973,
    0.3149041395960275,
    0.3148929468895721,
    0.3148819696251993,
    0.31487120683735487,
    0.31486065756048465,
    0.3148503208290344,
    0.3148401956774501,
    0.3148302811401773,
    0.31482057625166193,
    0.31481108004634983,
    0.3148017915586867,
    0.31479270982311847,
    0.3147838338740908,
    0.31477516274604966,
    0.3147666954734407,
    0.31475843109070983,
    0.3147503686323028,
    0.31474250713266544,
    0.31473484562624354,
    0.3147273831474829,
    0.3147201187308294,
    0.3147130514107287,
    0.31470618022162666,
    0.31469950419796916,
    0.31469302237420194,
    0.31468673378477086,
    0.31468063746412156,
    0.3146747324467001,
    0.3146690177669521,
    0.31466349245932335,
    0.31465815555825977,
    0.3146530060982071,
    0.31464804311361116,
    0.31464326563891776,
    0.3146386727085727,
    0.31463426335702177,
    0.31463003661871075,
    0.3146259915280855,
    0.3146221271195918,
    0.31461844242767545,
    0.3146149364867823,
    0.3146116083313581,
    0.31460845699584866,
    0.31460548151469975,
    0.3146026809223572,
    0.314600054253267,
    0.31459760054187463,
    0.31459531882262604,
    0.3145932081299671,
    0.31459126749834354,
    0.3145894959622012,
    0.31458789255598585,
    0.3145864563141434,
    0.3145851862711194,
    0.31458408146135997,
    0.31458314091931067,
    0.31458236367941744,
    0.31458174877612605,
    0.31458129524388223,
    0.31458100211713197,
    0.3145808684303209,
    0.31458089321789484,
    0.31458107551429965,
    0.3145814143539812,
    0.3145819087713851,
    0.31458255780095734,
    0.31458336047714364,
    0.3145843158343898,
    0.31458542290714164,
    0.3145866807298449,
    0.31458808833694557,
    0.3145896447628893,
    0.3145913490421219,
    0.3145932002090892,
    0.31459519729823704,
    0.3145973393440112,
    0.3145996253808574,
    0.3146020544432216,
    0.31460462556554947,
    0.3146073377822869,
    0.3146101901278796,
    0.31461318163677354,
    0.31461631134341433,
    0.3146195782822479,
    0.31462298148772005,
    0.31462651999427654,
    0.3146301928363632,
    0.31463399904842576,
    0.31463793766491016,
    0.3146420077202621,
    0.3146462082489274,
    0.31465053828535194,
    0.31465499686398135,
    0.31465958301926167,
    0.3146642957856385,
    0.31466913419755776,
    0.3146740972894652,
    0.31467918409580664,
    0.31468439365102796,
    0.31468972498957487,
    0.3146951771458932,
    0.3147007491544287,
    0.3147064400496273,
    0.31471224886593463,
    0.31471817463779667,
    0.3147242163996591,
    0.31473037318596786,
    0.31473664403116863,
    0.3147430279697072,
    0.3147495240360295,
    0.31475613126458124,
    0.31476284868980825,
    0.3147696753461563,
    0.3147766102680713,
    0.3147836524899989,
    0.314790801046385,
    0.31479805497167546,
    0.3148054133003159,
    0.3148128750667523,
    0.31482043930543036,
    0.314828105050796,
    0.3148358713372949,
    0.3148437371993729,
    0.3148517016714758,
    0.31485976378804953,
    0.3148679225835397,
    0.31487617709239224,
    0.3148845263490529,
    0.31489296938796746,
    0.3149015052435818,
    0.31491013295034165,
    0.31491885154269295,
    0.3149276600550813,
    0.31493655752195265,
    0.31494554297775285,
    0.3149546154569275,
    0.3149637739939226,
    0.3149730176231838,
    0.31498234537915704,
    0.31499175629628806,
    0.3150012494090227,
    0.3150108237518067,
    0.3150204783590859,
    0.3150302122653061,
    0.3150400245049131,
    0.3150499141123528,
    0.3150598801220708,
    0.3150699215685131,
    0.31508003748612534,
    0.3150902269093535,
    0.3151004888726433,
    0.31511082241044047,
    0.31512122655719094,
    0.31513170034734045,
    0.31514224281533476,
    0.31515285299561974,
    0.31516352992264124,
    0.31517427263084496,
    0.3151850801546767,
    0.3151959515285825,
    0.31520688578700784,
    0.31521788196439865,
    0.3152289390952007,
    0.31524005621386,
    0.3152512323548221,
    0.31526246655253287,
    0.3152737578414382,
    0.31528510525598386,
    0.3152965078306155,
    0.31530796459977917,
    0.3153194745979206,
    0.31533103685948544,
    0.3153426504189197,
    0.315354314310669,
    0.31536602756917936,
    0.31537778922889637,
    0.31538959832426594,
    0.31540145388973395,
    0.315413354959746,
    0.31542530056874807,
    0.31543728975118585,
    0.3154493215415053,
    0.31546139497415204,
    0.31547350908357197,
    0.31548566290421093,
    0.3154978554705146,
    0.31551008581692885,
    0.31552235297789955,
    0.3155346559878725,
    0.31554699388129337,
    0.31555936569260806,
    0.31557177045626245,
    0.31558420720670216,
    0.31559667497837307,
    0.31560917280572104,
    0.3156216997231919,
    0.3156342547652313,
    0.31564683696628515,
    0.31565944536079926,
    0.3156720789832195,
    0.3156847368679915,
    0.31569741804956114,
    0.3157101215623743,
    0.31572284644087667,
    0.31573559171951415,
    0.31574835643273247,
    0.31576113961497754,
    0.315773940300695,
    0.3157867575243308,
    0.31579959032033067,
    0.31581243772314044,
    0.3158252987672059,
    0.3158381724869728,
    0.31585105791688717,
    0.3158639540913945,
    0.3158768600449408,
    0.31588977481197184,
    0.3159026974269334,
    0.3159156269242712,
    0.31592856233843125,
    0.31594150270385923,
    0.31595444705500086,
    0.31596739442630206,
    0.31598034385220863,
    0.31599329436716644,
    0.31600624500562113,
    0.31601919480201857,
    0.3160321427908046,
    0.316045088006425,
    0.31605802948332556,
    0.3160709662559521,
    0.3160838973587505,
    0.3160968218261664,
    0.3161097386926457,
    0.31612264699263426,
    0.31613554576057773,
    0.3161484340309221,
    0.316161310838113,
    0.31617417521659635,
    0.31618702620081796,
    0.3161998628252235,
    0.3162126841242589,
    0.31622548913237003,
    0.3162382768840025,
    0.31625104641360224,
    0.316263796755615,
    0.31627652694448666,
    0.3162892360146629,
    0.3163019230005896,
    0.31631458693671266,
    0.3163272268574777,
    0.31633984179733066,
    0.3163524307907173,
    0.3163649928720834,
    0.31637752707587474,
    0.3163900324365372,
    0.3164025079885166,
    0.31641495276625864,
    0.3164273658042092,
    0.31643974613681414,
    0.31645209279851905,
    0.3164644048237699,
    0.31647668124701256,
    0.3164889211026927,
    0.31650112342525616,
    0.31651328724914873,
    0.31652541160881625,
    0.3165374955387045,
    0.31654953807325936,
    0.31656153824692645,
    0.31657349509415184,
    0.3165854076493811,
    0.31659727494706014,
    0.3166090960216347,
    0.3166208699075507,
    0.31663259563925383,
    0.31664427225118996,
    0.31665589877780487,
    0.31666747425354436,
    0.31667899771285424,
    0.3166904681901803,
    0.3167018847199684,
    0.3167132463366643,
    0.3167245520747138,
    0.31673580096856274,
    0.3167469920526569,
    0.316758124361442,
    0.31676919692936395,
    0.3167802087908686,
    0.31679115898040167,
    0.3168020465324089,
    0.3168128704813362,
    0.31682362986162943,
    0.3168343237077343,
    0.31684495105409655,
    0.3168555109351621,
    0.3168660023853767,
    0.3168764244391862,
    0.31688677613103633,
    0.31689705649537303,
    0.3169072645666419,
    0.3169173993792889,
    0.31692745996775984,
    0.3169374453665004,
    0.3169473546099565,
    0.3169571867325739,
    0.31696694076879844,
    0.31697661575307584,
    0.31698621071985195,
    0.3169957247035727,
    0.3170051567386836,
    0.31701450585963076,
    0.3170237711008598,
    0.3170329514968166,
    0.3170420460819469,
    0.3170510538906966,
    0.3170599739575114,
    0.31706880531683723,
    0.31707754700311974,
    0.31708619805080485,
    0.3170947574943384,
    0.317103224368166,
    0.31711159770673364,
    0.31711987654448703,
    0.3171280599158721,
    0.3171361468553345,
    0.31714413639732003,
    0.3171520275762747,
    0.31715981942664406,
    0.31716751098287405,
    0.31717510127941045,
    0.3171825893506991,
    0.3171899742311857,
    0.3171972549553162,
    0.31720443055753633,
    0.3172115000722919,
    0.31721846253402863,
    0.3172253169771925,
    0.31723206243622915,
    0.31723869794558446,
    0.3172452225397042,
    0.31725163525303424,
    0.3172579351200204,
    0.3172641211751083,
    0.31727019245274396,
    0.31727614798737314,
    0.3172819868134415,
    0.31728770796539496,
    0.31729331047767934,
    0.31729879338474043,
    0.317304155721024,
    0.31730939652097584,
    0.3173145148190419,
    0.31731950964966776,
    0.31732438004729935,
    0.31732912504638244,
    0.3173337436813629,
    0.3173382349866865,
    0.317342597996799,
    0.3173468317461463,
    0.3173509352691741,
    0.3173549076003282,
    0.3173587477740545,
    0.31736245482479875,
    0.31736602778700673,
    0.3173694656951243,
    0.3173727675835972,
    0.31737593248687135,
    0.3173789594393924,
    0.3173818474756063,
    0.3173845956299588,
    0.3173872029368956,
    0.31738966843086264,
    0.3173919911463057,
    0.3173941701176705,
    0.31739620437940297,
    0.3173980929659488,
    0.3173998349117539,
    0.31740142925126397,
    0.3174028750189249,
    0.3174041712491824,
    0.31740531697648244,
    0.31740631123527063,
    0.31740715305999284,
    0.317407841485095,
    0.3174083755450227,
    0.31740875427422194,
    0.31740897670713836,
    0.31740904187821795,
    0.3174089488219063,
    0.31740869657264936,
    0.31740828416489286,
    0.3174077115774746,
    0.31740697878923213,
    0.31740608577900314,
    0.3174050325256254,
    0.31740381900793646,
    0.3174024452047741,
    0.317400911094976,
    0.3173992166573798,
    0.3173973618708231,
    0.31739534671414377,
    0.3173931711661794,
    0.31739083520576755,
    0.317388338811746,
    0.31738568196295247,
    0.3173828646382246,
    0.31737988681640006,
    0.31737674847631653,
    0.31737344959681174,
    0.31736999015672324,
    0.31736637013488883,
    0.3173625895101461,
    0.31735864826133287,
    0.31735454636728666,
    0.3173502838068452,
    0.3173458605588462,
    0.3173412766021274,
    0.3173365319155263,
    0.3173316264778807,
    0.31732656026802836,
    0.3173213332648067,
    0.31731594544705366,
    0.31731039679360673,
    0.3173046872833038,
    0.3172988168949823,
    0.3172927856074801,
    0.31728659339963483,
    0.31728024025028406,
    0.3172737261382656,
    0.31726705104241704,
    0.3172602149415762,
    0.3172532178145806,
    0.317246059640268,
    0.31723874039747607,
    0.3172312600650425,
    0.31722361862180487,
    0.317215816046601,
    0.3172078523182685,
    0.317199727415645,
    0.31719144131756827,
    0.3171829940028759,
    0.3171743854504057,
    0.31716561563899526,
    0.31715668454748225,
    0.3171475921547044,
    0.3171383384394993,
    0.31712892338070464,
    0.3171193469571582,
    0.31710960914769765,
    0.31709970993116054,
    0.31708964928638467,
    0.3170794271922077,
    0.31706904362746724,
    0.317058498571001,
    0.3170477920016467,
    0.317036923898242,
    0.3170258942396246,
    0.3170147030046321,
    0.31700335017210224,
    0.31699183572087264,
    0.3169801596297811,
    0.31696832187766516,
    0.31695632244336264,
    0.31694416130571107,
    0.3169318384435482,
    0.31691935383571174,
    0.3169067074610393,
    0.31689389929836864,
    0.3168809293265374,
    0.31686779752438327,
    0.3168545038707439,
    0.3168410483444569,
    0.31682743092436005,
    0.3168136515892911,
    0.31679971031808757,
    0.31678560708958725,
    0.31677134188262773,
    0.3167569146760468,
    0.31674232544868197,
    0.31672757417937103,
    0.3167126608469517,
    0.3166975854302616,
    0.31668234790813843,
    0.3166669482594199,
    0.31665138646294355,
    0.31663566249754715,
    0.3166197763420684,
    0.31660372797534503,
    0.31658751737621454,
    0.31657114452351476,
    0.3165546093960834,
    0.316537911972758,
    0.31652105223237625,
    0.31650403015377593,
    0.3164868457157948,
    0.3164694988972702,
    0.31645198967704014,
    0.3164343180339421,
    0.31641648394681393,
    0.31639848739449317
]