[
    -0.04172319651024847,
    -0.04196738135251177,
    -0.042208531361945745,
    -0.04244665464712011,
    -0.04268175931660445,
    -0.04291385347896853,
    -0.04314294524278206,
    -0.043369042716614514,
    -0.043592154009035766,
    -0.04381228722861513,
    -0.04402945048392276,
    -0.04424365188352791,
    -0.0444548995360004,
    -0.04466320154990988,
    -0.04486856603382594,
    -0.04507100109631845,
    -0.04527051484595673,
    -0.045467115391310764,
    -0.04566081084095014,
    -0.045851609303444285,
    -0.04603951888736313,
    -0.04622454770127621,
    -0.04640670385375312,
    -0.04658599545336373,
    -0.046762430608677574,
    -0.04693601742826431,
    -0.047106764020693526,
    -0.04727467849453498,
    -0.047439768958358386,
    -0.04760204352073322,
    -0.04776151029022935,
    -0.047918177375416204,
    -0.04807205288486377,
    -0.048223144927141304,
    -0.04837146161081879,
    -0.04851701104446582,
    -0.04865980133665182,
    -0.04879984059594683,
    -0.048937136930920166,
    -0.0490716984501417,
    -0.04920353326218102,
    -0.049332649475607726,
    -0.049459055198991686,
    -0.04958275854090227,
    -0.04970376760990941,
    -0.04982209051458253,
    -0.04993773536349144,
    -0.0500507102652058,
    -0.050161023328295196,
    -0.05026868266132939,
    -0.05037369637287781,
    -0.05047607257151032,
    -0.05057581936579669,
    -0.05067294486430629,
    -0.05076745717560899,
    -0.05085936440827432,
    -0.050948674670871996,
    -0.05103539607197177,
    -0.05111953672014308,
    -0.05120110472395584,
    -0.05128010819197948,
    -0.05135655523278376,
    -0.05143045395493839,
    -0.051501812467012964,
    -0.051570638877577235,
    -0.05163694129520069,
    -0.0517007278284532,
    -0.051762006585904186,
    -0.05182078567612347,
    -0.0518770732076807,
    -0.05193087728914553,
    -0.051982206029087596,
    -0.0520310675360765,
    -0.05207746991868195,
    -0.05212142128547381,
    -0.05216292974502129,
    -0.05220200340589454,
    -0.05223865037666281,
    -0.05227287876589609,
    -0.052304696682163754,
    -0.05233411223403567,
    -0.05236113353008148,
    -0.05238576867887068,
    -0.05240802578897308,
    -0.05242791296895827,
    -0.052445438327395955,
    -0.05246060997285579,
    -0.05247343601390736,
    -0.05248392455912046,
    -0.0524920837170646,
    -0.052497921596309643,
    -0.052501446305425026,
    -0.052502665952980476,
    -0.0525015886475457,
    -0.05249822249769037,
    -0.05249257561198409,
    -0.05248465609899655,
    -0.05247447206729741,
    -0.05246203162545629,
    -0.05244734288204289,
    -0.05243041394562689,
    -0.052411252924777885,
    -0.05238986792806563,
    -0.05236626706405964,
    -0.05234045844132973,
    -0.05231245016844546,
    -0.052282250353976545,
    -0.052249867106492515,
    -0.0522153085345633,
    -0.052178582746758295,
    -0.052139697851647265,
    -0.05209866195779983,
    -0.05205548317378575,
    -0.05201016960817456,
    -0.051962729369536026,
    -0.05191317056643971,
    -0.05186150130745537,
    -0.05180772970115258,
    -0.05175186385610103,
    -0.05169391188087044,
    -0.05163388188403034,
    -0.051571781974150466,
    -0.05150762025980052,
    -0.051441404849550065,
    -0.05137314385196887,
    -0.05130284537562657,
    -0.051230517529092634,
    -0.05115616842093698,
    -0.051079806159729235,
    -0.05100143885403899,
    -0.05092107461243578,
    -0.050838721543489424,
    -0.0507543877557696,
    -0.050668081357845896,
    -0.05057981045828794,
    -0.050489583165665486,
    -0.05039740758854824,
    -0.05030329183550561,
    -0.050207244015107455,
    -0.05010927223592351,
    -0.05000938460652321,
    -0.04990758923547636,
    -0.049803894231352674,
    -0.0496983077027216,
    -0.049590837758152956,
    -0.04948149250621636,
    -0.049370280055481525,
    -0.04925720851451798,
    -0.049142285991895546,
    -0.04902552059618373,
    -0.048906920435952295,
    -0.048786493619770915,
    -0.04866424825620924,
    -0.04854019245383681,
    -0.04841433432122341,
    -0.04828668196693864,
    -0.04815724349955222,
    -0.04802602702763381,
    -0.047893040659752945,
    -0.04775829250447938,
    -0.047621790670382746,
    -0.047483543266032796,
    -0.0473435583999991,
    -0.0472018441808513,
    -0.04705840871715916,
    -0.04691326011749217,
    -0.04676640649042005,
    -0.046617855944512565,
    -0.046467616588339394,
    -0.04631569653047002,
    -0.0461621038794742,
    -0.04600684674392155,
    -0.045849933232381845,
    -0.04569137145342464,
    -0.045531169515619585,
    -0.045369335527536386,
    -0.04520587759774469,
    -0.045040803834814236,
    -0.0448741223473145,
    -0.044705841243815325,
    -0.04453596863288625,
    -0.044364512623096986,
    -0.0441914813230172,
    -0.04401688284121649,
    -0.04384072528626459,
    -0.043663016766731094,
    -0.043483765391185814,
    -0.04330297926819823,
    -0.043120666506337973,
    -0.04293683521417491,
    -0.04275149350027854,
    -0.042564649473218585,
    -0.04237631124156474,
    -0.042186486913886545,
    -0.04199518459875373,
    -0.04180241240473595,
    -0.04160817844040293,
    -0.041412490814324215,
    -0.04121535763506956,
    -0.04101678701120848,
    -0.04081678705131078,
    -0.04061536586394615,
    -0.04041253155768407,
    -0.0402082922410944,
    -0.040002656022746635,
    -0.03979563101121056,
    -0.03958722531505576,
    -0.03937744704285187,
    -0.03916630430316864,
    -0.038953805204575725,
    -0.038739957855642715,
    -0.038524770364939176,
    -0.038308250841035035,
    -0.03809040739249975,
    -0.03787124812790302,
    -0.037650781155814605,
    -0.03742901458480402,
    -0.03720595652344097,
    -0.03698161508029513,
    -0.0367559983639362,
    -0.03652911448293378,
    -0.03630097154585751,
    -0.03607157766127719,
    -0.035840940937762245,
    -0.03560906948388251,
    -0.035375971408207696,
    -0.03514165481930728,
    -0.03490612782575103,
    -0.03466939853610851,
    -0.034431475058949584,
    -0.03419236550284371,
    -0.03395207797636071,
    -0.03371062058807012,
    -0.03346800144654155,
    -0.03322422866034477,
    -0.03297931033804946,
    -0.03273325458822521,
    -0.03248606951944172,
    -0.03223776324026861,
    -0.0319883438592756,
    -0.03173781948503229,
    -0.03148619822610829,
    -0.031233488191073466,
    -0.0309796974884973,
    -0.03072483422694941,
    -0.03046890651499956,
    -0.030211922461217483,
    -0.029953890174172715,
    -0.02969481776243496,
    -0.029434713334573814,
    -0.029173584999158952,
    -0.028911440864760135,
    -0.028648289039946928,
    -0.02838413763328909,
    -0.028118994753356163,
    -0.027852868508717765,
    -0.027585767007943768,
    -0.02731769835960368,
    -0.027048670672267155,
    -0.026778692054503894,
    -0.026507770614883602,
    -0.026235914461975735,
    -0.025963131704350273,
    -0.025689430450576617,
    -0.025414818809224554,
    -0.025139304888863734,
    -0.024862896798063694,
    -0.02458560264539425,
    -0.024307430539424996,
    -0.02402838858872558,
    -0.023748484901865652,
    -0.023467727587414944,
    -0.02318612475394302,
    -0.02290368451001959,
    -0.022620414964214353,
    -0.022336324225096904,
    -0.02205142040123692,
    -0.02176571160120408,
    -0.02147920593356803,
    -0.02119191150689842,
    -0.0209038364297649,
    -0.020614988810737228,
    -0.02032537675838486,
    -0.02003500838127767,
    -0.019743891787985163,
    -0.01945203508707713,
    -0.019159446387123108,
    -0.018866133796692858,
    -0.018572105424355972,
    -0.0182773693786821,
    -0.01798193376824095,
    -0.01768580670160219,
    -0.01738899628733545,
    -0.017091510634010404,
    -0.016793357850196672,
    -0.01649454604446396,
    -0.016195083325381887,
    -0.01589497780152016,
    -0.0155942375814484,
    -0.015292870773736311,
    -0.014990885486953515,
    -0.014688289829669632,
    -0.014385091910454423,
    -0.014081299837877481,
    -0.013776921720508456,
    -0.013471965666917052,
    -0.013166439785672945,
    -0.012860352185345703,
    -0.012553710974505083,
    -0.012246524261720682,
    -0.011938800155562146,
    -0.011630546764599209,
    -0.011321772197401464,
    -0.011012484562538588,
    -0.010702691968580286,
    -0.01039240252409615,
    -0.010081624337655887,
    -0.009770365517829088,
    -0.00945863417318557,
    -0.009146438412294816,
    -0.008833786343726585,
    -0.008520686076050443,
    -0.008207145717836178,
    -0.007893173377653384,
    -0.007578777164071709,
    -0.007263965185660803,
    -0.006948745550990398,
    -0.006633126368630116,
    -0.006317115747149521,
    -0.00600072179511843,
    -0.005683952621106408,
    -0.005366816333683161,
    -0.005049321041418281,
    -0.004731474852881501,
    -0.004413285876642442,
    -0.0040947622212707535,
    -0.0037759119953361675,
    -0.0034567433074081944,
    -0.0031372642660566774,
    -0.0028174829798511825,
    -0.002497407557361303,
    -0.002177046107156827,
    -0.0018564067378074034,
    -0.0015354975578825703,
    -0.0012143266759520877,
    -0.0008929022005856047,
    -0.0005712322403527148,
    -0.0002493249038231782,
    7.281170043338392e-05,
    0.00039516946384732243,
    0.0007177402778490161,
    0.0010405160338687602,
    0.0013634886233368781,
    0.0016866499376837207,
    0.0020099918683396945,
    0.0023335063067349837,
    0.0026571851443000782,
    0.0029810202724653567,
    0.003305003582660948,
    0.0036291269663173975,
    0.003953382314864973,
    0.004277761519733941,
    0.004602256472354793,
    0.00492685906415774,
    0.005251561186573134,
    0.005576354731031408,
    0.005901231588962802,
    0.006226183651797751,
    0.006551202810966467,
    0.006876280957899439,
    0.0072014099840269075,
    0.007526581780779196,
    0.007851788239586738,
    0.008177021251879801,
    0.008502272709088765,
    0.008827534502643924,
    0.009152798523975686,
    0.009478056664514317,
    0.009803300815690225,
    0.010128522868933731,
    0.010453714715675105,
    0.010778868247344808,
    0.011103975355373052,
    0.011429027931190272,
    0.01175401786622679,
    0.012078937051912958,
    0.01240377737967907,
    0.01272853074095548,
    0.013053189027172535,
    0.013377744129760616,
    0.013702187940150018,
    0.014026512349771092,
    0.014350709250054106,
    0.014674770532429549,
    0.014998688088327633,
    0.015322453809178793,
    0.015646059586413297,
    0.01596949731146155,
    0.016292758875753793,
    0.01661583617072046,
    0.016938721087791875,
    0.01726140551839833,
    0.017583881353970265,
    0.017906140485937888,
    0.018228174805731634,
    0.0185499762047818,
    0.018871536574518732,
    0.019192847806372815,
    0.01951390179177437,
    0.01983469042215366,
    0.020155205588941072,
    0.020475439183567035,
    0.02079538309746176,
    0.021115029222055715,
    0.021434369448779106,
    0.021753395669062342,
    0.022072099774335746,
    0.02239047365602967,
    0.022708509205574462,
    0.023026198314400503,
    0.023343532873938033,
    0.023660504775617458,
    0.023977105910869073,
    0.024293328171123285,
    0.024609163447810417,
    0.024924603632360764,
    0.025239640616204678,
    0.02555426629077251,
    0.02586847254749461,
    0.026182251277801327,
    0.026495594373122988,
    0.02680849372488997,
    0.027120941224532513,
    0.02743292876348105,
    0.02774444823316588,
    0.02805549152501735,
    0.028366050530465814,
    0.028676117140941593,
    0.028985683247875066,
    0.02929474074269653,
    0.029603281516836333,
    0.02991129746172483,
    0.030218780468792394,
    0.0305257224294693,
    0.030832115235185892,
    0.031137950777372525,
    0.03144322094745958,
    0.03174791763687737,
    0.032052032737056174,
    0.03235555813942645,
    0.032658485735418435,
    0.03296080741646254,
    0.033262515073989085,
    0.033563600599428395,
    0.033864055884210764,
    0.03416387281976663,
    0.03446304329752628,
    0.03476155920892007,
    0.03505941244537833,
    0.0353565948983314,
    0.03565309845920961,
    0.03594891501944336,
    0.0362440364704629,
    0.03653845470369865,
    0.036832161610580894,
    0.03712514908253997,
    0.037417409011006264,
    0.037708933287410096,
    0.03799971380318179,
    0.038289742449751724,
    0.03857901111855022,
    0.03886751170100761,
    0.0391552360885542,
    0.03944217617262044,
    0.03972832384463654,
    0.040013670996032924,
    0.040298209518239925,
    0.04058193130268781,
    0.040864828240807005,
    0.041146892224027815,
    0.041428115143780614,
    0.04170848889149567,
    0.04198800535860342,
    0.04226665643653413,
    0.04254443401671812,
    0.0428213299905858,
    0.04309733624956752,
    0.04337244468509355,
    0.04364664718859429,
    0.043919935651500014,
    0.04419230196524107,
    0.044463738021247895,
    0.044734235710950754,
    0.045003786925780026,
    0.04527238355716598,
    0.04554001749653902,
    0.045806680635329444,
    0.04607236486496766,
    0.0463370620768839,
    0.04660076416250861,
    0.0468634630132721,
    0.047125150520604675,
    0.04738582845163916,
    0.04764549857350847,
    0.04790416265334546,
    0.048161822458282905,
    0.04841847975545366,
    0.04867413631199058,
    0.048928793895026496,
    0.049182454271694265,
    0.04943511920912674,
    0.04968679047445673,
    0.049937469834817144,
    0.050187159057340724,
    0.05043585990916041,
    0.05068357415740893,
    0.05093030356921929,
    0.05117604991172417,
    0.051420814952056526,
    0.051664600457349136,
    0.051907408194734855,
    0.05214923993134657,
    0.05239009743431705,
    0.052629982470779185,
    0.0528688968078658,
    0.05310684221270978,
    0.05334382045244396,
    0.0535798332942011,
    0.053814882505114126,
    0.054048969852315804,
    0.054282097102939075,
    0.05451426602411674,
    0.054745478382981605,
    0.054975735946666576,
    0.05520504048230443,
    0.05543339375702805,
    0.05566079753797029,
    0.05588725359226393,
    0.05611276368704188,
    0.05633732958943696,
    0.056560953066582015,
    0.05678363588560989,
    0.05700537981365342,
    0.057226186617845426,
    0.0574460580653188,
    0.05766499592320634,
    0.057883001958640906,
    0.05810007793875535,
    0.058316225630682506,
    0.05853144680155524,
    0.05874574321850634,
    0.05895911664866868,
    0.059171568859175114,
    0.05938310161715846,
    0.059593716689751594,
    0.05980341584408731,
    0.06001220084729851,
    0.060220073466517976,
    0.06042703546887861,
    0.06063308862151322,
    0.06083823469155465,
    0.061042475446135724,
    0.061245812652389334,
    0.06144824807744828,
    0.06164978348844542,
    0.0618504206525136,
    0.06205016133678569,
    0.06224900730839447,
    0.06244696033447282,
    0.06264402218215355,
    0.06284019461856957,
    0.06303547941085369,
    0.06322987832613872,
    0.06342339313155754,
    0.06361602559424297,
    0.06380777748132786,
    0.0639986505599451,
    0.06418864659722745,
    0.06437776736030777,
    0.06456601461631895,
    0.0647533901323938,
    0.06493989567566519,
    0.06512553301326592,
    0.06531030391232885,
    0.06549421013998685,
    0.06567725346337272,
    0.06585943564961935,
    0.06604075846585952,
    0.0662212236792261,
    0.06640083305685199,
    0.06657958836586993,
    0.06675749137341286,
    0.06693454384661356,
    0.06711074755260488,
    0.06728610425851969,
    0.0674606157314908,
    0.06763428373865107,
    0.06780711004713336,
    0.06797909642407048,
    0.0681502446365953,
    0.06832055645184064,
    0.06849003363693935,
    0.06865867795902428,
    0.06882649118522825,
    0.06899347508268416,
    0.06915963141852477,
    0.06932496195988298,
    0.06948946847389162,
    0.06965315272768349,
    0.06981601648839156,
    0.06997806152314852,
    0.07013928959908727,
    0.0702997024833407,
    0.0704593019430416,
    0.07061808974532283,
    0.07077606765731721,
    0.07093323744615762,
    0.0710896008789769,
    0.07124515972290785,
    0.07139991574508334,
    0.07155387071263622,
    0.07170702639269931,
    0.07185938455240548,
    0.07201094695888759,
    0.07216171537927842,
    0.07231169158071081,
    0.0724608773303177,
    0.07260927439523186,
    0.07275688454258611,
    0.07290370953951335,
    0.07304975115314638,
    0.07319501115061806,
    0.07333949129906128,
    0.07348319336560881,
    0.0736261191173935,
    0.07376827032154822,
    0.0739096487452058,
    0.07405025615549912,
    0.07419009431956093,
    0.0743291650045242,
    0.07446746997752164,
    0.07460501100568619,
    0.07474178985615065,
    0.0748778082960479,
    0.07501306809251072,
    0.07514757101267203,
    0.0752813188236646,
    0.0754143132926213,
    0.07554655618667498,
    0.07567804927295849,
    0.07580879431860468,
    0.07593879309074633,
    0.07606804735651634,
    0.07619655888304754,
    0.07632432943747276,
    0.0764513607869249,
    0.07657765469853671,
    0.0767032129394411,
    0.07682803727677089,
    0.07695212947765889,
    0.07707549130923805,
    0.07719812453864107,
    0.07732003093300092,
    0.07744121225945036,
    0.07756167028512226,
    0.07768140677714944,
    0.07780042350266476,
    0.07791872222880111,
    0.07803630472269127,
    0.07815317275146809,
    0.07826932808226442,
    0.07838477248221311,
    0.07849950771844703,
    0.07861353555809897,
    0.07872685776830178,
    0.07883947611618833,
    0.07895139236889144,
    0.07906260829354399,
    0.07917312565727877,
    0.07928294622722866,
    0.07939207177052647,
    0.07950050405430507,
    0.07960824484569734,
    0.07971529591183603,
    0.07982165901985402,
    0.0799273359368842,
    0.08003232843005934,
    0.08013663826651236,
    0.08024026721337602,
    0.0803432170377832,
    0.0804454895068668,
    0.08054708638775958,
    0.08064800944759441,
    0.08074826045350413,
    0.0808478411726216,
    0.08094675337207966,
    0.08104499881901112,
    0.08114257928054885,
    0.08123949652382569,
    0.08133575231597447,
    0.08143134842412808,
    0.08152628661541926,
    0.08162056865698097,
    0.08171419631594598,
    0.08180717135944715,
    0.08189949555461737,
    0.08199117066858941,
    0.08208219846849611,
    0.08217258072147038,
    0.082262319194645,
    0.08235141565515289,
    0.08243987187012677,
    0.08252768960669958,
    0.08261487063200418,
    0.08270141671317334,
    0.08278732961733992,
    0.08287261111163678,
    0.08295726296319678,
    0.08304128693915273,
    0.08312468480663748,
    0.08320745833278387,
    0.08328960928472474,
    0.08337113942959296,
    0.08345205053452139,
    0.08353234436664277,
    0.08361202269309002,
    0.08369108728099599,
    0.08376953989749349,
    0.0838473823097154,
    0.08392461628479453,
    0.08400124358986372,
    0.08407726599205582,
    0.0841526852585037,
    0.08422750315634019,
    0.08430172145269808,
    0.08437534191471027,
    0.08444836630950961,
    0.08452079640422891,
    0.084592633966001,
    0.08466388076195877,
    0.08473453855923505,
    0.08480460912496264,
    0.08487409422627441,
    0.08494299563030323,
    0.08501131510418192,
    0.08507905441504333,
    0.08514621533002029,
    0.08521279961624562,
    0.0852788090408522,
    0.08534424537097286,
    0.08540911037374045,
    0.08547340581628783,
    0.0855371334657478,
    0.08560029508925322,
    0.08566289245393693,
    0.0857249273269318,
    0.08578640147537066,
    0.0858473166663863,
    0.08590767466711162,
    0.08596747724467946,
    0.08602672616622263,
    0.08608542319887402,
    0.08614357010976642,
    0.08620116866603274,
    0.08625822063480575,
    0.08631472778321832,
    0.08637069187840331,
    0.08642611468749356,
    0.0864809979776219,
    0.08653534351592115,
    0.0865891530695242,
    0.08664242840556387,
    0.08669517129117298,
    0.08674738349348445,
    0.086799066779631,
    0.08685022291674557,
    0.08690085367196097,
    0.08695096081241006,
    0.08700054610522566,
    0.08704961131754062,
    0.08709815821648778,
    0.08714618856919998,
    0.08719370414281008,
    0.08724070670445094,
    0.08728719802125531,
    0.08733317986035613,
    0.08737865398888625,
    0.08742362217397842,
    0.08746808618276555,
    0.08751204778238045,
    0.08755550873995602,
    0.08759847082262506,
    0.08764093579752039,
    0.08768290543177487,
    0.08772438149252136,
    0.0877653657468927,
    0.08780585996202174,
    0.08784586590504129,
    0.08788538534308422,
    0.08792442004328335,
    0.08796297177277154,
    0.08800104229868166,
    0.08803863338814649,
    0.08807574680829891,
    0.08811238432627175,
    0.08814854770919787,
    0.08818423872421013,
    0.08821945913844131,
    0.08825421071902426,
    0.08828849523309192,
    0.08832231444777702,
    0.08835567013021245,
    0.08838856404753104,
    0.08842099796686564,
    0.08845297365534914,
    0.08848449288011431,
    0.088515557408294,
    0.08854616900702109,
    0.08857632944342839,
    0.08860604048464878,
    0.08863530389781506,
    0.08866412145006008,
    0.08869249490851672,
    0.0887204260403178,
    0.08874791661259615,
    0.08877496839248462,
    0.08880158314711606,
    0.0888277626436233,
    0.08885350864913918,
    0.0888788229307966,
    0.08890370725572833,
    0.08892816339106721,
    0.08895219310394614,
    0.08897579816149792,
    0.0889989803308554,
    0.08902174137915145,
    0.08904408307351891,
    0.08906600718109056,
    0.0890875154689993,
    0.08910860970437795,
    0.0891292916543594,
    0.08914956308607644,
    0.08916942576666191,
    0.08918888146324869,
    0.08920793194296958,
    0.08922657897295744,
    0.08924482432034517,
    0.08926266975226552,
    0.08928011703585137,
    0.08929716793823558,
    0.08931382422655096,
    0.08933008766793038,
    0.0893459600295067,
    0.0893614430784127,
    0.08937653858178128,
    0.08939124830674526,
    0.08940557402043747,
    0.0894195174899908,
    0.08943308048253801,
    0.08944626476521204,
    0.08945907210514567,
    0.08947150426947173,
    0.08948356302532312,
    0.08949525013983263,
    0.08950656738013317,
    0.0895175165133575,
    0.0895280993066385,
    0.08953831752710903,
    0.0895481729419019,
    0.08955766731815001,
    0.08956680242298612,
    0.08957558002354311,
    0.08958400188695384,
    0.08959206978035114,
    0.08959978547086786,
    0.08960715072563682,
    0.08961416731179088,
    0.08962083699646288,
    0.08962716154678566,
    0.08963314272989209,
    0.08963878231291496,
    0.08964408206298713,
    0.08964904374724147,
    0.08965366913281081,
    0.08965795998682798,
    0.08966191807642583,
    0.0896655451687372,
    0.08966884303089498,
    0.08967181343003192,
    0.08967445813328093,
    0.08967677890777481,
    0.08967877752064644,
    0.08968045573902869,
    0.08968181533005432,
    0.08968285806085621,
    0.08968358569856721,
    0.08968400001032016,
    0.08968410276324794,
    0.08968389572448332,
    0.08968338066115919,
    0.08968255934040836,
    0.0896814335293637,
    0.08968000499515807,
    0.08967827550492427,
    0.08967624682579517,
    0.08967392072490359,
    0.08967129896938239,
    0.08966838332636443,
    0.08966517556298248,
    0.08966167744636946,
    0.08965789074365821,
    0.08965381722198154,
    0.08964945864847229,
    0.08964481679026332,
    0.08963989341448744,
    0.08963469028827759,
    0.08962920917876649,
    0.08962345185308704,
    0.08961742007837206,
    0.08961111562175444,
    0.08960454025036702,
    0.08959769573134256,
    0.08959058383181398,
    0.08958320631891409,
    0.08957556495977576,
    0.08956766152153184,
    0.08955949777131511,
    0.08955107547625846,
    0.08954239640349472,
    0.08953346232015674,
    0.0895242749933774,
    0.08951483619028941,
    0.08950514767802578,
    0.08949521122371926,
    0.08948502859450269,
    0.08947460155750896,
    0.08946393187987087,
    0.08945302132872131,
    0.08944187167119305,
    0.08943048467441898,
    0.08941886210553195,
    0.08940700573166477,
    0.08939491731995033,
    0.08938259863752143,
    0.08937005145151092,
    0.08935727752905165,
    0.08934427863727645,
    0.08933105654331822,
    0.08931761301430972,
    0.08930394981738382,
    0.08929006871967339,
    0.08927597148831125,
    0.08926165989043025,
    0.08924713569316323,
    0.08923240066364302,
    0.08921745656900251,
    0.08920230517637448,
    0.0891869482528918,
    0.08917138756568734,
    0.08915562488189388,
    0.08913966196864433,
    0.08912350059307148,
    0.0891071425223082,
    0.08909058952348733,
    0.0890738433637417,
    0.08905690581020417,
    0.08903977863000757,
    0.08902246359028473,
    0.08900496245816857,
    0.0889872770007918,
    0.08896940898528738,
    0.08895136017878809,
    0.08893313234842679,
    0.08891472726133634,
    0.08889614668464954,
    0.08887739238549928,
    0.08885846613101837,
    0.08883936968833966,
    0.08882010482459601,
    0.08880067330692024,
    0.08878107690244522,
    0.08876131737830376,
    0.08874139650162868,
    0.08872131603955291,
    0.08870107775920921,
    0.08868068342773049,
    0.08866013481224953,
    0.0886394336798992,
    0.08861858179781236,
    0.08859758093312181,
    0.08857643285296045,
    0.08855513932446106,
    0.0885337021147565,
    0.08851212299097969,
    0.08849040372026334,
    0.0884685460697404,
    0.08844655180654366,
    0.08842442269780597,
    0.08840216051066019,
    0.08837976701223915,
    0.0883572439696757,
    0.08833459315010267,
    0.08831181495944339,
    0.08828890980362121,
    0.08826587808855942,
    0.08824272022018136,
    0.08821943660441038,
    0.08819602764716977,
    0.08817249375438288,
    0.08814883533197304,
    0.08812505278586356,
    0.08810114652197779,
    0.08807711694623903,
    0.08805296446457064,
    0.08802868948289591,
    0.08800429240713817,
    0.08797977364322081,
    0.08795513359706705,
    0.08793037267460033,
    0.08790549128174388,
    0.08788048982442108,
    0.08785536870855526,
    0.08783012834006973,
    0.08780476912488781,
    0.08777929146893285,
    0.08775369577812815,
    0.08772798245839707,
    0.0877021519156629,
    0.087676204555849,
    0.08765014078487868,
    0.08762396100867526,
    0.08759766563316207,
    0.08757125506426248,
    0.08754472970789975,
    0.08751808996999724,
    0.08749133625647827,
    0.08746446897326618,
    0.0874374885262843,
    0.08741039532145592,
    0.0873831897647044,
    0.08735587226195304,
    0.08732844321912521,
    0.08730090304214425,
    0.0872732521369334,
    0.08724549090941604,
    0.0872176197655155,
    0.0871896391111551,
    0.08716154935225819,
    0.08713335089474805,
    0.08710504414454803,
    0.08707662950758147,
    0.08704810738977167,
    0.087019478197042,
    0.08699074233531574,
    0.08696190021051625,
    0.08693295222856683,
    0.08690389879539083,
    0.08687474031691159,
    0.08684547719905238,
    0.08681610984773656,
    0.08678663866888747,
    0.08675706406842842,
    0.08672738645228278,
    0.08669760622637379,
    0.08666772379662485,
    0.08663773956895925,
    0.08660765394930033,
    0.08657746734357147,
    0.0865471801576959,
    0.08651679279759697,
    0.08648630566919804,
    0.08645571917842244,
    0.0864250337311935,
    0.08639424973343451,
    0.08636336759106882,
    0.08633238771001975,
    0.08630131049621062,
    0.0862701363555648,
    0.08623886569400556,
    0.08620749891745624,
    0.0861760364318402,
    0.08614447864308074,
    0.08611282595710118,
    0.08608107877982489,
    0.08604923751717515,
    0.0860173025750753,
    0.08598527435944867,
    0.08595315327621855,
    0.08592093973130839,
    0.08588863413064138,
    0.08585623688014088,
    0.08582374838573026,
    0.08579116905333281,
    0.08575849928887191,
    0.08572573949827081,
    0.08569289008745287,
    0.08565995146234143,
    0.0856269240288598,
    0.08559380819293134,
    0.08556060436047933,
    0.08552731293742712,
    0.08549393432969803,
    0.08546046894321539,
    0.08542691718390255,
    0.0853932794576828,
    0.08535955617047948,
    0.08532574772821593,
    0.08529185453681545,
    0.08525787700220142,
    0.0852238155302971,
    0.08518967052702586,
    0.08515544239831101,
    0.08512113155007586,
    0.08508673838824382,
    0.08505226331873811,
    0.08501770674748209,
    0.08498306908039911,
    0.0849483507234125,
    0.08491355208244561,
    0.08487867356342167,
    0.08484371557226408,
    0.08480867851489617,
    0.08477356279724123,
    0.08473836882522265,
    0.0847030970047637,
    0.0846677477417877,
    0.08463232144221801,
    0.08459681851197794,
    0.08456123935699085,
    0.08452558438318003,
    0.0844898539964688,
    0.08445404860278051,
    0.08441816860803848,
    0.08438221441816607,
    0.08434618643908656,
    0.08431008507672327,
    0.08427391073699957,
    0.08423766382583874,
    0.08420134474916419,
    0.08416495391289915,
    0.08412849172296696,
    0.08409195858529102,
    0.08405535490579459,
    0.08401868109040106,
    0.08398193754503366,
    0.0839451246756158,
    0.08390824288807076,
    0.0838712925883219,
    0.08383427418229256,
    0.08379718807590601,
    0.08376003467508561,
    0.08372281438575468,
    0.08368552761383655,
    0.08364817476525457,
    0.08361075624593203,
    0.08357327246179228,
    0.08353572381875862,
    0.0834981107227544,
    0.08346043357970298,
    0.08342269279552761,
    0.08338488877615167,
    0.08334702192749846,
    0.08330909265549133,
    0.08327110136605363,
    0.08323304846510862,
    0.08319493435857965,
    0.08315675945239008,
    0.08311852415246321,
    0.08308022886472241,
    0.08304187399509093,
    0.08300345994949213,
    0.08296498713384937,
    0.08292645595408592,
    0.08288786681612519,
    0.08284922012589041,
    0.08281051628930496,
    0.08277175571229216,
    0.08273293880077533,
    0.08269406596067784,
    0.08265513759792295,
    0.08261615411843401,
    0.08257711592813435,
    0.08253802343294732,
    0.08249887703879624,
    0.0824596771516044,
    0.08242042417729516,
    0.08238111852179184,
    0.08234176059101773,
    0.08230235079089622,
    0.08226288952735065,
    0.08222337720630425,
    0.08218381423368043,
    0.08214420101540247,
    0.08210453795739374,
    0.08206482546557756,
    0.0820250639458772,
    0.08198525380421606,
    0.08194539544651741,
    0.08190548927870461,
    0.08186553570670102,
    0.08182553513642989,
    0.08178548797381457,
    0.08174539462477841,
    0.08170525549524474,
    0.08166507099113689,
    0.08162484151837814,
    0.08158456748289185,
    0.08154424929060135,
    0.08150388734742996,
    0.08146348205930104,
    0.08142303383213786,
    0.08138254307186377,
    0.08134201018440208,
    0.08130143557567616,
    0.08126081965160935,
    0.0812201628181249,
    0.08117946548114617,
    0.08113872804659651,
    0.08109795092039923,
    0.08105713450847768,
    0.08101627921675515,
    0.08097538545115499,
    0.0809344536176005,
    0.08089348412201502,
    0.08085247737032193,
    0.08081143376844449,
    0.08077035372230604,
    0.08072923763782991,
    0.08068808592093943,
    0.08064689897755796,
    0.08060567721360877,
    0.08056442103501521,
    0.08052313084770062,
    0.08048180705758831,
    0.08044045007060165,
    0.08039906029266389,
    0.0803576381296984,
    0.08031618398762849,
    0.08027469827237753,
    0.08023318138986885,
    0.08019163374602568,
    0.08015005574677145,
    0.08010844779802943,
    0.08006681030572298,
    0.08002514367577543,
    0.07998344831411007,
    0.07994172462665024,
    0.07989997301931928,
    0.07985819389804051,
    0.07981638766873729,
    0.07977455473733289,
    0.07973269550975066,
    0.07969081039191393,
    0.07964889978974603,
    0.0796069641091703,
    0.07956500375611003,
    0.07952301913648857,
    0.07948101065622924,
    0.07943897872125538,
    0.07939692373749033,
    0.07935484611085737,
    0.07931274624727985,
    0.07927062455268108,
    0.07922848143298443,
    0.07918631729411324,
    0.07914413254199075,
    0.07910192758254035,
    0.07905970282168535,
    0.07901745866534908,
    0.07897519551945491,
    0.07893291378992608,
    0.07889061388268596,
    0.0788482962036579,
    0.07880596115876519,
    0.07876360915393121,
    0.07872124059507922,
    0.07867885588813257,
    0.07863645543901461,
    0.07859403965364864,
    0.07855160893795803,
    0.07850916369786604,
    0.07846670433929603,
    0.07842423126817134,
    0.07838174489041529,
    0.07833924561195121,
    0.07829673383870242,
    0.07825420997659223,
    0.07821167443154398,
    0.078169127609481,
    0.07812656991632663,
    0.0780840017580042,
    0.07804142354043701,
    0.07799883566954839,
    0.07795623855126167,
    0.07791363259150019,
    0.0778710181961873,
    0.07782839577124628,
    0.07778576572260046,
    0.07774312845617318,
    0.07770048437788778,
    0.0776578338936676,
    0.0776151774094359,
    0.07757251533111605,
    0.07752984806463138,
    0.07748717601590521,
    0.07744449959086092,
    0.07740181919542173,
    0.07735913523551104,
    0.07731644811705216,
    0.0772737582459684,
    0.07723106602818315,
    0.07718837186961966,
    0.07714567617620127,
    0.07710297935385135,
    0.0770602818084932,
    0.07701758394605017,
    0.07697488617244555,
    0.07693218889360268,
    0.07688949251544488,
    0.0768467974438955,
    0.07680410408487787,
    0.07676141284431529,
    0.07671872412813108,
    0.0766760383422486,
    0.07663335589259115,
    0.07659067718508211,
    0.07654800262564473,
    0.07650533262020238,
    0.07646266757467837,
    0.07642000789499606,
    0.07637735398707876,
    0.07633470625684977,
    0.07629206511023244,
    0.0762494309531501,
    0.07620680419152605,
    0.0761641852312837,
    0.07612157447834626,
    0.07607897233863711,
    0.0760363792180796,
    0.07599379552259704,
    0.07595122165811277,
    0.07590865803055008,
    0.07586610504583231,
    0.07582356310988281,
    0.07578103262862489,
    0.07573851400798189,
    0.07569600765387711,
    0.0756535139722339,
    0.07561103336897557,
    0.07556856625002545,
    0.07552611302130692,
    0.07548367408874322,
    0.07544124985825772,
    0.07539884073577374,
    0.07535644712721462,
    0.07531406943850372,
    0.07527170807556427,
    0.07522936344431967,
    0.07518703595069323,
    0.07514472600060826,
    0.07510243399998816,
    0.07506016035475616,
    0.07501790547083562,
    0.07497566975414988,
    0.07493345361062226,
    0.07489125744617611,
    0.07484908166673472,
    0.07480692667822143,
    0.07476479288655957,
    0.07472268069767248,
    0.07468059051748348,
    0.07463852275191588,
    0.074596477806893,
    0.07455445608833819,
    0.07451245800217478,
    0.07447048395432611,
    0.07442853435071546,
    0.07438660959726619,
    0.07434471009990161,
    0.07430283626454505,
    0.07426098849711989,
    0.07421916720354936,
    0.07417737278975685,
    0.07413560566166567,
    0.07409386622519916,
    0.07405215488628067,
    0.07401047205083346,
    0.07396881812478089,
    0.07392719351404628,
    0.07388559862455298,
    0.0738440338622243,
    0.0738024996329836,
    0.07376099634275415,
    0.0737195243974593,
    0.07367808420302238,
    0.07363667616536673,
    0.07359530069041569,
    0.07355395818409254,
    0.0735126490523206,
    0.07347137370102326,
    0.0734301325361238,
    0.07338892596354558,
    0.07334775438921189,
    0.07330661821904606,
    0.07326551785897145,
    0.07322445371491136,
    0.07318342619278916,
    0.0731424356985281,
    0.07310148263805155,
    0.07306056741728285,
    0.0730196904421453,
    0.07297885211856228,
    0.07293805285245704,
    0.07289729304975295,
    0.07285657311637332,
    0.07281589345824149,
    0.07277525448128083,
    0.07273465659141458,
    0.07269410019456611,
    0.07265358569665875,
    0.07261311350361582,
    0.07257268402136068,
    0.07253229765581659,
    0.07249195481290693,
    0.072451655898555,
    0.07241140131868413,
    0.07237119147921771,
    0.07233102678607896,
    0.07229090764519125,
    0.07225083446247793,
    0.07221080764386233,
    0.07217082759526777,
    0.07213089472261754,
    0.072091009431835,
    0.07205117212884346,
    0.07201138321956625,
    0.07197164310992675,
    0.0719319522058482,
    0.07189231091325399,
    0.0718527196380674,
    0.0718131787862118,
    0.07177368876361052,
    0.07173424997618684,
    0.07169486282986412,
    0.07165552773056567,
    0.07161624508421484,
    0.07157701529673496,
    0.07153783877404932,
    0.07149871592208126,
    0.07145964714675412,
    0.07142063285399122,
    0.07138167344971594,
    0.07134276933985151,
    0.0713039209303213,
    0.07126512862704865,
    0.07122639283595686,
    0.07118771396296933,
    0.07114909241400927,
    0.07111052859500008,
    0.0710720229118651,
    0.0710335757705276,
    0.07099518757691099,
    0.07095685873693851,
    0.07091858965653351,
    0.07088038074161934,
    0.07084223239811932,
    0.07080414503195681,
    0.07076611904905505,
    0.07072815485533744,
    0.07069025285672728,
    0.0706524134591479,
    0.07061463706852265,
    0.07057692409077482,
    0.07053927493182775,
    0.07050168999760477,
    0.07046416969402919,
    0.07042671442702442,
    0.07038932460251365,
    0.0703520006264203,
    0.07031474290466767,
    0.0702775518431791,
    0.07024042784787793,
    0.07020337132468744,
    0.07016638267953099,
    0.07012946231833188,
    0.07009261064701347,
    0.0700558280714991,
    0.07001911499771205,
    0.06998247183157566,
    0.06994589897901327,
    0.06990939684594819,
    0.0698729658383038,
    0.06983660636200334,
    0.06980031882297019,
    0.06976410362712768,
    0.06972796118039913,
    0.06969189188870785,
    0.06965589615797721,
    0.0696199743941305,
    0.06958412700309102,
    0.06954835439078215,
    0.0695126569631272,
    0.06947703337943253,
    0.06944148229900443,
    0.06940600238114927,
    0.0693705922851734,
    0.06933525067038313,
    0.06929997619608483,
    0.06926476752158481,
    0.06922962330618943,
    0.06919454220920501,
    0.0691595228899379,
    0.06912456400769448,
    0.06908966422178102,
    0.06905482219150388,
    0.06902003657616942,
    0.06898530603508397,
    0.06895062922755389,
    0.06891600481288547,
    0.06888143145038508,
    0.06884690779935905,
    0.06881243251911373,
    0.06877800426895547,
    0.0687436217081906,
    0.06870928349612541,
    0.06867498829206631,
    0.0686407347553196,
    0.06860652154519166,
    0.06857234732098877,
    0.0685382107420173,
    0.06850411046758359,
    0.06847004515699398,
    0.06843601346955484,
    0.06840201406457246,
    0.06836804560135318,
    0.06833410673920336,
    0.06830019613742933,
    0.06826631245533746,
    0.06823245435223405,
    0.06819862048742542,
    0.06816480952021797,
    0.068131020109918,
    0.06809725091583191,
    0.06806350059726594,
    0.06802976781352649,
    0.0679960512239199,
    0.06796234948775248,
    0.06792866126433061,
    0.0678949852129606,
    0.06786131999294878,
    0.06782766426360151,
    0.06779401668422513,
    0.06776037591412601,
    0.0677267406126104,
    0.06769310943898471,
    0.06765948105255526,
    0.06762585411262839,
    0.06759222727851047,
    0.06755859920950777,
    0.06752496856492668,
    0.06749133400407353,
    0.06745769418625466,
    0.06742404777077643,
    0.06739039341694514,
    0.06735672978406712,
    0.06732305553144877,
    0.06728936931839637,
    0.06725566980421632,
    0.0672219556482149,
    0.06718822550969847,
    0.06715447804797336,
    0.06712071192234592,
    0.06708692579212254,
    0.06705311831660947,
    0.0670192881551131,
    0.06698543396693973,
    0.06695155441139575,
    0.06691764814778751,
    0.06688371383542127,
    0.06684975013360343,
    0.06681575570164032,
    0.06678172919883826,
    0.06674766928450365,
    0.06671357461794274,
    0.06667944385846192,
    0.06664527566536751,
    0.06661106869796586,
    0.06657682161556336,
    0.06654253307746626,
    0.06650820174298093,
    0.06647382627141374,
    0.06643940532207099,
    0.06640493755425907,
    0.06637042162728427,
    0.06633585620045293,
    0.06630123993307141,
    0.06626657148444604,
    0.06623184951388315,
    0.06619707268068915,
    0.06616223964417028,
    0.06612734906363293,
    0.06609239959838342,
    0.06605738990772811,
    0.06602231865097336,
    0.06598718448742544,
    0.06595198607639075,
    0.06591672207717557,
    0.0658813911490863,
    0.06584599195142929,
    0.06581052314351081,
    0.06577498338463723,
    0.06573937133411491,
    0.06570368565125015,
    0.06566792499534936,
    0.06563208802571881,
    0.06559617340166485,
    0.06556017978249382,
    0.06552410582751209,
    0.06548795019602599,
    0.06545171154734183,
    0.06541538854076598,
    0.06537897983560474,
    0.0653424840911645,
    0.0653058999667516,
    0.06526922612167232,
    0.06523246121523305,
    0.06519560390674009,
    0.06515865285549982,
    0.0651216067208186,
    0.06508446416200268,
    0.06504722383835847,
    0.06500988440919228,
    0.06497244453381047,
    0.0649349028715194,
    0.06489725808162533,
    0.06485950882343466,
    0.06482165375625372,
    0.06478369153938884,
    0.06474562083214641,
    0.06470744029383269,
    0.06466914858375404,
    0.06463074436121682,
    0.06459222628552738,
    0.06455359301599206,
    0.06451484321191717,
    0.06447597553260903,
    0.06443698863737402,
    0.06439788118551848,
    0.06435865183634876,
    0.06431929924917115,
    0.06427982208329203,
    0.06424021899801771,
    0.06420048865265457,
    0.06416062970650893,
    0.0641206408188871,
    0.06408052064909547,
    0.06404026785644032,
    0.06399988110022804,
    0.06395935903976499,
    0.06391870033435743,
    0.06387790364331175,
    0.06383696762593427,
    0.06379589094153135,
    0.06375467224940934,
    0.06371331020887454,
    0.06367180347923329,
    0.06363015071979197,
    0.06358835058985687,
    0.06354640174873441,
    0.06350430285573083,
    0.06346205257015253,
    0.06341964955130582,
    0.06337709245849706,
    0.06333437995103261,
    0.06329151068821874,
    0.06324848332936185,
    0.06320529653376825,
    0.06316194896074429,
    0.06311843926959634,
    0.06307476611963068,
    0.06303092817015368,
    0.06298692408047167,
    0.06294275250989101,
    0.06289841211771804,
    0.06285390156325907,
    0.06280921950582044,
    0.06276436460470852,
    0.06271933551922962,
    0.06267413090869012,
    0.06262874943239631,
    0.06258318974965454,
    0.06253745051977116,
    0.062491530402052534,
    0.06244542805580498,
    0.062399142140334825,
    0.062352671314948406,
    0.06230601423895207,
    0.06225916957165217,
    0.062212135972355066,
    0.06216491210036702,
    0.06211749661499444,
    0.06206988817554363,
    0.06202208544132096,
    0.06197408707163274,
    0.061925891725785345,
    0.06187749806308507,
    0.061828904742838274,
    0.06178011042435129,
    0.06173111376693047,
    0.06168191342988218,
    0.06163250807251269,
    0.06158289635412839,
    0.0615330769340356,
    0.061483048471540666,
    0.06143280962594995,
    0.061382359056569746,
    0.06133169542270642,
    0.061280817383666294,
    0.061229723598755725,
    0.061178412727281084,
    0.06112688342854864,
    0.061075134361864764,
    0.06102316418653579,
    0.06097097156186807,
    0.060918555147167985,
    0.060865913601741775,
    0.060813045584895836,
    0.06075994975593651,
    0.060706624774170125,
    0.06065306929890305,
    0.06059928198944158,
    0.06054526150509207,
    0.06049100650516086,
    0.06043651564895429,
    0.06038178759577874,
    0.06032682100494047,
    0.06027161453574586,
    0.06021616684750126,
    0.06016047659951299,
    0.06010454245108743,
    0.06004836306153086,
    0.05999193709014964,
    0.05993526319625012,
    0.05987834003913864,
    0.059821166278121556,
    0.05976374057250516,
    0.05970606158159582,
    0.05964812796469987,
    0.05958993838112365,
    0.05953149149017353,
    0.05947278595115579,
    0.059413820423376805,
    0.059354593566142914,
    0.05929510403876044,
    0.059235350500535765,
    0.05917533161077517,
    0.05911504602878503,
    0.05905449241387166,
    0.05899366942534142,
    0.058932575722500685,
    0.05887120996465571,
    0.058809570811112884,
    0.05874765692117854,
    0.058685466954159014,
    0.058622999569360686,
    0.05856025342608983,
    0.058497227183652814,
    0.05843391950135597,
    0.05837032903850564,
    0.05830645445440821,
    0.05824229440836994,
    0.05817784755969721,
    0.05811311256769634,
    0.0580480880916737,
    0.05798277279093565,
    0.05791716532478846,
    0.0578512643525385,
    0.05778506853349211,
    0.05771857652695563,
    0.05765178699223543,
    0.057584698588637795,
    0.0575173099754691,
    0.057449619812035654,
    0.05738162675764382,
    0.05731332947159998,
    0.05724472661321038,
    0.057175816841781406,
    0.057106598816619406,
    0.057037071197030706,
    0.05696723264232168,
    0.05689708181179861,
    0.056826617364767865,
    0.05675583796053578,
    0.056684742258408694,
    0.05661332891769298,
    0.05654159659769492,
    0.05646954395772087,
    0.05639716965707719,
    0.0563244723550702,
    0.05625145071100629,
    0.056178103384191706,
    0.056104429033932854,
    0.05603042631953606,
    0.055956093900307646,
    0.05588143043555397,
    0.055806434584581406,
    0.05573110500669622,
    0.05565544036120478,
    0.05557943930741344,
    0.055503100504628526,
    0.055426422612156426,
    0.055349404289303385,
    0.0552720441953758,
    0.055194340989680006,
    0.05511629333152234,
    0.055037899880209164,
    0.05495915929504677,
    0.05488007023534152,
    0.05480063136039975,
    0.0547208413295278,
    0.05464069880203207,
    0.054560202437218784,
    0.054479350894394346,
    0.05439814283286509,
    0.05431657691193736,
    0.05423465179091752,
    0.05415236612911185,
    0.05406971858582671,
    0.053986707820368456,
    0.053903332492043404,
    0.05381959126015796,
    0.053735482784018365,
    0.05365100572293102,
    0.053566158736202234,
    0.053480940483138374,
    0.05339534962304579,
    0.05330938481523077,
    0.05322304471899968,
    0.05313632799365887,
    0.053049233298514666,
    0.05296175929287344,
    0.052873904636041476,
    0.05278566798732513,
    0.052697048006030756,
    0.05260804335146469,
    0.05251865268293331,
    0.05242887465974287,
    0.05233870794119977,
    0.052248151186610324,
    0.05215720305528089,
    0.05206586220651782,
    0.05197412729962741,
    0.05188199699391602,
    0.05178946994868999,
    0.051696544823255655,
    0.051603220276919395,
    0.05150949496898749,
    0.05141536755876629,
    0.05132083670556215,
    0.05122590106868142,
    0.05113055930743045,
    0.05103481008111552,
    0.05093865204904301,
    0.05084208387051925,
    0.05074510420485059,
    0.050647711711343385,
    0.05054990504930393,
    0.05045168287803858,
    0.050353043856853685,
    0.050253986645055565,
    0.050154509901950625,
    0.050054612286845115,
    0.04995429245904542,
    0.049853549077857856,
    0.04975238080258879,
    0.04965078629254458,
    0.04954876420703151,
    0.04944631320535594,
    0.04934343194682422,
    0.049240119090742676,
    0.049136373296417686,
    0.04903219322315553,
    0.04892757753026257,
    0.04882252487704516,
    0.04871703392280962,
    0.04861110332686233,
    0.048504731748509576,
    0.048397917847057714,
    0.0482906602818131,
    0.04818295771208206,
    0.04807480879717095,
    0.04796621219638608,
    0.047857166569033806,
    0.04774767057442046,
    0.04763772287185238,
    0.047527322120635956,
    0.047416466980077454,
    0.04730515610948323,
    0.04719338816815965,
    0.04708116181541303,
    0.046968475710549754,
    0.046855328512876104,
    0.04674171888169843,
    0.04662764547632309,
    0.04651310695605641,
    0.04639810198020474,
    0.04628262920807445,
    0.046166687298971804,
    0.04605027491220319,
    0.04593339070707494,
    0.045816033342893386,
    0.04569820147896491,
    0.04557989377459578,
    0.045461108889092376,
    0.045341845481761026,
    0.045222102211908075,
    0.0451018777388399,
    0.04498117072186277,
    0.04485997982028306,
    0.044738303693407096,
    0.04461614100054123,
    0.044493490400991834,
    0.044370350554065185,
    0.04424672011906764,
    0.044122597755305554,
    0.043997982122085263,
    0.04387287187871313,
    0.04374726568449544,
    0.04362116219873856,
    0.043494560080748826,
    0.04336745798983258,
    0.043239854585296195,
    0.04311174852644595,
    0.04298313847258821,
    0.04285402308302932,
    0.042724401017075614,
    0.042594270934033465,
    0.04246363149320914,
    0.042332481353909025,
    0.042200819175439455,
    0.04206864361710677,
    0.041935953338217334,
    0.04180274699807743,
    0.04166902325599342,
    0.041534780771271644,
    0.04140001820321846,
    0.041264734211140214,
    0.04112892745434321,
    0.04099259659213379,
    0.04085574028381831,
    0.040718357188703105,
    0.04058044596609455,
    0.04044200527529892,
    0.04030303377562257,
    0.04016353012637186,
    0.04002349298685313,
    0.03988292101637274,
    0.03974181287423696,
    0.03960016721975217,
    0.03945798271222472,
    0.03931525801096093,
    0.03917199177526719,
    0.039028182664449754,
    0.038883829337815014,
    0.03873893045466929,
    0.038593484674318945,
    0.03844749065607033,
    0.03830094705922972,
    0.03815385254310351,
    0.038006205766998,
    0.037858005390219565,
    0.03770925007207457,
    0.03755993847186928,
    0.037410069248910056,
    0.03725964106250326,
    0.037108652571955225,
    0.03695710243657232,
    0.03680498931566082,
    0.03665231186852709,
    0.03649906875447749,
    0.03634525863281833,
    0.036190880162856,
    0.03603593200389679,
    0.03588041281524703,
    0.035724321256213096,
    0.03556765598610131,
    0.03541041566421804,
    0.035252598949869575,
    0.03509420450236228,
    0.0349352309810025,
    0.034775677045096556,
    0.03461554135395084,
    0.034454822566871615,
    0.03429351934316527,
    0.03413163034213811,
    0.03396915422309651,
    0.033806089645346815,
    0.033642435268195325,
    0.03347818975094839,
    0.03331335175291236,
    0.03314791993339357,
    0.03298189295169839,
    0.03281527267753404,
    0.03264806098060781,
    0.03248025973062697,
    0.03231187079729881,
    0.03214289605033062,
    0.031973337359429616,
    0.0318031965943031,
    0.03163247562465833,
    0.03146117632020261,
    0.031289300550643176,
    0.031116850185687356,
    0.03094382709504235,
    0.030770233148415458,
    0.03059607021551396,
    0.030421340166045127,
    0.030246044869716267,
    0.03007018619623458,
    0.02989376601530737,
    0.029716786196641913,
    0.029539248609945477,
    0.02936115512492538,
    0.029182507611288815,
    0.02900330793874309,
    0.028823557976995474,
    0.028643259595753246,
    0.028462414664723712,
    0.02828102505361407,
    0.028099092632131634,
    0.027916619269983664,
    0.027733606836877443,
    0.02755005720252028,
    0.027365972236619365,
    0.02718135380888203,
    0.026996203789015516,
    0.026810524046727104,
    0.02662431645172411,
    0.02643758287371374,
    0.026250325182403292,
    0.026062545247500027,
    0.02587424493871124,
    0.025685426125744232,
    0.025496090678306188,
    0.02530624046610444,
    0.025115877358846246,
    0.024925003226238876,
    0.024733619937989643,
    0.024541729363805755,
    0.024349333373394504,
    0.024156433836463174,
    0.02396303262271903,
    0.023769131601869387,
    0.023574732643621442,
    0.023379837617682496,
    0.02318444839375984,
    0.022988566841560726,
    0.02279219483079247,
    0.02259533423116228,
    0.022397986912377453
]