[
    -1.5808632118366397,
    -1.5808531329565114,
    -1.580843414448357,
    -1.5808340553606322,
    -1.5808250547417944,
    -1.5808164116402998,
    -1.5808081251046056,
    -1.5808001941831682,
    -1.580792617924444,
    -1.5807853953768898,
    -1.5807785255889624,
    -1.5807720076091185,
    -1.5807658404858143,
    -1.580760023267507,
    -1.580754555002653,
    -1.5807494347397089,
    -1.5807446615271317,
    -1.5807402344133774,
    -1.5807361524469032,
    -1.5807324146761657,
    -1.5807290201496214,
    -1.5807259679157273,
    -1.5807232570229395,
    -1.5807208865197149,
    -1.5807188554545104,
    -1.5807171628757823,
    -1.5807158078319876,
    -1.5807147893715825,
    -1.5807141065430241,
    -1.5807137583947688,
    -1.5807137439752736,
    -1.5807140623329945,
    -1.5807147125163887,
    -1.5807156935739126,
    -1.580717004554023,
    -1.5807186445051769,
    -1.5807206124758302,
    -1.58072290751444,
    -1.5807255286694628,
    -1.5807284749893555,
    -1.5807317455225747,
    -1.5807353393175767,
    -1.5807392554228186,
    -1.5807434928867565,
    -1.580748050757848,
    -1.5807529280845487,
    -1.580758123915316,
    -1.5807636372986063,
    -1.580769467282876,
    -1.5807756129165824,
    -1.5807820732481814,
    -1.5807888473261302,
    -1.580795934198885,
    -1.5808033329149032,
    -1.580811042522641,
    -1.5808190620705547,
    -1.5808273906071013,
    -1.5808360271807376,
    -1.58084497083992,
    -1.5808542206331055,
    -1.5808637756087505,
    -1.5808736348153114,
    -1.5808837973012453,
    -1.5808942621150088,
    -1.5809050283050583,
    -1.5809160949198506,
    -1.5809274610078425,
    -1.5809391256174905,
    -1.5809510877972515,
    -1.5809633465955817,
    -1.5809759010609379,
    -1.5809887502417768,
    -1.5810018931865553,
    -1.5810153289437299,
    -1.581029056561757,
    -1.5810430750890936,
    -1.5810573835741963,
    -1.5810719810655216,
    -1.5810868666115263,
    -1.581102039260667,
    -1.5811174980614002,
    -1.5811332420621829,
    -1.5811492703114718,
    -1.5811655818577228,
    -1.5811821757493933,
    -1.5811990510349399,
    -1.5812162067628188,
    -1.5812336419814872,
    -1.5812513557394015,
    -1.5812693470850183,
    -1.5812876150667943,
    -1.581306158733186,
    -1.5813249771326507,
    -1.5813440693136442,
    -1.5813634343246237,
    -1.5813830712140455,
    -1.581402979030367,
    -1.5814231568220438,
    -1.5814436036375332,
    -1.5814643185252917,
    -1.581485300533776,
    -1.581506548711443,
    -1.581528062106749,
    -1.5815498397681504,
    -1.5815718807441044,
    -1.5815941840830674,
    -1.5816167488334965,
    -1.5816395740438478,
    -1.581662658762578,
    -1.5816860020381438,
    -1.581709602919002,
    -1.5817334604536095,
    -1.5817575736904226,
    -1.5817819416778978,
    -1.581806563464492,
    -1.5818314380986622,
    -1.5818565646288643,
    -1.5818819421035555,
    -1.5819075695711922,
    -1.581933446080231,
    -1.5819595706791292,
    -1.5819859424163427,
    -1.5820125603403283,
    -1.582039423499543,
    -1.582066530942443,
    -1.5820938817174857,
    -1.5821214748731267,
    -1.5821493094578234,
    -1.5821773845200322,
    -1.5822056991082099,
    -1.5822342522708133,
    -1.5822630430562985,
    -1.5822920705131227,
    -1.5823213336897421,
    -1.582350831634614,
    -1.5823805633961945,
    -1.5824105280229404,
    -1.582440724563308,
    -1.5824711520657548,
    -1.582501809578737,
    -1.5825326961507111,
    -1.5825638108301339,
    -1.582595152665462,
    -1.582626720705152,
    -1.582658513997661,
    -1.5826905315914452,
    -1.5827227725349613,
    -1.5827552358766661,
    -1.5827879206650164,
    -1.5828208259484684,
    -1.5828539507754789,
    -1.5828872941945047,
    -1.5829208552540026,
    -1.5829546330024291,
    -1.5829886264882407,
    -1.5830228347598942,
    -1.5830572568658463,
    -1.5830918918545536,
    -1.583126738774473,
    -1.5831617966740605,
    -1.5831970646017732,
    -1.583232541606068,
    -1.583268226735401,
    -1.5833041190382295,
    -1.5833402175630096,
    -1.583376521358198,
    -1.5834130294722517,
    -1.5834497409536272,
    -1.583486654850781,
    -1.58352377021217,
    -1.5835610860862506,
    -1.5835986015214798,
    -1.583636315566314,
    -1.5836742272692097,
    -1.583712335678624,
    -1.583750639843013,
    -1.583789138810834,
    -1.5838278316305434,
    -1.5838667173505976,
    -1.5839057950194533,
    -1.5839450636855674,
    -1.5839845223973965,
    -1.5840241702033975,
    -1.5840640061520264,
    -1.5841040292917403,
    -1.5841442386709959,
    -1.5841846333382497,
    -1.5842252123419582,
    -1.5842659747305785,
    -1.584306919552567,
    -1.5843480458563801,
    -1.584389352690475,
    -1.584430839103308,
    -1.5844725041433358,
    -1.584514346859015,
    -1.5845563662988025,
    -1.584598561511155,
    -1.5846409315445287,
    -1.5846834754473804,
    -1.584726192268167,
    -1.5847690810553452,
    -1.5848121408573714,
    -1.5848553707227022,
    -1.5848987696997945,
    -1.5849423368371047,
    -1.58498607118309,
    -1.5850299717862064,
    -1.5850740376949108,
    -1.5851182679576599,
    -1.5851626616229104,
    -1.585207217739119,
    -1.585251935354742,
    -1.5852968135182366,
    -1.5853418512780588,
    -1.585387047682666,
    -1.5854324017805144,
    -1.5854779126200604,
    -1.5855235792497613,
    -1.5855694007180734,
    -1.5856153760734535,
    -1.5856615043643578,
    -1.5857077846392436,
    -1.5857542159465672,
    -1.5858007973347854,
    -1.5858475278523547,
    -1.585894406547732,
    -1.5859414324693737,
    -1.5859886046657363,
    -1.586035922185277,
    -1.5860833840764523,
    -1.5861309893877185,
    -1.5861787371675324,
    -1.5862266264643508,
    -1.5862746563266303,
    -1.586322825802828,
    -1.5863711339413995,
    -1.5864195797908023,
    -1.5864681623994927,
    -1.5865168808159278,
    -1.5865657340885635,
    -1.586614721265857,
    -1.586663841396265,
    -1.5867130935282439,
    -1.5867624767102506,
    -1.5868119899907414,
    -1.5868616324181732,
    -1.5869114030410028,
    -1.5869613009076864,
    -1.5870113250666813,
    -1.5870614745664438,
    -1.5871117484554302,
    -1.5871621457820977,
    -1.5872126655949026,
    -1.587263306942302,
    -1.5873140688727523,
    -1.5873649504347098,
    -1.5874159506766317,
    -1.5874670686469745,
    -1.5875183033941949,
    -1.5875696539667492,
    -1.5876211194130943,
    -1.587672698781687,
    -1.587724391120984,
    -1.5877761954794414,
    -1.5878281109055166,
    -1.5878801364476656,
    -1.5879322711543453,
    -1.587984514074013,
    -1.5880368642551244,
    -1.5880893207461364,
    -1.5881418825955058,
    -1.5881945488516895,
    -1.5882473185631436,
    -1.5883001907783252,
    -1.5883531645456908,
    -1.5884062389136968,
    -1.5884594129308007,
    -1.5885126856454581,
    -1.5885660561061263,
    -1.5886195233612617,
    -1.588673086459321,
    -1.5887267444487614,
    -1.5887804963780385,
    -1.5888343412956096,
    -1.5888882782499314,
    -1.5889423062894603,
    -1.5889964244626533,
    -1.5890506318179667,
    -1.5891049274038573,
    -1.5891593102687818,
    -1.589213779461197,
    -1.589268334029559,
    -1.589322973022325,
    -1.5893776954879515,
    -1.589432500474895,
    -1.5894873870316124,
    -1.5895423542065603,
    -1.5895974010481952,
    -1.589652526604974,
    -1.5897077299253528,
    -1.5897630100577893,
    -1.5898183660507392,
    -1.5898737969526595,
    -1.5899293018120066,
    -1.5899848796772378,
    -1.5900405295968094,
    -1.5900962506191778,
    -1.5901520417928,
    -1.5902079021661322,
    -1.5902638307876318,
    -1.5903198267057548,
    -1.590375888968958,
    -1.5904320166256984,
    -1.5904882087244323,
    -1.5905444643136166,
    -1.5906007824417077,
    -1.5906571621571624,
    -1.5907136025084372,
    -1.5907701025439889,
    -1.5908266613122743,
    -1.5908832778617499,
    -1.5909399512408724,
    -1.5909966804980982,
    -1.5910534646818846,
    -1.5911103028406874,
    -1.5911671940229637,
    -1.5912241372771703,
    -1.5912811316517637,
    -1.5913381761952006,
    -1.5913952699559375,
    -1.5914524119824311,
    -1.5915096013231382,
    -1.5915668370265155,
    -1.5916241181410196,
    -1.5916814437151068,
    -1.591738812797234,
    -1.591796224435858,
    -1.5918536776794356,
    -1.5919111715764234,
    -1.5919687051752773,
    -1.592026277524455,
    -1.5920838876724122,
    -1.5921415346676064,
    -1.592199217558494,
    -1.5922569353935312,
    -1.5923146872211753,
    -1.5923724720898824,
    -1.59243028904811,
    -1.5924881371443136,
    -1.5925460154269506,
    -1.5926039229444775,
    -1.592661858745351,
    -1.5927198218780276,
    -1.5927778113909643,
    -1.5928358263326172,
    -1.5928938657514435,
    -1.5929519286958995,
    -1.5930100142144423,
    -1.593068121355528,
    -1.5931262491676135,
    -1.5931843966991555,
    -1.5932425629986107,
    -1.5933007471144356,
    -1.593358948095087,
    -1.5934171649890212,
    -1.5934753968446953,
    -1.593533642710566,
    -1.5935919016350897,
    -1.593650172666723,
    -1.5937084548539227,
    -1.5937667472451453,
    -1.593825048888848,
    -1.5938833588334866,
    -1.5939416761275182,
    -1.5939999998193997,
    -1.5940583289575871,
    -1.594116662590538,
    -1.5941749997667083,
    -1.594233339534555,
    -1.5942916809425343,
    -1.5943500230391037,
    -1.594408364872719,
    -1.594466705491837,
    -1.5945250439449148,
    -1.5945833792804087,
    -1.5946417105467758,
    -1.5947000367924722,
    -1.5947583570659547,
    -1.59481667041568,
    -1.594874975890105,
    -1.5949332725376864,
    -1.5949915594068802,
    -1.5950498355461435,
    -1.595108100003933,
    -1.5951663518287056,
    -1.5952245900689173,
    -1.595282813773025,
    -1.5953410219894855,
    -1.5953992137667554,
    -1.5954573881532916,
    -1.5955155441975504,
    -1.5955736809479883,
    -1.5956317974530625,
    -1.5956898927612293,
    -1.5957479659209457,
    -1.595806015980668,
    -1.5958640419888528,
    -1.595922042993957,
    -1.595980018044437,
    -1.5960379661887498,
    -1.5960958864753518,
    -1.5961537779526997,
    -1.5962116396692503,
    -1.5962694706734604,
    -1.596327270013786,
    -1.5963850367386845,
    -1.596442769896612,
    -1.5965004685360253,
    -1.5965581317053814,
    -1.5966157584531364,
    -1.5966733478277475,
    -1.596730898877671,
    -1.5967884106513635,
    -1.5968458821972822,
    -1.5969033125638832,
    -1.5969607007996232,
    -1.597018045952959,
    -1.5970753470723473,
    -1.597132603206245,
    -1.597189813403108,
    -1.5972469767113935,
    -1.597304092179558,
    -1.5973611588560588,
    -1.5974181757893513,
    -1.5974751420278932,
    -1.5975320566201405,
    -1.5975889186145504,
    -1.5976457270595794,
    -1.597702481003684,
    -1.5977591794953208,
    -1.5978158215829465,
    -1.5978724063150178,
    -1.597928932739992,
    -1.5979853999063245,
    -1.5980418068624727,
    -1.5980981526568931,
    -1.5981544363380429,
    -1.598210656954378,
    -1.5982668135543552,
    -1.5983229051864312,
    -1.5983789308990628,
    -1.5984348897407068,
    -1.5984907807598197,
    -1.5985466030048578,
    -1.598602355524278,
    -1.5986580373665373,
    -1.5987136475800923,
    -1.5987691852133992,
    -1.5988246493149147,
    -1.5988800389330957,
    -1.598935353116399,
    -1.598990590913281,
    -1.5990457513721985,
    -1.599100833541608,
    -1.599155836469966,
    -1.5992107592057299,
    -1.5992656007973554,
    -1.5993203602932997,
    -1.5993750367420194,
    -1.599429629191971,
    -1.5994841366916115,
    -1.5995385582893973,
    -1.5995928930337848,
    -1.5996471399732313,
    -1.5997012981561927,
    -1.5997553666311266,
    -1.5998093444464887,
    -1.599863230650736,
    -1.5999170242923253,
    -1.5999707244197132,
    -1.6000243300813566,
    -1.6000778403257117,
    -1.6001312542012354,
    -1.600184570756384,
    -1.6002377890396149,
    -1.6002909080993841,
    -1.6003439269841484,
    -1.6003968447423647,
    -1.6004496604224894,
    -1.6005023730729793,
    -1.6005549817422908,
    -1.600607485478881,
    -1.600659883331206,
    -1.600712174347723,
    -1.6007643575768886,
    -1.600816432067159,
    -1.6008683968669912,
    -1.6009202510248417,
    -1.6009719935891673,
    -1.601023623608425,
    -1.6010751401310706,
    -1.6011265422055614,
    -1.6011778301246016,
    -1.6012290041808956,
    -1.601280064667148,
    -1.6013310118760626,
    -1.6013818461003444,
    -1.6014325676326975,
    -1.6014831767658266,
    -1.601533673792436,
    -1.6015840590052297,
    -1.6016343326969125,
    -1.6016844951601885,
    -1.6017345466877626,
    -1.6017844875723388,
    -1.6018343181066215,
    -1.6018840385833153,
    -1.6019336492951244,
    -1.6019831505347533,
    -1.6020325425949062,
    -1.6020818257682878,
    -1.6021310003476024,
    -1.6021800666255543,
    -1.602229024894848,
    -1.602277875448188,
    -1.6023266185782783,
    -1.6023752545778234,
    -1.6024237837395283,
    -1.6024722063560968,
    -1.6025205227202333,
    -1.6025687331246423,
    -1.6026168378620282,
    -1.6026648372250958,
    -1.6027127315065488,
    -1.602760520999092,
    -1.6028082059954296,
    -1.6028557867882665,
    -1.6029032636703064,
    -1.602950636934254,
    -1.602997906872814,
    -1.60304507377869,
    -1.6030921379445875,
    -1.60313909966321,
    -1.6031859592272621,
    -1.6032327169294485,
    -1.6032793730624733,
    -1.603325927919041,
    -1.6033723817918561,
    -1.6034187349736226,
    -1.6034649877570455,
    -1.6035111404348286,
    -1.6035571932996768,
    -1.6036031466442944,
    -1.6036490007613853,
    -1.6036947559436543,
    -1.6037404124838062,
    -1.6037859706745445,
    -1.6038314308085742,
    -1.6038767931785995,
    -1.603922058077325,
    -1.603967225797455,
    -1.6040122966316936,
    -1.6040572708727456,
    -1.6041021488133151,
    -1.604146930746107,
    -1.604191616963825,
    -1.604236207759174,
    -1.604280703424858,
    -1.6043251042535818,
    -1.60436941053805,
    -1.604413622570966,
    -1.604457740645035,
    -1.6045017650529614,
    -1.6045456960874491,
    -1.6045895340412033,
    -1.6046332792069276,
    -1.6046769318773266,
    -1.6047204923451048,
    -1.6047639609029667,
    -1.6048073378436167,
    -1.604850623459759,
    -1.6048938180440981,
    -1.6049369218893383,
    -1.6049799352881842,
    -1.6050228585333404,
    -1.6050656919175104,
    -1.6051084357333993,
    -1.6051510902737116,
    -1.6051936558311515,
    -1.6052361326984232,
    -1.6052785211682312,
    -1.6053208215332802,
    -1.6053630340862741,
    -1.6054051591199179,
    -1.6054471969269153,
    -1.605489147799971,
    -1.6055310120317896,
    -1.6055727899150753,
    -1.6056144817425329,
    -1.6056560878068662,
    -1.6056976084007797,
    -1.6057390438169779,
    -1.6057803943481654,
    -1.6058216602870465,
    -1.6058628419263254,
    -1.6059039395587067,
    -1.6059449534768946,
    -1.6059858839735937,
    -1.6060267313415082,
    -1.6060674958733427,
    -1.6061081778618016,
    -1.606148777599589,
    -1.6061892953794097,
    -1.6062297314939677,
    -1.6062700862359678,
    -1.606310359898114,
    -1.606350552773111,
    -1.6063906651536632,
    -1.606430697332475,
    -1.6064706496022503,
    -1.606510522255694,
    -1.6065503155855105,
    -1.606590029884404,
    -1.606629665445079,
    -1.6066692225602397,
    -1.6067087015225907,
    -1.6067481026248367,
    -1.6067874261596813,
    -1.6068266724198297,
    -1.6068658416979857,
    -1.606904934286854,
    -1.6069439504791392,
    -1.6069828905675452,
    -1.6070217548447767,
    -1.607060543603538,
    -1.6070992571365335,
    -1.607137895736468,
    -1.6071764596960452,
    -1.6072149493079697,
    -1.6072533648649463,
    -1.607291706659679,
    -1.6073299749848724,
    -1.6073681701332307,
    -1.6074062923974586,
    -1.60744434207026,
    -1.60748231944434,
    -1.6075202248124023,
    -1.6075580584671516,
    -1.6075958207012926,
    -1.6076335118075291,
    -1.607671132078566,
    -1.6077086818071074,
    -1.6077461612858577,
    -1.6077835708075214,
    -1.607820910664803,
    -1.607858181150407,
    -1.607895382557037,
    -1.6079325151773982,
    -1.6079695793041948,
    -1.6080065752301316,
    -1.608043503247912,
    -1.6080803636502412,
    -1.6081171567298231,
    -1.6081538827793627,
    -1.6081905420915639,
    -1.6082271349591313,
    -1.6082636616747692,
    -1.608300122531182,
    -1.608336517821074,
    -1.6083728478371502,
    -1.6084091128721143,
    -1.608445313218671,
    -1.6084814491695243,
    -1.6085175210173792,
    -1.60855352905494,
    -1.6085894735749107,
    -1.6086253548699958,
    -1.6086611732329,
    -1.6086969289563275,
    -1.6087326223329828,
    -1.6087682536555699,
    -1.6088038232167936,
    -1.6088393313093583,
    -1.6088747782259685,
    -1.6089101642593282,
    -1.6089454897021418,
    -1.608980754847114,
    -1.6090159599869491,
    -1.6090511054143517,
    -1.6090861914220258,
    -1.609121218302676,
    -1.6091561863490067,
    -1.6091910958537223,
    -1.6092259471095272,
    -1.6092607404091257,
    -1.6092954760452223,
    -1.6093301543105212,
    -1.6093647754977272,
    -1.6093993398995443,
    -1.6094338478086772,
    -1.60946829951783,
    -1.6095026953197071,
    -1.6095370355070135,
    -1.6095713203724529,
    -1.6096055502087299,
    -1.6096397253085488,
    -1.6096738459646143,
    -1.6097079124696307,
    -1.6097419251163023,
    -1.6097758841973333,
    -1.6098097900054285,
    -1.6098436428332923,
    -1.6098774429736287,
    -1.6099111907191423,
    -1.6099448863625376,
    -1.6099785301965188,
    -1.6100121225137907,
    -1.610045663607057,
    -1.6100791537690227,
    -1.6101125932923919,
    -1.6101459824698692,
    -1.6101793215941589,
    -1.6102126109579653,
    -1.610245850853993,
    -1.6102790415749462,
    -1.6103121834135292,
    -1.610345276662447,
    -1.6103783216144034,
    -1.6104113185621027,
    -1.6104442677982498,
    -1.610477169615549,
    -1.6105100243067043,
    -1.6105428321644206,
    -1.610575593481402,
    -1.6106083085503526,
    -1.6106409776639776,
    -1.6106736011149807,
    -1.6107061791960666,
    -1.6107387121999397,
    -1.6107712004193042,
    -1.610803644146865,
    -1.6108360436753257,
    -1.6108683992973913,
    -1.610900711305766,
    -1.6109329799931544,
    -1.6109652056522605,
    -1.6109973885757891,
    -1.6110295290564443,
    -1.6110616273869305,
    -1.6110936838599526,
    -1.6111256987682143,
    -1.6111576724044203,
    -1.611189605061275,
    -1.6112214970314829,
    -1.6112533486077483,
    -1.6112851600827756,
    -1.611316931749269,
    -1.6113486638999333,
    -1.6113803568274725,
    -1.6114120108245915,
    -1.611443626183994,
    -1.611475203198385,
    -1.6115067421604685,
    -1.6115382433629495,
    -1.6115697070985315,
    -1.6116011336599194,
    -1.6116325233398177,
    -1.6116638764309306,
    -1.6116951932259629,
    -1.6117264740176183,
    -1.6117577190986014,
    -1.611788928761617,
    -1.611820103299369,
    -1.6118512430045626,
    -1.6118823481699012,
    -1.6119134190880897,
    -1.6119444560518323,
    -1.6119754593538338,
    -1.6120064292867984,
    -1.6120373661434302,
    -1.6120682702164337,
    -1.6120991417985135,
    -1.6121299811823742,
    -1.6121607886607197,
    -1.6121915645262546,
    -1.6122223090716832,
    -1.61225302258971,
    -1.6122837053730399,
    -1.6123143577143764,
    -1.6123449799064242,
    -1.6123755722418878,
    -1.6124061350134717,
    -1.6124366685138805,
    -1.6124671730358178,
    -1.6124976488719887,
    -1.6125280963150972,
    -1.6125585156578484,
    -1.6125889071929456,
    -1.612619271213094,
    -1.6126496080109975,
    -1.6126799178793612,
    -1.612710201110889,
    -1.6127404579982851,
    -1.6127706888342543,
    -1.6128008939115006,
    -1.612831073522729,
    -1.6128612279606436,
    -1.6128913575179484,
    -1.6129214624873485,
    -1.6129515431615475,
    -1.6129815998332506,
    -1.6130116327951618,
    -1.6130416423399854,
    -1.6130716287604259,
    -1.6131015923491878,
    -1.6131315333989757,
    -1.6131614522024933,
    -1.6131913490524457,
    -1.6132212242415367,
    -1.6132510780624711,
    -1.6132809108079535,
    -1.6133107227706878,
    -1.6133405142433785,
    -1.6133702855187302,
    -1.6134000368894472,
    -1.613429768648234,
    -1.6134594810877947,
    -1.613489174500834,
    -1.613518849180056,
    -1.6135485054181655,
    -1.6135781435078669,
    -1.613607763741864,
    -1.6136373664128616,
    -1.613666951813564,
    -1.613696520236676,
    -1.6137260719749014,
    -1.613755607320945,
    -1.613785126567511,
    -1.6138146300073037,
    -1.613844117933028,
    -1.6138735906373876,
    -1.6139030484130874,
    -1.6139324915528317,
    -1.6139619203493247,
    -1.6139913350952713,
    -1.6140207360833752,
    -1.614050123606341,
    -1.6140794979568733,
    -1.6141088594276767,
    -1.6141382083114553,
    -1.6141675449009134,
    -1.6141968694887554,
    -1.6142261823676858,
    -1.6142554838304095,
    -1.61428477416963,
    -1.614314053678052,
    -1.61434332264838,
    -1.6143725813733187,
    -1.6144018301455723,
    -1.6144310692578447,
    -1.614460299002841,
    -1.614489519673265,
    -1.6145187315618215,
    -1.614547934961215,
    -1.6145771301641494,
    -1.6146063174633294,
    -1.6146354971514596,
    -1.614664669521244,
    -1.6146938348653872,
    -1.6147229934765936,
    -1.6147521456475675,
    -1.6147812916710134,
    -1.6148104318396357,
    -1.6148395664461388,
    -1.6148686957832268,
    -1.6148978201436046,
    -1.6149269398199761,
    -1.6149560551050464,
    -1.6149851662915191,
    -1.615014273672099,
    -1.6150433775394903,
    -1.6150724781863977,
    -1.6151015759055254,
    -1.6151306709895779,
    -1.6151597637312594,
    -1.6151888544232744,
    -1.6152179433583276,
    -1.6152470308291227,
    -1.6152761171283647,
    -1.6153052025487578,
    -1.6153342873830063,
    -1.6153633719238152,
    -1.615392456463888,
    -1.6154215412959294,
    -1.615450626712644,
    -1.615479713006736,
    -1.6155088004709102,
    -1.6155378893978705,
    -1.6155669800803214,
    -1.6155960728109675,
    -1.6156251678825129,
    -1.6156542655876627,
    -1.6156833662191203,
    -1.6157124700695906,
    -1.615741577431778,
    -1.6157706885983871,
    -1.6157998038621217,
    -1.6158289235156866,
    -1.6158580478517863,
    -1.6158871771631251,
    -1.6159163117424074,
    -1.6159454518823373,
    -1.6159745978756197,
    -1.6160037500149584,
    -1.6160329085930585,
    -1.616062073902624,
    -1.616091246236359,
    -1.6161204258869686,
    -1.6161496131471567,
    -1.6161788083096278,
    -1.6162080116670863,
    -1.6162372235122366,
    -1.6162664441377832,
    -1.6162956738364302,
    -1.6163249129008825,
    -1.6163541616238442,
    -1.6163834202980196,
    -1.616412689216113,
    -1.6164419686708291,
    -1.6164712589548726,
    -1.616500560360947,
    -1.6165298731817574,
    -1.616559197710008,
    -1.616588534238403,
    -1.6166178830596474,
    -1.6166472444664448,
    -1.6166766187515,
    -1.6167060062075176,
    -1.6167354071272018,
    -1.6167648218032566,
    -1.616794250528387,
    -1.616823693595297,
    -1.6168531512966913,
    -1.6168826239252743,
    -1.61691211177375,
    -1.616941615134823,
    -1.6169711343011979,
    -1.617000669565579,
    -1.6170302212206706,
    -1.6170597895591772,
    -1.6170893748738029,
    -1.6171189774572525,
    -1.6171485976022302,
    -1.6171782356014406,
    -1.6172078917475876,
    -1.6172375663333762,
    -1.6172672596515103,
    -1.6172969719946948,
    -1.6173267036556336,
    -1.6173564549270312,
    -1.6173862261015923,
    -1.617416017472021,
    -1.617445829331022,
    -1.6174756619712993,
    -1.6175055156855576,
    -1.617535390766501,
    -1.6175652875068343,
    -1.6175952061992618,
    -1.6176251471364875,
    -1.617655110611216,
    -1.617685096916152,
    -1.6177151063439996,
    -1.6177451391874635,
    -1.6177751957392477,
    -1.6178052762920567,
    -1.6178353811385948,
    -1.6178655105715671,
    -1.617895664883677,
    -1.6179258443676294,
    -1.617956049316129,
    -1.6179862800218794,
    -1.6180165367775858,
    -1.6180468198759521,
    -1.6180771296096828,
    -1.6181074662714823,
    -1.618137830154055,
    -1.6181682215501056,
    -1.618198640752338,
    -1.6182290880534569,
    -1.6182595637461665,
    -1.6182900681231716,
    -1.618320601477176,
    -1.6183511641008848,
    -1.6183817562870015,
    -1.6184123783282314,
    -1.6184430305172786,
    -1.6184737131468472,
    -1.6185044265096418,
    -1.6185351708983666,
    -1.6185659466057263,
    -1.6185967539244255,
    -1.618627593147168,
    -1.618658464156161,
    -1.6186893668336106,
    -1.618720301061724,
    -1.6187512667227077,
    -1.618782263698768,
    -1.618813291872112,
    -1.6188443511249464,
    -1.618875441339478,
    -1.6189065623979126,
    -1.6189377141824577,
    -1.6189688965753195,
    -1.619000109458705,
    -1.619031352714821,
    -1.6190626262258736,
    -1.6190939298740696,
    -1.619125263541616,
    -1.6191566271107194,
    -1.6191880204635865,
    -1.6192194434824234,
    -1.6192508960494374,
    -1.6192823780468348,
    -1.6193138893568224,
    -1.6193454298616072,
    -1.6193769994433955,
    -1.6194085979843937,
    -1.619440225366809,
    -1.619471881472848,
    -1.6195035661847168,
    -1.6195352793846227,
    -1.619567020954772,
    -1.6195987907773715,
    -1.619630588734628,
    -1.619662414708748,
    -1.6196942685819382,
    -1.619726150236405,
    -1.6197580595543555,
    -1.6197899964179965,
    -1.6198219607095339,
    -1.619853952311175,
    -1.619885971105126,
    -1.6199180169735945,
    -1.619950089798786,
    -1.6199821894629078,
    -1.6200143158481664,
    -1.6200464688367684,
    -1.6200786483109209,
    -1.62011085415283,
    -1.6201430862447026,
    -1.6201753444687452,
    -1.6202076287071647,
    -1.620239938842168,
    -1.6202722747559613,
    -1.6203046363307512,
    -1.6203370234487449,
    -1.6203694359921483,
    -1.6204018738431691,
    -1.620434336884013,
    -1.6204668249968872,
    -1.620499338063998,
    -1.6205318759675527,
    -1.620564438589757,
    -1.6205970258128184,
    -1.6206296375189433,
    -1.6206622735903382,
    -1.62069493390921,
    -1.6207276183577652,
    -1.6207603268182105,
    -1.6207930591727526,
    -1.6208258153035981,
    -1.620858595092954,
    -1.6208913984230264,
    -1.6209242251760223,
    -1.6209570752341484,
    -1.620989948479611,
    -1.6210228447946176,
    -1.6210557640613739,
    -1.6210887061620871,
    -1.6211216709789635,
    -1.6211546583942105,
    -1.621187668290034,
    -1.6212207005486408,
    -1.6212537550522377,
    -1.6212868316830313,
    -1.6213199303232289,
    -1.621353050855036,
    -1.62138619316066,
    -1.6214193571223074,
    -1.6214525426221849,
    -1.6214857495424992,
    -1.6215189777654568,
    -1.6215522271732647,
    -1.6215854976481292,
    -1.621618789072257,
    -1.6216521013278553,
    -1.6216854342971299,
    -1.621718787862288,
    -1.6217521619055362,
    -1.6217855563090813,
    -1.6218189709551296,
    -1.6218524057258878,
    -1.621885860503563,
    -1.6219193351703616,
    -1.6219528296084902,
    -1.6219863437001554,
    -1.622019877327564,
    -1.6220534303729228,
    -1.6220870027184382,
    -1.6221205942463173,
    -1.622154204838766,
    -1.6221878343779914,
    -1.6222214827462005,
    -1.6222551498255995,
    -1.6222888354983953,
    -1.6223225396467942,
    -1.6223562621530032,
    -1.622390002899229,
    -1.6224237617676784,
    -1.6224575386405575,
    -1.6224913334000732,
    -1.6225251459284324,
    -1.6225589761078416,
    -1.6225928238205078,
    -1.622626688948637,
    -1.6226605713744362,
    -1.622694470980112,
    -1.6227283876478715,
    -1.622762321259921,
    -1.622796271698467,
    -1.622830238845716,
    -1.6228642225838754,
    -1.6228982227951516,
    -1.622932239361751,
    -1.6229662721658802,
    -1.6230003210897461,
    -1.6230343860155554,
    -1.6230684668255149,
    -1.6231025634018308,
    -1.62313667562671,
    -1.6231708033823593,
    -1.6232049465509852,
    -1.6232391050147947,
    -1.6232732786559938,
    -1.6233074673567895,
    -1.6233416709993889,
    -1.6233758894659978,
    -1.6234101226388238,
    -1.623444370400073,
    -1.623478632631952,
    -1.6235129092166676,
    -1.6235472000364266,
    -1.6235815049734357,
    -1.6236158239099012,
    -1.62365015672803,
    -1.6236845033100287,
    -1.6237188635381044,
    -1.623753237294463,
    -1.6237876244613116,
    -1.6238220249208568,
    -1.6238564385553054,
    -1.6238908652468642,
    -1.6239253048777393,
    -1.6239597573301376,
    -1.6239942224862658,
    -1.624028700228331,
    -1.6240631904385392,
    -1.6240976929990973,
    -1.624132207792212,
    -1.6241667347000899,
    -1.624201273604938,
    -1.6242358243889625,
    -1.6242703869343702,
    -1.624304961123368,
    -1.624339546838162,
    -1.6243741439609598,
    -1.6244087523739672,
    -1.6244433719593911,
    -1.6244780025994385,
    -1.6245126441763156,
    -1.6245472965722296,
    -1.6245819596693865,
    -1.6246166333499934,
    -1.6246513174962567,
    -1.6246860119903836,
    -1.6247207167145803,
    -1.6247554315510533,
    -1.6247901563820097,
    -1.6248248910896559,
    -1.624859635556199,
    -1.624894389663845,
    -1.624929153294801,
    -1.6249639263312734,
    -1.624998708655469,
    -1.6250335001495948,
    -1.6250683006958568,
    -1.6251031101764621,
    -1.6251379284736174,
    -1.625172755469529,
    -1.625207591046404,
    -1.625242435086449,
    -1.6252772874718702,
    -1.6253121480848747,
    -1.6253470168076694,
    -1.6253818935224602,
    -1.6254167781114544,
    -1.6254516704568585,
    -1.6254865704408787,
    -1.6255214779457228,
    -1.6255563928535963,
    -1.6255913150467063,
    -1.6256262444072596,
    -1.6256611808174626,
    -1.6256961241595222,
    -1.625731074315645,
    -1.6257660311680375,
    -1.6258009945989067,
    -1.6258359644904592,
    -1.6258709407249012,
    -1.6259059231844397,
    -1.6259409117512815,
    -1.6259759063076331,
    -1.6260109067357014,
    -1.6260459129176927,
    -1.6260809247358137,
    -1.6261159420722713,
    -1.6261509648092718,
    -1.6261859928290225,
    -1.6262210260137295,
    -1.6262560642455997,
    -1.6262911074068396,
    -1.626326155379656,
    -1.6263612080462557,
    -1.626396265288845,
    -1.6264313269896309,
    -1.6264663930308199,
    -1.6265014632946189,
    -1.6265365376632341,
    -1.6265716160188723,
    -1.6266066982437406,
    -1.6266417842200451,
    -1.626676873829993,
    -1.6267119669557906,
    -1.6267470634796446,
    -1.6267821632837616,
    -1.6268172662503484,
    -1.626852372261612,
    -1.6268874811997582,
    -1.6269225929469944,
    -1.626957707385527,
    -1.6269928243975629,
    -1.6270279438653086,
    -1.6270630656709704,
    -1.6270981896967553,
    -1.6271333158248702,
    -1.6271684439375216,
    -1.627203573916916,
    -1.62723870564526,
    -1.6272738390047605,
    -1.627308973877624,
    -1.6273441101460575,
    -1.6273792476922673,
    -1.62741438639846,
    -1.6274495261468427,
    -1.6274846668196217,
    -1.627519808299004,
    -1.6275549504671958,
    -1.6275900932064038,
    -1.627625236398835,
    -1.6276603799266964,
    -1.6276955236721937,
    -1.6277306675175343,
    -1.6277658113449243,
    -1.6278009550365709,
    -1.6278360984746807,
    -1.62787124154146,
    -1.627906384119116,
    -1.6279415260898547,
    -1.627976667335883,
    -1.6280118077394083,
    -1.6280469471826362,
    -1.6280820855477738,
    -1.6281172227170277,
    -1.628152358572605,
    -1.628187492996712,
    -1.628222625871555,
    -1.628257757079341,
    -1.628292886502277,
    -1.6283280140225695,
    -1.6283631395224247,
    -1.6283982628840497,
    -1.628433383989651,
    -1.6284685027214354,
    -1.6285036189616096,
    -1.62853873259238,
    -1.6285738434959534,
    -1.6286089515545363,
    -1.6286440566503357,
    -1.6286791586655585,
    -1.6287142574824105,
    -1.628749352983099,
    -1.6287844450498303,
    -1.6288195335648115,
    -1.628854618410249,
    -1.6288896994683495,
    -1.6289247766213197,
    -1.628959849751366,
    -1.6289949187406958,
    -1.6290299834715147,
    -1.6290650438260301,
    -1.6291000996864486,
    -1.6291351509349765,
    -1.6291701974538213,
    -1.6292052391251886,
    -1.6292402758312856,
    -1.629275307454319,
    -1.6293103338764952,
    -1.6293453549800212,
    -1.6293803706471035,
    -1.6294153807599485,
    -1.6294503852007634,
    -1.6294853838517547,
    -1.629520376595129,
    -1.6295553633130926,
    -1.6295903438878525,
    -1.6296253182016156,
    -1.6296602861365883,
    -1.6296952475749773,
    -1.629730202398989,
    -1.6297651504908304,
    -1.6298000917327082,
    -1.629835026006829,
    -1.6298699531953993,
    -1.6299048731806258,
    -1.6299397858447153,
    -1.6299746910698745,
    -1.6300095887383101,
    -1.6300444787322284,
    -1.6300793609338362,
    -1.6301142352253404,
    -1.6301491014889478,
    -1.6301839596068644,
    -1.6302188094612973,
    -1.6302536509344532,
    -1.6302884839085388,
    -1.6303233082657607,
    -1.6303581238883254,
    -1.6303929306584395,
    -1.63042772845831,
    -1.6304625171701432,
    -1.6304972966761464,
    -1.6305320668585257,
    -1.6305668275994876,
    -1.6306015787812393,
    -1.6306363202859873,
    -1.6306710519959382,
    -1.6307057737932986,
    -1.6307404855602752,
    -1.6307751871790745,
    -1.6308098785319038,
    -1.630844559500969,
    -1.6308792299684773,
    -1.6309138898166349,
    -1.6309485389276488,
    -1.6309831771837258,
    -1.6310178044670722,
    -1.6310524206598946,
    -1.6310870256444001,
    -1.631121619302795,
    -1.6311562015172865,
    -1.6311907721700805,
    -1.6312253311433842,
    -1.6312598783194039,
    -1.6312944135803464,
    -1.631328936808419,
    -1.6313634478858272,
    -1.6313979466947786,
    -1.6314324331174792,
    -1.6314669070361365,
    -1.6315013683329562,
    -1.6315358168901455,
    -1.631570252589911,
    -1.6316046753144593,
    -1.6316390849459974,
    -1.6316734813667313,
    -1.6317078644588683,
    -1.6317422341046146,
    -1.6317765901861772,
    -1.6318109325857626,
    -1.6318452611855776,
    -1.6318795758678286,
    -1.6319138765147225,
    -1.631948163008466,
    -1.6319824352312655,
    -1.632016693065328,
    -1.6320509363928597,
    -1.6320851650960677,
    -1.6321193790571586,
    -1.632153578158339,
    -1.6321877622818153,
    -1.6322219313097945,
    -1.6322560851244832,
    -1.6322902236080883,
    -1.632324346642816,
    -1.632358454110873,
    -1.6323925458944664,
    -1.6324266218758023,
    -1.6324606819370882,
    -1.6324947259605298,
    -1.6325287538283342,
    -1.6325627654227082,
    -1.6325967606258585,
    -1.6326307393199913,
    -1.6326647013873135,
    -1.632698646710032,
    -1.632732575170353,
    -1.6327664866504839,
    -1.6328003810326306,
    -1.632834258199,
    -1.632868118031799,
    -1.632901960413234,
    -1.6329357852255122,
    -1.6329695923508394,
    -1.6330033816714227,
    -1.6330371530694687,
    -1.6330709064271844,
    -1.6331046416267763,
    -1.6331383585504506,
    -1.6331720570804145,
    -1.6332057370988744,
    -1.6332393984880373,
    -1.6332730411301093,
    -1.6333066649072974,
    -1.6333402697018085,
    -1.6333738553958488,
    -1.6334074218716252,
    -1.6334409690113445,
    -1.633474496697213,
    -1.6335080048114377,
    -1.6335414932362249,
    -1.633574961853782,
    -1.6336084105463147,
    -1.6336418391960303,
    -1.6336752476851353,
    -1.6337086358958364,
    -1.6337420037103403,
    -1.6337753510108532,
    -1.6338086776795824,
    -1.6338419835987343,
    -1.6338752686505158,
    -1.6339085327171332,
    -1.6339417756807932,
    -1.6339749974237026,
    -1.634008197828068,
    -1.6340413767760964,
    -1.6340745341499938,
    -1.6341076698319674,
    -1.6341407837042237,
    -1.6341738756489692,
    -1.6342069455484112,
    -1.6342399932847556,
    -1.6342730187402092,
    -1.634306021796979,
    -1.6343390023372715,
    -1.6343719602432933,
    -1.634404895397251,
    -1.6344378076813515,
    -1.6344706969778013,
    -1.6345035631688074,
    -1.634536406136576,
    -1.6345692257633138,
    -1.6346020219312276,
    -1.6346347945225241,
    -1.6346675434194102,
    -1.6347002685040921,
    -1.6347329696587765,
    -1.6347656467656704,
    -1.6347982997069803,
    -1.634830928364913,
    -1.6348635326216747,
    -1.6348961123594727,
    -1.634928667460513,
    -1.634961197807003,
    -1.6349937032811488,
    -1.6350261837651574,
    -1.635058639141235,
    -1.6350910692915888,
    -1.6351234740984253,
    -1.635155853443951,
    -1.6351882072103725,
    -1.6352205352798967,
    -1.6352528375347304,
    -1.63528511385708,
    -1.6353173641291523,
    -1.6353495882331537,
    -1.6353817860512911,
    -1.6354139574657713,
    -1.6354461023588007,
    -1.635478220612586,
    -1.635510312109334,
    -1.6355423767312511,
    -1.6355744143605444,
    -1.6356064250838935,
    -1.6356384089879787,
    -1.6356703661594802,
    -1.6357022966850778,
    -1.635734200651452,
    -1.635766078145282,
    -1.6357979292532487,
    -1.635829754062032,
    -1.6358615526583116,
    -1.6358933251287682,
    -1.635925071560081,
    -1.6359567920389309,
    -1.6359884866519976,
    -1.6360201554859612,
    -1.6360517986275016,
    -1.636083416163299,
    -1.6361150081800337,
    -1.6361465747643855,
    -1.6361781160030346,
    -1.636209631982661,
    -1.6362411227899445,
    -1.6362725885115657,
    -1.6363040292342041,
    -1.6363354450445406,
    -1.6363668360292545,
    -1.6363982022750259,
    -1.6364295438685352,
    -1.6364608608964624,
    -1.6364921534454875,
    -1.6365234216022906,
    -1.6365546654535514,
    -1.6365858850859507,
    -1.6366170805861682,
    -1.6366482520408838,
    -1.6366793995367777,
    -1.63671052316053,
    -1.6367416229988205,
    -1.63677269913833,
    -1.6368037516657379,
    -1.6368347806677244,
    -1.6368657862309695,
    -1.6368967684421536,
    -1.6369277273879566,
    -1.6369586631550583,
    -1.6369895758301392,
    -1.6370204654998788,
    -1.637051332250958,
    -1.637082176170056,
    -1.6371129973438534,
    -1.6371437958590302,
    -1.6371745718022663,
    -1.637205325260242,
    -1.637236056319637,
    -1.6372667650671318,
    -1.6372974515894063,
    -1.6373281159731403,
    -1.6373587583050144,
    -1.6373893786717082,
    -1.6374199771599018,
    -1.6374505538562756,
    -1.6374811088475094,
    -1.6375116422202836,
    -1.6375421540612776,
    -1.6375726444571719,
    -1.6376031134946467,
    -1.637633561260382,
    -1.6376639878410577,
    -1.6376943933233539,
    -1.6377247777939505,
    -1.6377551413395282,
    -1.6377854840467665,
    -1.6378158060023456,
    -1.6378461072929456,
    -1.6378763880052463,
    -1.6379066482259281,
    -1.6379368880416714,
    -1.6379671075391555,
    -1.6379973068050608,
    -1.6380274859260675,
    -1.6380576449888553,
    -1.638087784080105,
    -1.6381179032864959,
    -1.6381480026947084,
    -1.6381780823914225,
    -1.6382081424633184,
    -1.638238182997076,
    -1.6382682040793752,
    -1.6382982057968967,
    -1.6383281882363199,
    -1.6383581514843253,
    -1.6383880956275927,
    -1.638418020752802,
    -1.6384479269466339,
    -1.6384778142957679,
    -1.6385076828868845,
    -1.6385375328066636,
    -1.6385673641417848,
    -1.6385971769789287,
    -1.6386269714047754,
    -1.638656747506005,
    -1.638686505369297,
    -1.638716245081332,
    -1.6387459667287898,
    -1.6387756703983507,
    -1.6388053561766946,
    -1.6388350241505016,
    -1.6388646744064517,
    -1.638894307031225,
    -1.638923922111502,
    -1.6389535197339622,
    -1.6389830999852857,
    -1.6390126629521526,
    -1.6390422087212433,
    -1.6390717373792378,
    -1.6391012490128158,
    -1.6391307437086577,
    -1.6391602215534433,
    -1.6391896826338532,
    -1.6392191270365668,
    -1.6392485548482645,
    -1.6392779661556263,
    -1.6393073610453321,
    -1.6393367396040628,
    -1.6393661019184973,
    -1.6393954480753163,
    -1.6394247781611997,
    -1.6394540922628276,
    -1.6394833904668804,
    -1.6395126728600378,
    -1.6395419395289796,
    -1.6395711905603865,
    -1.639600426040938,
    -1.639629646057315,
    -1.6396588506961964,
    -1.639688040044263,
    -1.639717214188195,
    -1.6397463732146722,
    -1.6397755172103745,
    -1.6398046462619822,
    -1.6398337604561752,
    -1.6398628598796336,
    -1.639891944619038,
    -1.6399210147610677,
    -1.639950070392403,
    -1.6399791115997242,
    -1.6400081384697112,
    -1.6400371510890444,
    -1.640066149544403,
    -1.6400951339224679,
    -1.6401241043099188,
    -1.6401530607934358,
    -1.6401820034596992,
    -1.6402109323953888,
    -1.640239847687185,
    -1.6402687494217671,
    -1.6402976376858163,
    -1.6403265125660116,
    -1.6403553741490338,
    -1.6403842225215624,
    -1.640413057770278,
    -1.6404418799818605,
    -1.6404706892429897,
    -1.6404994856403459,
    -1.6405282692606091,
    -1.6405570401904594,
    -1.6405857985165773,
    -1.640614544325642,
    -1.640643277704334,
    -1.6406719987393334,
    -1.6407007075173203,
    -1.640729404124975,
    -1.6407580886489768,
    -1.6407867611760065,
    -1.6408154217927438,
    -1.6408440705858691,
    -1.640872707642062,
    -1.640901333048003,
    -1.6409299468903717,
    -1.6409585492558485,
    -1.6409871402311138,
    -1.641015719902847,
    -1.6410442883577283,
    -1.6410728456824382,
    -1.6411013919636561,
    -1.641129927288063,
    -1.641158451742338,
    -1.641186965413162,
    -1.6412154683872142,
    -1.6412439607511755,
    -1.6412724425917253,
    -1.6413009139955441,
    -1.6413293750493116,
    -1.6413578258397084,
    -1.6413862664534142,
    -1.641414696977109,
    -1.6414431174974733,
    -1.6414715281011865,
    -1.6414999288749292,
    -1.6415283199053814,
    -1.641556701279223,
    -1.641585073083134,
    -1.6416134354037946,
    -1.641641788327885,
    -1.6416701319420852,
    -1.6416984663330751,
    -1.6417267915875349,
    -1.6417551077921446,
    -1.6417834150335846,
    -1.6418117133985344,
    -1.6418400029736742,
    -1.6418682838456844,
    -1.6418965561012449,
    -1.6419248198270358,
    -1.6419530751097369,
    -1.6419813220360286,
    -1.6420095606925909,
    -1.6420377911661037,
    -1.6420660135432474,
    -1.6420942279107016,
    -1.6421224343551468,
    -1.6421506329632627,
    -1.6421788238217296,
    -1.6422070070172279,
    -1.642235182636437,
    -1.6422633507660371,
    -1.6422915114927086,
    -1.6423196649031315,
    -1.6423478110839855,
    -1.642375950121951,
    -1.642404082103708,
    -1.6424322071159367,
    -1.6424603252453172,
    -1.642488436578529,
    -1.6425165412022527,
    -1.6425446392031682,
    -1.6425727306679556,
    -1.6426008156832952,
    -1.6426288943358667,
    -1.64265696671235,
    -1.6426850328994258,
    -1.642713092983774,
    -1.6427411470520743,
    -1.6427691951910068,
    -1.642797237487252,
    -1.6428252740274896,
    -1.6428533048984,
    -1.6428813301866627,
    -1.6429093499789582,
    -1.6429373643619665,
    -1.6429653734223677,
    -1.642993377246842,
    -1.643021375922069,
    -1.6430493695347292,
    -1.6430773581715024,
    -1.6431053419190689,
    -1.6431333208641086,
    -1.6431612950933017,
    -1.643189264693328,
    -1.6432172297508678,
    -1.6432451903526015,
    -1.6432731465852084,
    -1.643301098535369,
    -1.6433290462897634,
    -1.6433569899350715,
    -1.6433849295579737,
    -1.6434128652451496,
    -1.6434407970832796,
    -1.6434687251590436,
    -1.6434966495591217,
    -1.6435245703701942,
    -1.6435524876789407,
    -1.6435804015720417,
    -1.643608312136177,
    -1.643636219458027,
    -1.6436641236242715,
    -1.6436920247215905,
    -1.643719922836664,
    -1.6437478180561724,
    -1.6437757104667958,
    -1.6438036001552139,
    -1.6438314872081068,
    -1.6438593717121548,
    -1.6438872537540379,
    -1.6439151334204365,
    -1.64394301079803,
    -1.6439708859734985,
    -1.6439987590335228,
    -1.6440266300647821,
    -1.6440544991539574,
    -1.644082366387728,
    -1.644110231852774,
    -1.644138095635776,
    -1.6441659578234136,
    -1.6441938185023672,
    -1.6442216777593166,
    -1.644249535680942,
    -1.6442773923539231,
    -1.6443052478649407,
    -1.6443331023006744,
    -1.644360955747804,
    -1.6443888082930103,
    -1.6444166600229726,
    -1.6444445110243717,
    -1.6444723613838872,
    -1.6445002111881992,
    -1.6445280605239878,
    -1.644555909477933,
    -1.6445837581367153,
    -1.6446116065870142,
    -1.6446394549155101,
    -1.6446673032088828,
    -1.6446951515538129,
    -1.6447230000369797,
    -1.644750848745064,
    -1.6447786977647452,
    -1.6448065471827038,
    -1.64483439708562,
    -1.6448622475601735,
    -1.6448900986930446,
    -1.6449179505709133,
    -1.6449458032804594,
    -1.6449736569083635,
    -1.6450015115413053,
    -1.6450293672659648,
    -1.6450572241690224,
    -1.645085082337158,
    -1.6451129418570516,
    -1.6451408028153833,
    -1.645168665298833,
    -1.6451965293940813,
    -1.6452243951878078,
    -1.6452522627666928,
    -1.645280132217416,
    -1.6453080036266579,
    -1.6453358770810982,
    -1.6453637526674176,
    -1.6453916304722953,
    -1.6454195105824119,
    -1.6454473930844475,
    -1.6454752780650819,
    -1.6455031656109955,
    -1.6455310558088678,
    -1.6455589487453794,
    -1.6455868445072104,
    -1.6456147431810404,
    -1.6456426448535502,
    -1.645670549611419,
    -1.6456984575413272,
    -1.645726368729955,
    -1.6457542832639827,
    -1.6457822012300898,
    -1.6458101227149566,
    -1.6458380478052634,
    -1.64586597658769,
    -1.6458939091489166,
    -1.6459218455756233,
    -1.6459497859544898,
    -1.6459777303721967,
    -1.6460056789154236,
    -1.646033631670851,
    -1.6460615887251588,
    -1.6460895501650268,
    -1.6461175160771353,
    -1.6461454865481646,
    -1.6461734616647943,
    -1.6462014415137047,
    -1.646229426181576,
    -1.646257415755088,
    -1.646285410320921,
    -1.6463134099657548,
    -1.6463414147762696,
    -1.6463694248391456,
    -1.6463974402410628,
    -1.6464254610687015,
    -1.646453487408741,
    -1.6464815193478621,
    -1.6465095569727446,
    -1.6465376003700685,
    -1.6465656496265142,
    -1.6465937048287616,
    -1.6466217660634903,
    -1.646649833417381,
    -1.6466779069771138,
    -1.646705986829368,
    -1.6467340730608244,
    -1.646762165758163,
    -1.6467902650080635,
    -1.6468183708972064,
    -1.6468464835122714,
    -1.6468746029399386,
    -1.6469027292668883,
    -1.6469308625798005,
    -1.6469590029653551,
    -1.6469871505102325,
    -1.6470153053011123,
    -1.6470434674246748,
    -1.6470716369676002,
    -1.6470998140165687,
    -1.6471279986582599,
    -1.647156190979354,
    -1.6471843910665311,
    -1.6472125990064717,
    -1.647240814885855,
    -1.647269038791362,
    -1.647297270809672,
    -1.6473255110274656,
    -1.6473537595314227,
    -1.6473820164082231,
    -1.6474102817445473,
    -1.647438555627075,
    -1.6474668381424864,
    -1.647495129377462,
    -1.6475234294186811,
    -1.6475517383528242,
    -1.6475800562665712,
    -1.6476083832466024,
    -1.647636719379598,
    -1.6476650647522375,
    -1.6476934194512012,
    -1.6477217835631695,
    -1.647750157174822,
    -1.647778540372839,
    -1.6478069332439007,
    -1.647835335874687,
    -1.6478637483518777,
    -1.6478921707621534,
    -1.647920603192194,
    -1.6479490457286792,
    -1.6479774984582896,
    -1.6480059614677047,
    -1.6480344348436053,
    -1.6480629186726707,
    -1.6480914130415816,
    -1.6481199180370174,
    -1.6481484337456591,
    -1.6481769602541858,
    -1.6482054976492782,
    -1.648234046017616,
    -1.6482626054458795,
    -1.6482911760207488,
    -1.6483197578289037,
    -1.6483483509570245,
    -1.648376955491791,
    -1.6484055715198838,
    -1.6484341991279827,
    -1.6484628384027673,
    -1.6484914894309182,
    -1.6485201522991153,
    -1.648548827094039,
    -1.6485775139023688,
    -1.6486062128107852,
    -1.6486349239059679,
    -1.6486636472745972,
    -1.6486923830033535,
    -1.648721131178916,
    -1.6487498918879655,
    -1.6487786652171819,
    -1.6488074512532451,
    -1.6488362500828355,
    -1.6488650617926328,
    -1.648893886469317,
    -1.6489227241995685,
    -1.6489515750700674,
    -1.6489804391674938,
    -1.6490093165785271,
    -1.6490382073898482,
    -1.6490671116881366,
    -1.6490960295600725,
    -1.6491249610923364,
    -1.6491539063716079,
    -1.649182865484567,
    -1.6492118385178942,
    -1.6492408255582693,
    -1.6492698266923724,
    -1.6492988420068835,
    -1.6493278715884827,
    -1.6493569155238499,
    -1.649385973899666,
    -1.6494150468026099,
    -1.6494441343193622,
    -1.649473236536603,
    -1.6495023535410123,
    -1.6495314854192704,
    -1.6495606322580572,
    -1.6495897941440525,
    -1.6496189711639366,
    -1.6496481634043898,
    -1.6496773709520918,
    -1.6497065938937228,
    -1.649735832315963,
    -1.649765086305492,
    -1.6497943559489907,
    -1.6498236413331384,
    -1.6498529425446153,
    -1.649882259670102,
    -1.6499115927962777,
    -1.6499409420098234,
    -1.6499703073974186,
    -1.6499996890457433,
    -1.6500290870414778,
    -1.6500585012846254,
    -1.6500879316751893,
    -1.6501173781131724,
    -1.650146840498578,
    -1.6501763187314096,
    -1.6502058127116703,
    -1.650235322339363,
    -1.6502648475144914,
    -1.6502943881370586,
    -1.6503239441070674,
    -1.650353515324522,
    -1.6503831016894244,
    -1.6504127031017783,
    -1.6504423194615871,
    -1.6504719506688539,
    -1.6505015966235823,
    -1.6505312572257747,
    -1.6505609323754349,
    -1.650590621972566,
    -1.650620325917171,
    -1.6506500441092538,
    -1.6506797764488166,
    -1.6507095228358633,
    -1.6507392831703969,
    -1.650769057352421,
    -1.6507988452819382,
    -1.6508286468589521,
    -1.6508584619834659,
    -1.6508882905554825,
    -1.6509181324750057,
    -1.650947987642038,
    -1.6509778559565833,
    -1.6510077373186445,
    -1.6510376316282247,
    -1.6510675387853275,
    -1.6510974586899556,
    -1.6511273912421125,
    -1.6511573363418013,
    -1.6511872938890257,
    -1.6512172637837883,
    -1.6512472459260925,
    -1.6512772402159417,
    -1.6513072465533387,
    -1.6513372648382876,
    -1.6513672949707905,
    -1.6513973368508512,
    -1.6514273903784729,
    -1.6514574554536587,
    -1.6514875319764122,
    -1.651517619846736,
    -1.6515477189646337,
    -1.6515778292301084,
    -1.6516079505431636,
    -1.6516380828038022,
    -1.6516682259120272,
    -1.6516983797678424,
    -1.6517285442712506,
    -1.6517587193222554,
    -1.6517889048208594,
    -1.6518191006670662,
    -1.651849306760879,
    -1.6518795230023011,
    -1.651909749291336,
    -1.651939985527986,
    -1.651970231612255,
    -1.652000487444146,
    -1.6520307529236624,
    -1.6520610279508077,
    -1.6520913124255843,
    -1.6521216062479958,
    -1.6521519093180455,
    -1.6521822215357367,
    -1.6522125428010725,
    -1.6522428730140561,
    -1.6522732120746906,
    -1.6523035598829796,
    -1.6523339163389261,
    -1.652364281342533,
    -1.652394654793804,
    -1.652425036592742,
    -1.6524554266393503,
    -1.6524858248336323,
    -1.652516231075591,
    -1.6525466452652295,
    -1.6525770673025515,
    -1.6526074970875597,
    -1.652637934520258,
    -1.6526683795006487,
    -1.6526988319287355,
    -1.6527292917045218,
    -1.6527597587280103,
    -1.6527902328992048,
    -1.6528207141181082,
    -1.6528512022847237,
    -1.6528816972990545,
    -1.6529121990611042,
    -1.6529427074708753,
    -1.6529732224283717,
    -1.6530037438335963,
    -1.6530342715865523,
    -1.6530648055872432,
    -1.6530953457356716,
    -1.6531258919318415,
    -1.6531564440757553,
    -1.6531870020674169,
    -1.6532175658068295,
    -1.6532481351939958,
    -1.6532787101289192
]