[
    0.2168971286351638,
    0.21705238337628618,
    0.21720913341343376,
    0.2173673726624253,
    0.2175270950390796,
    0.21768829445921545,
    0.21785096483865166,
    0.218015100093207,
    0.21818069413870025,
    0.21834774089095027,
    0.21851623426577582,
    0.2186861681789957,
    0.21885753654642864,
    0.21903033328389357,
    0.2192045523072092,
    0.2193801875321943,
    0.21955723287466772,
    0.21973568225044823,
    0.21991552957535465,
    0.2200967687652057,
    0.22027939373582028,
    0.22046339840301712,
    0.22064877668261504,
    0.2208355224904328,
    0.22102362974228926,
    0.22121309235400316,
    0.2214039042413933,
    0.22159605932027848,
    0.22178955150647756,
    0.2219843747158092,
    0.22218052286409232,
    0.22237798986714566,
    0.222576769640788,
    0.22277685610083817,
    0.22297824316311496,
    0.22318092474343718,
    0.22338489475762355,
    0.22359014712149294,
    0.22379667575086415,
    0.22400447456155592,
    0.22421353746938705,
    0.2244238583901764,
    0.22463543123974272,
    0.2248482499339048,
    0.22506230838848143,
    0.22527760051929144,
    0.2254941202421536,
    0.2257118614728867,
    0.22593081812730953,
    0.22615098412124093,
    0.22637235337049966,
    0.22659491979090451,
    0.2268186772982743,
    0.2270436198084278,
    0.2272697412371838,
    0.2274970355003611,
    0.22772549651377855,
    0.22795511819325487,
    0.2281858944546089,
    0.22841781921365942,
    0.22865088638622522,
    0.2288850898881251,
    0.22912042363517787,
    0.2293568815432023,
    0.2295944575280172,
    0.22983314550544134,
    0.23007293939129356,
    0.2303138331013926,
    0.23055582055155732,
    0.2307988956576065,
    0.23104305233535888,
    0.23128828450063332,
    0.23153458606924857,
    0.23178195095702345,
    0.23203037307977672,
    0.23227984635332724,
    0.23253036469349375,
    0.2327819220160951,
    0.23303451223695,
    0.2332881292718773,
    0.23354276703669583,
    0.23379841944722426,
    0.23405508041928155,
    0.2343127438686864,
    0.2345714037112576,
    0.23483105386281394,
    0.23509168823917428,
    0.23535330075615737,
    0.235615885329582,
    0.23587943587526697,
    0.2361439463090311,
    0.23640941054669318,
    0.23667582250407193,
    0.23694317609698626,
    0.2372114652412549,
    0.2374806838526966,
    0.23775082584713028,
    0.23802188514037464,
    0.2382938556482485,
    0.23856673128657066,
    0.2388405059711599,
    0.23911517361783505,
    0.23939072814241485,
    0.23966716346071817,
    0.23994447348856374,
    0.24022265214177038,
    0.24050169333615684,
    0.240781590987542,
    0.24106233901174462,
    0.24134393132458345,
    0.24162636184187736,
    0.2419096244794451,
    0.24219371315310548,
    0.24247862177867727,
    0.2427643442719793,
    0.24305087454883034,
    0.24333820652504917,
    0.24362633411645462,
    0.2439152512388655,
    0.24420495180810056,
    0.2444954297399786,
    0.24478667895031844,
    0.24507869335493887,
    0.2453714668696587,
    0.24566499341029666,
    0.2459592668926716,
    0.24625428123260235,
    0.2465500303459076,
    0.24684650814840625,
    0.24714370855591705,
    0.24744162548425874,
    0.24774025284925022,
    0.24803958456671024,
    0.24833961455245757,
    0.248640336722311,
    0.2489417449920894,
    0.24924383327761152,
    0.2495465954946961,
    0.24985002555916203,
    0.2501541173868281,
    0.250458864893513,
    0.25076426199503554,
    0.25107030260721463,
    0.25137698064586905,
    0.25168429002681747,
    0.25199222466587884,
    0.2523007784788718,
    0.25260994538161524,
    0.25291971928992796,
    0.2532300941196287,
    0.25354106378653635,
    0.2538526222064696,
    0.2541647632952473,
    0.2544774809686882,
    0.2547907691426112,
    0.255104621732835,
    0.25541903265517835,
    0.2557339958254602,
    0.2560495051594992,
    0.2563655545731142,
    0.256682137982124,
    0.25699924930234747,
    0.25731688244960327,
    0.2576350313397103,
    0.25795368988848727,
    0.258272852011753,
    0.2585925116253263,
    0.258912662645026,
    0.25923329898667086,
    0.25955441456607964,
    0.25987600329907123,
    0.2601980591014643,
    0.26052057588907773,
    0.2608435475777303,
    0.26116696808324086,
    0.26149083132142803,
    0.26181513120811084,
    0.26213986165910785,
    0.2624650165902381,
    0.2627905899173201,
    0.26311657555617296,
    0.26344296742261525,
    0.26376975943246583,
    0.2640969455015435,
    0.26442451954566704,
    0.2647524754806553,
    0.26508080722232696,
    0.26540950868650093,
    0.265738573788996,
    0.26606799644563084,
    0.2663977705722244,
    0.2667278900845954,
    0.26705834889856267,
    0.2673891409299449,
    0.267720260094561,
    0.2680517003082298,
    0.2683834554867699,
    0.2687155195460003,
    0.2690478864017397,
    0.2693805499698069,
    0.2697135041660207,
    0.2700467429061999,
    0.27038026010616334,
    0.27071404968172974,
    0.27104810554871794,
    0.2713824216229467,
    0.27171699182023484,
    0.2720518100564011,
    0.2723868702472644,
    0.27272216630864343,
    0.273057692156357,
    0.273393441706224,
    0.27372940887406305,
    0.2740655875756931,
    0.2744019717269328,
    0.27473855524360113,
    0.2750753320415168,
    0.2754122960364985,
    0.27574944114436517,
    0.27608676128093557,
    0.27642425036202845,
    0.27676190230346265,
    0.2770997110210569,
    0.2774376704306301,
    0.27777577444800094,
    0.2781140169889883,
    0.27845239196941096,
    0.27879089330508766,
    0.27912951491183724,
    0.2794682507054784,
    0.2798070946018301,
    0.28014604051671105,
    0.28048508236594005,
    0.2808242140653359,
    0.2811634295307174,
    0.2815027226779033,
    0.28184208742271244,
    0.2821815176809636,
    0.2825210073684756,
    0.28286055040106717,
    0.28320014069455723,
    0.28353977216476445,
    0.28387943872750765,
    0.2842191342986057,
    0.28455885279387727,
    0.2848985881291412,
    0.28523833422021644,
    0.2855780849829216,
    0.2859178343330755,
    0.28625757618649694,
    0.2865973044590048,
    0.28693701306641783,
    0.28727669592455474,
    0.28761634694923444,
    0.2879559600562757,
    0.28829552916149725,
    0.288635048180718,
    0.28897451102975663,
    0.289313911624432,
    0.28965324388056285,
    0.28999250171396806,
    0.29033167904046636,
    0.2906707697758766,
    0.29100976783601745,
    0.2913486671367079,
    0.2916874615937666,
    0.2920261451230123,
    0.29236471164026395,
    0.2927031550613403,
    0.2930414693020601,
    0.29337964827824214,
    0.29371768590570524,
    0.2940555761002682,
    0.2943933127777498,
    0.2947308898539689,
    0.29506830124474415,
    0.2954055408658945,
    0.29574260263323865,
    0.29607948046259547,
    0.2964161682697837,
    0.29675265997062206,
    0.29708894948092957,
    0.29742503071652476,
    0.2977608975932266,
    0.29809654402685387,
    0.2984319639332253,
    0.2987671512281597,
    0.2991020998274759,
    0.29943680364699266,
    0.2997712566025288,
    0.3001054526099031,
    0.30043938558493444,
    0.3007730494434414,
    0.30110643810124305,
    0.30143954547415797,
    0.301772365478005,
    0.302104892028603,
    0.3024371190417708,
    0.3027690404333271,
    0.30310065011909065,
    0.3034319420148804,
    0.303762910036515,
    0.3040935480998133,
    0.30442385012059414,
    0.3047538100146763,
    0.3050834216978785,
    0.30541267908601966,
    0.3057415760949185,
    0.30607010664039375,
    0.3063982646382643,
    0.30672604400434894,
    0.30705343865446644,
    0.3073804425044356,
    0.3077070494700752,
    0.30803325346720406,
    0.30835904841164097,
    0.3086844282192047,
    0.3090093868057141,
    0.30933391808698785,
    0.3096580159788449,
    0.309981674397104,
    0.3103048872575838,
    0.3106276484761033,
    0.3109499519684812,
    0.3112717916505363,
    0.31159316143808735,
    0.31191405524695326,
    0.31223446699295276,
    0.3125543905919046,
    0.3128738199596276,
    0.3131927490119406,
    0.31351117166466236,
    0.3138290818336117,
    0.31414647343460733,
    0.31446334038346824,
    0.31477967659601297,
    0.31509547598806054,
    0.3154107324754296,
    0.315725439973939,
    0.3160395923994075,
    0.31635318366765397,
    0.31666620769449716,
    0.3169786583957558,
    0.3172905296872488,
    0.3176018154847949,
    0.3179125097042129,
    0.3182226062613216,
    0.31853209907193974,
    0.3188409820518862,
    0.3191492491169797,
    0.31945689418303913,
    0.31976391116588326,
    0.3200702939813308,
    0.32037603654520064,
    0.3206811327733115,
    0.3209855765814822,
    0.3212893618855316,
    0.3215924826012784,
    0.32189493264454144,
    0.32219670593113947,
    0.32249779637689135,
    0.32279819789761593,
    0.3230979044091319,
    0.323396909827258,
    0.32369520806781316,
    0.3239927930466161,
    0.32428965867948567,
    0.3245857988822406,
    0.32488120757069977,
    0.32517587866068187,
    0.3254698060680058,
    0.3257629837084902,
    0.3260554054979541,
    0.326347065352216,
    0.326637957187095,
    0.3269280749184097,
    0.327217412461979,
    0.32750596373362156,
    0.3277937226491563,
    0.328080683124402,
    0.3283668390751774,
    0.3286521844173013,
    0.32893671306659256,
    0.32922041893886994,
    0.3295032959499522,
    0.3297853380156581,
    0.3300665390518066,
    0.3303468929742164,
    0.3306263936987063,
    0.33090503514109504,
    0.3311828112172014,
    0.3314597158428443,
    0.3317357429338425,
    0.3320108864060147,
    0.33228514017517985,
    0.33255849815715655,
    0.33283095426776377,
    0.33310250242282025,
    0.3333731365381447,
    0.333642850529556,
    0.33391163831287296,
    0.33417949380391443,
    0.33444641091849897,
    0.3347123835724456,
    0.3349774056815731,
    0.3352414711617001,
    0.3355045739286455,
    0.33576670789822816,
    0.3360278669862668,
    0.33628804510858024,
    0.33654723618098725,
    0.33680543411930663,
    0.33706263283935717,
    0.3373188262569577,
    0.337574008287927,
    0.33782817284808386,
    0.338081313853247,
    0.3383334252192354,
    0.3385845008618677,
    0.3388345346969627,
    0.3390835206403393,
    0.33933145260781616,
    0.3395783245152122,
    0.3398241302783461,
    0.3400688638130368,
    0.34031251903510296,
    0.3405550898603634,
    0.340796570204637,
    0.34103695398374245,
    0.34127623511349864,
    0.3415144075097243,
    0.34175146508823817,
    0.3419874017648592,
    0.34222221145540604,
    0.3424558880756976,
    0.34268842554155265,
    0.3429198177687899,
    0.3431500586732281,
    0.3433791421706863,
    0.3436070621769831,
    0.34383381260793733,
    0.3440593873793678,
    0.3442837804070933,
    0.3445069856069326,
    0.3447289968947045,
    0.3449498081862279,
    0.34516941339732143,
    0.34538780644380396,
    0.3456049812414943,
    0.34582093170621125,
    0.3460356517537736,
    0.3462491353000001,
    0.3464613762607096,
    0.3466723685517209,
    0.3468821060888527,
    0.34709058278792393,
    0.3472977925647533,
    0.3475037293351596,
    0.34770838701496165,
    0.34791175951997827,
    0.34811384076602825,
    0.34831462466893026,
    0.3485141051445033,
    0.34871227610856603,
    0.3489091314769373,
    0.34910466516543587,
    0.34929887108988056,
    0.3494917431660901,
    0.3496832753098834,
    0.3498734614370792,
    0.3500622954634963,
    0.3502497713049535,
    0.3504358828772695,
    0.35062062409626327,
    0.35080398887775344,
    0.35098597113755886,
    0.35116656479149844,
    0.3513457637553908,
    0.3515235619450548,
    0.3516999532763093,
    0.35187493166497297,
    0.35204849102686475,
    0.3522206252778033,
    0.35239132833360753,
    0.3525605941100962,
    0.35272841652308806,
    0.3528947894884019,
    0.3530597069218566,
    0.3532231627392709,
    0.35338515085646355,
    0.35354566518925346,
    0.3537046996534593,
    0.3538622481649,
    0.3540183046393942,
    0.35417286299276074,
    0.3543259171408185,
    0.35447746099938626,
    0.35462748848428277,
    0.3547759935113268,
    0.3549229699963372,
    0.35506841185513277,
    0.35521231300353223,
    0.35535467604026405,
    0.3554955035640566,
    0.35563479817363836,
    0.3557725624677376,
    0.3559087990450829,
    0.35604351050440247,
    0.35617669944442487,
    0.35630836846387837,
    0.35643852016149147,
    0.3565671571359925,
    0.35669428198611003,
    0.3568198973105722,
    0.35694400570810764,
    0.35706660977744464,
    0.3571877121173117,
    0.35730731532643706,
    0.35742542200354926,
    0.35754203474737667,
    0.3576571561566476,
    0.35777078883009067,
    0.3578829353664341,
    0.35799359836440636,
    0.3581027804227358,
    0.3582104841401509,
    0.35831671211538,
    0.3584214669471515,
    0.3585247512341939,
    0.35862656757523553,
    0.35872691856900474,
    0.35882580681423004,
    0.3589232349096398,
    0.35901920545396243,
    0.35911372104592626,
    0.3592067842842598,
    0.35929839776769135,
    0.35938856409494935,
    0.35947728586476224,
    0.3595645656758585,
    0.3596504061269663,
    0.3597348098168142,
    0.3598177793441306,
    0.3598993173076439,
    0.3599794263060825,
    0.3600581089381748,
    0.36013536780264915,
    0.36021120549823404,
    0.36028562462365776,
    0.3603586277776489,
    0.3604302175589357,
    0.36050039656624655,
    0.36056916739831,
    0.36063653265385437,
    0.360702494931608,
    0.3607670568302994,
    0.3608302209486569,
    0.360891989885409,
    0.36095236623928395,
    0.3610113526090103,
    0.3610689515933164,
    0.3611251657909306,
    0.3611799978005814,
    0.3612334502209972,
    0.36128552565090627,
    0.3613362266890371,
    0.36138555593411814,
    0.3614335159848777,
    0.3614801094400443,
    0.36152533889834615,
    0.3615692069585119,
    0.3616117162192698,
    0.3616528692793483,
    0.36169266873747574,
    0.36173111719238066,
    0.3617682172427913,
    0.36180397148743615,
    0.36183838252504363,
    0.3618714529543421,
    0.36190318537405997,
    0.36193358238292567,
    0.3619626465796676,
    0.36199038056301414,
    0.3620167869316937,
    0.36204186828443463,
    0.3620656272199655,
    0.3620880663370145,
    0.3621091882343102,
    0.362128995510581,
    0.3621474907645551,
    0.3621646765949611,
    0.3621805556005274,
    0.36219513037998236,
    0.3622084035320543,
    0.36222037765547177,
    0.36223105534896316,
    0.3622404392112567,
    0.36224853184108097,
    0.3622553358371643,
    0.36226085379823514,
    0.36226508832302184,
    0.36226804201025276,
    0.36226971745865644,
    0.36227011726696123,
    0.3622692440338955,
    0.36226710035818765,
    0.3622636888385662,
    0.3622590120737593,
    0.3622530726624956,
    0.36224587320350343,
    0.3622374162955111,
    0.3622277045372472,
    0.36221674052743996,
    0.36220452686481786,
    0.36219106614810925,
    0.36217636097604256,
    0.3621604139473463,
    0.36214322766074875,
    0.3621248047149783,
    0.36210514770876345,
    0.36208425924083254,
    0.3620621419099139,
    0.3620387983147362,
    0.3620142310540275,
    0.3619884427265164,
    0.3619614359309314,
    0.3619332132660006,
    0.3619037773304527,
    0.3618731307230159,
    0.3618412760424188,
    0.36180821588738954,
    0.3617739528566567,
    0.3617384895489487,
    0.36170182856299393,
    0.3616639724975207,
    0.36162492395125745,
    0.36158468552293266,
    0.36154325981127466,
    0.36150064941501187,
    0.3614568569328727,
    0.36141188496358556,
    0.36136573610587885,
    0.36131841295848094,
    0.3612699181201203,
    0.3612202541895253,
    0.36116942376542427,
    0.3611174294465457,
    0.36106427383161804,
    0.3610099595193696,
    0.3609544891085288,
    0.3608978651978241,
    0.36084009038598375,
    0.36078116727173637,
    0.36072109845381023,
    0.3606598865309337,
    0.36059753410183537,
    0.3605340437652434,
    0.3604694181198863,
    0.3604036597644926,
    0.3603367712977905,
    0.36026875531850855,
    0.36019961442537507,
    0.3601293512171185,
    0.36005796829246717,
    0.35998546825014954,
    0.3599118536888941,
    0.3598371272074291,
    0.3597612914044831,
    0.35968434887878437,
    0.35960630222906137,
    0.35952715405404245,
    0.3594469069524561,
    0.3593655635230307,
    0.35928312636449455,
    0.3591995980755762,
    0.359114981255004,
    0.35902927850150634,
    0.3589424924138116,
    0.3588546255906483,
    0.35876568063074465,
    0.35867566013282925,
    0.3585845666956303,
    0.35849240291787643,
    0.3583991713982959,
    0.3583048747356171,
    0.3582095155285685,
    0.3581130963758785,
    0.3580156198762755,
    0.35791708862848787,
    0.357817505231244,
    0.3577168722832724,
    0.3576151923833013,
    0.35751246813005927,
    0.3574087021222746,
    0.3573038969586757,
    0.35719805523799114,
    0.35709117955894915,
    0.35698327252027817,
    0.35687433672070656,
    0.35676437475896283,
    0.3566533892337753,
    0.3565413827438724,
    0.35642835788798255,
    0.3563143172648342,
    0.3561992634731556,
    0.3560831991116753,
    0.35596612677912165,
    0.35584804907422307,
    0.3557289685957079,
    0.35560888794230455,
    0.3554878097127415,
    0.3553657365057472,
    0.3552426709200499,
    0.35511861555437807,
    0.35499357300746015,
    0.3548675458780245,
    0.35474053676479955,
    0.3546125482665136,
    0.3544835829818952,
    0.3543536435096727,
    0.3542227324485745,
    0.354090852397329,
    0.35395800595466465,
    0.3538241957193097,
    0.3536894242899928,
    0.3535536942654421,
    0.35341700824438615,
    0.35327936882555333,
    0.35314077860767207,
    0.3530012401894707,
    0.3528607561696777,
    0.3527193291470214,
    0.35257696172023023,
    0.3524336564880326,
    0.352289416049157,
    0.3521442430023317,
    0.3519981399462851,
    0.35185110947974574,
    0.3517031542014419,
    0.351554276710102,
    0.35140447960445453,
    0.3512537654832278,
    0.35110213694515024,
    0.35094959658895025,
    0.35079614701335626,
    0.3506417908170966,
    0.3504865305988998,
    0.3503303689574942,
    0.35017330849160816,
    0.3500153517999701,
    0.3498565014813084,
    0.34969676013435164,
    0.34953613035782805,
    0.34937461475046605,
    0.34921221591099405,
    0.3490489364381405,
    0.3488847789306337,
    0.3487197459872022,
    0.3485538402065743,
    0.34838706418747845,
    0.3482194205286431,
    0.34805091182879644,
    0.3478815406866671,
    0.3477113097009834,
    0.3475402214704738,
    0.3473682785938666,
    0.3471954836698903,
    0.3470218392972732,
    0.3468473480747438,
    0.34667201260103053,
    0.3464958354748616,
    0.34631881929496566,
    0.34614096666007094,
    0.34596228016890596,
    0.34578276242019895,
    0.34560241601267855,
    0.345421243545073,
    0.3452392476161107,
    0.3450564308245202,
    0.34487279576902974,
    0.34468834504836776,
    0.3445030812612627,
    0.34431700700644297,
    0.344130124882637,
    0.3439424374885731,
    0.3437539474229797,
    0.3435646572845853,
    0.3433745696721182,
    0.3431836871843068,
    0.34299201241987953,
    0.34279954797756484,
    0.3426062964560911,
    0.3424122604541867,
    0.34221744257058007,
    0.3420218454039996,
    0.3418254715531736,
    0.3416283236168307,
    0.3414304041936991,
    0.34123171588250717,
    0.3410322612819835,
    0.34083204299085645,
    0.34063106360785433,
    0.3404293257317056,
    0.3402268319611386,
    0.3400235848948819,
    0.3398195871316637,
    0.3396148412702125,
    0.33940934990925675,
    0.3392031156475248,
    0.338996141083745,
    0.3387884288166459,
    0.3385799814449557,
    0.33837080156740307,
    0.33816089178271613,
    0.3379502546896235,
    0.33773889288685344,
    0.33752680897313436,
    0.3373140055471948,
    0.3371004852077631,
    0.3368862505535676,
    0.33667130418333674,
    0.3364556486957989,
    0.33623928668968256,
    0.336022220763716,
    0.3358044535166278,
    0.3355859875471462,
    0.3353668254539997,
    0.3351469698359167,
    0.3349264232916255,
    0.33470518841985464,
    0.33448326781933235,
    0.33426066408878724,
    0.3340373798269476,
    0.3338134176325418,
    0.3335887801042984,
    0.3333634698409456,
    0.3331374894412119,
    0.33291084150382577,
    0.3326835286275155,
    0.33245555341100963,
    0.3322269184530363,
    0.3319976263523242,
    0.3317676797076016,
    0.33153708111759694,
    0.3313058331810386,
    0.331073938496655,
    0.3308413996631745,
    0.3306082192793256,
    0.3303743999438366,
    0.33013994425543597,
    0.3299048548128521,
    0.3296691342148133,
    0.32943278506004814,
    0.3291958099472849,
    0.32895821147525206,
    0.3287199922426779,
    0.328481154848291,
    0.3282417018908197,
    0.32800163596899223,
    0.32776095968153723,
    0.327519675627183,
    0.327277786404658,
    0.32703529461269054,
    0.3267922028500091,
    0.326548513715342,
    0.3263042298074178,
    0.32605935372496475,
    0.3258138880667113,
    0.3255678354313859,
    0.32532119841771684,
    0.32507397962443263,
    0.32482618165026167,
    0.32457780709393236,
    0.324328858554173,
    0.3240793386297121,
    0.3238292499192781,
    0.32357859502159925,
    0.3233273765354041,
    0.32307559705942096,
    0.32282325919237825,
    0.32257036553300444,
    0.3223169186800279,
    0.32206292123217695,
    0.3218083757881801,
    0.3215532849467657,
    0.3212976513066622,
    0.32104147746659795,
    0.3207847660253014,
    0.32052751958150094,
    0.3202697407339249,
    0.32001143208130184,
    0.31975259622236,
    0.3194932357558279,
    0.31923335328043384,
    0.31897295139490633,
    0.31871203269797377,
    0.31845059978836443,
    0.3181886552648068,
    0.3179262017260293,
    0.31766324177076033,
    0.3173997779977283,
    0.31713581300566157,
    0.3168713493932886,
    0.31660638975933775,
    0.3163409367025374,
    0.316074992821616,
    0.31580856071530194,
    0.3155416429823237,
    0.31527424222140954,
    0.31500636103128793,
    0.3147380020106873,
    0.314469167758336,
    0.3141998608729625,
    0.31393008395329525,
    0.31365983959806243,
    0.3133891304059926,
    0.3131179589758142,
    0.31284632790625555,
    0.31257423979604504,
    0.3123016972439112,
    0.3120287028485823,
    0.3117552592087869,
    0.3114813689232532,
    0.31120703459070964,
    0.3109322588098848,
    0.3106570441795069,
    0.31038139329830444,
    0.3101053087650058,
    0.3098287931783394,
    0.3095518491370336,
    0.30927447923981677,
    0.3089966860854174,
    0.30871847227256394,
    0.3084398403999846,
    0.3081607930664081,
    0.3078813328705624,
    0.3076014624111763,
    0.30732118428697797,
    0.30704050109669595,
    0.30675941543905855,
    0.3064779299127942,
    0.3061960471166314,
    0.30591376964929834,
    0.30563110010952366,
    0.30534804109603564,
    0.30506459520756257,
    0.30478076504283313,
    0.3044965532005755,
    0.3042119622795182,
    0.30392699487838953,
    0.303641653595918,
    0.30335594103083197,
    0.30306985978185985,
    0.30278341244773,
    0.30249660162717096,
    0.3022094299189109,
    0.3019218999216784,
    0.30163401423420183,
    0.3013457754552096,
    0.30105718618343,
    0.3007682490175917,
    0.3004789665564228,
    0.3001893413986519,
    0.2998993761430073,
    0.29960907338821746,
    0.29931843573301076,
    0.2990274657761156,
    0.2987361661162604,
    0.29844453935217363,
    0.2981525880825835,
    0.29786031490621867,
    0.2975677224218073,
    0.2972748132280779,
    0.29698158992375895,
    0.29668805510757873,
    0.2963942113782657,
    0.29610006133454825,
    0.29580560757515484,
    0.2955108526988137,
    0.29521579930425346,
    0.2949204499902024,
    0.29462480735538893,
    0.29432887399854146,
    0.2940326525183884,
    0.2937361455136582,
    0.29343935558307915,
    0.2931422853253798,
    0.2928449373392884,
    0.2925473142235334,
    0.2922494185768433,
    0.2919512529979464,
    0.29165282008557114,
    0.29135412243844594,
    0.2910551626552992,
    0.2907559433348592,
    0.2904564670758546,
    0.29015673647701357,
    0.28985675413706463,
    0.2895565226547361,
    0.2892560446287565,
    0.2889553226578541,
    0.28865435934075745,
    0.2883531559724487,
    0.2880517138479104,
    0.28775003426212464,
    0.2874481185100739,
    0.2871459678867404,
    0.2868435836871066,
    0.28654096720615474,
    0.28623811973886715,
    0.2859350425802261,
    0.28563173702521405,
    0.28532820436881323,
    0.285024445906006,
    0.28472046293177466,
    0.28441625674110155,
    0.284111828628969,
    0.2838071798903593,
    0.28350231182025487,
    0.2831972257136379,
    0.2828919228654908,
    0.282586404570796,
    0.28228067212453556,
    0.281974726821692,
    0.28166856995724754,
    0.2813622028261846,
    0.28105562672348555,
    0.2807488429441326,
    0.28044185278310807,
    0.28013465753539435,
    0.27982725849597373,
    0.2795196569598285,
    0.2792118542219411,
    0.2789038515772938,
    0.27859565032086886,
    0.27828725174764873,
    0.2779786571526156,
    0.27766986783075187,
    0.27736088507703993,
    0.2770517101864619,
    0.2767423444540003,
    0.2764327891746374,
    0.27612304564335555,
    0.27581311515513696,
    0.2755029990049641,
    0.27519269848781924,
    0.2748822148986847,
    0.27457154953254276,
    0.27426070368437583,
    0.27394967864916614,
    0.27363847572189615,
    0.2733270961975481,
    0.27301554137110423,
    0.27270381253754705,
    0.2723919109918588,
    0.27207983802902175,
    0.27176759494401825,
    0.2714551830318307,
    0.27114260358744136,
    0.2708298579058326,
    0.2705169472819867,
    0.270203873010886,
    0.2698906363875128,
    0.26957723870684946,
    0.26926368126387834,
    0.26894996535358173,
    0.26863609227094193,
    0.2683220633109412,
    0.2680078797685621,
    0.2676935429387867,
    0.26737905411659746,
    0.2670644145969767,
    0.26674962567490673,
    0.26643468864536984,
    0.2661196048033484,
    0.2658043754438247,
    0.2654890018617811,
    0.2651734853521999,
    0.26485782721006346,
    0.26454202873035404,
    0.264226091208054,
    0.2639100159381458,
    0.2635938042156115,
    0.2632774573354336,
    0.2629609765925944,
    0.2626443632820762,
    0.26232761869886134,
    0.2620107441379322,
    0.26169374089427094,
    0.2613766102628601,
    0.26105935353868187,
    0.26074197201671856,
    0.26042446699195254,
    0.2601068397593662,
    0.25978909161394187,
    0.25947122385066174,
    0.25915323776450816,
    0.25883513465046354,
    0.25851691580351016,
    0.25819858251863037,
    0.25788013609080646,
    0.25756157781502076,
    0.25724290898625557,
    0.25692413089949334,
    0.25660524484971625,
    0.2562862521319067,
    0.25596715404104703,
    0.2556479518721195,
    0.25532864692010654,
    0.2550092404799903,
    0.2546897338467533,
    0.25437012831537775,
    0.25405042518084603,
    0.25373062573814037,
    0.25341073128224323,
    0.25309074310813684,
    0.25277066251080355,
    0.2524504907852257,
    0.2521302292263856,
    0.2518098791292656,
    0.251489441788848,
    0.2511689185001151,
    0.2508483105580493,
    0.2505276192576329,
    0.2502068458938481,
    0.24988599176167747,
    0.24956505815610314,
    0.2492440463721075,
    0.2489229577046729,
    0.24860179344878164,
    0.24828055489941597,
    0.24795924335155833,
    0.247637860100191,
    0.24731640644029634,
    0.24699488366685662,
    0.2466732930748542,
    0.2463516359592714,
    0.24602991361509052,
    0.24570812733729386,
    0.2453862784208639,
    0.2450643681607828,
    0.24474239785203294,
    0.24442036878959666,
    0.24409828226845626,
    0.2437761395835941,
    0.2434539420299925,
    0.24313169090263373,
    0.24280938749650016,
    0.24248703310657413,
    0.24216462902783795,
    0.24184217655527396,
    0.24151967698386442,
    0.24119713160859174,
    0.24087454172443817,
    0.24055190862638615,
    0.24022923360941786,
    0.23990651796851573,
    0.23958376299866205,
    0.23926096999483915,
    0.2389381402520293,
    0.23861527506521493,
    0.23829237572937834,
    0.23796944353950178,
    0.23764647979056763,
    0.23732348577755824,
    0.23700046279545584,
    0.2366774121392429,
    0.23635433510390164,
    0.23603123298441436,
    0.2357081070757635,
    0.2353849586729313,
    0.23506178907090014,
    0.23473859956465226,
    0.23441539144917006,
    0.2340921660194359,
    0.23376892457043197,
    0.2334456683971407,
    0.2331223987945444,
    0.2327991170576254,
    0.232475824481366,
    0.23215252236074851,
    0.23182921199075535,
    0.23150589466636873,
    0.23118257168257103,
    0.2308592443343446,
    0.2305359139166717,
    0.2302125817245347,
    0.22988924905291594,
    0.2295659171967977,
    0.22924258745116233,
    0.22891926111099214,
    0.2285959394712695,
    0.22827262382697672,
    0.22794931547309605,
    0.22762601570460989,
    0.22730272581650057,
    0.2269794471037504,
    0.2266561808613417,
    0.22633292838425678,
    0.226009690967478,
    0.22568646990598767,
    0.2253632664947681,
    0.22504008202880166,
    0.22471691780307063,
    0.22439377511255731,
    0.22407065525224412,
    0.22374755951711328,
    0.2234244892021472,
    0.2231014456023282,
    0.22277843001263853,
    0.2224554437280606,
    0.22213248804357666,
    0.2218095642541691,
    0.22148667365482022,
    0.22116381754051234,
    0.2208409972062278,
    0.2205182139469489,
    0.22019546905765802,
    0.21987276383333737,
    0.21955009956896943,
    0.21922747755953642,
    0.2189048991000207,
    0.21858236548540458,
    0.2182598780106704,
    0.21793743797080048,
    0.21761504666077716,
    0.21729270537558276,
    0.21697041541019954,
    0.21664817805960992,
    0.2163259946187962,
    0.21600386638274066,
    0.21568179464642573,
    0.2153597807048336,
    0.21503782585294667,
    0.2147159313857473,
    0.2143940985982177,
    0.2140723287853403,
    0.2137506232420974,
    0.21342898326347132,
    0.21310741014444434,
    0.2127859051799989,
    0.21246446966511723,
    0.21214310489478166,
    0.21182181216397455,
    0.2115005927676782,
    0.21117944800087496,
    0.21085837915854713,
    0.21053738753567708,
    0.21021647442724706,
    0.20989564112823944,
    0.20957488893363657,
    0.20925421913842074,
    0.20893363303757428,
    0.20861313192607955,
    0.20829271709891878,
    0.2079723898510744,
    0.20765215147752872,
    0.207332003273264,
    0.20701194653326266,
    0.20669198255250693,
    0.20637211262597918,
    0.20605233804866174,
    0.20573266011553698,
    0.2054130801215871,
    0.20509359936179455,
    0.2047742191311416,
    0.20445494072461057,
    0.2041357654371838,
    0.20381669456384366,
    0.20349772939957234,
    0.2031788712393523,
    0.20286012137816584,
    0.20254148111099524,
    0.20222295173282284,
    0.201904534538631,
    0.20158623082340202,
    0.20126804188211822,
    0.20094996900976192,
    0.2006320135013155,
    0.2003141766517612,
    0.19999645975608143,
    0.19967886410925845,
    0.1993613910062746,
    0.19904404174211224,
    0.19872681761175365,
    0.1984097199101812,
    0.19809274993237716,
    0.19777590897332392,
    0.19745919832800377,
    0.19714261929139903,
    0.196826173158492,
    0.1965098612242651,
    0.19619368478370058,
    0.19587764513178074,
    0.195561743563488,
    0.1952459813738046,
    0.19493035985771293,
    0.19461488031019525,
    0.1942995440262339,
    0.1939843523008113,
    0.19366930642890962,
    0.19335440770551132,
    0.19303965742559864,
    0.19272505688415395,
    0.19241060737615956,
    0.19209631019659779,
    0.19178216664045097,
    0.19146817800270144,
    0.1911543455783315,
    0.19084067066232352,
    0.1905271545496598,
    0.1902137985353226,
    0.18990060391429436,
    0.18958757198155735,
    0.18927470403209384,
    0.18896200136088626,
    0.18864946526291687,
    0.18833709703316803,
    0.18802489796662206,
    0.18771286935826126,
    0.18740101250306795,
    0.18708932869602451,
    0.18677781923211323,
    0.18646648540631638,
    0.18615532851361638,
    0.18584434984899553,
    0.18553355070743616,
    0.1852229323839205,
    0.18491249617343103,
    0.18460224337095,
    0.1842921752714597,
    0.1839822931699425,
    0.18367259836138067,
    0.18336309214075663,
    0.1830537758030527,
    0.1827446506432511,
    0.18243571795633423,
    0.18212697903728442,
    0.18181843518108398,
    0.18151008768271523,
    0.1812019378371605,
    0.18089398693940206,
    0.18058623628442239,
    0.18027868716720363,
    0.17997134088272823,
    0.1796641987259785,
    0.1793572619919367,
    0.17905053197558524,
    0.17874400997190637,
    0.17843769727588246,
    0.17813159518249583,
    0.1778257049867288,
    0.1775200279835637,
    0.17721456546798287,
    0.17690931873496857,
    0.1766042890795032,
    0.17629947779656907,
    0.17599488618114847,
    0.17569051552822376,
    0.17538636713277728,
    0.1750824422897913,
    0.17477874229424817,
    0.17447526844113023,
    0.17417202202541981,
    0.17386900434209918,
    0.17356621668615074,
    0.1732636603525568,
    0.17296133663629965,
    0.17265924683236167,
    0.1723573922357251,
    0.17205577414137233,
    0.17175439384428567,
    0.17145325263944744,
    0.17115235182184,
    0.17085169268644562,
    0.1705512765282467,
    0.17025110464222545,
    0.16995117832336432,
    0.16965149886664554,
    0.16935206756705148,
    0.1690528857195645,
    0.16875395461916687,
    0.1684552755608409,
    0.16815684983956897,
    0.1678586787503334,
    0.16756076358811645,
    0.1672631056479005,
    0.16696570622466791,
    0.16666856661340096,
    0.16637168810908196,
    0.16607507200669325,
    0.16577871960121718,
    0.16548263218763604,
    0.1651868110609322,
    0.1648912575160879,
    0.16459597284808558,
    0.1643009583519075,
    0.164006215322536,
    0.1637117450549534,
    0.163417548844142,
    0.16312362798508415,
    0.1628299837727622,
    0.16253661750215845,
    0.16224353046825518,
    0.16195072396603483,
    0.16165819929047964,
    0.16136595773657192,
    0.16107400059929405,
    0.16078232917362836,
    0.16049094475455714,
    0.16019984863706271,
    0.15990904211612741,
    0.15961852648673358,
    0.15932830304386353,
    0.15903837308249957,
    0.15874873789762406,
    0.15845939878421933,
    0.15817035703726767,
    0.1578816139517514,
    0.15759317082265287,
    0.1573050289449544,
    0.15701718961363834,
    0.15672965412368697,
    0.15644242377008266,
    0.1561554998478077,
    0.15586888365184443,
    0.15558257647717516,
    0.15529657961878224,
    0.155010894371648,
    0.15472552203075474,
    0.1544404638910848,
    0.15415572124762048,
    0.15387129539534414,
    0.1535871876292381,
    0.15330339924428465,
    0.1530199315354662,
    0.15273678579776498,
    0.15245396332616334,
    0.1521714654156437,
    0.15188929336118823,
    0.15160744845777935,
    0.15132593200039934,
    0.15104474528403058,
    0.1507638896036554,
    0.15048336625425604,
    0.15020317653081489,
    0.1499233217283143,
    0.14964380314173653,
    0.1493646220660639,
    0.14908577979627885,
    0.14880727762736357,
    0.14852911685430045,
    0.14825129877207183,
    0.14797382467566,
    0.1476966958600473,
    0.14741991362021606,
    0.1471434792511486,
    0.14686739404782723,
    0.1465916593052343,
    0.14631627631835212,
    0.146041246382163,
    0.14576657079164934,
    0.14549225084179337,
    0.14521828782757748,
    0.14494468304398397,
    0.14467143778599517,
    0.1443985533485934,
    0.144126031026761,
    0.14385387211548029,
    0.14358207790973354,
    0.1433106497045032,
    0.14303958879477147,
    0.14276889647552074,
    0.14249857404173333,
    0.14222862278839155,
    0.14195904401047774,
    0.14168983900297422,
    0.14142100906086333,
    0.14115255547912736,
    0.14088447955274866,
    0.14061678257670956,
    0.1403494658459924,
    0.14008253065557943,
    0.13981597830045306,
    0.13954981007559558,
    0.13928402727598932,
    0.1390186311966166,
    0.13875362313245976,
    0.1384890043785011,
    0.13822477622972296,
    0.1379609399811077,
    0.13769749692763758,
    0.13743444836429497,
    0.13717179558606218,
    0.13690953988792154,
    0.13664768256485535,
    0.136386224911846,
    0.13612516822387577,
    0.13586451379592698,
    0.13560426292298197,
    0.13534441690002308,
    0.13508497702203257,
    0.1348259427485203,
    0.134567313538996,
    0.1343090888529695,
    0.13405126814995055,
    0.13379385088944892,
    0.1335368365309744,
    0.1332802245340368,
    0.13302401435814587,
    0.13276820546281137,
    0.13251279730754315,
    0.1322577893518509,
    0.1320031810552445,
    0.13174897187723367,
    0.1314951612773282,
    0.13124174871503785,
    0.13098873364987246,
    0.13073611554134176,
    0.13048389384895553,
    0.1302320680322236,
    0.12998063755065573,
    0.12972960186376165,
    0.12947896043105123,
    0.12922871271203418,
    0.1289788581662203,
    0.12872939625311938,
    0.12848032643224122,
    0.12823164816309554,
    0.1279833609051922,
    0.1277354641180409,
    0.12748795726115147,
    0.12724083979403372,
    0.12699411117619736,
    0.12674777086715222,
    0.12650181832640806,
    0.12625625301347468,
    0.12601107438786183,
    0.12576628190907935,
    0.12552187503663695,
    0.12527785323004442,
    0.1250342159488116,
    0.12479096265244823,
    0.12454809280046408,
    0.12430560585236897,
    0.12406350126767263,
    0.12382177850588488,
    0.1235804370265155,
    0.12333947628907427,
    0.12309889575307092,
    0.12285869487801532,
    0.12261887312341721,
    0.12237942994878633,
    0.12214036481363252,
    0.12190167717746553,
    0.12166336649979514,
    0.12142543224013116,
    0.12118787385798335,
    0.12095069081286147,
    0.12071388256427536,
    0.12047744857173476,
    0.12024138829474944,
    0.12000570119282919,
    0.11977038672548382,
    0.11953544435222307,
    0.11930087353255678,
    0.11906667372599467,
    0.11883284439204653,
    0.11859938499022216,
    0.11836629498003136,
    0.11813357382098384,
    0.11790122097258947,
    0.11766923589435799,
    0.11743761804579916,
    0.1172063668864228,
    0.11697548187573864,
    0.11674496247325652,
    0.11651480813848619,
    0.11628501833093746,
    0.11605559251012004,
    0.11582653013554378,
    0.11559783066671847,
    0.11536949356315382,
    0.11514151828435967,
    0.11491390428984578,
    0.11468665103912193,
    0.11445975799169791,
    0.1142332246070835,
    0.11400705034478847,
    0.11378123466432263,
    0.11355577702519573,
    0.11333067688691753,
    0.11310593370899788,
    0.11288154695094652,
    0.11265751607227323,
    0.1124338405324878,
    0.1122105197911,
    0.11198755330761961,
    0.11176494054155643,
    0.11154268095242022,
    0.11132077399972079,
    0.11109921914296789,
    0.11087801584167131,
    0.11065716355534086,
    0.11043666174348626,
    0.11021650986561735,
    0.1099967073812439,
    0.10977725374987567,
    0.10955814843102243,
    0.109339390884194,
    0.10912098056890016,
    0.10890291694465065,
    0.10868519947095527,
    0.10846782760732382,
    0.10825080081326607,
    0.1080341185482918,
    0.1078177802719108,
    0.1076017854436328,
    0.10738613352296766,
    0.10717082396942512,
    0.10695585624251494,
    0.10674122980174695,
    0.10652694410663091,
    0.10631299861667659,
    0.1060993927913938,
    0.10588612609029227,
    0.1056731979728818,
    0.10546060789867222,
    0.10524835532717328,
    0.1050364397178947,
    0.10482486053034637,
    0.104613617224038,
    0.10440270925847939,
    0.1041921360931803,
    0.10398189718765055,
    0.1037719920013999,
    0.10356241999393814,
    0.10335318062477505,
    0.10314427335342037,
    0.10293569763938396,
    0.10272745294217553,
    0.10251953872130488,
    0.10231195443628183,
    0.10210469954661612,
    0.10189777351181754,
    0.10169117579139589,
    0.1014849058448609,
    0.10127896313172241,
    0.10107334711149017,
    0.10086805724367398,
    0.10066309298778359,
    0.10045845380332882,
    0.10025413914981943,
    0.10005014848676519,
    0.09984648127367589,
    0.09964313697006133,
    0.09944011503543126,
    0.0992374149292955,
    0.09903503611116381,
    0.09883297804054594,
    0.09863124017695173
]