[
    0.0,
    0.0,
    0.005109279475154625,
    0.004926446778477805,
    0.004749151498259611,
    0.004577233798186878,
    0.004410538382708247,
    0.004248914368742629,
    0.004092215161007177,
    0.003940298330863122,
    0.003793025498574673,
    0.003650262218888147,
    0.003511877869841729,
    0.0033777455447061653,
    0.0032477419469655357,
    0.0031217472882621475,
    0.0029996451892257353,
    0.002881322583105165,
    0.0027666696221222984,
    0.00265557958646337,
    0.002547948795832125,
    0.002443676523497421,
    0.0023426649127623396,
    0.002244818895787097,
    0.0021500461147057667,
    0.0020582568449726965,
    0.001969363920872094,
    0.0018832826631272406,
    0.0017999308085499214,
    0.0017192284416741178,
    0.0016410979283207469,
    0.0015654638510401995,
    0.0014922529463765378,
    0.0014213940438986602,
    0.001352818006949638,
    0.0012864576750686568,
    0.0012222478080384166,
    0.0011601250315110205,
    0.0011000277841713532,
    0.0010418962663969538,
    0.0009856723903636975,
    0.0009312997315504091,
    0.0008787234816105729,
    0.0008278904025777156,
    0.0007787487823640863,
    0.0007312483915165167,
    0.0006853404411965938,
    0.0006409775423493709,
    0.0005981136660212291,
    0.0005567041047926204,
    0.0005167054353002856,
    0.00047807548182072,
    0.00044077328088227766,
    0.0004047590468765138,
    0.00036999413864114973,
    0.0003364410269872466,
    0.0003040632631437805,
    0.0002728254480925287,
    0.00024269320276783252,
    0.00021363313909824808,
    0.00018561283186669438,
    0.0001586007913646712,
    0.00013256643681815934,
    0.00010748007056510233,
    8.331285296343464e-05,
    6.0036778008227875e-05,
    3.762464963795156e-05,
    1.6050058710259125e-05,
    -4.7126393718972885e-06,
    -2.4688346401849606e-05,
    -4.3901242496015955e-05,
    -6.237480662356465e-05,
    -8.013183655608234e-05,
    -9.719446825374599e-05,
    -0.00011358419470359463,
    -0.00012932188422360108,
    -0.0001444277982476098,
    -0.00015892160860896473,
    -0.0001728224143376826,
    -0.00018614875798316416,
    -0.00019891864147512128,
    -0.0002111495415349137,
    -0.0002228584246499729,
    -0.00023406176162461454,
    -0.00024477554171919297,
    -0.00025501528638934186,
    -0.0002647960626371294,
    -0.0002741324959850837,
    -0.0002830387830837313,
    -0.00029152870396232733,
    -0.0002996156339311059,
    -0.0003073125551453981,
    -0.00031463206784354054,
    -0.00032158640126700666,
    -0.00032818742427001503,
    -0.00033444665562906337,
    -0.0003403752740617808,
    -0.0003459841279614957,
    -0.0003512837448552749,
    -0.0003562843405942626,
    -0.0003609958282840079,
    -0.00036542782696186865,
    -0.00036958967002774485,
    -0.00037349041343458906,
    -0.00037713884364696875,
    -0.0003805434853756156,
    -0.0003837126090936767,
    -0.00038665423833934967,
    -0.0003893761568103046,
    -0.00039188591525686955,
    -0.00039419083818052747,
    -0.00039629803034212964,
    -0.00039821438308482464,
    -0.00039994658047839374,
    -0.0004015011052898108,
    -0.000402884244783117,
    -0.0004041020963535316,
    -0.0004051605730019136,
    -0.0004060654086544548,
    -0.0004068221633307781,
    -0.00040743622816326005,
    -0.0004079128302725668,
    -0.0004082570375065611,
    -0.0004084737630485459,
    -0.0004085677698968612,
    -0.00040854367521641575,
    -0.0004084059545650303,
    -0.000408158945997829,
    -0.00040780685405317413,
    -0.00040735375362551714,
    -0.0004068035937289887,
    -0.00040616020115336965,
    -0.0004054272840153415,
    -0.00040460843520919603,
    -0.00040370713576024815,
    -0.00040272675808261654,
    -0.00040167056914357094,
    -0.000400541733538329,
    -0.0003993433164778631,
    -0.00039807828669106266,
    -0.0003967495192439093,
    -0.0003953597982782539,
    -0.0003939118196722134,
    -0.00039240819362400394,
    -0.00039085144716094944,
    -0.00038924402657691695,
    -0.0003875882998016574,
    -0.0003858865587031264,
    -0.00038414102132338626,
    -0.000382353834050744,
    -0.00038052707373006624,
    -0.0003786627497115451,
    -0.0003767628058401499,
    -0.00037482912238904706,
    -0.00037286351793820065,
    -0.00037086775119890965,
    -0.00036884352278663895,
    -0.0003667924769440603,
    -0.0003647162032139314,
    -0.0003626162380623463,
    -0.0003604940664559538,
    -0.00035835112339576434,
    -0.00035618879540685655,
    -0.00035400842198407426,
    -0.000351811296996353,
    -0.0003495986700505501,
    -0.00034737174781414906,
    -0.0003451316952993939,
    -0.00034287963711200175,
    -0.00034061665866479005,
    -0.00033834380735712366,
    -0.00033606209372165265,
    -0.0003337724925370288,
    -0.0003314759439061298,
    -0.0003291733543037469,
    -0.0003268655975966597,
    -0.0003245535160345084,
    -0.00032223792121057555,
    -0.00031991959499451774,
    -0.0003175992904383035,
    -0.0003152777326554842,
    -0.00031295561967485403,
    -0.00031063362326954057,
    -0.0003083123897619047,
    -0.00030599254080459516,
    -0.00030367467413806913,
    -0.0003013593643265514,
    -0.0002990471634756057,
    -0.0002967386019308138,
    -0.0002944341889544543,
    -0.0002921344133808909,
    -0.00028983974425324385,
    -0.0002875506314408457,
    -0.00028526750623765506,
    -0.00028299078194333864,
    -0.00028072085442469585,
    -0.00027845810265716595,
    -0.0002762028892537334,
    -0.0002739555609824248,
    -0.0002717164492659339,
    -0.0002694858706655648,
    -0.00026726412735624254,
    -0.00026505150759021767,
    -0.0002628482861451862,
    -0.0002606547247575169,
    -0.0002584710725391216,
    -0.00025629756637914655,
    -0.0002541344313394646,
    -0.00025198188104595464,
    -0.0002498401180671654,
    -0.00024770933427725115,
    -0.0002455897112077273,
    -0.0002434814203895196,
    -0.00024138462368331875,
    -0.00023929947359931013,
    -0.00023722611360621707,
    -0.0002351646784276229,
    -0.00023311529433132314,
    -0.00023107807941662888,
    -0.00022905314389403986,
    -0.00022704059035486015,
    -0.00022504051403348215,
    -0.00022305300306084657,
    -0.00022107813870774206,
    -0.00021911599562024869,
    -0.00021716664204955718,
    -0.0002152301400762102,
    -0.0002133065458269101,
    -0.00021139590968294843,
    -0.00020949827648254548,
    -0.00020761368571868446,
    -0.0002057421717307204,
    -0.00020388376389026536,
    -0.00020203848678268063,
    -0.00020020636038166142,
    -0.0001983874002170137,
    -0.00019658161753911715,
    -0.0001947890194796891,
    -0.00019300960920683586,
    -0.0001912433860734393,
    -0.00018949034575852088,
    -0.00018775048040501485,
    -0.00018602377875655754,
    -0.0001843102262919117,
    -0.00018260980535622686,
    -0.00018092249528706703,
    -0.00017924827253336997,
    -0.00017758711076949863,
    -0.00017593898100669902,
    -0.00017430385170094079,
    -0.00017268168885241532,
    -0.00017107245609318978,
    -0.0001694761147669728,
    -0.00016789262401237313,
    -0.0001663219408613698,
    -0.00016476402034812262,
    -0.00016321881560958125,
    -0.00016168627797551974,
    -0.00016016635705551804,
    -0.0001586590008179185,
    -0.00015716415566094515,
    -0.0001556817664870475,
    -0.00015421177678101518,
    -0.00015275412868313469,
    -0.00015130876304891616,
    -0.00014987561949476698,
    -0.00014845463645088373,
    -0.00014704575123572708,
    -0.0001456489001301409,
    -0.00014426401843515514,
    -0.00014289104052376194,
    -0.00014152989989312933,
    -0.0001401805292170272,
    -0.00013884286039877043,
    -0.00013751682461915962,
    -0.00013620235237696187,
    -0.0001348993735303687,
    -0.00013360781734114333,
    -0.00013232761251492586,
    -0.0001310586872375016,
    -0.00012980096920917267,
    -0.00012855438568091599,
    -0.00012731886349843133,
    -0.00012609432915062908,
    -0.00012488070881272516,
    -0.000123677928381308,
    -0.00012248591350001633,
    -0.00012130458957346869,
    -0.00012013388178164641,
    -0.0001189737151075574,
    -0.00011782401436705812,
    -0.00011668470423072209,
    -0.00011555570924573141,
    -0.00011443695386314091,
    -0.00011332836246897483,
    -0.00011222985941114525,
    -0.00011114136901422853,
    -0.0001100628155896148,
    -0.00010899412344978328,
    -0.00010793521692606644,
    -0.0001068860203910138,
    -0.00010584645828448386,
    -0.00010481645513065237,
    -0.00010379593553432306,
    -0.00010278482417626541,
    -0.00010178304584254054,
    -0.0001007905254806811,
    -9.980718824334989e-05,
    -9.883295950190836e-05,
    -9.786776483300241e-05,
    -9.691152998884553e-05,
    -9.596418088022514e-05,
    -9.50256435900285e-05,
    -9.409584439255857e-05,
    -9.31747097616776e-05,
    -9.226216639007405e-05,
    -9.135814122476188e-05,
    -9.046256149591328e-05,
    -8.957535473373907e-05,
    -8.869644878261707e-05,
    -8.782577180642432e-05,
    -8.696325226875738e-05,
    -8.610881890848257e-05,
    -8.526240075108784e-05,
    -8.442392713578988e-05,
    -8.359332771153369e-05,
    -8.277053239444314e-05,
    -8.195547130933729e-05,
    -8.114807477448333e-05,
    -8.034827335363343e-05,
    -7.955599789386356e-05,
    -7.87711795350208e-05,
    -7.799374976512279e-05,
    -7.722364045584023e-05,
    -7.646078381192885e-05,
    -7.570511232119864e-05,
    -7.49565587549622e-05,
    -7.421505622584808e-05,
    -7.348053828044007e-05,
    -7.275293892065681e-05,
    -7.203219250977413e-05,
    -7.131823370379632e-05,
    -7.061099757675256e-05,
    -6.991041976073808e-05,
    -6.921643627955755e-05,
    -6.852898327118018e-05,
    -6.784799696416037e-05,
    -6.717341377475234e-05,
    -6.650517026068061e-05,
    -6.584320298407927e-05,
    -6.518744846485851e-05,
    -6.45378433286767e-05,
    -6.389432465730268e-05,
    -6.325683030511552e-05,
    -6.262529889735156e-05,
    -6.199966974084571e-05,
    -6.137988297059907e-05,
    -6.0765879666882697e-05,
    -6.0157601692364884e-05,
    -5.955499145376885e-05,
    -5.8957991813811186e-05,
    -5.836654623904931e-05,
    -5.778059886730338e-05,
    -5.720009421309172e-05,
    -5.6624977134745335e-05,
    -5.6055193181636545e-05,
    -5.549068845018808e-05,
    -5.493140922013989e-05,
    -5.43773022270457e-05,
    -5.3828315325422966e-05,
    -5.328439819167212e-05,
    -5.274550283755526e-05,
    -5.2211583418390197e-05,
    -5.1682595665583486e-05,
    -5.1158496728032296e-05,
    -5.063924518518094e-05,
    -5.012480077088319e-05,
    -4.961512422070865e-05,
    -4.911017738588876e-05,
    -4.86099229225051e-05,
    -4.811432355718427e-05,
    -4.762334190981088e-05,
    -4.713694122284897e-05,
    -4.665508608415088e-05,
    -4.617774230560783e-05,
    -4.570487658575117e-05,
    -4.523645690855145e-05,
    -4.477245310756835e-05,
    -4.4312836845566075e-05,
    -4.3857581362208764e-05,
    -4.3406661268896334e-05,
    -4.296005238438727e-05,
    -4.251773150813839e-05,
    -4.207967589640902e-05,
    -4.1645862658037416e-05,
    -4.1216268438739e-05,
    -4.079086942586051e-05,
    -4.036964159138865e-05,
    -3.995256081989362e-05,
    -3.9539602552863265e-05,
    -3.913074133051149e-05,
    -3.8725950694080696e-05,
    -3.832520333376442e-05,
    -3.7928471350073616e-05,
    -3.753572647555563e-05,
    -3.71469401095089e-05,
    -3.676208325726361e-05,
    -3.638112642788433e-05,
    -3.600403963243026e-05,
    -3.5630792562039865e-05,
    -3.526135465822994e-05,
    -3.4895695018491134e-05,
    -3.453378244355155e-05,
    -3.41755856609421e-05,
    -3.3821073456588265e-05,
    -3.347021459763996e-05,
    -3.3122977695115215e-05,
    -3.2779331187942e-05,
    -3.243924342528298e-05,
    -3.210268266062927e-05,
    -3.176961692501393e-05,
    -3.144001397940315e-05,
    -3.1113841445341964e-05,
    -3.079106697566531e-05,
    -3.0471658334844755e-05,
    -3.0155583364314864e-05,
    -2.9842809898285318e-05,
    -2.9533305760474987e-05,
    -2.922703882990825e-05,
    -2.892397708005093e-05,
    -2.8624088632612435e-05,
    -2.832734184272636e-05,
    -2.803370533511204e-05,
    -2.7743147988078e-05,
    -2.7455638892436826e-05,
    -2.717114729515668e-05,
    -2.6889642569703504e-05,
    -2.6611094225602713e-05,
    -2.6335471940790844e-05,
    -2.6062745601110294e-05,
    -2.579288532703251e-05,
    -2.5525861489100936e-05,
    -2.5261644720923398e-05,
    -2.500020592999416e-05,
    -2.4741516303647695e-05,
    -2.44855473024564e-05,
    -2.4232270632687065e-05,
    -2.39816582119913e-05,
    -2.3733682167555616e-05,
    -2.3488314873815128e-05,
    -2.324552898534071e-05,
    -2.300529742703011e-05,
    -2.2767593361248405e-05,
    -2.2532390177600648e-05,
    -2.2299661506324687e-05,
    -2.206938122805548e-05,
    -2.18415234746081e-05,
    -2.1616062629305985e-05,
    -2.1392973331912438e-05,
    -2.1172230481264025e-05,
    -2.0953809219385037e-05,
    -2.07376849028523e-05,
    -2.0523833091813708e-05,
    -2.031222956250173e-05,
    -2.0102850320846784e-05,
    -1.989567161128798e-05,
    -1.9690669923057383e-05,
    -1.948782198851559e-05,
    -1.928710477792677e-05,
    -1.908849549277959e-05,
    -1.8891971554709136e-05,
    -1.8697510603248458e-05,
    -1.8505090509066374e-05,
    -1.8314689381163023e-05,
    -1.812628555594873e-05,
    -1.7939857586246387e-05,
    -1.7755384242280617e-05,
    -1.7572844513437294e-05,
    -1.739221760192339e-05,
    -1.7213482917515438e-05,
    -1.7036620082766906e-05,
    -1.6861608943067642e-05,
    -1.66884295719389e-05,
    -1.6517062268259774e-05,
    -1.6347487547843634e-05,
    -1.6179686133926763e-05,
    -1.6013638949174007e-05,
    -1.5849327112344275e-05,
    -1.5686731940703954e-05,
    -1.5525834952083535e-05,
    -1.5366617863844e-05,
    -1.5209062591234084e-05,
    -1.5053151244780763e-05,
    -1.489886612862027e-05,
    -1.474618974158563e-05,
    -1.459510477629002e-05,
    -1.4445594113326984e-05,
    -1.429764081414197e-05,
    -1.415122811569902e-05,
    -1.400633942712899e-05,
    -1.3862958330369512e-05,
    -1.3721068585150876e-05,
    -1.3580654133393943e-05,
    -1.3441699100819653e-05,
    -1.3304187796467013e-05,
    -1.3168104709678167e-05,
    -1.3033434505492354e-05,
    -1.2900162020604171e-05,
    -1.276827226111333e-05,
    -1.2637750400969798e-05,
    -1.2508581779501942e-05,
    -1.2380751899564671e-05,
    -1.225424642801519e-05,
    -1.2129051195215512e-05,
    -1.2005152191096156e-05,
    -1.188253556188732e-05,
    -1.1761187609147074e-05,
    -1.1641094787482092e-05,
    -1.1522243701514497e-05,
    -1.1404621105426766e-05,
    -1.1288213903204576e-05,
    -1.1173009145908907e-05,
    -1.1058994026919489e-05,
    -1.094615587854486e-05,
    -1.0834482171901925e-05,
    -1.0723960517411057e-05,
    -1.0614578662373752e-05,
    -1.0506324487531473e-05,
    -1.039918600501374e-05,
    -1.0293151357350687e-05,
    -1.0188208816670767e-05,
    -1.0084346783280869e-05,
    -9.981553784427283e-06,
    -9.879818473627364e-06,
    -9.77912962977886e-06,
    -9.679476156598635e-06,
    -9.580847082564238e-06,
    -9.48323155973723e-06,
    -9.386618861354294e-06,
    -9.29099837999577e-06,
    -9.196359626647023e-06,
    -9.102692229915108e-06,
    -9.009985934579956e-06,
    -8.918230599354634e-06,
    -8.82741619564549e-06,
    -8.737532807738018e-06,
    -8.648570632313851e-06,
    -8.560519976416707e-06,
    -8.473371255018537e-06,
    -8.387114988818515e-06,
    -8.301741802397903e-06,
    -8.217242423134609e-06,
    -8.133607680134221e-06,
    -8.05082850247059e-06,
    -7.96889591773479e-06,
    -7.887801051828412e-06,
    -7.807535129002437e-06,
    -7.728089470670748e-06,
    -7.649455493835816e-06,
    -7.571624710192083e-06,
    -7.494588724862565e-06,
    -7.418339234402793e-06,
    -7.342868025350455e-06,
    -7.268166973545163e-06,
    -7.194228043206994e-06,
    -7.121043285895001e-06,
    -7.048604839949136e-06,
    -6.976904929470551e-06,
    -6.905935862166379e-06,
    -6.835690027361878e-06,
    -6.766159895411834e-06,
    -6.69733801811142e-06,
    -6.629217028956373e-06,
    -6.561789642926527e-06,
    -6.495048656249223e-06,
    -6.428986945833656e-06,
    -6.3635974673421375e-06,
    -6.298873252269712e-06,
    -6.234807405730756e-06,
    -6.171393105132027e-06,
    -6.108623598975183e-06,
    -6.046492206373119e-06,
    -5.984992317747533e-06,
    -5.924117395486365e-06,
    -5.863860973588659e-06,
    -5.804216656820248e-06,
    -5.7451781196927726e-06,
    -5.686739105177834e-06,
    -5.628893423541437e-06,
    -5.571634951207731e-06,
    -5.514957629281334e-06,
    -5.458855462462087e-06,
    -5.403322518969978e-06,
    -5.348352930550408e-06,
    -5.2939408913191345e-06,
    -5.2400806558387115e-06,
    -5.186766538105347e-06,
    -5.133992911677041e-06,
    -5.081754209871507e-06,
    -5.030044925521048e-06,
    -4.9788596102189475e-06,
    -4.928192873408863e-06,
    -4.878039381573519e-06,
    -4.828393857598778e-06,
    -4.779251080552085e-06,
    -4.730605885541041e-06,
    -4.682453163165817e-06,
    -4.634787858579439e-06,
    -4.587604970407405e-06,
    -4.540899549845215e-06,
    -4.4946667000835135e-06,
    -4.44890157597288e-06,
    -4.403599383385012e-06,
    -4.358755377743452e-06,
    -4.314364862427854e-06,
    -4.270423188037838e-06,
    -4.226925752416691e-06,
    -4.183868000815673e-06,
    -4.141245425604408e-06,
    -4.0990535656118994e-06,
    -4.057288005621359e-06,
    -4.015944375653248e-06,
    -3.975018349965368e-06,
    -3.934505646857837e-06,
    -3.894402029198496e-06,
    -3.8547033042238605e-06,
    -3.81540532241326e-06,
    -3.7765039764473547e-06,
    -3.7379952007445877e-06,
    -3.699874971353731e-06,
    -3.662139305496047e-06,
    -3.6247842605509438e-06,
    -3.5878059334687235e-06,
    -3.5512004609551215e-06,
    -3.5149640195850493e-06,
    -3.47909282543022e-06,
    -3.4435831334831053e-06,
    -3.4084312372923847e-06,
    -3.3736334688086984e-06,
    -3.3391861980283797e-06,
    -3.3050858323675955e-06,
    -3.271328815973072e-06,
    -3.2379116293118713e-06,
    -3.204830789313303e-06,
    -3.172082849650686e-06,
    -3.139664400821018e-06,
    -3.107572070161411e-06,
    -3.075802521462309e-06,
    -3.0443524536330748e-06,
    -3.0132185993079236e-06,
    -2.9823977247528016e-06,
    -2.951886630116206e-06,
    -2.921682148662779e-06,
    -2.891781145808058e-06,
    -2.8621805188385357e-06,
    -2.832877196703583e-06,
    -2.803868139129624e-06,
    -2.775150335599927e-06,
    -2.7467208050163705e-06,
    -2.7185765958396752e-06,
    -2.6907147863020117e-06,
    -2.6631324847628252e-06,
    -2.6358268301403067e-06,
    -2.60879499159647e-06,
    -2.582034167128433e-06,
    -2.555541582157265e-06,
    -2.5293144889386697e-06,
    -2.5033501664557396e-06,
    -2.477645920383005e-06,
    -2.4521990829151474e-06,
    -2.427007012250149e-06,
    -2.4020670920716085e-06,
    -2.3773767317325754e-06,
    -2.352933366800032e-06,
    -2.328734458905353e-06,
    -2.3047774951034665e-06,
    -2.281059987802622e-06,
    -2.2575794752029194e-06,
    -2.2343335213905117e-06,
    -2.211319716009789e-06,
    -2.1885356740861753e-06,
    -2.165979036221418e-06,
    -2.143647468580282e-06,
    -2.1215386619999934e-06,
    -2.099650330723533e-06,
    -2.077980211714459e-06,
    -2.0565260643382086e-06,
    -2.0352856698175615e-06,
    -2.0142568310667844e-06,
    -1.993437373369259e-06,
    -1.9728251446912866e-06,
    -1.9524180148554703e-06,
    -1.9322138747083593e-06,
    -1.9122106361360747e-06,
    -1.8924062322423194e-06,
    -1.87279861714346e-06,
    -1.8533857656084518e-06,
    -1.8341656725369752e-06,
    -1.8151363525166504e-06,
    -1.7962958400307702e-06,
    -1.7776421900901676e-06,
    -1.7591734784773833e-06,
    -1.7408878010061302e-06,
    -1.72278327235381e-06,
    -1.7048580257181436e-06,
    -1.6871102132349957e-06,
    -1.6695380061578915e-06,
    -1.6521395945359363e-06,
    -1.6349131869824892e-06,
    -1.61785701097378e-06,
    -1.600969313162613e-06,
    -1.5842483590859535e-06,
    -1.5676924326076253e-06,
    -1.5512998357189794e-06,
    -1.5350688883379625e-06,
    -1.5189979276491175e-06,
    -1.5030853076211473e-06,
    -1.4873293988895456e-06,
    -1.4717285887403097e-06,
    -1.4562812811015295e-06,
    -1.4409858957682983e-06,
    -1.4258408671302577e-06,
    -1.4108446438464141e-06,
    -1.395995689398127e-06,
    -1.3812924821641038e-06,
    -1.3667335147054444e-06,
    -1.352317293240957e-06,
    -1.3380423377224218e-06,
    -1.3239071823332593e-06,
    -1.3099103762206365e-06,
    -1.2960504837321893e-06,
    -1.2823260841447932e-06,
    -1.2687357720436332e-06,
    -1.2552781582605633e-06,
    -1.2419518700866348e-06,
    -1.2287555509572435e-06,
    -1.21568786024515e-06,
    -1.2027474728263016e-06,
    -1.1899330792150916e-06,
    -1.1772433869717638e-06,
    -1.1646771219261458e-06,
    -1.1522330281667553e-06,
    -1.1399098673326696e-06,
    -1.1277064176522043e-06,
    -1.1156214728397547e-06,
    -1.1036538415688392e-06,
    -1.0918023478986952e-06,
    -1.0800658317110518e-06,
    -1.0684431490438377e-06,
    -1.0569331730531547e-06,
    -1.0455347947458792e-06,
    -1.034246922856938e-06,
    -1.0230684838467917e-06,
    -1.0119984222684576e-06,
    -1.0010357007572353e-06,
    -9.90179299259337e-07,
    -9.794282143745789e-07,
    -9.687814603264465e-07,
    -9.582380709306188e-07,
    -9.477971000353997e-07,
    -9.37457620304022e-07,
    -9.272187228564993e-07,
    -9.170795182654553e-07,
    -9.070391368885742e-07,
    -8.970967277966731e-07,
    -8.872514565811651e-07,
    -8.775025013506639e-07,
    -8.678490480724525e-07,
    -8.582902881988923e-07,
    -8.488254182842154e-07,
    -8.394536396114911e-07,
    -8.301741574728069e-07,
    -8.209861802345052e-07,
    -8.118889188878967e-07,
    -8.028815873067515e-07,
    -7.939634020400019e-07,
    -7.851335817576417e-07,
    -7.763913477202639e-07,
    -7.677359249121335e-07,
    -7.591665421428187e-07,
    -7.506824312507703e-07,
    -7.422828270893736e-07,
    -7.33966968389262e-07,
    -7.257340984885802e-07,
    -7.175834655010134e-07,
    -7.095143216186819e-07,
    -7.015259221056441e-07,
    -6.936175250534738e-07,
    -6.857883915625654e-07,
    -6.780377857023232e-07,
    -6.703649746727619e-07,
    -6.627692293755436e-07,
    -6.552498248682197e-07,
    -6.478060402913927e-07,
    -6.40437158280342e-07,
    -6.331424643805572e-07,
    -6.259212467720768e-07,
    -6.187727958909952e-07,
    -6.116964040475818e-07,
    -6.046913660444003e-07,
    -5.977569808824974e-07,
    -5.908925528456451e-07,
    -5.840973908739264e-07,
    -5.773708074407994e-07,
    -5.707121182302386e-07,
    -5.641206426034193e-07,
    -5.575957043531956e-07,
    -5.511366317577761e-07,
    -5.447427568376393e-07,
    -5.384134151024876e-07,
    -5.321479458863737e-07,
    -5.259456924801979e-07,
    -5.198060019629069e-07,
    -5.1372822482962e-07,
    -5.077117150084992e-07,
    -5.017558308602866e-07,
    -4.958599358791676e-07,
    -4.900233977104036e-07,
    -4.842455866657799e-07,
    -4.785258752172285e-07,
    -4.728636381723959e-07,
    -4.672582525401973e-07,
    -4.6170909658395423e-07,
    -4.5621554925662593e-07,
    -4.507769908224826e-07,
    -4.4539280306384696e-07,
    -4.4006236887213704e-07,
    -4.3478507274431396e-07,
    -4.2956030137480247e-07,
    -4.243874427948769e-07,
    -4.192658852767786e-07,
    -4.1419501756395874e-07,
    -4.0917422951244984e-07,
    -4.0420291209775084e-07,
    -3.992804570881726e-07,
    -3.9440625669377787e-07,
    -3.895797034137673e-07,
    -3.8480019020314577e-07,
    -3.80067110058174e-07,
    -3.7537985441533203e-07,
    -3.7073781157574867e-07,
    -3.6614036608399637e-07,
    -3.6158689827492717e-07,
    -3.570767833985743e-07,
    -3.526093907865921e-07,
    -3.48184082916352e-07,
    -3.4380021384691195e-07,
    -3.3945712913248115e-07,
    -3.351541703613837e-07,
    -3.3089068199674597e-07,
    -3.2666601513597303e-07,
    -3.224795282063072e-07,
    -3.183305871679467e-07,
    -3.142185641896029e-07,
    -3.101428337125807e-07,
    -3.0610276950645286e-07,
    -3.0209774607938627e-07,
    -2.9812714119225185e-07,
    -2.9419033606094213e-07,
    -2.902867153058834e-07,
    -2.864156678201045e-07,
    -2.825765864049818e-07,
    -2.7876886566928124e-07,
    -2.74991900351585e-07,
    -2.712450844778508e-07,
    -2.6752781023771547e-07,
    -2.638394681202727e-07,
    -2.6017944932149385e-07,
    -2.565471474907604e-07,
    -2.52941957635786e-07,
    -2.4936327348835935e-07,
    -2.458104850880609e-07,
    -2.422829774093481e-07,
    -2.3878013103380135e-07,
    -2.35301325176255e-07,
    -2.3184594081152664e-07,
    -2.2841336126841263e-07,
    -2.2500297051966476e-07,
    -2.2161415065482828e-07,
    -2.1824627869028297e-07,
    -2.1489872263373255e-07,
    -2.1157083886227361e-07,
    -2.082619724682124e-07,
    -2.0497145880266034e-07,
    -2.0169862372019778e-07,
    -1.9844278020901586e-07,
    -1.9520322255658764e-07,
    -1.9197922468255055e-07,
    -1.8877004369762747e-07,
    -1.85574922624273e-07,
    -1.8239309026791903e-07,
    -1.7922375909669349e-07,
    -1.7606612069321385e-07,
    -1.729193418131875e-07,
    -1.697825646507769e-07,
    -1.6665490843580786e-07,
    -1.6353546961373553e-07,
    -1.6042332445260045e-07,
    -1.5731753508301986e-07,
    -1.5421714988721277e-07,
    -1.5112119494194205e-07,
    -1.4802866583970874e-07,
    -1.449385230628963e-07,
    -1.4184969040889237e-07,
    -1.387610591541211e-07,
    -1.3567148998766638e-07,
    -1.3257980519244186e-07,
    -1.29484776335331e-07,
    -1.263851106899087e-07,
    -1.2327944033772144e-07,
    -1.2016631998917972e-07,
    -1.1704422598099343e-07,
    -1.139115517353823e-07,
    -1.1076661143140351e-07,
    -1.0760764829153811e-07,
    -1.0443282968213539e-07,
    -1.0124023515151416e-07,
    -9.802785255322431e-08,
    -9.479357816714329e-08,
    -9.153521852865555e-08,
    -8.825049641995836e-08,
    -8.493704280320946e-08,
    -8.159236855934632e-08,
    -7.821383609644987e-08,
    -7.479862284122978e-08,
    -7.134367368031943e-08,
    -6.784568583596807e-08,
    -6.430112812019342e-08,
    -6.070623332323182e-08,
    -5.705694632740421e-08,
    -5.334887789281312e-08,
    -4.95772877151127e-08,
    -4.573708157373521e-08,
    -4.182280920874121e-08,
    -3.782862270425266e-08,
    -3.374819011158745e-08,
    -2.9574645328294285e-08,
    -2.5300609491637306e-08,
    -2.091816040011455e-08,
    -1.641866020264384e-08,
    -1.1792641088345435e-08,
    -7.0298339467459665e-09,
    -2.1190689988520974e-09,
    2.9519272773894052e-09,
    8.196602195299969e-09,
    1.3629660274030744e-08,
    1.9267258348556836e-08,
    2.5127176620512e-08,
    3.1228864425506185e-08,
    3.759326174261751e-08,
    4.424283027358856e-08,
    5.120220524413351e-08,
    5.8498839118916714e-08,
    6.6163348746938e-08,
    7.423000919293633e-08,
    8.273729878108683e-08,
    9.172848321923472e-08,
    1.0125269662822572e-07,
    1.1136594158454201e-07,
    1.2213013332398955e-07,
    1.336107567763354e-07,
    1.4587771049976255e-07,
    1.5900979620595142e-07,
    1.7309822755223351e-07,
    1.882487973461877e-07,
    2.0458371788232392e-07,
    2.2224512667897163e-07,
    2.4140356164778235e-07,
    2.622647711396866e-07,
    2.8506939093011143e-07,
    3.100936704425499e-07,
    3.3765563361670754e-07,
    3.681184530587704e-07,
    4.01899772615442e-07,
    4.3950799011292745e-07,
    4.815791563278028e-07,
    5.288918816178477e-07,
    5.82407913731441e-07,
    6.433747102857201e-07,
    7.135433735232524e-07,
    7.956928932075758e-07,
    8.94720950245872e-07,
    1.0200377733279348e-06,
    1.19225798317307e-06,
    1.4601789780512652e-06,
    5.363192825285691e-06,
    2.1537440350583062e-05,
    5.208186150631427e-05,
    9.127091362681397e-05,
    0.000137271158449177,
    0.00018807182615802626,
    0.00023897722017701716,
    0.0002880793427389419,
    0.0003353071831664261,
    0.00038069609753669365,
    0.00042429475027300667,
    0.00046615351358801627,
    0.0005063226416091974,
    0.0005448523259391908,
    0.0005817923824245192,
    0.0006171919211637498,
    0.000651099478013317,
    0.0006835633107366091,
    0.0007146317468772985,
    0.000744353140180362,
    0.0007727758070202883,
    0.0007999515928709105,
    0.0008260377626069819,
    0.0008598499488170497,
    0.0009097260941885697,
    0.0009663514675424615,
    0.0010207244146616286,
    0.0010728402146138335,
    0.0011227741246375377,
    0.001170648985136444,
    0.0012166014639760363,
    0.0012606761099826307,
    0.0013028446531843452,
    0.0013431155051541349,
    0.0013815440729721136,
    0.0014182037717264786,
    0.0014531761938846317,
    0.0014883757966647824,
    0.0015315612782501528,
    0.001586736533612135,
    0.0016459571453847994,
    0.0017030459488227689,
    0.0017579664776678785,
    0.0018107975451428318,
    0.0018614612754686843,
    0.0019098416890137417,
    0.0019559165406329805,
    0.0019997305903376563,
    0.0020413467524282598,
    0.0020808313375956437,
    0.0021182506822695567,
    0.0021536702855903794,
    0.0021871544341335327,
    0.002218765944389154,
    0.002248566025985677,
    0.0022766142081217886,
    0.0023029683192285775,
    0.0023276845428596583,
    0.002350817480409945,
    0.0023724201847797536,
    0.0023925441928153764,
    0.002411239558064726,
    0.0024285548793563437,
    0.0024445373338961777,
    0.002459232721285549,
    0.0024726855096842805,
    0.00248493886666747,
    0.0024960346817907123,
    0.0025060136014648945,
    0.00251491507080901,
    0.002522777365265271,
    0.0025296376167053963,
    0.0025355318482080174,
    0.0025404950183117118,
    0.0025445610680717,
    0.002547762964978709,
    0.0025501327492335234,
    0.002551701583381388,
    0.0025524997447803274,
    0.0025525565197612567,
    0.0025519001278943524,
    0.0025505578261344353,
    0.002548556135457296,
    0.0025459210098178558,
    0.0025426778014684486,
    0.0025388510058240504,
    0.0025344640484722216,
    0.0025295394580868266,
    0.002524099386841277,
    0.0025181662122676436,
    0.002511763203422634,
    0.0025049157507164017,
    0.0024976550372843953,
    0.002490029354636462,
    0.002482140595128436,
    0.0024742263724321,
    0.002466587843021002,
    0.0024593729142103394,
    0.002452625657708806,
    0.0024463799394930843,
    0.002440842857968406,
    0.002455631172501743,
    0.002509010414761453,
    0.002579522139609763,
    0.002646880960512673,
    0.002711178911081107,
    0.0027728015343042745,
    0.0028333930488440035,
    0.002894060949237569,
    0.0029532535843527067,
    0.003009582751471583,
    0.0030630234272034087,
    0.003113643120471353,
    0.0031615242119333526,
    0.0032067567263624175,
    0.0032494353633328674,
    0.003289661051710874,
    0.0033275650116934155,
    0.0033842990431541954,
    0.003480256506719014,
    0.003592974135406976,
    0.003700617201454034,
    0.0038032003627892696,
    0.0039008662335667304,
    0.003993768856936222,
    0.0040820617287058636,
    0.004165895956163706,
    0.004245421221429074,
    0.004320783017529532,
    0.0043921174659808295,
    0.004459551732788355,
    0.004523210020215653,
    0.004583218906806862,
    0.004639714416920503,
    0.004692882379456654,
    0.004748868089514218,
    0.004813536050158472,
    0.004880577096523973,
    0.004943850020403927,
    0.005003404168979769,
    0.0050593429399237114,
    0.005111782093610205,
    0.005160854190263372,
    0.005207434090899273,
    0.005272554839290219,
    0.005375034132541609,
    0.005492587061385055,
    0.0056043803601137036,
    0.005710538060973318,
    0.005812484887617442,
    0.0059115850892355925,
    0.006006627432828081,
    0.006096440283034894,
    0.006181168691554168,
    0.006260974862067233,
    0.006336019777299013,
    0.0064064607468369665,
    0.006472451054054208,
    0.006534139870374825,
    0.006591672211656739,
    0.006645188987256489,
    0.0066948271636228405,
    0.0067407199781380645,
    0.006782997072577802,
    0.006821784556510916,
    0.0068572052256127,
    0.006889379071379815,
    0.006918423799484948,
    0.006944454976307908,
    0.006967586471634581,
    0.006987932166106875,
    0.007005609191151589,
    0.007020753162537631,
    0.007033602335463542,
    0.007044832544284976,
    0.007055329734150461,
    0.00706508845613119,
    0.007073325952694144,
    0.0070796160757399945,
    0.007084091209243193,
    0.007087503058151431,
    0.007093289276420441,
    0.0071079498417667576,
    0.007132019679841231,
    0.007157915253452943,
    0.007181164485743149,
    0.00720179908699199,
    0.007219897077205667,
    0.0072355264241057765,
    0.007248788659727277,
    0.007259930482565478,
    0.007293550544098564,
    0.007373170843141545,
    0.007472589000706561,
    0.007566403427249889,
    0.0076545950998397625,
    0.007737327502344573,
    0.007814775534769254,
    0.007887113012208301,
    0.007954510271040226,
    0.008017133467025695,
    0.008075144360617624,
    0.008128700280369135,
    0.008177954122826101,
    0.00822305437746336,
    0.008264145188187424,
    0.008301366442947329,
    0.008334853877416892,
    0.008364739183159779,
    0.008391150114777306,
    0.008414210595718206,
    0.008434040823365163,
    0.008450757371950895,
    0.008464473292892299,
    0.00847529821337549,
    0.008483338433211633,
    0.008488697019294873,
    0.008491473897414253,
    0.008491765941751817,
    0.008489667062227767,
    0.008485268289575774,
    0.008478657858199639,
    0.008469921286856422,
    0.00845914145711275,
    0.008446398689578175,
    0.008431770817937419,
    0.008415333260862917,
    0.008397159091930062,
    0.008377319107621198,
    0.008355881893470623,
    0.008332913888368985,
    0.008308479447048694,
    0.008282640900797476,
    0.008255458616455574,
    0.008226991053750628,
    0.00819729482101492,
    0.008166424729322596,
    0.008134433845087727,
    0.008101373541169795,
    0.008067293546528529,
    0.008032241994464395,
    0.007996265469482894,
    0.00795940905282155,
    0.007921716366678698,
    0.007883229617181983,
    0.007843989636130085,
    0.007804035921539327,
    0.0077634066770297175,
    0.007722138850086105,
    0.007680268169226137,
    0.0076378291801032705,
    0.007594855280574077,
    0.007551378754761688,
    0.007507430806144765,
    0.007463041589696769,
    0.007418240243102275,
    0.007373054917080662,
    0.007327512804843941,
    0.007281640170708601,
    0.007235462377881153,
    0.007189003915442258,
    0.007142288424554249,
    0.007095338723914394,
    0.0070481768344760574,
    0.007000824003458625,
    0.006953300727666426,
    0.006905626776136647,
    0.006857821212134259,
    0.006809902414511874,
    0.00676188809845336,
    0.006713795335618816,
    0.006665640573707576,
    0.006617439655456054,
    0.00656920783708678,
    0.006520959806223982,
    0.0064727096992909395,
    0.006424471118403816,
    0.006376257147775961,
    0.006328080369646546,
    0.006279952879747069,
    0.00623188630231865,
    0.006183891804693238,
    0.006135980111451803,
    0.006088161518171132,
    0.00604044590477044,
    0.005992842748469699,
    0.005945361136370834,
    0.005898009777671855,
    0.005850797015524558,
    0.005803730838546353,
    0.0057568188919959445,
    0.005710068488622433,
    0.005663486619197341,
    0.005617079962738313,
    0.00557085489643295,
    0.005524817505271687,
    0.005478973591398477,
    0.005433328683186971,
    0.005387888044049648,
    0.005342656680987814,
    0.005297639352890311,
    0.005252840578588141,
    0.005208264644671741,
    0.005163915613077174,
    0.005119797328447755,
    0.005075913425277979,
    0.005032267334846402,
    0.0049888622919434834,
    0.004945701341399937,
    0.004902787344421023,
    0.004860122984732419,
    0.00481771077454333,
    0.0047755530603321664,
    0.00473365202845975,
    0.004692009710615025,
    0.004650627989098177,
    0.004609508601945762,
    0.0045686531479023195,
    0.004528063091242857,
    0.004487739766450574,
    0.004447684382753971,
    0.004407898028527336,
    0.004368381675558566,
    0.004329136183188092,
    0.004290162302322875,
    0.00425146067932942,
    0.004213031859809124,
    0.0041748762922587095,
    0.004136994331618989,
    0.004099386242715367,
    0.004062052203593366,
    0.004024992308752278,
    0.003988206572279912,
    0.003951694930891229,
    0.003915457246873707,
    0.003879493310942143,
    0.0038438028450054566,
    0.0038083855048480753,
    0.0037732408827284942,
    0.0037383685098973485,
    0.00370376785903734,
    0.003669438346627338,
    0.0036353793352326856,
    0.003601590135723768,
    0.003568070009425184,
    0.00353481817019765,
    0.0035018337864544035,
    0.00346911598311399,
    0.003436663843491424,
    0.0034044764111295367,
    0.0033725526915721004,
    0.0033408916540803514,
    0.003309492233294739,
    0.0032783533308436753,
    0.0032474738169007453,
    0.0032168525316917263,
    0.0031864882869529674,
    0.0031563798673425866,
    0.0031265260318058784,
    0.0030969255148962415,
    0.003067577028052935,
    0.0030384792608370115,
    0.003009630882126642,
    0.0029810305412729847,
    0.0029526768692178236,
    0.002924568479574192,
    0.002896703969671088,
    0.002869081921563251,
    0.0028417009030070103,
    0.0028145594684031135,
    0.002787656159707458,
    0.002760989507310793,
    0.0027345580308886265,
    0.0027083602402222812,
    0.002682394635991631,
    0.0026566597105402616,
    0.0026311539486140578,
    0.0026058758280740188,
    0.002580823820584057,
    0.0025559963922746416,
    0.002531392004382885,
    0.002507009113869748,
    0.0024828461740152496,
    0.002458901634992483,
    0.0024351739444209938,
    0.002411661547899969,
    0.0023883628895219173,
    0.0023652764123676426,
    0.002342400558982956,
    0.0023197337718375882,
    0.002297274493766873,
    0.0022750211683967734,
    0.0022529722405529055,
    0.0022311261566538634,
    0.0022094813650893525,
    0.002188036316584135,
    0.0021667894645483726,
    0.0021457392654148366,
    0.0021248841789637393,
    0.0021042226686349857,
    0.002083753201827385,
    0.0020634742501858053,
    0.0020433842898774455,
    0.0020234818018570718,
    0.002003765272121619,
    0.00198423319195635,
    0.001964884058173221,
    0.0019457163733398856,
    0.0019267286459995264,
    0.0019079193908835752,
    0.0018892871291209558,
    0.001870830388449135,
    0.0018525477034264219,
    0.0018344376156392385,
    0.0018164986739055153,
    0.001798729434482353,
    0.0017811284612822742,
    0.0017636943260985857,
    0.0017464256088387479,
    0.001729320897776753,
    0.0017123787898649157,
    0.0016955978911351271,
    0.001678976817177999,
    0.001662514193702642,
    0.0016462086572139765,
    0.0016300588558937372,
    0.0016140634509201274,
    0.001598221118524945,
    0.0015825305529761893,
    0.0015669904707514774,
    0.0015515996166455496,
    0.0015363567736415317,
    0.0015212607808231051,
    0.0015063105684304894,
    0.0014915052307496084,
    0.001476844204978389,
    0.0014623278346821496,
    0.001447960063623728,
    0.0014514027343718095,
    0.0015185665505540828,
    0.0016582916599297223,
    0.0018212074011704962,
    0.0019774570260395596,
    0.0021272438971174064,
    0.002270768916987062,
    0.0024082280392732826,
    0.0025398118525022145,
    0.002665705542618168,
    0.0027860889679195465,
    0.0029011367743306724,
    0.0030110185260267793,
    0.003115898840204363,
    0.0032159375216900517,
    0.003311289695987773,
    0.0034021059400566704,
    0.003488532410327015,
    0.0035707109676539578,
    0.003648779299106659,
    0.003722871036559469,
    0.003793115872087896,
    0.0038596396702615617,
    0.0039225645774000764,
    0.003982009127784362,
    0.004038088346888017,
    0.004090913851751438,
    0.004140593948563409,
    0.004187233727493118,
    0.0042309351548596025,
    0.004271797162714165,
    0.0043099157358722365,
    0.004345383996466677,
    0.004378292286129495,
    0.00440872824586738,
    0.004436776893661706,
    0.004462520699849858,
    0.00448603966037147,
    0.004507411367953412,
    0.00452671108129125,
    0.004544011792275166,
    0.004559384291303653,
    0.0045728972307359644,
    0.004584617186540148,
    0.00459460871819458,
    0.00460293442690185,
    0.0046096550121577755,
    0.004614829326704446,
    0.004618514429908192,
    0.00462076563961311,
    0.004621636582517979,
    0.0046211792431228565,
    0.004619444011288254,
    0.004616479728446389,
    0.004612333732505539,
    0.004607051901491301,
    0.004600678695956549,
    0.0045932572001752365,
    0.004584829162146754,
    0.004575435032453852,
    0.004565114002010593,
    0.004553904038738084,
    0.004541841923221272,
    0.004528963283376604,
    0.0045153026281205145,
    0.004500893380049787,
    0.004485767907173306,
    0.004469957553739336,
    0.004453492670226511,
    0.004436402642524298,
    0.004418715920253924,
    0.00440046004423104,
    0.004381661673157779,
    0.004362346609620829,
    0.004342539825388195,
    0.004322265485953018,
    0.004301546974329721,
    0.0042804069141465905,
    0.004258867192103823,
    0.0042369489799259875,
    0.004214672755846315,
    0.004192058325477279,
    0.004169124841995891,
    0.00414589082584079,
    0.004122374184075465,
    0.004098592229246195,
    0.004074561697553973,
    0.004050298766393622,
    0.004025819071561267,
    0.004001137724653751,
    0.003976269330497035,
    0.003951228003101304,
    0.003926027379046392,
    0.0039006806293689486,
    0.0038752004719408728,
    0.0038495991857223646,
    0.003823888626877588,
    0.003798080244808393,
    0.003772185098006119,
    0.003746213873814844,
    0.0037201769128017985,
    0.0036940842323433852,
    0.0036679455538966973,
    0.0036417703618506735,
    0.003615568036405065,
    0.003589348137058588,
    0.0035631211725293053,
    0.003536901985802262,
    0.003510750501168168,
    0.0036098387645452108,
    0.00395448410483025,
    0.004410139515404841,
    0.004847341348250775,
    0.0052666496936798115,
    0.005668619815172934,
    0.0060537933975028605,
    0.006422697200361632,
    0.006775842979808294,
    0.0071137277328822005,
    0.007436834032942013,
    0.007745630396453475,
    0.008040571659881611,
    0.008322099356033081,
    0.008590642085492315,
    0.008846615881115577,
    0.009090424564341804,
    0.009322460092385649,
    0.009543102895908338,
    0.00975272220742899,
    0.009951676380833925,
    0.010140313202110108,
    0.010318970191430032,
    0.01048797489679747,
    0.010647645179358338,
    0.010798289490536465,
    0.01094020714139287,
    0.011073688564578606,
    0.011199015568975842,
    0.011316461587062135,
    0.011426291915213764,
    0.011528763947226316,
    0.011624127401346438,
    0.011712624541004515,
    0.011794490389321875,
    0.01186995293770909,
    0.01193923334880518,
    0.012002546153610814,
    0.012060099443054043,
    0.012112095054932602,
    0.012158728756763187,
    0.012200190424336772,
    0.012236664216325537,
    0.012268328745631076,
    0.012295357247505299,
    0.012317917746214246,
    0.01233617322689443,
    0.012350281817125877,
    0.012360396973621863,
    0.012366667686013832,
    0.012369238732101067,
    0.012368251020939742,
    0.012363842235142667,
    0.012356147763280563,
    0.012345316523471853,
    0.01233225633693217,
    0.012317986500347893,
    0.01230196255041878,
    0.012283314416147741,
    0.012261955217508702,
    0.012237981071170382,
    0.012211492914657803,
    0.01218259063454194,
    0.012151371995754643,
    0.012117932259724908,
    0.012082364074315687,
    0.012044757428491438,
    0.012005199640798889,
    0.011963775378925512,
    0.011920566704033147,
    0.011875653125221462,
    0.011829111656332379,
    0.011781016878060747,
    0.011731441004442044,
    0.01168045394826821,
    0.011628123387137004,
    0.011574514831358587,
    0.01151969168773487,
    0.011463715315572373,
    0.01140664507928118,
    0.011348538405378899,
    0.011289450843535479,
    0.011229436124607316,
    0.011168546216688465,
    0.011106831384441105,
    0.011044340252960687,
    0.01098111987414033,
    0.010917215791985634,
    0.01085267210870894,
    0.01078753155704901,
    0.010721835607949067,
    0.010655624692145706,
    0.010588938644806013,
    0.010521817523088433,
    0.010454303101438071,
    0.010386443357954623,
    0.010318321207371056,
    0.010314637558307473,
    0.01047144356612388,
    0.01075191570395594,
    0.01105284838546786,
    0.011339430087906208,
    0.011612039371318258,
    0.011871108968340531,
    0.012117071310175618,
    0.01235035064222418,
    0.012571361744225022,
    0.012780510028636784,
    0.012978192096988899,
    0.013164796710857487,
    0.013340710707231118,
    0.01350636291231151,
    0.013682553131447115,
    0.013890060636928872,
    0.014108079241308434,
    0.014314866487892134,
    0.01450987657441556,
    0.014693473320948912,
    0.014866029039845184,
    0.015027909326196623,
    0.015179471134592695,
    0.015321062354879145,
    0.015453020915768717,
    0.015575674244405851,
    0.01568933974502898,
    0.015794325733721984,
    0.015890932742945136,
    0.015979455745889697,
    0.016060188509050267,
    0.016133429838614162,
    0.016199490895880925,
    0.016258728060690127,
    0.016312101362839317,
    0.016390833997265035,
    0.01652414985452543,
    0.01667958445583107,
    0.016825857245302795,
    0.017086566368865186,
    0.01763988843491604,
    0.01840995298966277,
    0.01920521960934465,
    0.019965079545671508,
    0.020690614814057703,
    0.021382909009308403,
    0.022043020905617376,
    0.02267198066200731,
    0.02327078931628183,
    0.02384041906859311,
    0.024381813826156236,
    0.024895889873718182,
    0.025383536591580803,
    0.025845617184629723,
    0.02628296940726069,
    0.02669640627658092,
    0.02708671677146538,
    0.02745466651528383,
    0.027800998440803568,
    0.028126433437370323,
    0.028431670980721545,
    0.02871738974556353,
    0.028984248201126456,
    0.029232885190152807,
    0.029463920491801757,
    0.029677955368804528,
    0.029875573099221533,
    0.03005733949320752,
    0.030223803395170667,
    0.03037549717173021,
    0.03051293718588354,
    0.030636624257754076,
    0.030747044112264792,
    0.030844667814102326,
    0.030929952190345215,
    0.031003340241097403,
    0.031065261538463555,
    0.03111613261420102,
    0.031156357336366708,
    0.031186327275274518,
    0.031206422059060636,
    0.031217009719138065,
    0.031218447025832853,
    0.031211079814484555,
    0.031195243302269905,
    0.031171262396010653,
    0.03113945199122984,
    0.031100117262705396,
    0.031053553946757344,
    0.031000048615499366,
    0.03093987894328,
    0.03087331396553535,
    0.030800614330268695,
    0.030722032542364348,
    0.030637813200938384,
    0.03054819322992413,
    0.030453402102084328,
    0.030353662056634974,
    0.03024918831066097,
    0.03014018926450107,
    0.030026866701272928,
    0.029909415980702715,
    0.029788026227421462,
    0.02966288051388622,
    0.02953415603807641,
    0.029402024296110656,
    0.029266651249928798,
    0.02912819749018022,
    0.02898681839445475,
    0.028842664280987248,
    0.0286958805579637,
    0.028546607868553238,
    0.028394982231787647,
    0.02824113517940737,
    0.028085193888788065,
    0.02792728131205826,
    0.027767516301516457,
    0.027606013731452245,
    0.02744288461647242,
    0.02727823622643124,
    0.027112172198061252,
    0.026944792643397913,
    0.026776194255089807,
    0.026606470408683053,
    0.026435711261964492,
    0.02626400385144693,
    0.026091432186078657,
    0.025918077338255616,
    0.025744017532212508,
    0.025569328229867728,
    0.025394082214195552,
    0.02521834967019586,
    0.02504219826352775,
    0.024865693216872452,
    0.024688897384091135,
    0.024511871322240916,
    0.02433467336150961,
    0.02415735967312846,
    0.0239799843353204,
    0.023802599397339703,
    0.02362525494165668,
    0.023447999144340467,
    0.02327087833369089,
    0.02309393704716926,
    0.022917218086676457,
    0.022740762572225688,
    0.022564609994056344,
    0.0223887982632341,
    0.02221336376077986,
    0.022038341385366932,
    0.021863764599626613,
    0.021689665475103894,
    0.021516074735903924,
    0.02134302180106646,
    0.021170534825703392,
    0.020998640740933636,
    0.02082736529264996,
    0.020656733079151522,
    0.020486767587674332,
    0.020317491229850767,
    0.020148925376129553,
    0.01998109038918609,
    0.01981400565635095,
    0.019647689621083826,
    0.01948215981352066,
    0.01931743288012084,
    0.019153524612439583,
    0.018990449975051536,
    0.018828223132650607,
    0.018666857476347304,
    0.018506365649186562,
    0.018346759570911544,
    0.018188050461993795,
    0.018030248866946253,
    0.017873364676939178,
    0.01771740715174331,
    0.017562384941023117,
    0.017408306104997624,
    0.017255178134484232,
    0.01710300797034431,
    0.016951802022348226,
    0.01680156618747357,
    0.016652305867653663,
    0.016504025986993846,
    0.016356731008468357,
    0.016210424950114273,
    0.01606511140073924,
    0.015920793535154475,
    0.015777474128947783,
    0.01563515557281164,
    0.015493839886437516,
    0.015353528731986392,
    0.015214223427143509,
    0.015075924957769925,
    0.014938633990170794,
    0.01480235088299559,
    0.014667075698777727,
    0.01453280821511907,
    0.01439954793552757,
    0.014267294099925023,
    0.014136045694841719,
    0.014005801463300785,
    0.013876559914393401,
    0.01374831933255437,
    0.013621077786550032,
    0.013494833138189395,
    0.013369583050764812,
    0.01324532499722773,
    0.013122056268107267,
    0.012999773979176786,
    0.012878475078875011,
    0.012758156355490097,
    0.012638814444114951,
    0.012520445833384705,
    0.012403046872002435,
    0.012286613775053792,
    0.01217114263011993,
    0.012056629403199279,
    0.011943069944439342,
    0.011830459993682615,
    0.011718795185831864,
    0.011608071056039334,
    0.01149828304473199,
    0.011389426502479101,
    0.011281496694701338,
    0.011174488806223189,
    0.011068397945670947,
    0.010963219149724458,
    0.010858947387230606,
    0.010755577563178147,
    0.010653104522539671
]