[
    0.0,
    0.0,
    -0.008434986090105115,
    -0.00842475889357331,
    -0.008412557304921554,
    -0.008398459453065003,
    -0.008382541042089754,
    -0.008364875421786575,
    -0.008345533656175488,
    -0.008324584590077871,
    -0.008302094913791365,
    -0.008278129225921079,
    -0.008252750094419174,
    -0.008226018115883449,
    -0.008197991973164426,
    -0.00816872849132922,
    -0.008138282692028733,
    -0.008106707846312615,
    -0.008074055525935648,
    -0.008040375653198048,
    -0.008005716549360975,
    -0.007970124981678537,
    -0.007933646209087644,
    -0.007896324026594787,
    -0.007858200808393747,
    -0.007819317549745313,
    -0.007779713907654255,
    -0.0077394282403813325,
    -0.007698497645826057,
    -0.007656957998815089,
    -0.007614843987324215,
    -0.007572189147654779,
    -0.007529025898593348,
    -0.007485385574589488,
    -0.0074412984579785395,
    -0.007396793810274774,
    -0.007351899902572211,
    -0.00730664404508613,
    -0.007261052615844185,
    -0.00721515108853614,
    -0.007168964059550375,
    -0.007122515274229486,
    -0.007075827652373578,
    -0.007028923313007607,
    -0.006981823598416118,
    -0.006934549097462671,
    -0.006887119668232937,
    -0.006839554460042856,
    -0.0067918719348437325,
    -0.006744089887997158,
    -0.006696225468308701,
    -0.00664829519728661,
    -0.00660031498776004,
    -0.006552300161933625,
    -0.006504265468752813,
    -0.006456225100439991,
    -0.006408192708227966,
    -0.006360181417272947,
    -0.006312203840355128,
    -0.00626427208968272,
    -0.006216397786028812,
    -0.006168592064592956,
    -0.006120865576401058,
    -0.006073228482015032,
    -0.00602569043590408,
    -0.005978260572803556,
    -0.005930947520709251,
    -0.005883759420876397,
    -0.0058367038666754245,
    -0.0057897877103761574,
    -0.005743016701534732,
    -0.005696394708746359,
    -0.005649922120992707,
    -0.005603594142496011,
    -0.00555739992810679,
    -0.005511317154744303,
    -0.005465280993632273,
    -0.005362921124000398,
    -0.005149386794111701,
    -0.004884602601161019,
    -0.004627673989183738,
    -0.004379141191773976,
    -0.004138774520375958,
    -0.003906337141768375,
    -0.0036815960379652257,
    -0.003464323871688,
    -0.0032542994414544897,
    -0.0030513077262757345,
    -0.002855139803363362,
    -0.0026655927130549875,
    -0.0024824692935308886,
    -0.002305578014832009,
    -0.002134732821766135,
    -0.00196975297917384,
    -0.001810462921972691,
    -0.0016566921135796637,
    -0.0015082749078872758,
    -0.0013650504123037454,
    -0.0012268623536050192,
    -0.0010935589470694573,
    -0.0009649927698750387,
    -0.0008410206396951021,
    -0.0007215034970449087,
    -0.0006063062902021677,
    -0.000495297862964009,
    -0.0003883508453232237,
    -0.0002853415467705027,
    -0.00018614985207667304,
    -9.065911975993015e-05,
    1.243916470541165e-06,
    8.966924341924992e-05,
    0.0001747236615353631,
    0.00025651087547933166,
    0.00033513158209011413,
    0.0004106835558424863,
    0.0004832617319550347,
    0.0005529582872581892,
    0.0006198627187777939,
    0.0006840619200188306,
    0.0007456402550644204,
    0.0008046796306054251,
    0.0008612595659530465,
    0.0009154572610658965,
    0.0009673476626586013,
    0.0010170035284585068,
    0.0010644954896448892,
    0.0011098921115153617,
    0.0011532599524339182,
    0.0011946636211093591,
    0.0012341658322442073,
    0.0012718274605930198,
    0.0013077075934917128,
    0.001341863581920711,
    0.0013743510901370447,
    0.0014052241438983312,
    0.001434535177308858,
    0.0014623350783357582,
    0.001488673233047655,
    0.0015135975686085166,
    0.0015371545950498516,
    0.001559389445850436,
    0.001580345917360356,
    0.0016000665071106666,
    0.0016185924510449005,
    0.0016359637597021437,
    0.0016522192533769933,
    0.0016673965962712496,
    0.0016815323296522778,
    0.0016946619040617778,
    0.0017068197106308925,
    0.0017180391115288228,
    0.0017283524695568258,
    0.0017377911769038213,
    0.0017463856830803965,
    0.0017541655220535504,
    0.00176115933860978,
    0.0017673949139732472,
    0.0017728991907000698,
    0.0017776982968631333,
    0.0017818175695448763,
    0.001785281577663017,
    0.0017881141441525798,
    0.001790338367519931,
    0.0017919766427823645,
    0.0017930506818107602,
    0.0017935815330949267,
    0.0017935896009471284,
    0.0017930946641571306,
    0.0017921158941160943,
    0.0017906718724262898,
    0.001788780608010028,
    0.0017864595537292454,
    0.001783725622525865,
    0.0017805952030996164,
    0.0017770841751452507,
    0.001773207924162153,
    0.0017689813558431184,
    0.0017644189100535545,
    0.0017595345744135266,
    0.0017543418974920381,
    0.0017488540016237278,
    0.0017430835953602022,
    0.0017370429855666442,
    0.0017307440891728043,
    0.0017241984445885558,
    0.0017174172227945735,
    0.001710411238116414,
    0.0017031909586887632,
    0.0016957665166196212,
    0.0016881477178651535,
    0.0016803440518225114,
    0.0016723647006477013,
    0.0016642185483071066,
    0.001655914189370534,
    0.0016474599375528001,
    0.0016388638340105552,
    0.0016301336554015262,
    0.0016212769217135593,
    0.0016123009038691398,
    0.0016032126311107309,
    0.0015940188981743298,
    0.0015847262722580805,
    0.0015753410997904657,
    0.0015658695130032435,
    0.0015563174363158094,
    0.0015466905925372104,
    0.0015369945088908683,
    0.0015272345228664048,
    0.001517415787902964,
    0.001507543278908974,
    0.0014976217976235444,
    0.0014876559778238796,
    0.0014776502903822858,
    0.0014676090481770452,
    0.001457536410861793,
    0.0014474363894973906,
    0.0014373128510502095,
    0.0014271695227607998,
    0.0014170099963863704,
    0.0014068377323204794,
    0.0013966560635936599,
    0.0013864681997586455,
    0.001376277230663354,
    0.0013660861301144907,
    0.001355897759434629,
    0.0013457148709155446,
    0.0013355401111710978,
    0.001325376024393371,
    0.0013152250555149647,
    0.001305089553279734,
    0.001294971773224376,
    0.0012848738805732673,
    0.0012747979530489278,
    0.001264745983600598,
    0.0012547198830534182,
    0.0012447214826805276,
    0.0012347525367001303,
    0.0012248147246995186,
    0.0012149096539881884,
    0.0012050388618822048,
    0.0011952038179218593,
    0.0011854059260243586,
    0.0011756465265729988,
    0.0011659268984448017,
    0.0011562482609789749,
    0.0011466117758878564,
    0.0011370185491117225,
    0.0011274696326192407,
    0.0011179660261551358,
    0.0011085086789362924,
    0.0010990984912976653,
    0.001089736316289515,
    0.0010804229612275077,
    0.0010711591891970679,
    0.0010619457205132063,
    0.0010527832341370952,
    0.0010436723690507035,
    0.0010346137255906357,
    0.001025607866742278,
    0.0010166553193954307,
    0.0010077565755625916,
    0.0009989120935608013,
    0.0009901222991577758,
    0.000981387586683536,
    0.000972708320109073,
    0.0009640848340930497,
    0.000955517434997201,
    0.0009470064018713088,
    0.0009385519874085737,
    0.0009301544188721666,
    0.0009218138989938718,
    0.0009135306068456431,
    0.0009053046986848036,
    0.0008971363087737332,
    0.0008890255501747609,
    0.0008809725155207036,
    0.000872977277761567,
    0.0008650398908883345,
    0.0008571603906349425,
    0.0008493387951591595,
    0.000841575105702748,
    0.0008338693072313031,
    0.0008262213690543645,
    0.000818631245426537,
    0.0008110988761301823,
    0.0008036241870400843,
    0.0007962070906705507,
    0.0007888474867055522,
    0.0007815452625124169,
    0.000774300293639317,
    0.0007671124442970046,
    0.0007599815678256574,
    0.0007529075071474077,
    0.000745890095204722,
    0.0007389291553849298,
    0.00073202450193136,
    0.0007251759403415513,
    0.0007183832677529298,
    0.0007116462733162063,
    0.0007049647385567849,
    0.0006983384377246839,
    0.0006917671381334238,
    0.0006852506004881718,
    0.0006787885792033114,
    0.0006723808227095875,
    0.0006660270737510715,
    0.000659727069672238,
    0.0006534805426956107,
    0.0006472872201906282,
    0.0006411468249340144,
    0.0006350590753616005,
    0.0006290236858117811,
    0.0006230403667610333,
    0.0006171088250517731,
    0.0006112287641125602,
    0.0006053998841706325,
    0.0005996218824570985,
    0.0005938944534054365,
    0.0005882172888436517,
    0.0005825900781801188,
    0.000577012508583219,
    0.0005714842651546921,
    0.0005660050310964158,
    0.0005605744878708776,
    0.0005551923153563718,
    0.0005498581919976949,
    0.0005445717949518637,
    0.0005393328002277729,
    0.0005341408828200445,
    0.0005289957168386798,
    0.0005238969756351256,
    0.0005188443319238279,
    0.0005138374578983562,
    0.0005088760253425241,
    0.0005039597057379587,
    0.0004990881703687776,
    0.0004942610904226366,
    0.0004894781370873981,
    0.0004847389816440478,
    0.00048004329555681186,
    0.0004753907505602005,
    0.00047078101874259545,
    0.0004662137726261127,
    0.0004616886852413467,
    0.0004572054301971011,
    0.0004527636817477723,
    0.0004483631148587829,
    0.0004440034052682313,
    0.00043968422954526444,
    0.00043540526514658273,
    0.0004311661904714885,
    0.0004269666849175994,
    0.0004228064289373507,
    0.0004186851040902713,
    0.00041460239308941564,
    0.0004105579798452234,
    0.0004065515495076411,
    0.0004025827885054461,
    0.00039865138458372264,
    0.00039475702684085444,
    0.000390899405763172,
    0.00038707821325395297,
    0.0003832931426581609,
    0.0003795438887880931,
    0.0003758301479507931,
    0.0003721516179700414,
    0.0003685079981936813,
    0.00036489898948948243,
    0.0003613242942449811,
    0.0003577836163772605,
    0.0003542766613458865,
    0.00035080313616594366,
    0.0003473627494243835,
    0.0003439552113043304,
    0.00034058023362151807,
    0.00033723752986784936,
    0.0003339268152488282,
    0.0003306478067112099,
    0.0003274002229688505,
    0.0003241837845320124,
    0.00032099821373761557,
    0.0003178432347739752,
    0.00031471857369567204,
    0.0003116239584321394,
    0.00030855911879656007,
    0.00030552378649332363,
    0.0003025176951202353,
    0.0002995405801703763,
    0.000296592179037136,
    0.000293672231018153,
    0.0002907804773158679,
    0.00028791666103714477,
    0.00028508052719394513,
    0.0002822718227048255,
    0.00027949029639586214,
    0.0002767356989997116,
    0.00027400778315271205,
    0.000271306303391243,
    0.00026863101614851853,
    0.00026598167975146994,
    0.0002633580544166541,
    0.00026075990224500505,
    0.0002581869872160193,
    0.00025563907518183005,
    0.00025311593386123264,
    0.00025061733283376713,
    0.0002481430435337201,
    0.0002456928392436427,
    0.0002432664950874409,
    0.00024086378802311824,
    0.0002384844968351915,
    0.00023612840212704407,
    0.00023379528631326432,
    0.00023148493361188453,
    0.0002291971300363522,
    0.00022693166338710424,
    0.00022468832324289587,
    0.0002224669009522252,
    0.0002202671896249563,
    0.00021808898412354352,
    0.00021593208105359952,
    0.00021379627875437788,
    0.00021168137728941474,
    0.0002095871784371039,
    0.00020751348568112923,
    0.00020546010420087688,
    0.00020342684086175868,
    0.00020141350420531056,
    0.00019941990443928404,
    0.00019744585342786316,
    0.00019549116468161836,
    0.0001935556533467311,
    0.0001916391361936679,
    0.00018974143160605555,
    0.0001878623595702642,
    0.00018600174166555423,
    0.00018415940105415309,
    0.0001823351624709025,
    0.00018052885221288878,
    0.00017874029812930972,
    0.00017696932961116846,
    0.00017521577758067348,
    0.00017347947448068094,
    0.00017176025426418257,
    0.00017005795238367948,
    0.00016837240578060223,
    0.00016670345287473352,
    0.00016505093355310795,
    0.0001634146891584488,
    0.00016179456247802275,
    0.0001601903977331788,
    0.0001586020405690152,
    0.00015702933804383063,
    0.00015547213861848605,
    0.00015393029214595528,
    0.00015240364986117376,
    0.00015089206437104584,
    0.00014939538964428852,
    0.00014791348100100842,
    0.00014644619510213632,
    0.00014499338993842402,
    0.00014355492481903803,
    0.00014213066036060452,
    0.0001407204584769611,
    0.0001393241823691638,
    0.00013794169651554819,
    0.00013657286666179304,
    0.0001352175598110193,
    0.00013387564421404343,
    0.00013254698935977178,
    0.00013123146596569443,
    0.0001299289459684572,
    0.00012863930251452168,
    0.00012736240995068977,
    0.00012609814381378312,
    0.0001248463808195784,
    0.00012360699885235815,
    0.00012237987695565186,
    0.0001211648953233416,
    0.00011996193529056963,
    0.00011877087932487594,
    0.0001175916110178354,
    0.00011642401507673601,
    0.00011526797731583708,
    0.0001141233846469393,
    0.00011299012506972285,
    0.0001118680876627884,
    0.00011075716257523252,
    0.00010965724101843924,
    0.00010856821525870963,
    0.00010748997861105524,
    0.00010642242543390914,
    0.00010536545112344048,
    0.00010431895210538992,
    0.00010328282582510148,
    0.00010225697073885432,
    0.00010124128630757784,
    0.00010023567299184936,
    9.924003224785858e-05,
    9.825426652561432e-05,
    9.72782792694509e-05,
    9.631197491843002e-05,
    9.535525890597885e-05,
    9.440803766129498e-05,
    9.347021861461313e-05,
    9.254171020424281e-05,
    9.162242187983093e-05,
    9.071226410315027e-05,
    8.98111483542901e-05,
    8.891898714391485e-05,
    8.803569403167007e-05,
    8.716118365691537e-05,
    8.629537178151131e-05,
    8.543817534284115e-05,
    8.458951251988905e-05,
    8.37493028109416e-05,
    8.291746713057347e-05,
    8.209392795010205e-05,
    8.127860949571273e-05,
    8.047143801195626e-05,
    7.967234211926733e-05,
    7.888125330683588e-05,
    7.809810663996137e-05,
    7.732284182428818e-05,
    7.655540480064784e-05,
    7.579575011876347e-05,
    7.504384450568854e-05,
    7.429967243622236e-05,
    7.356324520440432e-05,
    7.283461547070695e-05,
    7.211390120446577e-05,
    7.140133694476287e-05,
    7.069741105745773e-05,
    7.000325127062878e-05,
    6.932165384886384e-05,
    6.8659405250282e-05,
    6.803693599427042e-05,
    7.43365599438198e-05,
    0.00021250346658571864,
    0.0005890037678321733,
    0.0010695168971513534,
    0.0015316023914984415,
    0.001975805327132401,
    0.0024026745762713575,
    0.002812743949510566,
    0.003206531351548877,
    0.0035845450990708407,
    0.003947305430991378,
    0.004377578765371015,
    0.004954957480908205,
    0.005591458562504035,
    0.006202386432241349,
    0.006788506637622473,
    0.007350588051556057,
    0.00789085641817628,
    0.00841363394833319,
    0.008920154687478308,
    0.009407268191540395,
    0.009882247106506783,
    0.010354274463785722,
    0.010814497384123456,
    0.011254352710923012,
    0.011674468642949958,
    0.01214069605507839,
    0.012721323265883974,
    0.013351636007759382,
    0.013959431911700949,
    0.014540386165525157,
    0.015095307273446615,
    0.01562501869311067,
    0.01613032799817689,
    0.01661202003732035,
    0.017070855981238676,
    0.017507581849045946,
    0.017939960375337797,
    0.018387393426919564,
    0.01883447226288496,
    0.019261728403080207,
    0.019667459493233248,
    0.02005235480916038,
    0.02041708919670794,
    0.020762320702647833,
    0.021088694842716443,
    0.02139686193398103,
    0.021712767622974635,
    0.02206134876265772,
    0.02241595050019899,
    0.022750904027799616,
    0.023066835779416532,
    0.02336438751247672,
    0.023655630355472624,
    0.023952210511414922,
    0.024242438222800335,
    0.024514970049278443,
    0.024770337761236765,
    0.025009112998760512,
    0.02523185681184193,
    0.02543911737424733,
    0.025631435186382286,
    0.02580939547054402,
    0.026001154044490375,
    0.026233691751948146,
    0.02647775495736865,
    0.026705210831758978,
    0.026916594404438964,
    0.027112448764348457,
    0.027293307214623284,
    0.027459692891104823,
    0.027612132559129778,
    0.027751522596020817,
    0.0279131495586651,
    0.028130204016273044,
    0.028365706488025083,
    0.028584404295656216,
    0.028786834882430112,
    0.028973549708070645,
    0.02914508997774355,
    0.029301983733848753,
    0.029444749279206456,
    0.02957394821650037,
    0.029724408221203855,
    0.0299295268424943,
    0.03015283951433788,
    0.030359285297230476,
    0.030549423192463752,
    0.030723810719328788,
    0.03088299274316093,
    0.03102749912735428,
    0.031157844298084075,
    0.031274527420576397,
    0.031378032745187336,
    0.03146883000992806,
    0.031547374892359106,
    0.031614109486531455,
    0.031669462740788724,
    0.03171385085199408,
    0.03174767778976859,
    0.03177133619268883,
    0.03178520912305305,
    0.0317896747318312,
    0.03178512575962987,
    0.03183636461436636,
    0.03200988930194512,
    0.03224082665692281,
    0.032458335401644715,
    0.03265860214009956,
    0.032842165020366285,
    0.033009589897008834,
    0.03316143615584844,
    0.03329824943144839,
    0.03342056011384181,
    0.033528883364384754,
    0.033623719793401174,
    0.03370555691577733,
    0.033774871183828166,
    0.033832130177268646,
    0.033877803074374206,
    0.0340037730670051,
    0.03431351309377859,
    0.03472365454995796,
    0.03512371132963167,
    0.03549881013973169,
    0.03584977968885116,
    0.03617743157812603,
    0.036482554039794224,
    0.03676591240596691,
    0.03702825019399788,
    0.037270289551508254,
    0.03749273169817107,
    0.03769625824653477,
    0.037881535201293566,
    0.03804923227194176,
    0.03822611797103809,
    0.03843791628214474,
    0.0386571183607262,
    0.03885723758228564,
    0.039038918174438164,
    0.03920281002441326,
    0.039349570224106824,
    0.03948078421288734,
    0.03960032128893865,
    0.03975492780620597,
    0.039984954986745515,
    0.040240308584770706,
    0.04047489498280521,
    0.040689285347365454,
    0.0408841727311878,
    0.04106023856716344,
    0.04121814635258688,
    0.041358542673651716,
    0.04148206448825905,
    0.04160487429471933,
    0.041768607208026,
    0.041982224307686014,
    0.042202134151978626,
    0.04240192023577701,
    0.04258227333260611,
    0.042743875116262965,
    0.04288738965497982,
    0.04301346218426388,
    0.04312271953348976,
    0.04321577150880034,
    0.04329321498234992,
    0.04335564406494702,
    0.04340366406263792,
    0.043487358819095656,
    0.04366049513871349,
    0.043875744010957146,
    0.04407626503842536,
    0.044256877321254676,
    0.044418263124860746,
    0.04456109886778255,
    0.04468604435284183,
    0.04479374065665778,
    0.044884809852552436,
    0.044959855298311396,
    0.04501946208502734,
    0.0450641975361412,
    0.04509461171381555,
    0.045111237908474044,
    0.04511459311184435,
    0.04510517847224522,
    0.04508347974191332,
    0.04504996773488361,
    0.04500509877797935,
    0.044949315133900575,
    0.044883045409491805,
    0.04480670496576189,
    0.04472069632800342,
    0.04462540957872765,
    0.044521222736622554,
    0.0444085021980672,
    0.04428760336839048,
    0.04415887157366018,
    0.044022643304966864,
    0.04387924811767859,
    0.043729013317053866,
    0.043572313438529735,
    0.04342790100727701,
    0.043313745126905535,
    0.04321038965659061,
    0.0431341728254725,
    0.043131059573607834,
    0.0431753973986461,
    0.04321872058396913,
    0.04324894621884301,
    0.043266193182147104,
    0.043270807995170316,
    0.04326327269417471,
    0.04324441753800339,
    0.043215294264827966,
    0.04317626527746966,
    0.04312706950630084,
    0.04306773709340893,
    0.04299863208360874,
    0.04292048082175503,
    0.04283559930473424,
    0.04274554173598978,
    0.04264855767718399,
    0.04254330068635194,
    0.04243010709393581,
    0.04230930685363698,
    0.042181220655514204,
    0.04204615954212984,
    0.04190442495441502,
    0.04175630891302243,
    0.04160209424725137,
    0.041442054838045944,
    0.04127645586402139,
    0.04110555404670148,
    0.040929597892003386,
    0.04074882792696956,
    0.04056347693231908,
    0.04037377016988916,
    0.04017992560355653,
    0.0399821541136013,
    0.039780659704938603,
    0.03957563970952113,
    0.03936728498309147,
    0.039155780096353954,
    0.03894130352069795,
    0.03872402780863302,
    0.038504119769061776,
    0.03828174063758077,
    0.03805704624203318,
    0.03783018716341073,
    0.037601308892146745,
    0.037370551979914124,
    0.03713805218706795,
    0.03690394062585722,
    0.03666834389952122,
    0.03643138423737551,
    0.03619317962599655,
    0.03595384393663366,
    0.0357134870489751,
    0.035472214971368356,
    0.03523012995758362,
    0.034987330620210366,
    0.0347439120407744,
    0.034499965876672783,
    0.03425558046503309,
    0.03401084092358775,
    0.03376582924863801,
    0.0335206244101837,
    0.0332753024443001,
    0.03302993654284207,
    0.03278459714055018,
    0.03253935199963177,
    0.03229426629188892,
    0.032049402678460515,
    0.03180482138724838,
    0.03156058028810014,
    0.03131673496581295,
    0.031073338791016716,
    0.03083044298899598,
    0.030588096706508652,
    0.0303463470766591,
    0.03010523928188207,
    0.029864816615089607,
    0.029625120539029548,
    0.029386190743908927,
    0.029148065203336807,
    0.028910780228634372,
    0.028674370521556865,
    0.028438869225471806,
    0.02820430797503691,
    0.027970716944420514,
    0.027738124894107,
    0.027506559216327442,
    0.027276045979153413,
    0.027046609969292618,
    0.0268182747336251,
    0.026591062619516333,
    0.02636499481394154,
    0.02614009138145551,
    0.02591637130104059,
    0.025693852501864334,
    0.025472551897977827,
    0.02525248542198444,
    0.025033668057709263,
    0.02481611387189911,
    0.02459983604498107,
    0.02438484690090579,
    0.024171157936101473,
    0.023958779847564202,
    0.02374772256010923,
    0.023537995252807486,
    0.02332960638463036,
    0.023122563719325535,
    0.022916874349546756,
    0.022712544720259097,
    0.02250958065144058,
    0.022307987360100198,
    0.022107769481631546,
    0.02190893109052134,
    0.02171147572043141,
    0.02151540638367235,
    0.021320725590086055,
    0.021127435365354424,
    0.020935537268751383,
    0.020745032410354334,
    0.020555921467730227,
    0.02036820470211135,
    0.020181881974075836,
    0.019996952758747306,
    0.019813416160527304,
    0.01963127092737402,
    0.01945051546464053,
    0.0192711478484853,
    0.019093165838867446,
    0.018916566892139077,
    0.01874134817324639,
    0.01856750656755082,
    0.018395038692281245,
    0.018223940907628057,
    0.018054209327489502,
    0.017885839829880387,
    0.017718828067012818,
    0.017553169475058576,
    0.01738885928360278,
    0.017225892524797948,
    0.017064264042227117,
    0.016903968499484442,
    0.01674500038848161,
    0.016587354037488067,
    0.016431023618912802,
    0.016276003156835202,
    0.016122286534292356,
    0.01596986750033033,
    0.0158187396768264,
    0.0156688965650888,
    0.015520331552240557,
    0.01537303791739365,
    0.015227008837619883,
    0.015082237393724397,
    0.014938716575827623,
    0.014796439288761362,
    0.014655398357284502,
    0.014515586531123906,
    0.014376996489845709,
    0.014239620847562022,
    0.01410345215747785,
    0.01396848291628301,
    0.013834705568393786,
    0.01370211251004873,
    0.013570696093263019,
    0.013440448629645527,
    0.013311362394082723,
    0.013183429628293313,
    0.013056642544257584,
    0.012930993327525439,
    0.012806474140406834,
    0.012683077125048067,
    0.012560794406397227,
    0.012439618095062313,
    0.012319540290065201,
    0.012200553081494689,
    0.01208264855306163,
    0.011965818784558956,
    0.01185005585422964,
    0.01173535184104564,
    0.011621698826900504,
    0.011509088898718262,
    0.011397514150481016,
    0.011286966685177941,
    0.011177438616677998,
    0.011068922071528743,
    0.010961409190683422,
    0.010854892131158539,
    0.010749363067624165,
    0.010644814193929222,
    0.0105412377245638,
    0.010438625896060321,
    0.010336970968335541,
    0.010236265225975202,
    0.010136500979463267,
    0.010037670566357328,
    0.009939766352411911,
    0.009842780732651405,
    0.009746706132394194,
    0.009651535008229526,
    0.009557259848948507,
    0.009463873176430744,
    0.009371367546488225,
    0.009279735549667932,
    0.009188969812014391,
    0.009099062995793385,
    0.00901000780017808,
    0.008921796961898858,
    0.008834423255858048,
    0.008747879495710757,
    0.008662158534412894,
    0.008577253264737506,
    0.008493156619760373,
    0.00840986157331572,
    0.00832736114042315,
    0.00824564837768696,
    0.008164716383668828,
    0.008084558299234688,
    0.008005167307876662,
    0.00792653663601093,
    0.007848659553252271,
    0.007771529372665996,
    0.007695139450997935,
    0.007619483188883517,
    0.0075445540310367975,
    0.007470345466420098,
    0.007396851028394866,
    0.007324064294854394,
    0.007251978888338991,
    0.007180588476134292,
    0.007109886770353397,
    0.007039867528003155,
    0.0069705245510350835,
    0.006901851686381784,
    0.006833842825979609,
    0.006766491906777988,
    0.006699792910735837,
    0.006633739864805519,
    0.006568326840904938,
    0.0065035479558781355,
    0.006439397371444807,
    0.006375869294139162,
    0.0063129579752386105,
    0.006250657710682684,
    0.006188962840982309,
    0.006127867751119696,
    0.006067366870439513,
    0.006007454672532004,
    0.005948125675108386,
    0.005889374439868764,
    0.00583119557236291,
    0.005773583721844223,
    0.005716533581116995,
    0.005660039886376766,
    0.0056040974170440605,
    0.005548700995592543,
    0.005493845487372282,
    0.005439525800428104,
    0.005385736885312946,
    0.005332473734896469,
    0.00527973138416919,
    0.005227504910042834,
    0.005175789431147474,
    0.005124580107625165,
    0.005073872140920003,
    0.005023660773565017,
    0.004973941288965765,
    0.00492470901117995,
    0.004875959304693324,
    0.004827687574194172,
    0.00477988926434784,
    0.004732559859570105,
    0.0046856948837979496,
    0.004639289900258693,
    0.004593340511239492,
    0.004547842357858542,
    0.004502791119838759,
    0.004458182515284303,
    0.004414012300459905,
    0.004370276269573999,
    0.004326970254565772,
    0.004284090124896335,
    0.004241631787350313,
    0.004199591185857026,
    0.004157964301335058,
    0.0041167471515619605,
    0.004075935791076984,
    0.004035526311130136,
    0.003995514839701745,
    0.003955897541627737,
    0.0039166706188594825,
    0.003877830310904177,
    0.003839372895483872,
    0.0038012946893843085,
    0.0037635920497394483,
    0.0037262613766076615,
    0.00368929911782963,
    0.003652701777255344,
    0.003616465928225663,
    0.0035805882349008705,
    0.0035450654897807264,
    0.0035098947049715815,
    0.0034750733999001837,
    0.0034406007735301946,
    0.00340648506636406,
    0.003372777427908101,
    0.003339558383538872,
    0.003407982367247647,
    0.003750603821623303,
    0.004331121078011658,
    0.004963959256172459,
    0.005589337518828967,
    0.006225007875310176,
    0.0068527232707183295,
    0.007454938453221605,
    0.008032464871735409,
    0.008624610611189062,
    0.009269435592397004,
    0.009926490367725185,
    0.010556284800135055,
    0.011159360259841967,
    0.01173654382127758,
    0.0122886469450645,
    0.012816483345956097,
    0.013352102058333967,
    0.013927272619001346,
    0.014534219362642608,
    0.015163643762255735,
    0.015789507391932082,
    0.01638755255853748,
    0.016994677058736897,
    0.01764642069914707,
    0.01830486940256834,
    0.018940522388937227,
    0.019561002518405812,
    0.020159746138825523,
    0.020730460313612274,
    0.02127396651821196,
    0.02179103539358174,
    0.02228251108536479,
    0.022802287717585502,
    0.023402207346213823,
    0.024026132988551503,
    0.024620119115591275,
    0.02518514810562964,
    0.025721938697485732,
    0.026231276975132903,
    0.026725619747533465,
    0.02721697829551793,
    0.027693838102400073,
    0.028169043312682288,
    0.028666491766285433,
    0.02916123232482106,
    0.029629189984872528,
    0.030071217206532906,
    0.0305260843862453,
    0.031031090729356947,
    0.031546344191683104,
    0.032033426841343554,
    0.03249323401472828,
    0.03292661352530416,
    0.033334400134528985,
    0.03371743966512308,
    0.03407657464360509,
    0.03441267754077108,
    0.034726579800873215,
    0.035018975257876166,
    0.03529052853892098,
    0.03554194145328998,
    0.03577390969889757,
    0.03598711536732777,
    0.036182239713061864,
    0.0364243425858222,
    0.03677613800712042,
    0.03716913181965975,
    0.03753708832637855,
    0.0378806960085291,
    0.03820269931238642,
    0.03850571905942712,
    0.038788458336862036,
    0.03904966739181911,
    0.03929006326971056,
    0.039510361219064184,
    0.03971125948772848,
    0.03989343765592002,
    0.040057557731088815,
    0.04020426723682763,
    0.04033421351975639,
    0.04050952797478554,
    0.04078994918545893,
    0.0411098998258872,
    0.041406261407957556,
    0.04167982396542505,
    0.04193137370716038,
    0.0421616802738943,
    0.042371508734352484,
    0.042582513936535636,
    0.042815604335106394,
    0.0430490555472178,
    0.04326175558345753,
    0.04345430579174791,
    0.043627404026986075,
    0.04378173507368368,
    0.0439179654291374,
    0.04403674249989187,
    0.044138694349560095,
    0.04422442971949058,
    0.04429453857141673,
    0.04434959300267716,
    0.04439014756614759,
    0.04441673940572224,
    0.04442988955429632,
    0.044430104744020246,
    0.04441787945609704,
    0.04439370433401796,
    0.04435830154947461,
    0.0443531603115791,
    0.04441772790482918,
    0.04450834320285753,
    0.04458319869654382,
    0.04464290138007852,
    0.04468811436228535,
    0.04472667666450976,
    0.04476655770915658,
    0.044800930981897094,
    0.04482215186383485,
    0.04483012536622882,
    0.04482538008823825,
    0.04481637842192149,
    0.04481451138621273,
    0.044815057318005114,
    0.04481089863990827,
    0.04484101873848247,
    0.044938193330690865,
    0.045057513381310185,
    0.0451597527120168,
    0.04524549575817974,
    0.045315330982601466,
    0.04536983473035784,
    0.045409568580205784,
    0.045435078109801116,
    0.04544689272670032,
    0.04544552609058069,
    0.04543147652272558,
    0.04540522730993827,
    0.04536724702820093,
    0.045317989911754675,
    0.04525789624398169,
    0.04518739275217891,
    0.045106892991248204,
    0.045016797716089796,
    0.04491749524861122,
    0.04480936183296232,
    0.04469276196382371,
    0.04456804869219094,
    0.04443556393605593,
    0.04429563880761632,
    0.04414859394766285,
    0.043994739855914795,
    0.0438343772059698,
    0.04366779713950237,
    0.043495281544260814,
    0.04331710332320896,
    0.043133526659091356,
    0.04294480727240099,
    0.04275119266684096,
    0.04255292236248969,
    0.04235022812417454,
    0.04214333418904813,
    0.041932457492726415,
    0.041717807893803374,
    0.04149958839265844,
    0.04127799533460341,
    0.04105321859774512,
    0.040825441783200175,
    0.04059484241731382,
    0.04036159215539764,
    0.04012585696439949,
    0.03988779728044125,
    0.03964756818729535,
    0.039405319657536145,
    0.03916119687887608,
    0.03891534088758214,
    0.038667890857849156,
    0.03841900115973819,
    0.038183352483688635,
    0.03797506553287156,
    0.037778655962481034,
    0.03757916577626235,
    0.03737672630071529,
    0.03717150249716344,
    0.036963682737771245,
    0.03675888908818854,
    0.03656249358187688,
    0.03636877701958802,
    0.03617223642760792,
    0.03597301805185449,
    0.035771275973805416,
    0.035567165179154515,
    0.0353608359431667,
    0.035152427554515475,
    0.03494207008816183,
    0.03472989048494428,
    0.0345160141920554,
    0.034300564152350325,
    0.03408366054386196,
    0.03386542162637941,
    0.0336459650334204,
    0.03342540554349584,
    0.03320384964460181,
    0.032981395658915905,
    0.032758139625380926,
    0.03253418326721999,
    0.032319034605468186,
    0.0321461885021007,
    0.03202904578053028,
    0.03193176283689783,
    0.03182924041691282,
    0.0317216918898376,
    0.03160933252857591,
    0.03149237333730082,
    0.031371020131750305,
    0.031245473260860575,
    0.031115928074476627,
    0.03098257891815348,
    0.030845871801430162,
    0.030737778373758885,
    0.030688541841139984,
    0.030664146186054984,
    0.03063209808716708,
    0.030592684710935465,
    0.030546192415753196,
    0.030492900637835378,
    0.03043308084139844,
    0.030366996346679324,
    0.030294902388366605,
    0.03021704627941068,
    0.030133667632434344,
    0.030044998588716565,
    0.029951264032809906,
    0.029852681795911877,
    0.029749462853149326,
    0.029641811516844186,
    0.029529925625954984,
    0.02941399673136426,
    0.02929421027719531,
    0.029170745778116958,
    0.029043776992011595,
    0.028913472087829125,
    0.02877999380904234,
    0.028643499632869582,
    0.028504141925083236,
    0.028362068090367294,
    0.028217420718405016,
    0.028070337725874323,
    0.027920952494461675,
    0.027769394004971353,
    0.027615786967606214,
    0.027460251948528747,
    0.027302905492817338,
    0.027143860243914967,
    0.02698322505964396,
    0.026821105124843283,
    0.026657602060751,
    0.026492814031309632,
    0.026326835846499738,
    0.026159759062712402,
    0.02599167208017124,
    0.025822660237513874,
    0.025652805903702513,
    0.02548218856736025,
    0.02531088492352765,
    0.025138968957843663,
    0.02496651202828108,
    0.024793582944600316,
    0.02462024804555585,
    0.024446571273811758,
    0.024272614248618353,
    0.024098436336407472,
    0.02392409471940305,
    0.02374964446228637,
    0.023575138577005984,
    0.023400628085745737,
    0.023226162081943662,
    0.02305178778939215,
    0.0228775506196214,
    0.022703494227747298,
    0.02252966056687108,
    0.0223560899409899,
    0.022182821056303474,
    0.022009891070768554,
    0.021837335641900657,
    0.021665188973181298,
    0.021493483859400885,
    0.02132225173093758,
    0.02115152269679904,
    0.020981325586337495,
    0.020811687989954687,
    0.02064263629915073,
    0.02047419574582391,
    0.02030639044013547,
    0.020139243405795877,
    0.019972776613187956,
    0.019807011012508393,
    0.019641966567552897,
    0.01947766228921036,
    0.01931411626829938,
    0.019151345707979675,
    0.018989366954930004,
    0.01882819552589481,
    0.01866784612972938,
    0.018508332691709713,
    0.01834966838176214,
    0.018191865640176722,
    0.01803493620105249,
    0.01787889112505829,
    0.017723740850272687,
    0.017569495255603966,
    0.01741616370215321,
    0.017263755005227987,
    0.017112277357258183,
    0.016961738287735225,
    0.016812144712150433,
    0.016663503057083893,
    0.016515819446659363,
    0.016369100088688224,
    0.016223352669913378,
    0.016078600157623423,
    0.015940225866015022,
    0.015813411843257952,
    0.015692415362123197,
    0.015571652080708084,
    0.015451106596276583,
    0.015330799076711608,
    0.015210752128863244,
    0.015090988478347852,
    0.014971530407071654,
    0.014852399602374685,
    0.014733617147706744,
    0.014615203587158291,
    0.014497178948505978,
    0.014379562486700553,
    0.01426237227694672,
    0.014145625131354712,
    0.01402933681902463,
    0.013913522273443415,
    0.013798195776640619,
    0.01368337118787097,
    0.013569062315882644,
    0.013455283930105071,
    0.013342055184947995,
    0.013229416999410017,
    0.013118008706354425,
    0.013031800673501001,
    0.012992662108823449,
    0.012974844017577952,
    0.012954120210809363,
    0.012930572881821853,
    0.012904306165115561,
    0.012875426503990841,
    0.012844039064699431,
    0.012810246461093779,
    0.012774147985533953,
    0.012735839501612044,
    0.01269541398186154,
    0.012652961902387546,
    0.012608571232905028,
    0.012562327365753242,
    0.012514313112008584,
    0.01246460872915394,
    0.012413291965533443,
    0.012360438116615694,
    0.012306120085943693,
    0.012250408447142537,
    0.012193371506456687,
    0.012135075365800057,
    0.01207558398538581,
    0.012014959245167668,
    0.011953261005052934,
    0.01189054716378944,
    0.01182687371625551,
    0.011762294809010771,
    0.011696862794402239,
    0.011630628283601726,
    0.01156364019838409,
    0.011495945821333921,
    0.011427590844548495,
    0.011358619416966392,
    0.011289074190341237,
    0.011218996363892467,
    0.011148425727679673,
    0.011077400704735058,
    0.011005958391988164,
    0.010934134600015046,
    0.010861963891645338,
    0.010789479619456465,
    0.01071671396217757,
    0.01064369796003305,
    0.010570461549058658,
    0.010497033594436034,
    0.010423441922897698,
    0.01034971335422139,
    0.010275873731819178,
    0.010201947952443143,
    0.01012795999503243,
    0.010053932948722135,
    0.009979889040034561,
    0.00990584965927875,
    0.009831835386188204,
    0.009757866014819871,
    0.009683960577732449,
    0.009610137369464766,
    0.009536413969333279,
    0.009462807263564871,
    0.009389333466784434,
    0.009316008142878316,
    0.009242846225251664,
    0.009169862036496427,
    0.009097069307488066,
    0.009024481195927218,
    0.00895211030433762,
    0.008879968697532029,
    0.008808067919565777,
    0.008736419010200447,
    0.008665032520891784,
    0.008593918530310291,
    0.008523086659405172,
    0.008452546086026014,
    0.00838230555911615,
    0.008312373412489719,
    0.00824275757820398,
    0.008173465599538316,
    0.008104504643590933,
    0.0080358815135032,
    0.007967602660321007,
    0.007899674194504947,
    0.007832101897101817,
    0.007764891230587365,
    0.007698047349388495,
    0.0076315751100926275,
    0.007565479081353316,
    0.007499763553502901,
    0.007434432547881011,
    0.007369489825886097,
    0.00730493889775809,
    0.007240783031099719,
    0.007177025259142836,
    0.00711366838876702,
    0.007050715008278452,
    0.006988167494955939,
    0.006926028022370483,
    0.006864298567484746,
    0.006802980917538769,
    0.006742076676727806,
    0.006681587272678464,
    0.006621513962729726,
    0.006561857840024126,
    0.006502619839413051,
    0.0064438007431818056,
    0.006385401186601563,
    0.006327421663314158,
    0.006269862530553776,
    0.006212724014209239,
    0.00615600621373121,
    0.0060997091068889136,
    0.006043832554380736,
    0.005988376304303201,
    0.005933339996482452,
    0.005878723166671901,
    0.005824525250620191,
    0.005770745588013687,
    0.0057173834262966745,
    0.00566443792437182,
    0.005611908156184736,
    0.005559793114197329,
    0.005508091712753375,
    0.005456802791338914,
    0.0054059251177404205,
    0.005355457391103667,
    0.00530539824489592,
    0.00525574624977421,
    0.005206499916362646,
    0.005157657697941651,
    0.005109217993051672,
    0.005061179148013477,
    0.0050135394593669655,
    0.00496629717623117,
    0.004919450502588721,
    0.0048729975994971685,
    0.004826936587228811,
    0.004781265547341011,
    0.0047359825246790655,
    0.004691085529313568,
    0.004646572538414086,
    0.004602441498061138,
    0.004558690324998375,
    0.004515316908326634,
    0.004472319111141616,
    0.004429694772117028,
    0.004387441707034786,
    0.004345557710263613,
    0.0043040405561875095,
    0.0042628880005858155,
    0.004222097781966273,
    0.0041816676228521475,
    0.004141595231024706,
    0.00410187830072292,
    0.004062514513802112,
    0.00402350154085251,
    0.0039848370422785,
    0.003946518669339745,
    0.003908544065155622,
    0.0038709108656740624,
    0.0038336167006056392,
    0.0037966591943240126,
    0.0037600359667338493,
    0.0037237446341070964,
    0.0036877828098885426,
    0.003652148105471639,
    0.0036168381309453304,
    0.003581850495812831,
    0.003547182809683562,
    0.003512832682939146,
    0.003478797727374025,
    0.00344507555681147,
    0.0034116637876958444,
    0.0033785600396616985,
    0.003345761936080253,
    0.0033132671045841833,
    0.0032810731775714604,
    0.003249177792688698,
    0.003217578593294596,
    0.003186273228904348,
    0.0031552593556156546,
    0.003124534636516761,
    0.003094096742076902,
    0.0030639433505196354,
    0.0030340721481798057,
    0.0030044808298449613,
    0.0029751670990817007,
    0.002946128668547195,
    0.002917363260286378,
    0.002888868606015349,
    0.002860642447391302,
    0.0028326825362693948,
    0.0028049866349471,
    0.0027775525163964447,
    0.002750377964484318,
    0.0027234607741810904,
    0.0026967987517580814,
    0.0026703897149745674,
    0.0026442314932547156,
    0.002618321927854648,
    0.0025926588720199045,
    0.002567240191133599,
    0.0025420637628555142,
    0.0025171274772524286,
    0.0024924292369200587,
    0.002467966957096993,
    0.0024437385657708026,
    0.002419742003776457,
    0.0023959752248873165,
    0.00237243619589894,
    0.002349122896705977,
    0.0023260333203725778,
    0.0023031654731966275,
    0.002280517374767899,
    0.0022580870580202676,
    0.002235872569278182,
    0.0022138719682975928,
    0.0021920833283015466,
    0.0021705047360107014,
    0.002149134291668962,
    0.0021279701090643702,
    0.002107010315545369,
    0.0020862530520325963,
    0.0020656964730262997,
    0.0020453387466095193,
    0.0020251780544474126,
    0.0020052125917829292,
    0.0019854405674288936,
    0.0019658602037566216,
    0.001946469736681185,
    0.0019272674156434765,
    0.0019082515035892234,
    0.0018894202769449624,
    0.0018707720255910537,
    0.001852305052831855,
    0.0018340176753631125,
    0.0018159082232367635,
    0.0017979750398235145,
    0.0017802164817733229,
    0.0017626309189736587,
    0.0017452167345055147,
    0.0017279723245972954,
    0.001710896098576822,
    0.0016939864788216375,
    0.0016772419007075987,
    0.0016606608125557263,
    0.0016442416755773864,
    0.0016279829638178285,
    0.001611883164097974,
    0.0015959407759546561,
    0.001580154311579733,
    0.0015645222957582042,
    0.0015490432658052272,
    0.0015337157715020254,
    0.0015185383750307329,
    0.0015035096509082055,
    0.0014886281859188605,
    0.0014738925790466725,
    0.0014593014414064102,
    0.0014448533961740754,
    0.0014305470785164805,
    0.001416381135520046,
    0.001402354226118978,
    0.0013884650210228922,
    0.0013747122026438866,
    0.0013610944650231172,
    0.0013476105137569094,
    0.0013342590659223392,
    0.0013210388500022126,
    0.0013079486058095616,
    0.0012949870844119547,
    0.001282153048055719,
    0.0012694452700899585,
    0.0012568625348903133,
    0.0012444036377825137,
    0.0012320673849658072,
    0.001219852593436197,
    0.0012077580909094817,
    0.0011957827157442402,
    0.0011839253168647635,
    0.0011721847536838113,
    0.0011605598960253891,
    0.0011490496240477753,
    0.001137652828166645,
    0.0011263684089780862,
    0.0011151952771815041,
    0.0011041323535024056,
    0.0010931785686151625,
    0.0010823328630660083,
    0.0010715941871963655,
    0.0010609615010664423,
    0.0010504337743790343,
    0.0010400099864034144,
    0.0010296891258993438,
    0.0010194701910413938,
    0.0010093521893435905,
    0.0009993341375842647,
    0.0009894150617310992,
    0.000979593996866493,
    0.0009698699871132642,
    0.0009602420855606411,
    0.0009507093541905253,
    0.0009412708638040077,
    0.0009319256939481458,
    0.0009226729328431042,
    0.0009135116773097396,
    0.0009044410326975597,
    0.0008954601128129201,
    0.000886568039847467,
    0.0008777639443069694,
    0.0008690469649405936,
    0.0008604162486705125,
    0.0008518709505218664,
    0.000843410233553239,
    0.0008350332687875146,
    0.0008267392351427562,
    0.0008185273193631623,
    0.0008103967159505789,
    0.0008023466270967784,
    0.0007943762626163697,
    0.0007864848398801178,
    0.0007786715837485717,
    0.0007709357265061416,
    0.0007632765077957032,
    0.0007556931745535699,
    0.0007481849809447582,
    0.0007407511882986689,
    0.0007333910650451422,
    0.0007261038866505214,
    0.0007188889355538118,
    0.0007117455011035991,
    0.0007046728794958904,
    0.0006976703737125536,
    0.0006907372934602639,
    0.0006838729551099654,
    0.000677076681636733,
    0.0006703478025600057,
    0.0006636856538843444,
    0.0006570895780407485,
    0.000650558923828323,
    0.0006440930463562245,
    0.0006376913069861094,
    0.0006313530732752086,
    0.0006250777189196932,
    0.0006188646236977239,
    0.0006127131734124131,
    0.0006066227598356545,
    0.0006005927806529554,
    0.0005946226394088063,
    0.000588711745452489,
    0.0005828595138845466,
    0.0005770653655039505,
    0.000571328726755786,
    0.0005656490296794775,
    0.0005600257118575094,
    0.0005544582163644919,
    0.0005489459917166605,
    0.0005434884918221686,
    0.0005380851759321042,
    0.0005327355085905558,
    0.0005274389595828332,
    0.0005221950038842702,
    0.000517003121611565,
    0.0005118627979754163,
    0.0005067735232329998,
    0.000501734792640712,
    0.0004967461064080098,
    0.0004918069696517413,
    0.00048691689235034346,
    0.0004820753892989889,
    0.00047728198006629334,
    0.00047253618895152735,
    0.0004678375449416013,
    0.0004631855816683761,
    0.00045857983736783775,
    0.00045401985484111614,
    0.00044950518141515303,
    0.00044503536890321926,
    0.0004406099735672342,
    0.0004362285560826064,
    0.00043189068150675905,
    0.00042759591925183087,
    0.0004233438430601558,
    0.0004191340309785581,
    0.00041496606532331805,
    0.0004108395326355627,
    0.0004067540236410926,
    0.00040270913322252357,
    0.00039870446039734877,
    0.0003947396082955985,
    0.00039081418413632876,
    0.000386927799203541,
    0.0003830800688223734,
    0.00037927061234545366,
    0.00037549905316112373,
    0.00037176501871071996,
    0.0003680681405038135,
    0.0003644080541410696,
    0.0003607843993413675,
    0.0003571968199810821,
    0.00035364496415462166,
    0.00035012848424397934,
    0.00034664703704281576,
    0.0003432002839703559,
    0.0003397878912988858,
    0.00033640953035365983,
    0.00033306487777371655,
    0.00032975361594664743,
    0.0003264754336702408,
    0.000323230026986681,
    0.00032001710010026165,
    0.0003168363665464937,
    0.00031368755097935404,
    0.0003105703916429412,
    0.00030748464337330446,
    0.0003044300813143627,
    0.00030140650641304056,
    0.00029841375481831915,
    0.00029545171228184187,
    0.0002925203361399248,
    0.0002896196982795893,
    0.0002867500683204075,
    0.0002839120621248915,
    0.00028110694496590825,
    0.0002783373037706877,
    0.0002756085348706722,
    0.00027293094048524237,
    0.0002703160501316501,
    0.0002677689945408184,
    0.0002652972532104444,
    0.0002631159473357313,
    0.00029171076171030414,
    0.0003800307285913919,
    0.000495340226185973,
    0.0006062545168827708,
    0.0007128481535911073,
    0.0008152343666725942,
    0.0009135357714556221,
    0.0010078756007658408,
    0.001098376093029036,
    0.0011851586257942547,
    0.0012683450906481467,
    0.0013480608634687517,
    0.0014244448207228338,
    0.001498099900083376,
    0.001581339229720137,
    0.0016850746858598246,
    0.0017962861096658322,
    0.001902881302135439,
    0.002004978132862452,
    0.0021027051426890982,
    0.0021961886942858796,
    0.0022855482846144658,
    0.002370903337289892,
    0.0024523758265659738,
    0.002530087015985091,
    0.002604155612926014,
    0.002674697214933467,
    0.0027418242609424342,
    0.0028056461867519834,
    0.0028662695013729096,
    0.0029237977809076264,
    0.0029783316736071742,
    0.0030299689311632932,
    0.0030788044648858313,
    0.0031249304201003826,
    0.0031684362576172506,
    0.0032094088301255594,
    0.0032479324458743603,
    0.003284088927443152,
    0.0033179576773252795,
    0.0033496157491927896,
    0.003379137917707871,
    0.0034065967458431806,
    0.0034320626501270837,
    0.003455603963358744,
    0.0034772869992676213,
    0.003497176128670691,
    0.0035153338755633014,
    0.0035318210311274228,
    0.003546696789692916,
    0.0035600189674831707,
    0.003571844464248775,
    0.0035822304325190705,
    0.0035912382946633585,
    0.00359895710770006,
    0.00360561624354778,
    0.003621404709983994,
    0.003655834164642724,
    0.0036980398058519583,
    0.0037376932409422994,
    0.003774849207405768,
    0.0038095662968143196,
    0.003841918415144495,
    0.003871981732201401,
    0.003899831820294403,
    0.003925543045942233,
    0.003949188323732674,
    0.003970838952151914,
    0.003990564704169998,
    0.004008434239595347,
    0.004024517110766011,
    0.004039932150328721,
    0.004056153050664675,
    0.004072493918355024,
    0.004087490423566405,
    0.004100782194438665,
    0.004112425907019263,
    0.004122479036816783,
    0.00413099811167132,
    0.004138038300208896,
    0.004143653279046435,
    0.004147895194424761,
    0.0041508146652646325,
    0.0041524608058543825,
    0.004152881256296162,
    0.004152122215895117,
    0.004150228478971673,
    0.004147243472473158,
    0.004143209293727459,
    0.004138166747063675,
    0.0041321553796244475,
    0.0041252135168906015,
    0.004117378297516593,
    0.004108685706972688,
    0.0040991706101691045,
    0.004088866783629978,
    0.004077806947324798,
    0.004066022795742044,
    0.00405354502790035,
    0.004040403376372606,
    0.004026626635507421,
    0.004012242688919891,
    0.003997278536211206,
    0.0039817603188289355,
    0.003965713345112731,
    0.003949162114645213,
    0.003932130341907212,
    0.003914640979229994,
    0.003896716239120882,
    0.003878377616003175,
    0.0038596459073470023,
    0.003840541234181594,
    0.003821083061015629,
    0.0038012902151968587,
    0.0037811809057266385,
    0.003760772741534752,
    0.0037400827492301,
    0.0037191273903458017,
    0.003697922578075584,
    0.0036764836935079706,
    0.003654825601403858,
    0.00363296266555366,
    0.0036109087637091644,
    0.0035886773020830176,
    0.0035662812294286004,
    0.003543733050719882,
    0.0035210448404457183,
    0.0034982282555212135,
    0.003475294547817449,
    0.00345225457632502,
    0.0034291188189737205,
    0.003405897384120793,
    0.0033826000217101904,
    0.0033592361341066575,
    0.0033358147866132132,
    0.0033123447176813944,
    0.0032888343488211087,
    0.003265291794216755,
    0.0032417248700640404,
    0.0032181411036452433,
    0.0031945477421496263,
    0.003170951761239894,
    0.003147359873371328,
    0.0031237785358720106,
    0.003100213958790078,
    0.003076672112513522,
    0.003053158735168377,
    0.003029679339800389,
    0.003006239221346463,
    0.0029828434634047614,
    0.002959496944809836,
    0.0029362043460155595,
    0.0029129701552911102,
    0.0028897986747348295,
    0.0028666940261063874,
    0.0028436601564858573,
    0.002820700843775461,
    0.0027978197020465086,
    0.002775020186727792,
    0.002752305599638431,
    0.0027296790938667625,
    0.0027071436785020483,
    0.0026847022232340707,
    0.0026623574628261747,
    0.0026401120014579076,
    0.002617968316936497,
    0.0025959287647834956,
    0.002573995582204696,
    0.0025521708919434244,
    0.0025304567060163113,
    0.0025088549293393386,
    0.002487367363251026,
    0.00246599570893284,
    0.002444741570725219,
    0.0024236064593376226,
    0.002402591794956099,
    0.002381698910260392,
    0.00236092905336067,
    0.0023402833906532384,
    0.002319763009589829,
    0.0022993689213599323,
    0.002279102063491369,
    0.0022589633023753176,
    0.0022389534357194624,
    0.002219073194929185,
    0.0021993232474162953,
    0.0021797041988373543,
    0.0021602165952646153,
    0.0021408609252919195,
    0.002121637622074228,
    0.0021025470652965682,
    0.002083589583077218,
    0.0020647654538179104,
    0.0020460749080057437,
    0.002027518129963266,
    0.0020090952595458803,
    0.0019908063937885377,
    0.0019726515885020546,
    0.001954630859821383,
    0.0019367441857076732,
    0.0019189915074003853,
    0.0019013727308214382,
    0.0018838877279367637,
    0.0018665363380704417,
    0.0018493183691708447,
    0.0018322335990408542,
    0.0018152817765375296,
    0.0017984626227382462,
    0.0017817758320732829,
    0.0017652210734250377,
    0.0017487979911918559,
    0.001732506206316303,
    0.0017163453172802897,
    0.0017003149010695413,
    0.0016844145141089134,
    0.001668643693168382,
    0.001653001956242372,
    0.00163748880340453,
    0.0016221037176265382,
    0.0016068461655528111,
    0.001591715598243824,
    0.0015767114519013037,
    0.001561833148579906,
    0.001547080096887579,
    0.0015324516926682311,
    0.001517947319657898,
    0.0015035663501161123,
    0.0014893081454381053,
    0.0014751720567464928,
    0.0014611574254610878,
    0.0014472635838525354,
    0.0014334898555834626,
    0.0014198355562350066,
    0.0014062999938147121,
    0.0013928824692431754,
    0.0013795822768212685,
    0.001366398704679753,
    0.0013533310352130338,
    0.0013403785455025578,
    0.0013275405077246886,
    0.0013148161895290477,
    0.001302204854394522,
    0.0012897057619802464,
    0.0012773181684701698,
    0.0012650413269079154,
    0.0012528744875279561,
    0.0012408168980833291,
    0.001228867804160727,
    0.001217026449475276,
    0.0012052920761504086,
    0.001193663924994172,
    0.0011821412357715007,
    0.001170723247463626,
    0.0011594091985132223,
    0.0011481983270610389,
    0.001137089871176672,
    0.0011260830690808152,
    0.0011151771593523351,
    0.0011043713811129605,
    0.0010936649741962443,
    0.001083057179318452,
    0.0010725472382550666,
    0.0010621343940161198,
    0.0010518178910175488,
    0.0010415969752452798,
    0.0010314708944110563,
    0.0010214388981035385,
    0.0010115002379353388,
    0.0010016541676828529,
    0.0009918999434169842,
    0.0009822368236266747,
    0.0009726640693345122,
    0.0009631809442046573,
    0.0009537867146505463,
    0.0009444806499429206,
    0.0009352620223125859,
    0.0009261301070430659,
    0.0009170841825448615,
    0.0009081235304166531,
    0.0008992474355117996,
    0.0008904551860136887,
    0.0008817460735128464,
    0.0008731193930822653,
    0.0008645744433475632,
    0.0008561105265511294,
    0.000847726948615593,
    0.0008394230192079767,
    0.0008311980517993634,
    0.0008230513637188758,
    0.0008149822762014118,
    0.0008069901144280833,
    0.0007990742075648734,
    0.0007912338888026343,
    0.0007834684953953585,
    0.0007757773686917324,
    0.0007681598541534893,
    0.0007606153013650926,
    0.0007531430640495675,
    0.0007457425000924507,
    0.0007384129715642153,
    0.0007311538447403509,
    0.0007239644901239206,
    0.000716844282468059,
    0.0007097926007944362,
    0.0007028088284082397,
    0.0006958923529116746,
    0.0006890425662181597,
    0.000682258864565355,
    0.000675540648523199,
    0.0006688873229986153,
    0.0006622982972404827,
    0.0006557729848451595,
    0.0006493108037605577,
    0.0006429111762878867,
    0.0006365735290793454,
    0.0006302972931262833,
    0.0006240819037403112,
    0.0006179268005394247,
    0.0006118314274426921,
    0.0006057952326667273,
    0.0005998176687189885,
    0.0005938981923892054,
    0.0005880362647416971,
    0.0005822313511068052,
    0.0005764829210691338,
    0.000570790448454456,
    0.0005651534113179167,
    0.0005595712919340505,
    0.000554043576786879,
    0.0005485697565581611,
    0.00054314932611335,
    0.0005377817844834261,
    0.0005324666348401977,
    0.0005272033844687051,
    0.0005219915447439009,
    0.0005168306311129445,
    0.0005117201630784133,
    0.0005066596641791565,
    0.0005016486619704643,
    0.0004966866880062662,
    0.0004917732778233183,
    0.0004869079709246831,
    0.0004820903107609417,
    0.0004773198447105289,
    0.00047259612405976483,
    0.00046791870398208606,
    0.00046328714351702834,
    0.0004587010055492562,
    0.0004541598567848144,
    0.00044966326772149004,
    0.0004452108126174164,
    0.00044080206946441,
    0.0004364366199647664,
    0.00043211404950789983,
    0.0004278339471478784,
    0.0004235959055823761,
    0.0004193995211309667,
    0.0004152443937125114,
    0.00041113012682243526,
    0.00040705632751016524,
    0.0004030226063577766,
    0.00039902857745883796,
    0.00039507385839489744,
    0.00039115807021117976,
    0.00038728083739201743,
    0.00038344178783132203,
    0.000379640552799069,
    0.0003758767669105299,
    0.0003721500681001466,
    0.0003684600975990806,
    0.0003648064999143652,
    0.0003611889228054443,
    0.00035760701725862283,
    0.00035406043746417573,
    0.0003505488407966481,
    0.00034707188779440067,
    0.00034362924213550763,
    0.0003402205706118567,
    0.0003368455431054226,
    0.00033350383256699735,
    0.0003301951149923534,
    0.0003269190693907524,
    0.0003236753777502595,
    0.0003204637250086728,
    0.0003172837990293462,
    0.000314135290577403,
    0.0003110178932971442,
    0.00030793130369143816,
    0.0003048752211012013,
    0.0003018493476841536,
    0.00029885338839415014,
    0.0002958870509620989,
    0.00029295004587611665,
    0.00029004208635814265,
    0.0002871628883391387,
    0.0002843121704369459,
    0.0002814896539367296,
    0.0002786950627707215,
    0.0002759281234963011,
    0.00027318856527418835,
    0.0002704761198479731,
    0.0002677905215225576,
    0.0002651315071355128,
    0.00026249881602336553,
    0.0002598921899936917,
    0.00025731137330510105,
    0.00025475611264901503,
    0.00025222615713057784,
    0.00024972125824780227,
    0.00024724116986923666,
    0.0002447856482133984,
    0.00024235445183148948,
    0.00023994734159145302,
    0.0002375640806608709,
    0.00023520443448788245,
    0.0002328681707819443,
    0.00023055505949596075,
    0.0002282648728084876,
    0.00022599738510393707,
    0.0002237523729498409,
    0.00022152961507087174,
    0.00021932889232155418,
    0.0002171499876625735,
    0.0002149926861420022,
    0.0002128567748776887,
    0.00021074204303935136,
    0.00020864828183193664,
    0.00020657528447962065,
    0.00020452284620851993,
    0.00020249076422909176,
    0.00020047883771973305,
    0.00019848686781025635,
    0.000196514657564345,
    0.00019456201196211545,
    0.00019262873788349587,
    0.00019071464409221164,
    0.00018881954121984618,
    0.00018694324174981566,
    0.00018508556000012972,
    0.00018324631210170147,
    0.00018142531597366323,
    0.00017962239130263967,
    0.00017783735952699693,
    0.0001760700438217009,
    0.00017432026908278348,
    0.00017258786191176628,
    0.00017087265059958557,
    0.0001691744651111013,
    0.00016749313707091967,
    0.0001658284997489892,
    0.00016418038804538612,
    0.00016254863847591918,
    0.00016093308915908754,
    0.0001593335798033348,
    0.00015774995169362709,
    0.0001561820476765961,
    0.00015462971214340004,
    0.0001530927910104189,
    0.00015157113170052337,
    0.00015006458312739006,
    0.0001485729956816971,
    0.00014709622121743585,
    0.0001456341130383323,
    0.00014418652588426396,
    0.00014275331591742755,
    0.0001413343407092283,
    0.00013992945922867918,
    0.00013853853183116923,
    0.00013716142024608363,
    0.0001357979875634661,
    0.00013444809822112664,
    0.00013311161799294034,
    0.00013178841397762278,
    0.00013047835458689786,
    0.0001291813095327948,
    0.00012789714981515813,
    0.00012662574770959034,
    0.00012536697675282534,
    0.00012412071172514906,
    0.00012288682863501152,
    0.0001216652047079787,
    0.00012045571837701572,
    0.00011925824927202526,
    0.00011807267820868655,
    0.0001168988871769236,
    0.00011573675932921428,
    0.00011458617896919399,
    0.00011344703154106272,
    0.00011231920361966225,
    0.0001112025829006722,
    0.00011009705819058817,
    0.00010900251939602222,
    0.00010791885751134364,
    0.00010684596460508339,
    0.00010578373380753305,
    0.00010473205930033706,
    0.00010369083630673516,
    0.00010265996108187887,
    0.00010163933090358014,
    0.00010062884406353375,
    9.962839985814634e-05,
    9.863789857838263e-05,
    9.765724149958459e-05,
    9.668633087227126e-05,
    9.572506991364918e-05,
    9.477336279901251e-05,
    9.383111465279147e-05,
    9.289823153970611e-05,
    9.197462045620596e-05,
    9.106018932183109e-05,
    9.015484697033507e-05,
    8.925850314076491e-05,
    8.837106846846081e-05,
    8.749245447598612e-05,
    8.662257356416053e-05,
    8.576133900254124e-05,
    8.490866491909119e-05,
    8.406446629029461e-05,
    8.322865893257663e-05,
    8.2401159494732e-05,
    8.158188545062481e-05,
    8.077075509158408e-05,
    7.996768751865403e-05,
    7.917260263494313e-05,
    7.838542113789897e-05,
    7.760606451167985e-05,
    7.683445501995177e-05,
    7.607051569876212e-05,
    7.531417034912888e-05,
    7.45653435296425e-05,
    7.382396054935548e-05,
    7.3089947460358e-05,
    7.236323104912448e-05,
    7.164373882729597e-05,
    7.09313990236789e-05,
    7.022614057769319e-05,
    6.952789313303301e-05,
    6.883658703075387e-05,
    6.815215330209416e-05,
    6.747452366176289e-05,
    6.680363050163635e-05,
    6.613940688430668e-05,
    6.548178653658264e-05,
    6.483070384322214e-05,
    6.41860938406528e-05,
    6.354789221056616e-05,
    6.291603527370586e-05,
    6.229045998387117e-05,
    6.167110392180131e-05,
    6.105790528887335e-05,
    6.045080290089076e-05,
    5.98497361822138e-05,
    5.925464516011209e-05,
    5.8665470458840614e-05,
    5.8082153293030813e-05,
    5.750463546073033e-05,
    5.6932859336959586e-05,
    5.6366767868056204e-05,
    5.580630456630275e-05,
    5.525141350450406e-05,
    5.470203931058552e-05,
    5.415812716219511e-05,
    5.361962278131014e-05,
    5.308647242903888e-05,
    5.2558622900528155e-05,
    5.2036021519768214e-05,
    5.1518616134422904e-05,
    5.100635511080665e-05,
    5.049918732896254e-05,
    4.999706217778174e-05,
    4.9499929550034515e-05,
    4.900773983730115e-05,
    4.8520443925067384e-05,
    4.803799318810812e-05,
    4.7560339485790295e-05,
    4.708743515683546e-05,
    4.661923301372242e-05,
    4.6155686337411506e-05,
    4.5696748872642206e-05,
    4.5242374823557546e-05,
    4.479251884945464e-05,
    4.434713606050539e-05,
    4.3906182013364744e-05,
    4.346961270680641e-05,
    4.303738457750533e-05,
    4.2609454495898034e-05,
    4.218577976203751e-05,
    4.176631810144423e-05,
    4.135102766103811e-05,
    4.093986700521847e-05,
    4.053279511186167e-05,
    4.012977136785543e-05,
    3.973075556436505e-05,
    3.933570789247435e-05,
    3.8944588939300436e-05,
    3.8557359684133806e-05,
    3.8173981494266194e-05,
    3.779441612059999e-05,
    3.7418625693491207e-05,
    3.704657271899803e-05,
    3.667822007523305e-05,
    3.6313531008736056e-05,
    3.595246913107646e-05,
    3.5594998415566936e-05,
    3.524108319380895e-05,
    3.489068815199206e-05,
    3.45437783268809e-05,
    3.4200319101657734e-05,
    3.386027620208711e-05,
    3.352361569319602e-05,
    3.319030397628411e-05,
    3.2860307785976536e-05,
    3.253359418713148e-05,
    3.2210130571595425e-05,
    3.188988465491367e-05,
    3.157282447322666e-05,
    3.125891838047513e-05,
    3.094813504550833e-05,
    3.06404434485303e-05,
    3.033581287717827e-05,
    3.0034212923006088e-05,
    2.9735613478344658e-05,
    2.9439984733184654e-05,
    2.9147297172166988e-05,
    2.8857521571768046e-05,
    2.85706289976451e-05,
    2.828659080214784e-05,
    2.8005378621870083e-05,
    2.7726964375044314e-05,
    2.7451320258883735e-05,
    2.7178418747045973e-05,
    2.6908232587062827e-05,
    2.6640734797666848e-05,
    2.6375898666169967e-05,
    2.6113697745941786e-05,
    2.5854105853872038e-05,
    2.5597097067477536e-05,
    2.5342645721562777e-05,
    2.5090726404972027e-05,
    2.4841313957803635e-05,
    2.4594383468884137e-05,
    2.4349910273263857e-05,
    2.4107869949812916e-05,
    2.386823831904972e-05,
    2.3630991441053918e-05,
    2.3396105613336105e-05,
    2.3163557368686715e-05,
    2.2933323472893357e-05,
    2.270538092237614e-05,
    2.2479706942064732e-05,
    2.225627898355218e-05,
    2.203507472328686e-05,
    2.181607206072091e-05,
    2.1599249116210077e-05,
    2.138458422818659e-05,
    2.1172055949921308e-05,
    2.0961643046793028e-05,
    2.075332449405492e-05,
    2.0547079474706213e-05,
    2.034288737756739e-05,
    2.0140727795565744e-05,
    1.994058052395967e-05,
    1.9742425558436358e-05,
    1.9546243093266368e-05,
    1.9352013519514715e-05,
    1.9159717423148504e-05,
    1.8969335583003054e-05,
    1.8780848968864487e-05,
    1.859423873997234e-05,
    1.840948624375721e-05,
    1.8226573014314097e-05,
    1.80454807705671e-05,
    1.7866191414668073e-05,
    1.76886870307416e-05,
    1.7512949883170677e-05,
    1.7338962413893617e-05,
    1.7166707239498195e-05,
    1.699616714890489e-05,
    1.6827325101293867e-05,
    1.6660164224262905e-05,
    1.6494667812689555e-05,
    1.633081932778585e-05,
    1.616860239553141e-05,
    1.6008000804773183e-05,
    1.5848998505941366e-05,
    1.569157961036825e-05,
    1.553572838925043e-05,
    1.5381429272028586e-05,
    1.5228666844612353e-05,
    1.5077425847875129e-05,
    1.4927691176924584e-05,
    1.477944788033583e-05,
    1.4632681157520726e-05,
    1.4487376354805434e-05,
    1.4343518962600708e-05,
    1.4201094613968592e-05,
    1.4060089083392224e-05,
    1.3920488285527512e-05,
    1.3782278274180411e-05,
    1.3645445241422975e-05,
    1.3509975516808819e-05,
    1.3375855566638542e-05,
    1.3243071992953884e-05,
    1.3111611532300088e-05,
    1.2981461054960105e-05,
    1.2852607564742552e-05,
    1.2725038198510806e-05,
    1.259874022532998e-05,
    1.2473701045123007e-05,
    1.234990818580749e-05,
    1.2227349299469472e-05,
    1.210601215955349e-05,
    1.1985884659342002e-05,
    1.1866954811011644e-05,
    1.1749210745194157e-05,
    1.1632640710738306e-05,
    1.1517233073923822e-05,
    1.140297631693932e-05,
    1.1289859036427803e-05,
    1.1177869942682578e-05,
    1.106699785902218e-05,
    1.0957231721222087e-05,
    1.084856057715603e-05,
    1.0740973586101904e-05,
    1.0634460017859947e-05,
    1.052900925266392e-05,
    1.0424610780903033e-05,
    1.0321254200362848e-05,
    1.0218929212286854e-05,
    1.0117625619020768e-05,
    1.0017333322640928e-05,
    9.91804232376384e-06,
    9.81974272094102e-06,
    9.72242471039689e-06,
    9.626078585634572e-06,
    9.53069473647031e-06,
    9.436263647986136e-06,
    9.342775900253794e-06,
    9.250222168798056e-06,
    9.158593225775461e-06,
    9.067879940984918e-06,
    8.978073280894937e-06,
    8.889164306358828e-06,
    8.801144170708447e-06,
    8.714004116399943e-06,
    8.6277354697233e-06,
    8.542329637857751e-06,
    8.457778109173191e-06,
    8.37407245305635e-06,
    8.291204318246464e-06,
    8.209165431739275e-06,
    8.127947599050614e-06,
    8.047542704739456e-06,
    7.96794271259435e-06,
    7.889139665263674e-06,
    7.811125683448485e-06,
    7.733892965623593e-06,
    7.657433787968467e-06,
    7.581740504203373e-06,
    7.5068055458444156e-06,
    7.43262142217342e-06,
    7.35918072030387e-06,
    7.286476106670356e-06,
    7.214500329095582e-06,
    7.143246216898782e-06,
    7.072706676571499e-06,
    7.002874684662435e-06,
    6.9337432824513655e-06,
    6.865305573239717e-06,
    6.7975547219674305e-06,
    6.7304839571625764e-06,
    6.66408657168541e-06,
    6.598355920777554e-06,
    6.533285421043886e-06,
    6.468868552144428e-06,
    6.405098859950029e-06,
    6.341969960009585e-06,
    6.27947554030137e-06,
    6.217609363225072e-06,
    6.156365266743628e-06,
    6.095737162292729e-06,
    6.035719025870987e-06,
    5.976304883668439e-06,
    5.917488801706182e-06,
    5.859264885148965e-06,
    5.801627281382103e-06,
    5.744570180261782e-06,
    5.688087812617492e-06,
    5.632174450775087e-06,
    5.576824411882762e-06,
    5.5220320621799355e-06,
    5.46779181879989e-06,
    5.414098148264595e-06,
    5.360945564975109e-06,
    5.308328631450459e-06,
    5.256241961864098e-06,
    5.204680229360797e-06,
    5.15363817184778e-06,
    5.103110593302182e-06,
    5.053092364120838e-06,
    5.003578422326802e-06,
    4.954563772989742e-06,
    4.906043483788711e-06,
    4.858012675578789e-06,
    4.81046650961707e-06,
    4.763400178607551e-06,
    4.716808904729e-06,
    4.670687940973069e-06,
    4.625032571782575e-06,
    4.5798381129696485e-06,
    4.535099915607549e-06,
    4.490813373120051e-06,
    4.446973924681747e-06,
    4.403577055701326e-06,
    4.360618301473227e-06,
    4.318093252736553e-06,
    4.2759975569176995e-06,
    4.23432691447054e-06,
    4.193077076551954e-06,
    4.152243849187406e-06,
    4.111823098066341e-06,
    4.071810741126988e-06,
    4.03220273124954e-06,
    3.9929950445921836e-06,
    3.954183678285728e-06,
    3.9157646515747725e-06,
    3.877734009096907e-06,
    3.840087825832338e-06,
    3.8028222086504424e-06,
    3.7659332938526824e-06,
    3.7294172477963467e-06,
    3.6932702716767977e-06,
    3.6574886069450165e-06,
    3.6220685424297172e-06,
    3.587006421625139e-06,
    3.552298645435424e-06,
    3.5179416708273767e-06,
    3.483932008475265e-06,
    3.4502662231648764e-06,
    3.416940935930558e-06,
    3.383952815148325e-06,
    3.351298555505172e-06,
    3.3189748629375575e-06,
    3.2869784527207215e-06,
    3.2553060544932723e-06,
    3.223954418678481e-06,
    3.1929203213848438e-06,
    3.162200567108893e-06,
    3.1317919897448938e-06,
    3.1016914548523824e-06,
    3.0718958644139886e-06,
    3.0424021617449087e-06,
    3.013207335978237e-06,
    2.9843084267600463e-06,
    2.955702524141522e-06,
    2.9273867539230277e-06,
    2.899358252914973e-06,
    2.871614151078546e-06,
    2.844151566807379e-06,
    2.8169676120631706e-06,
    2.7900593990931672e-06,
    2.76342404150538e-06,
    2.7370586541936704e-06,
    2.710960356647611e-06,
    2.6851262802259003e-06,
    2.6595535786254265e-06,
    2.6342394337268876e-06,
    2.6091810562076762e-06,
    2.5843756911948064e-06,
    2.55982062762313e-06,
    2.5355132030381625e-06,
    2.5114508052112404e-06,
    2.4876308725603003e-06,
    2.464050894661197e-06,
    2.4407084128647264e-06,
    2.4176010103738787e-06,
    2.3947262910691453e-06,
    2.3720818657921565e-06,
    2.3496653549010123e-06,
    2.327474394613507e-06,
    2.305506632746106e-06,
    2.2837597182787097e-06,
    2.2622313016080583e-06,
    2.2409190478198836e-06,
    2.219820648544522e-06,
    2.198933825628337e-06,
    2.178256333488614e-06,
    2.157785963248881e-06,
    2.1375205474153858e-06,
    2.117457963340822e-06,
    2.097596122410059e-06,
    2.0779329420898663e-06,
    2.058466325434273e-06,
    2.039194159365717e-06,
    2.0201143179498023e-06,
    2.0012246652099994e-06,
    1.9825230597685197e-06,
    1.9640073583788062e-06,
    1.9456754199271955e-06,
    1.9275251141555966e-06,
    1.9095543309954154e-06,
    1.891760986144009e-06,
    1.8741430241661834e-06,
    1.8566984208267706e-06,
    1.83942518615953e-06,
    1.8223213687010721e-06,
    1.8053850598512245e-06,
    1.788614396539119e-06,
    1.77200755786213e-06,
    1.7555627525832527e-06,
    1.73927820380963e-06,
    1.7231521414978803e-06,
    1.7071828031834903e-06,
    1.6913684356133929e-06,
    1.6757072950818676e-06,
    1.6601976493559123e-06,
    1.6448377814477715e-06,
    1.6296259930986971e-06,
    1.6145606064947735e-06,
    1.5996399643597536e-06,
    1.5848624320588078e-06,
    1.5702264022634699e-06,
    1.5557302975222762e-06,
    1.5413725705368558e-06,
    1.527151705604427e-06,
    1.5130662214607198e-06,
    1.499114670873497e-06,
    1.4852956328096473e-06,
    1.471607701626011e-06,
    1.458049480524463e-06,
    1.4446195797986586e-06,
    1.4313166169377494e-06,
    1.4181392175571197e-06,
    1.4050860178193772e-06,
    1.3921556679248153e-06,
    1.379346834558438e-06,
    1.3666582018662677e-06,
    1.3540884734195957e-06,
    1.3416363751095581e-06,
    1.3293006555568855e-06,
    1.317080084462889e-06,
    1.3049734522964904e-06,
    1.2929795714143472e-06,
    1.2810972772312695e-06,
    1.2693254294231212e-06,
    1.2576629128077683e-06,
    1.2461086359534907e-06,
    1.2346615255998614e-06,
    1.223320519545132e-06,
    1.2120845635114476e-06,
    1.200952612178587e-06,
    1.1899236304958361e-06,
    1.1789965940656349e-06,
    1.1681704896292556e-06,
    1.1574443161037331e-06,
    1.1468170862453898e-06,
    1.1362878288693448e-06,
    1.1258555905842657e-06,
    1.1155194358393076e-06,
    1.1052784458468037e-06,
    1.0951317178348266e-06,
    1.0850783647470808e-06,
    1.075117515083409e-06,
    1.0652483123845224e-06,
    1.0554699123141065e-06,
    1.0457814778492056e-06,
    1.0361821766645008e-06,
    1.0266711814092018e-06,
    1.0172476705549634e-06,
    1.0079108289582628e-06,
    9.98659848159801e-07,
    9.894939268664156e-07,
    9.804122719251486e-07,
    9.714140995338545e-07,
    9.624986362588493e-07,
    9.536651194725987e-07,
    9.449127979376321e-07,
    9.362409330291197e-07,
    9.276487993228791e-07,
    9.191356842064388e-07,
    9.107008872438493e-07,
    9.023437180534239e-07,
    8.940634923094391e-07,
    8.858595290772622e-07,
    8.777311512721537e-07,
    8.696776874946952e-07,
    8.616984732668966e-07,
    8.537928510233612e-07,
    8.459601698397172e-07,
    8.381997857499338e-07,
    8.305110621352441e-07,
    8.228933701728519e-07,
    8.153460895875203e-07,
    8.078686092228093e-07,
    8.004603273636349e-07,
    7.931206522159339e-07,
    7.858490026224653e-07,
    7.786448085572861e-07,
    7.715075104982039e-07,
    7.64436557318954e-07,
    7.574314036982365e-07,
    7.504915082473778e-07,
    7.43616332865786e-07,
    7.368053433824032e-07,
    7.30058010569937e-07,
    7.233738105543155e-07,
    7.16752225075456e-07,
    7.101927420534185e-07,
    7.036948560130022e-07,
    6.972580685969429e-07,
    6.908818897771305e-07,
    6.845658386427924e-07,
    6.783094419393578e-07,
    6.721122311508682e-07,
    6.659737406107411e-07,
    6.598935071140313e-07,
    6.538710697462031e-07,
    6.479059686000947e-07,
    6.419977421953773e-07,
    6.361459251582347e-07,
    6.303500471306606e-07,
    6.246096323900519e-07,
    6.189242000394668e-07,
    6.132932654144491e-07,
    6.077163426243015e-07,
    6.021929466187751e-07,
    5.967225936555505e-07,
    5.913048010487344e-07,
    5.859390871566657e-07,
    5.806249713690591e-07,
    5.753619741734356e-07,
    5.701496180111079e-07,
    5.649874285183717e-07,
    5.59874935124593e-07,
    5.54811671483791e-07,
    5.497971764472606e-07,
    5.448309948717551e-07,
    5.399126772573666e-07,
    5.350417776087922e-07,
    5.302178503096058e-07,
    5.254404480297936e-07,
    5.207091215077434e-07,
    5.16023420567878e-07,
    5.113828952826949e-07,
    5.067870963643074e-07,
    5.022355750988163e-07,
    4.977278838041728e-07,
    4.932635767237475e-07,
    4.888422109671258e-07,
    4.844633477813382e-07,
    4.801265538549847e-07,
    4.7583140193822647e-07,
    4.715774707338261e-07,
    4.673643444397925e-07,
    4.6319161271941963e-07,
    4.59058871638509e-07,
    4.5496572485600806e-07,
    4.509117837016186e-07,
    4.4689666529668916e-07,
    4.429199897097868e-07,
    4.389813783115448e-07,
    4.350804537659399e-07,
    4.3121684055275643e-07,
    4.273901652816587e-07,
    4.2360005667266206e-07,
    4.1984614572658236e-07,
    4.16128066338578e-07,
    4.1244545583177084e-07,
    4.0879795534461874e-07,
    4.051852103273213e-07,
    4.0160687089944103e-07,
    3.9806259201157834e-07,
    3.9455203372273326e-07,
    3.910748615904162e-07,
    3.876307471097774e-07,
    3.8421936814444275e-07,
    3.8084040876397656e-07,
    3.77493557918466e-07,
    3.741785077339601e-07,
    3.7089495271438687e-07,
    3.6764258965570467e-07,
    3.644211175046394e-07,
    3.6123023721883866e-07,
    3.580696520251688e-07,
    3.549390680094048e-07,
    3.5183819446903975e-07,
    3.48766743978201e-07,
    3.4572443294577257e-07,
    3.427109828236296e-07,
    3.397261210775203e-07,
    3.3676958160080786e-07,
    3.3384110491394983e-07,
    3.309404381035819e-07,
    3.280673346137539e-07,
    3.252215539469356e-07,
    3.224028602998814e-07,
    3.196110200726072e-07,
    3.1684580013480703e-07,
    3.1410696776694043e-07,
    3.1139429135741893e-07,
    3.087075411524194e-07,
    3.060464900045657e-07,
    3.034109137976759e-07,
    3.008005913869046e-07,
    2.982153047587722e-07,
    2.956548398464763e-07,
    2.9311898746385806e-07,
    2.906075437658931e-07,
    2.88120310290111e-07,
    2.856570937369543e-07,
    2.832177049815967e-07,
    2.80801957463789e-07,
    2.7840966638848676e-07,
    2.760406491451448e-07,
    2.736947258482714e-07,
    2.713717193233524e-07,
    2.690714551579454e-07,
    2.667937625728179e-07,
    2.645384754974538e-07,
    2.623054329818852e-07,
    2.600944791611354e-07,
    2.579054628641453e-07,
    2.557382362912753e-07,
    2.535926530191705e-07,
    2.51468566732629e-07,
    2.4936583115706255e-07,
    2.4728430023284794e-07,
    2.4522382823278015e-07,
    2.4318427034717854e-07,
    2.4116548349205897e-07,
    2.3916732688735625e-07,
    2.3718966260110454e-07,
    2.3523235626637235e-07,
    2.3329527762498831e-07,
    2.3137829950636177e-07,
    2.294812948502352e-07,
    2.2760413423422786e-07,
    2.25746685576325e-07,
    2.2390881487234646e-07,
    2.2209038666301734e-07,
    2.202912642177893e-07,
    2.1851130996950576e-07,
    2.1675038621053338e-07,
    2.150083557434091e-07,
    2.132850824845427e-07,
    2.115804321006434e-07,
    2.0989427198563704e-07,
    2.0822646922785648e-07,
    2.0657688724558293e-07,
    2.049453835021781e-07,
    2.0333180872901582e-07,
    2.0173600685753123e-07,
    2.0015781542927873e-07,
    1.985970661330315e-07,
    1.9705358537977163e-07,
    1.9552719509856964e-07,
    1.9401771375611931e-07,
    1.9252495731325945e-07,
    1.910487396357231e-07,
    1.8958887263416494e-07,
    1.8814516650773144e-07,
    1.867174298994709e-07,
    1.8530547044353174e-07,
    1.8390909589726762e-07,
    1.8252811499383712e-07,
    1.811623383024929e-07,
    1.798115798662828e-07,
    1.7847565894451338e-07,
    1.7715440109147397e-07,
    1.7584763759880301e-07,
    1.74555202117523e-07,
    1.7327692638199015e-07,
    1.7201263834777905e-07,
    1.7076216218087715e-07,
    1.69525317967283e-07,
    1.6830192163276289e-07,
    1.6709178604201153e-07,
    1.6589472258445293e-07,
    1.647105423638257e-07,
    1.635390568953929e-07,
    1.6238007869796054e-07,
    1.6123342234813347e-07,
    1.6009890561005836e-07,
    1.5897634969951877e-07,
    1.5786557925969747e-07,
    1.5676642280320025e-07,
    1.5567871296402044e-07,
    1.5460228637524994e-07,
    1.5353698391368218e-07,
    1.5248265176039292e-07,
    1.5143914308227623e-07,
    1.5040631924789051e-07,
    1.4938404996123922e-07,
    1.4837221260347813e-07,
    1.473706900712419e-07,
    1.463793676481032e-07,
    1.4539813141601358e-07,
    1.4442686819664457e-07,
    1.4346546549142942e-07,
    1.4251381142026062e-07,
    1.415717951073158e-07,
    1.4063930751230072e-07,
    1.3971624225889166e-07,
    1.3880249628233535e-07,
    1.378979707450399e-07,
    1.3700257169074158e-07,
    1.3611620954979002e-07,
    1.3523879865252363e-07,
    1.3437025746262222e-07,
    1.3351050747531007e-07,
    1.3265947023110556e-07,
    1.318170651177549e-07,
    1.30983209312398e-07,
    1.3015781871246138e-07,
    1.2934080887186084e-07,
    1.2853209549024184e-07,
    1.2773159445190484e-07,
    1.2693922222340407e-07,
    1.2615489697252601e-07,
    1.2537853978252024e-07,
    1.2461007524233857e-07,
    1.238494315016987e-07,
    1.2309654078639802e-07,
    1.22351339832037e-07,
    1.2161376777122667e-07,
    1.2088376235877374e-07,
    1.2016125817751483e-07,
    1.194461869378265e-07,
    1.1873847833274793e-07,
    1.1803806126730352e-07,
    1.1734486500079467e-07,
    1.166588198334897e-07,
    1.1597985714942895e-07,
    1.153079089036931e-07,
    1.1464290785099842e-07,
    1.1398478917086764e-07,
    1.1333349219762446e-07,
    1.1268896105068408e-07,
    1.1205114462932708e-07,
    1.1141999690438098e-07,
    1.107954768454746e-07,
    1.1017754606962832e-07,
    1.0956616463582376e-07,
    1.0896128820400797e-07,
    1.0836286803432136e-07,
    1.0777085234003778e-07,
    1.0718518746497771e-07,
    1.06605819076666e-07,
    1.0603269376490269e-07,
    1.0546575987461043e-07,
    1.0490496727054454e-07,
    1.0435026759676869e-07,
    1.038016152348347e-07,
    1.0325896808351941e-07,
    1.0272228826158184e-07,
    1.0219154212343292e-07,
    1.0166669794745799e-07,
    1.0114772174439584e-07,
    1.0063457379635513e-07,
    1.001272078042851e-07,
    9.962557250285856e-08,
    9.91296134026953e-08,
    9.863927279313297e-08,
    9.815448923111035e-08,
    9.767519786146511e-08,
    9.720133126227168e-08,
    9.673282071225851e-08,
    9.62695979841315e-08,
    9.581159714343733e-08,
    9.535875562287298e-08,
    9.491101446728468e-08,
    9.44683186910138e-08,
    9.403061816947056e-08,
    9.359786823131238e-08,
    9.317002931797064e-08,
    9.274706441788373e-08,
    9.232893434376908e-08,
    9.191559476924806e-08,
    9.150699676016309e-08,
    9.110308827549248e-08,
    9.070381503826068e-08,
    9.030912076771128e-08,
    8.991894698365833e-08,
    8.953323324246142e-08,
    8.915191844984924e-08,
    8.877494271306951e-08,
    8.840224897983502e-08,
    8.803378392708904e-08,
    8.766949788558453e-08,
    8.730934455429284e-08,
    8.695328104294123e-08,
    8.660126737764814e-08,
    8.625326394489935e-08,
    8.590922718184639e-08,
    8.556910644226259e-08,
    8.52328434717627e-08,
    8.490037320346737e-08,
    8.457162500053511e-08,
    8.424652401194633e-08,
    8.392499209556165e-08,
    8.36069487318e-08,
    8.329231266744184e-08,
    8.298100353388839e-08,
    8.267294248877497e-08,
    8.23680524220787e-08,
    8.206625877771509e-08,
    8.176749077568691e-08,
    8.147168189517455e-08,
    8.117877004019296e-08,
    8.08886984206164e-08,
    8.060141643045377e-08,
    8.031687910639279e-08,
    8.003504447729705e-08,
    7.97558702362297e-08,
    7.94793118565893e-08,
    7.920532193793433e-08,
    7.89338501615097e-08,
    7.866484404318331e-08,
    7.839824997429547e-08,
    7.813401414646703e-08,
    7.787208384864806e-08,
    7.761240912958569e-08,
    7.735494346423009e-08,
    7.709964324820686e-08,
    7.684646816136835e-08,
    7.659538277652561e-08,
    7.634635768025428e-08,
    7.609936992574595e-08,
    7.585440397547657e-08,
    7.561145219212655e-08,
    7.537051240701579e-08,
    7.513158340684592e-08,
    7.489466174640889e-08,
    7.465974102902826e-08,
    7.442681270968879e-08
]