[
    0.0,
    0.0,
    -0.024635461041554466,
    -0.01353324424496602,
    -0.002847330700245442,
    0.007435036940352678,
    0.017326246409233213,
    0.026838326337188696,
    0.03598295646996933,
    0.04477147759607071,
    0.05321490119388352,
    0.06132391880612352,
    0.0691089111492337,
    0.07657995696523928,
    0.08374684162333622,
    0.09061906547829032,
    0.09720585199252886,
    0.10351615562863621,
    0.10955866951880695,
    0.1153418329176658,
    0.12087383844476828,
    0.12616263912308395,
    0.131215955219944,
    0.1360412808977483,
    0.1406458906842646,
    0.14503684578014486,
    0.1492210002532399,
    0.15320500737145837,
    0.1569953302515069,
    0.16089293542631805,
    0.16518736080513124,
    0.16956768809460165,
    0.17373474302880257,
    0.17769542602161867,
    0.18145643537514933,
    0.18502427216182254,
    0.188405245699922,
    0.19160547898936758,
    0.1946309140246873,
    0.19748731696872965,
    0.20018028318462278,
    0.20271524212747086,
    0.2050974620986346,
    0.20733205486591422,
    0.2094239801531423,
    0.21137805000273613,
    0.2131989330147116,
    0.2148911584656002,
    0.21645912031063466,
    0.21790708107247117,
    0.2192391756196272,
    0.22045941483774556,
    0.22157168919671316,
    0.2225797722165702,
    0.22348732383506367,
    0.22429789367961814,
    0.22501492424642133,
    0.2256417539892471,
    0.22618162032056666,
    0.22663766252742523,
    0.22701292460449218,
    0.22731035800662336,
    0.2275328243232077,
    0.2276830978765072,
    0.22776386824613942,
    0.22777774272178936,
    0.22772724868617872,
    0.22761483593026283,
    0.22744287890257117,
    0.22721367889455338,
    0.22692946616374016,
    0.22659240199647662,
    0.226204580711936,
    0.22576803160907347,
    0.2252847208581338,
    0.22475655333828098,
    0.22418537442287306,
    0.22357297171386253,
    0.2229210767267611,
    0.2222313665275672,
    0.22150546532301596,
    0.22074494600547123,
    0.2199513316537438,
    0.21912609699108254,
    0.2182706698015502,
    0.2173864323059613,
    0.21647472249852784,
    0.21553683544532326,
    0.21457402454564678,
    0.21358750275733715,
    0.21257844378705745,
    0.21154798324654273,
    0.2104972197757739,
    0.209427216134015,
    0.20833900025962368,
    0.20723356629951953,
    0.20611187560916996,
    0.20497485772392832,
    0.20382341130253703,
    0.20265840504358412,
    0.2014806785756789,
    0.20029104332209186,
    0.19909028334058348,
    0.19787915613912538,
    0.19665839346819783,
    0.19542870209032678,
    0.19419076452750525,
    0.1929452397871275,
    0.19169276406704508,
    0.19043395144033906,
    0.18916939452038256,
    0.18789966510675238,
    0.18662531481253286,
    0.18534687567354122,
    0.18406486073998796,
    0.1827797646510712,
    0.18149206419298894,
    0.1802022188408387,
    0.1789106712848646,
    0.1776178479414963,
    0.17632415944961338,
    0.17503000115245332,
    0.17373575356557283,
    0.17244178283126038,
    0.17114844115978295,
    0.16985606725783908,
    0.16856498674458342,
    0.16727551255557732,
    0.16598794533500996,
    0.1647025738165237,
    0.16341967519296902,
    0.16213951547540373,
    0.16086234984164027,
    0.15958842297464015,
    0.1583179693910452,
    0.1570512137601264,
    0.1557883712134226,
    0.1545296476453351,
    0.15327524000493767,
    0.15202533657925724,
    0.1507801172682658,
    0.14953975385181564,
    0.14830441024875263,
    0.14707424276843475,
    0.14584940035486849,
    0.14463002482366966,
    0.14341625109205208,
    0.14220820740204665,
    0.1410060155371535,
    0.1398097910326158,
    0.13861964337948973,
    0.13743567622268488,
    0.13625798755314827,
    0.13508666989436602,
    0.1339218104833484,
    0.13276349144625055,
    0.1316117899687868,
    0.1304667784615981,
    0.12932852472070272,
    0.1281970920831665,
    0.12707253957813813,
    0.12595492207338005,
    0.12484429041744868,
    0.12374069157767001,
    0.12264416877400805,
    0.12155476160889979,
    0.12047250619313007,
    0.11939743526790018,
    0.11832957832330608,
    0.11726896171339557,
    0.1162156087678626,
    0.11516953990031815,
    0.11413077271331781,
    0.11309932210054588,
    0.11207520034614335,
    0.11105841722100761,
    0.11004898007607541,
    0.1090468939328808,
    0.10805216157208312,
    0.1070647836198286,
    0.10608475863203669,
    0.10511208317821177,
    0.10414675192438864,
    0.10318875771630402,
    0.10223809166946637,
    0.1012947432700072,
    0.10035870049373488,
    0.09942994995976438,
    0.09850847715801542,
    0.0975942669236349,
    0.09668730441141729,
    0.09578757728039904,
    0.09489508893405937,
    0.09407763769164064,
    0.09340271719874943,
    0.09280003037916341,
    0.09229379767822432,
    0.09197430602200016,
    0.09173769807987806,
    0.09148438110999771,
    0.09121502585009116,
    0.0909303064731968,
    0.09063088068456807,
    0.09031738702601672,
    0.08999044453199811,
    0.08965065299415705,
    0.08929859338192542,
    0.08893482829219776,
    0.08855990239478355,
    0.08817434288857108,
    0.0877786599972364,
    0.08737334748665943,
    0.08695888316500443,
    0.08653572935670695,
    0.08610433335872392,
    0.08566512788125574,
    0.08521853147422767,
    0.08476494894224122,
    0.08430477174666515,
    0.08383837839472286,
    0.08336613482095886,
    0.08288839476405543,
    0.08240550013548317,
    0.0819177813745852,
    0.08142555778961329,
    0.0809291378895838,
    0.08042881970790842,
    0.07992489111902287,
    0.07941763015876463,
    0.0789073053527173,
    0.07839417604041898,
    0.07787849269879715,
    0.07736049730656412,
    0.07684042376222847,
    0.07631849834416866,
    0.07579494061600058,
    0.07526996685247811,
    0.07474381123949,
    0.07424114088917372,
    0.07378569751292888,
    0.07335143463901656,
    0.07291319543181876,
    0.07247125305405312,
    0.07208018861635476,
    0.07179248913934588,
    0.07155008801137591,
    0.0712969765904187,
    0.07103351953773879,
    0.07076015924784544,
    0.07047734426644063,
    0.0701855327205549,
    0.06990114444443171,
    0.06965282255312817,
    0.06943617582129813,
    0.06922122133720565,
    0.06899504979456622,
    0.06875812144512566,
    0.06851090276579426,
    0.06825385100082054,
    0.06798741327002539,
    0.06771203016848512,
    0.06742813660437136,
    0.0671361466518793,
    0.06683644056677296,
    0.06652937846794132,
    0.06621531689667988,
    0.06589461558326792,
    0.065567675336144,
    0.06523491901430749,
    0.06489666258276973,
    0.0645531205612494,
    0.06420453239789106,
    0.06385117480832227,
    0.06349332194036796,
    0.06313123840900142,
    0.06276518063307546,
    0.06239539874028461,
    0.062022137025714796,
    0.06164563366215889,
    0.06126612059736205,
    0.06088382563628116,
    0.0604989832891459,
    0.060128369052498604,
    0.05984738679672835,
    0.059695465320993374,
    0.05959192223449161,
    0.059475639556407715,
    0.059347109049780106,
    0.05920682214950783,
    0.05905525912288499,
    0.05889288699941743,
    0.058720159113153834,
    0.05853751526494209,
    0.0583453821107695,
    0.05814417333833703,
    0.05793428947100113,
    0.057716117762885544,
    0.057490032560884904,
    0.05725639593776,
    0.05701555841697508,
    0.05676785965543062,
    0.05651362885429663,
    0.056253184862162804,
    0.05598683620312962,
    0.05571488133210058,
    0.05543760918349128,
    0.05515529973763246,
    0.05486822413087904,
    0.054576644243693295,
    0.0542808124429332,
    0.05398097212434236,
    0.053677359012567795,
    0.05337020269062856,
    0.05305972747128895,
    0.05274615177734159,
    0.052429688162601844,
    0.0521105534820685,
    0.05179973144602764,
    0.051518015727411784,
    0.05126386572115407,
    0.051015299920644505,
    0.05076191169449259,
    0.050503934608179875,
    0.05024161566075693,
    0.04997520044622199,
    0.04970491317049674,
    0.04943095856887415,
    0.049153539011013825,
    0.04887285733002938,
    0.04858911200368907,
    0.04830249546286024,
    0.048013194225118176,
    0.04772138936200647,
    0.047427256621878695,
    0.047130966444357686,
    0.046832683877789216,
    0.04653256840091221,
    0.04623077407235066,
    0.0459274501116983,
    0.045622741414610965,
    0.04531678897790372,
    0.04500973159356044,
    0.0447017126907994,
    0.044392902032609885,
    0.04408348210290125,
    0.043773582249673856,
    0.04346328736362911,
    0.04317219946380159,
    0.04293337283701297,
    0.04273957323205618,
    0.042555422628126165,
    0.04236637382292315,
    0.042172641314296204,
    0.0419744532201156,
    0.04177205298562565,
    0.04163396325282417,
    0.0416261713086029,
    0.04167556362927499,
    0.041711573939823186,
    0.041734573993648605,
    0.04174503013038746,
    0.041743406913403065,
    0.04173015873561199,
    0.04170572808345222,
    0.04167054534941508,
    0.0416250305537187,
    0.04156960021076861,
    0.04150472133757259,
    0.04148144519997916,
    0.041548792123980854,
    0.041652689616577435,
    0.04174108417633041,
    0.04181448863183974,
    0.041873432740480845,
    0.04191843657732305,
    0.041950007809762546,
    0.041968642312982446,
    0.04197482391986498,
    0.0419690249963858,
    0.04195171371984939,
    0.041928881354983204,
    0.04190974608487383,
    0.041892104193238994,
    0.04186689949216188,
    0.04183094122217629,
    0.041784631699442375,
    0.041728370804865654,
    0.04166254842308095,
    0.04158754318248925,
    0.04150372244316855,
    0.0414114425108121,
    0.04131104883624896,
    0.04120287623217908,
    0.04108724912260569,
    0.04096448180779624,
    0.04083487873480455,
    0.04069873477319655,
    0.040556335490897134,
    0.0404079574229935,
    0.04025386833199496,
    0.04009432746102397,
    0.03992958578071191,
    0.03975988622976542,
    0.03958546394893995,
    0.03940654650866034,
    0.03922335413087327,
    0.039036099905159265,
    0.0388449899987585,
    0.038650223860463045,
    0.03845199441853997,
    0.038250488272937526,
    0.0380458858821621,
    0.037838361745011755,
    0.03762808457708776,
    0.037415217482188186,
    0.037199918118877726,
    0.0369823388623414,
    0.03676262696151407,
    0.03654092469166021,
    0.0363173695026552,
    0.03609209416307519,
    0.035865226900132385,
    0.03563689153553711,
    0.0354072076174282,
    0.03517629054853995,
    0.034944251710711104,
    0.03471119858578405,
    0.0344772348730094,
    0.03424246060311495,
    0.03400697224911818,
    0.033770862833921056,
    0.033534222034768725,
    0.03329713628468265,
    0.033059688870973325,
    0.03282196003091303,
    0.03258402704463512,
    0.03234596432533615,
    0.03210784350687065,
    0.031869733528831524,
    0.031631700719188416,
    0.031393808874527786,
    0.03115611933795392,
    0.03091869107473902,
    0.030681580745787095,
    0.03044484277894521,
    0.030208529438222956,
    0.029972690891012194,
    0.02973737527337475,
    0.029502628753432035,
    0.029268495592890506,
    0.029035018206761604,
    0.028802237221344007,
    0.02857019153051528,
    0.028338918350376392,
    0.02810845327230367,
    0.027878830314452055,
    0.027650081971750215,
    0.02742223926443321,
    0.027195331785146954,
    0.026969387744661462,
    0.02674443401624371,
    0.02652049617873195,
    0.02629759855834614,
    0.026075764269272595,
    0.0258550152530541,
    0.025635372316811973,
    0.025416855170337347,
    0.02519948246209104,
    0.02498327181414021,
    0.024768239856054964,
    0.02455440225779712,
    0.024341773761637854,
    0.024130368213131016,
    0.023920198591163115,
    0.02371127703710795,
    0.023503614883116565,
    0.023297222679565167,
    0.02309211022167937,
    0.02288828657535998,
    0.022685760102239043,
    0.02248453848398739,
    0.022284628745890166,
    0.02208603727971187,
    0.021888769865875655,
    0.02169283169497607,
    0.021498227388641548,
    0.02130496101976615,
    0.021113036132132047,
    0.020922455759439882,
    0.020733222443760767,
    0.020545338253426047,
    0.020358804800373047,
    0.020173623256962262,
    0.019989794372280587,
    0.019807318487946687,
    0.01962619555343369,
    0.019446425140921132,
    0.01926800645968934,
    0.019090938370072093,
    0.01891521939698051,
    0.018740847743008007,
    0.01856782130112871,
    0.018396137667003855,
    0.018225794150907033,
    0.018056787789277107,
    0.017889115355909743,
    0.017722773372799604,
    0.017557758120643332,
    0.01739406564901249,
    0.017231691786206225,
    0.017070632148793452,
    0.01691088215085289,
    0.016752437012919376,
    0.016595291770646142,
    0.016439441283192236,
    0.016284880241342132,
    0.01613160317536494,
    0.01597960446262167,
    0.015828878334927826,
    0.01567941888567725,
    0.015531220076734797,
    0.015384275745105303,
    0.015238579609384809,
    0.015094125276000403,
    0.014950906245245784,
    0.014808915917118994,
    0.01466814759696795,
    0.01452859450094827,
    0.014390249761298457,
    0.01425310643143875,
    0.014117157490899807,
    0.013982395850086364,
    0.013848814354879918,
    0.013716405791084988,
    0.013585162888724507,
    0.013455078326188533,
    0.013326144734240012,
    0.01319835469988261,
    0.013071700770094992,
    0.012946175455434571,
    0.012821771233514525,
    0.01269848055235884,
    0.012576295833638994,
    0.012455209475795096,
    0.012335213857045172,
    0.012216301338286679,
    0.012098464265893297,
    0.011981694974409669,
    0.011865985789147339,
    0.011751329028685049,
    0.011637717007276286,
    0.01152514203716741,
    0.011413596430829055,
    0.011303072503102697,
    0.0111935625732648,
    0.011085058967011775,
    0.01097755401836836,
    0.010871040071521216,
    0.01076550948258014,
    0.01066095462126957,
    0.010557367872552518,
    0.010454741638188457,
    0.01035306833822731,
    0.010252340412441933,
    0.01015255032170079,
    0.010053690549282582,
    0.0099557536021352,
    0.009858732012080807,
    0.009762618336968086,
    0.00966740516177316,
    0.009573085099650984,
    0.009479650792939229,
    0.009387094914116392,
    0.009295410166715274,
    0.009204589286192853,
    0.009114625040758367,
    0.009025510232160833,
    0.008937237696437311,
    0.008849800304623442,
    0.008763190963427293,
    0.008677402615867524,
    0.008592428241877467,
    0.008508260858876073,
    0.008424893522306465,
    0.008342319326143694,
    0.008260531403372889,
    0.008179522926438152,
    0.008099287107663103,
    0.008019817199644284,
    0.007941106495618312,
    0.0078631483298037,
    0.0077859360777185836,
    0.007709463156474862,
    0.007633723025049349,
    0.007558709184533257,
    0.007484415178360808,
    0.007410834592517063,
    0.007337961055725643,
    0.007265788239617389,
    0.007194309858880485,
    0.007123519671392716,
    0.007053411478336885,
    0.006983979124299822,
    0.006915216497355382,
    0.006847117529132195,
    0.006779676194866551,
    0.006712886513440809,
    0.006646742547408102,
    0.0065812384030039025,
    0.006516368230145,
    0.006452126222416329,
    0.006388506617045818,
    0.006325503694867738,
    0.0062631117802753765,
    0.006201325241163652,
    0.0061401384888617625,
    0.006079545978056167,
    0.006019542206704448,
    0.0059601217159400924,
    0.005901279089968486,
    0.005843008955955006,
    0.0057853059839053835,
    0.005728164886538426,
    0.005671580419151728,
    0.005615547379480499,
    0.005560060607549695,
    0.005505114985520291,
    0.005450705437529919,
    0.005396826929527416,
    0.005343474469101745,
    0.0052906431053058875,
    0.005238327928475532,
    0.00518652407004288,
    0.005135226702346438,
    0.0050844310384364705,
    0.005034132331875909,
    0.004984325876537871,
    0.004935007006400348,
    0.0048861710953369475,
    0.004837813556903507,
    0.004789929844121693,
    0.004742515449260059,
    0.004695565903612503,
    0.004649076777274491,
    0.004603043678916698,
    0.004557462255555994,
    0.004512328192324715,
    0.0044676372122385375,
    0.004423385075962123,
    0.0043795675815724655,
    0.004336180564320636,
    0.004293219896392484,
    0.004250681486668347,
    0.004208561280481191,
    0.004166855259373247,
    0.0041255594408519496,
    0.004084669878145222,
    0.004044182659956181,
    0.004004093910217521,
    0.003964399787845089,
    0.003925096486490467,
    0.0038861802342932666,
    0.0038476472936329964,
    0.0038094939608806456,
    0.0037717165661509773,
    0.003734311473054872,
    0.003697275078450739,
    0.0036606038121962748,
    0.0036242941369013094,
    0.003588342547680699,
    0.0035527455719072207,
    0.0035174997689650803,
    0.0034826017300033773,
    0.003448048077689399,
    0.003413835465962701,
    0.0033799605797892422,
    0.0033464201349155424,
    0.003313210877625317,
    0.0032803295844984863,
    0.00324777306216981,
    0.00321553814708636,
    0.0031836217052650124,
    0.003152020632050761,
    0.0031207318518760964,
    0.0030897523180219624,
    0.0030590790123802476,
    0.0030287089452162926,
    0.00299863915493169,
    0.00296886670783024,
    0.0029393886978868354,
    0.0029102022465155204,
    0.002881304502336256,
    0.002852692640943647,
    0.0028243638646780695,
    0.002796315402398297,
    0.002768544509255984,
    0.002741048466469691,
    0.002713824581098264,
    0.0026868701858174943,
    0.0026601826386987043,
    0.002633759322986388,
    0.0026075976468774844,
    0.002581695043303082,
    0.002556048969711305,
    0.0025306569078531846,
    0.0025055163635713915,
    0.002480624866588038,
    0.002455979970291764,
    0.0024315792515277428,
    0.002407420310389867,
    0.002383500770013233,
    0.0023598182763692357,
    0.002336370498063954,
    0.002313155126135628,
    0.0022901698738502663,
    0.002267412476499618,
    0.002244880691201844,
    0.002222572296703422,
    0.0022004850931848993,
    0.002178616902070309,
    0.0021569655658359504,
    0.0021355289478187634,
    0.002114304932026521,
    0.0020932914229473023,
    0.002072486345358542,
    0.002051887644140058,
    0.00203149328409002,
    0.002011301249742626,
    0.0019913095451890134,
    0.0019715161938975473,
    0.0019519192385323053,
    0.0019325167407743995,
    0.0019133067811440802,
    0.0018942874588222791,
    0.0018754568914766978,
    0.001856813215090415,
    0.001838354583790751,
    0.0018200791696815584,
    0.0018019851626746122,
    0.0017840707703195419,
    0.0017663342176405825,
    0.0017487737469755224,
    0.0017313876178107394,
    0.0017141741066203453,
    0.0016971315067085982,
    0.0016802581280486325,
    0.0016635522971245203,
    0.0016470123567798904,
    0.0016306366660653823,
    0.001614423600086401,
    0.0015983715498559233,
    0.0015824789221453716,
    0.0015667441393319083,
    0.0015511656392507252,
    0.0015357418750501833,
    0.0015204713150467537,
    0.0015053524425876921,
    0.0014903837559201078,
    0.0014755637680541498,
    0.001460891006617053,
    0.0014463640137053133,
    0.0014319813457400272,
    0.0014177415733236136,
    0.00140364328109918,
    0.001389685067617344,
    0.0013758655452054327,
    0.0013621833398306813,
    0.0013486370909575468,
    0.0013352254514065807,
    0.0013219470872232212,
    0.0013088006775532801,
    0.0012957849145199284,
    0.0012828985031035234,
    0.0012701401610182021,
    0.0012575086185841146,
    0.0012450026186078267,
    0.001232620916271696,
    0.0012203622790194402,
    0.0012082254864371922,
    0.0011962093301376698,
    0.001184312613642892,
    0.0011725341522649151,
    0.0011608727729943054,
    0.0011493273143902112,
    0.00113789662646525,
    0.0011265795705729894,
    0.001115375019296887,
    0.0011042818563397258,
    0.001093298976420774,
    0.0010824252851712284,
    0.0010716596990216621,
    0.0010610011450955079,
    0.0010504485611074802,
    0.0010400008952619567,
    0.001029657106160178,
    0.0010194161627074642,
    0.0010092770440120623,
    0.0009992387392862398,
    0.0009893002477489251,
    0.0009794605785294554,
    0.0009697187505774616,
    0.0009600737925661514,
    0.0009505247427874229,
    0.0009410706490574574,
    0.0009317105686305119,
    0.0009224435681092553,
    0.0009132687233570261,
    0.0009041851194111565,
    0.000895191850387956,
    0.0008862880193838043,
    0.0008774727383831894,
    0.0008687451281733715,
    0.0008601043182559199,
    0.0008515494467590827,
    0.000843079660359082,
    0.0008346941141938267,
    0.000826391971768749,
    0.0008181724048805621,
    0.0008100345935520721,
    0.0008019777259609723,
    0.0007940009983646538,
    0.0007861036150140985,
    0.0007782847880661583,
    0.0007705437375178854,
    0.0007628796911501642,
    0.000755291884460034,
    0.0007477795605955388,
    0.0007403419703049972,
    0.0007329783718788274,
    0.0007256880310712756,
    0.0007184702210181805,
    0.0007113242221604985,
    0.000704249322168355,
    0.0006972448158538685,
    0.0006903100050699915,
    0.0006834441986175321,
    0.0006766467121733604,
    0.0006699168682130065,
    0.0006632539959265385,
    0.0006566574311636482,
    0.0006501265163847981,
    0.0006436606005927164,
    0.0006372590392809246,
    0.0006309211943804523,
    0.0006246464341781737,
    0.0006184341332516226,
    0.0006122836724045221,
    0.0006061944385832522,
    0.0006001658248231892,
    0.000594197230190452,
    0.0005882880596780945,
    0.0005824377241308565,
    0.0005766456402100368,
    0.0005709112303508804,
    0.0005652339227254254,
    0.0005596131511720886,
    0.0005540483550833222,
    0.0005485389793417651,
    0.0005430844742765848,
    0.0005376842955948992,
    0.0005323379043520106,
    0.0005270447669174196,
    0.0005218043548854997,
    0.0005166161450049614,
    0.0005114796191122517,
    0.0005063942640824549,
    0.0005013595718760126,
    0.0004963750395134533,
    0.0004914401689166556,
    0.0004865544668437624,
    0.00048171744488946576,
    0.00047692861945786906,
    0.000472187511786428,
    0.0004674936478975893,
    0.00046284655844558876,
    0.0004582457786556586,
    0.00045369084827901585,
    0.00044918131148735045,
    0.0004447167168739866,
    0.00044029661749029334,
    0.0004359205708234996,
    0.00043158813886028867,
    0.0004272988881327899,
    0.0004230523896289862,
    0.00041884821876506047,
    0.0004146859553944335,
    0.0004105651837589525,
    0.0004064854925390857,
    0.00040244647488227585,
    0.0003984477282993402,
    0.0003944888546804507,
    0.0003905694603266688,
    0.0003866891558662393,
    0.00038284755634738956,
    0.00037904428136148634,
    0.00037527895503559775,
    0.0003715512062795192,
    0.0003678606691312901,
    0.00036420698301951876,
    0.0003605897933092514,
    0.0003570087517415962,
    0.0003534635166213399,
    0.00034995375363588093,
    0.00034647913737992977,
    0.0003430393532843261,
    0.0003396341000491042,
    0.0003362630921693548,
    0.0003329260623403327,
    0.00032962276438452406,
    0.0003263529762209947,
    0.0003231165026427315,
    0.0003199131800612188,
    0.00031674287842115045,
    0.0003136054948720808,
    0.0003105009543923947,
    0.0003074292303525357,
    0.000304390364240806,
    0.0003013844675368633,
    0.0002984117317160192,
    0.00029547244212357215,
    0.00029256693656904965,
    0.00028969557611825393,
    0.0002868588956849655,
    0.00028405787755696426,
    0.00028129435027992515,
    0.00027857249062055876,
    0.0002759076658389276,
    0.0002749160454391233,
    0.00028382273365941705,
    0.0003073375532289184,
    0.0003366119822187548,
    0.0003647166605118861,
    0.0003916723157881594,
    0.00041750771660273376,
    0.0004422548567941841,
    0.00046594622683232903,
    0.0004886139937682721,
    0.0005102897534464571,
    0.0005310044076162192,
    0.0005507881115205445,
    0.0005696702476386043,
    0.0005876794095662537,
    0.0006048434028200724,
    0.0006211892540871258,
    0.0006367432224435134,
    0.0006515308148584012,
    0.0006655768050748434,
    0.000678905252117509,
    0.0006915395176233203,
    0.0007035022830285653,
    0.0007148155667838693,
    0.0007255007417731494,
    0.0007355785530124619,
    0.0007450691347468165,
    0.0007539920268538318,
    0.0007623661914003639,
    0.0007702100291245895,
    0.0007775413951461457,
    0.0007843776141419334,
    0.0007907354953286442,
    0.0007966313470201737,
    0.0008020809907289656,
    0.0008070997750429576,
    0.0008117025891618407,
    0.0008159038759767989,
    0.0008197176448580222,
    0.0008231574841563732,
    0.0008262365733115492,
    0.000828967694621753,
    0.0008313632447088492,
    0.0008334352456054578,
    0.0008351953554877312,
    0.0008366548791459228,
    0.0008378247781678616,
    0.000838715680809381,
    0.000839337891610968,
    0.0008397014007435277,
    0.0008398158930631001,
    0.000839690756940134,
    0.0008393350928499689,
    0.0008387577216702666,
    0.0008379671927181934,
    0.0008369717915765649,
    0.0008357795477205574,
    0.0008343982419491713,
    0.0008328354136224396,
    0.0008310983676809299,
    0.0008291941814524593,
    0.000827129711288422,
    0.0008249115990218871,
    0.0008225462782333876,
    0.0008200399803432345,
    0.0008173987405163314,
    0.0008146284033796065,
    0.0008117346285965004,
    0.0008087228963045623,
    0.0008055985123871959,
    0.0008023666135829536,
    0.0007990321724509616,
    0.0007956000021835994,
    0.0007920747612708964,
    0.000788460958045644,
    0.0007847629551050747,
    0.0007809849735981259,
    0.0007771310973995827,
    0.0007732052771748054,
    0.0007692113343125149,
    0.0007651529647330219,
    0.0007610337425962143,
    0.0007568571239058874,
    0.0007526264500090275,
    0.0007483449510012929,
    0.0007440157490310795,
    0.0007396418614998395,
    0.0007352262041753408,
    0.0007307715942227158,
    0.0007262807531495448,
    0.0007217563096680295,
    0.0007172008024757038,
    0.0007126166829519869,
    0.0007080063177744078,
    0.000703371991461478,
    0.0006987159088403302,
    0.0006940401974387387,
    0.0006893469098107109,
    0.0006846380257993347,
    0.000679915454731984,
    0.0006751810375497179,
    0.0006704365488787071,
    0.000665683699042813,
    0.0006609241360151361,
    0.0006561594473141969,
    0.0006513911618458772,
    0.0006466207516901956,
    0.0006418496338388086,
    0.0006370791718849692,
    0.0006323106776618272,
    0.0006275454128310477,
    0.0006227845904271077,
    0.0006180293763567661,
    0.0006132808908537851,
    0.0006085402098930435,
    0.0006038083665636293,
    0.0005990863524003817,
    0.0005943751186781688,
    0.0005896755776696823,
    0.0005849886038644197,
    0.000580315035150865,
    0.0005756556739659059,
    0.0005710112884114947,
    0.0005663826133379678,
    0.0005617703513962829,
    0.0005571751740596925,
    0.0005525977226146467,
    0.000548038609123656,
    0.0005434984173614255,
    0.0005389777037224156,
    0.0005344769981001752,
    0.0005299968047412032,
    0.0005255376030739111,
    0.0005210998485121639,
    0.0005166839732341671,
    0.0005122903869379143,
    0.0005079194775744857,
    0.0005035716120604994,
    0.0004992471369705036,
    0.000494946379209042,
    0.0004906696466626596,
    0.0004864172288340605,
    0.000482189397459031,
    0.0004779864071037275,
    0.0004738084957422235,
    0.0004696558853171894,
    0.0004655287822844662,
    0.00046142737814136906,
    0.000457351849939957,
    0.00045330236078525144,
    0.0004492790603171853,
    0.0004452820851770251,
    0.0004413115594604102,
    0.00043736759515726844,
    0.00043345029257817967,
    0.0004295597407681725,
    0.00042569601790803165,
    0.00042185919170276365,
    0.0004180493197584672,
    0.0004142664499480096,
    0.0004105106207652518,
    0.00040678186166949806,
    0.00040308019342101726,
    0.00039940562840571736,
    0.00039575817094834707,
    0.0003921378176158855,
    0.000388544557511578,
    0.00038497837255961067,
    0.00038143923778149384,
    0.00037792712156408347,
    0.0003744419859189976,
    0.00037098378673494083,
    0.00036755247402315465,
    0.0003641479921542689,
    0.0003607702800867923,
    0.0003574192715888781,
    0.0003540948954531038,
    0.0003507970757041512,
    0.0003475257318011339,
    0.0003442807788348053,
    0.0003410621277176221,
    0.00033786968536639355,
    0.0003347033548794401,
    0.0003315630357083301,
    0.00032844862382337697,
    0.00032536001187382616,
    0.00032229708934308646,
    0.00031925974269910666,
    0.0003162478555407247,
    0.00031326130873925027,
    0.0003102999805747927,
    0.0003073637468688381,
    0.00030445248111321674,
    0.00030156605459394554,
    0.00029870433651026627,
    0.0002958671940902797,
    0.0002930544927026945,
    0.0002902660959644217,
    0.0002875018658451725,
    0.00028476166276883994,
    0.00028204534571122064,
    0.0002793527722946852,
    0.0002766837988794281,
    0.0002740382806512713,
    0.00027141607170755457,
    0.0002688170251410729,
    0.0002662409931200949,
    0.0002636878269645617,
    0.0002611573772207304,
    0.00025864949373447573,
    0.0002561640257212235,
    0.0002537008218323453,
    0.00025125973021972853,
    0.0002488405985981751,
    0.0002464432743049284,
    0.0002440676043576955,
    0.00024171343551086298,
    0.00023938061430874553,
    0.0002370689871363669,
    0.0002347784002678809,
    0.0002325086999130853,
    0.00023025973226326683,
    0.00022803134353661312,
    0.00022582338002226935,
    0.00022363568812179267,
    0.00022146811438913375,
    0.00021932050557072887,
    0.00021719270864289128,
    0.0002150845708457165,
    0.00021299593971707326,
    0.00021092666312563197,
    0.00020887658930183951,
    0.00020684556686952947,
    0.00020483344487623787,
    0.00020284007282079223,
    0.0002008653006818868,
    0.00019890897894705173,
    0.0001969709586379255,
    0.00019505109133361232,
    0.00019314922919648798,
    0.0001912652249970904,
    0.00018939893213484432,
    0.00018755020466061455,
    0.00018571889730106426,
    0.0001839048654800289,
    0.00018210796534342115,
    0.00018032805379029573,
    0.00017856498849949692,
    0.00017681862794891387,
    0.00017508883143763204,
    0.00017337545911585696,
    0.0001716783720136298,
    0.00016999743206667876,
    0.00016833250214924128,
    0.00016668344610746205,
    0.00016505012879060633,
    0.00016343241610341404,
    0.00016183017508229365,
    0.00016024327396360876,
    0.00015867158224022835,
    0.00015711497074066464,
    0.00015557331172125042,
    0.0001540464789456343,
    0.00015253434779011093,
    0.0001510367953785294,
    0.00014955370072707667,
    0.00014808494499875184,
    0.00014663041191598683,
    0.00014518998818099466,
    0.00014376356387503172,
    0.00014235103311847807,
    0.00014095229511571161,
    0.00013956725518323294,
    0.0001381958255307234,
    0.00013683792650507812,
    0.00013549348927372883,
    0.00013416246008250972,
    0.00013284480539688836,
    0.00013154051757278756,
    0.00013024962235094528,
    0.00012897219335167398,
    0.00012770838331567069,
    0.0001264584732181703,
    0.00012522292292899736,
    0.0001240024286569104,
    0.00012279807647719345,
    0.00012161188903200636,
    0.0001204489121689678,
    0.0001193284967359619,
    0.00012592987256649412,
    0.00015761138066100802,
    0.00021579375543454913,
    0.00028190793928573233,
    0.0003675369162338103,
    0.0005851440912202179,
    0.0009992008924080333,
    0.0014888689649417567,
    0.001959680335847344,
    0.0024121659018896922,
    0.0028468744931032866,
    0.0032643496077489685,
    0.0036651227530702752,
    0.004049711499713559,
    0.004418619149522851,
    0.004772334788961422,
    0.0051113333642292475,
    0.005436075898831322,
    0.005747009974468814,
    0.006044570251965986,
    0.006329178865857368,
    0.00660124574659504,
    0.006861168927303817,
    0.007109334851398319,
    0.0073461186838048925,
    0.007571884620843106,
    0.0077869861949677495,
    0.00799176657178716,
    0.008186558838409365,
    0.008371686285679058,
    0.008547462686321734,
    0.008714192567301332,
    0.008872171474264376,
    0.0090216862278427,
    0.009163015171971942,
    0.009296428414979041,
    0.00942218806484761,
    0.00954054845873442,
    0.009651756385742647,
    0.009756051302889125,
    0.009853665544942748,
    0.00994482452834125,
    0.01002974694940016,
    0.010108644977322284,
    0.010181724442008997,
    0.010249185016373947,
    0.01031122039330233,
    0.01036801845767665,
    0.010419761453648816,
    0.010466626147092869,
    0.010508783983269022,
    0.010546401239971276,
    0.0105796391764395,
    0.010608654178114388,
    0.010633597897237576,
    0.010654617389375766,
    0.01067185524604571,
    0.010685449723628138,
    0.010695534868667273,
    0.010702240639596853,
    0.010705693024954051,
    0.010706014158208129,
    0.01070332242935337,
    0.010697732593357701,
    0.010689355875531492,
    0.01067830007389265,
    0.010664669658611414,
    0.01064856586863011,
    0.010630086805540163,
    0.01060932752477953,
    0.010586380124230275,
    0.010561333830304973,
    0.010534275081585113,
    0.01050528761007009,
    0.010474452520114922,
    0.010441848365125498,
    0.010407551222059696,
    0.01037163476379592,
    0.01033417032944513,
    0.010295226992664304,
    0.010254871628015305,
    0.010213168975424652,
    0.010170181702804608,
    0.010125970466886541,
    0.010080593972315737,
    0.010034109029060326,
    0.009986570608181297,
    0.009938031896005152,
    0.00988854434674547,
    0.009838157733621703,
    0.00978692019851638,
    0.009734878300207294,
    0.009682077061216328,
    0.009628560013318514,
    0.009574369241748005,
    0.009519545428135937,
    0.009464127892217598,
    0.009408154632342756,
    0.009351662364822542,
    0.009294686562148873,
    0.009237261490117993,
    0.00917942024388581,
    0.009121194782985466,
    0.009062615965338814,
    0.009003713580290024,
    0.00894451638068875,
    0.008885052114051157,
    0.008825347552824535,
    0.008765428523778715,
    0.008705319936549674,
    0.008645045811361149,
    0.00858462930594633,
    0.008524092741691702,
    0.008463457629026772,
    0.008402744692080308,
    0.008341973892623158,
    0.008281164453319539,
    0.008220334880306055,
    0.008159502985116689,
    0.008098685905973657,
    0.008037900128462405,
    0.007977161505606456,
    0.007916485277358894,
    0.00785588608952835,
    0.007795378012155527,
    0.0077349745573557505,
    0.007674688696643402,
    0.007614532877752147,
    0.007554519040964143,
    0.007494658634963125,
    0.00743496263222625,
    0.0073754415439678395,
    0.007316105434646707,
    0.007256963936048686,
    0.00719802626095703,
    0.007139301216423411,
    0.007080797216651556,
    0.007022522295503772,
    0.006964484118640292,
    0.006906689995303116,
    0.00684914688975448,
    0.006791861432378398,
    0.006734839930455584,
    0.006678088378622097,
    0.006621612469019603,
    0.006565417601145622,
    0.006509508891413582,
    0.0064538911824307,
    0.006398569052000812,
    0.006343546821861377,
    0.006288828566162787,
    0.00623441811969554,
    0.006180319085872192,
    0.006126534844472368,
    0.006073068559157256,
    0.006019923184759917,
    0.005967101474359057,
    0.005914605986141987,
    0.005862439090061898,
    0.0058106029742963595,
    0.005759099651512955,
    0.005707930964946245,
    0.005657098594291853,
    0.005606604061424006,
    0.005556448735940858,
    0.005506633840541866,
    0.005457160456243048,
    0.005408029527434844,
    0.005359241866787055,
    0.005310798160006081,
    0.005262698970448093,
    0.005214944743591074,
    0.005167535811370024,
    0.00512047239638012,
    0.005073754615951483,
    0.005027382486099021,
    0.004981355925351568,
    0.004935674758463767,
    0.004890338720013724,
    0.00484534745789033,
    0.004800700536673134,
    0.004756397440906662,
    0.004712437578272579,
    0.004668820282664066,
    0.0046255448171647895,
    0.004582610376934668,
    0.004540016092005767,
    0.0044977610299905095,
    0.004455844198704566,
    0.0044142645487080905,
    0.004373020975767611,
    0.004332112323239371,
    0.004291537384376329,
    0.004251294904562202,
    0.004211383583474542,
    0.00417180207717857,
    0.004132549000154435,
    0.004093622927259157,
    0.004055022395624774,
    0.004016745906496444,
    0.0039787919270123685,
    0.0039411588919249126,
    0.003903845205264535,
    0.003866849241949761,
    0.0038301693493445884,
    0.0037938038487646524,
    0.0037577510369343715,
    0.003722009187395404,
    0.0036865765518667537,
    0.0036514513615591155,
    0.0036166318284462213,
    0.0035821161464941647,
    0.003547902492848355,
    0.003513989028979192,
    0.0034803739017889132,
    0.0034470552446812697,
    0.00341403117859568,
    0.003381299813006837,
    0.003348859246889091,
    0.003316707569646515,
    0.0032848428620107996,
    0.003253263196906847,
    0.0032219666402872812,
    0.0031909512519395413,
    0.0031602150862651557,
    0.0031297561930284487,
    0.003099572618076829,
    0.0030696624040362545,
    0.0030400235909811557,
    0.0030106542170791005,
    0.002981552319213793,
    0.002952715933586276,
    0.0029241430962915404,
    0.002895831843872058,
    0.0028677802138509802,
    0.0028399862452440044,
    0.0028124479790503747,
    0.002785163458727585,
    0.0027581307306497934,
    0.0027313478445448757,
    0.0027048128539113227,
    0.0026785238164201038,
    0.002652478794300254,
    0.00262667585470704,
    0.0026011130700774408,
    0.0025757885184741853,
    0.0025507002839133507,
    0.002525846456674749,
    0.0025012251335992295,
    0.0024768344183721345,
    0.0024526724217921753,
    0.002428737262030768,
    0.0024050270648824307,
    0.0023815399640008906,
    0.0023582741011208734,
    0.002335227626271708,
    0.0023123986979844023,
    0.002289785483487446,
    0.00226738615889074,
    0.0022451989093629134,
    0.0022232219293025126,
    0.002201453422496282,
    0.00217989160226235,
    0.0021585346915864037,
    0.0021373809232552014,
    0.0021164285399813453,
    0.0020956757945185724,
    0.0020751209497724315,
    0.002054762278903733,
    0.002034598065423716,
    0.0020146266032860407,
    0.001994846196973714,
    0.0019752551615746733,
    0.0019558518228486046,
    0.0019366345172932,
    0.001917601592209102,
    0.0018987514057552655,
    0.001880082326995672,
    0.0018615927359428531,
    0.0018432810235937515,
    0.0018251455919583754,
    0.001807184854092749,
    0.0017893972341347282,
    0.0017717811673305269,
    0.001754335100052606,
    0.001737057489815738,
    0.0017199468052874018,
    0.0017030015262902442,
    0.0016862201438058012,
    0.0016696011599821759,
    0.0016531430881363714,
    0.0016368444527478352,
    0.0016207037894483813,
    0.0016047196450070208,
    0.0015888905773090245,
    0.0015732151553384424,
    0.0015576919591617593,
    0.0015423195799012775,
    0.0015270966196995273,
    0.0015120216916837878,
    0.001497093419934873,
    0.0014823104394535219,
    0.00146767139612225,
    0.001453174946673394,
    0.0014388197586619094,
    0.001424604510431983,
    0.0014105278910802033,
    0.0013965886004184843,
    0.0013827853489298703,
    0.0013691168577204924,
    0.0013555818584784214,
    0.0013421790934358266,
    0.0013289073153235718,
    0.0013157652873196806,
    0.001302751783003314,
    0.0012898655863146002,
    0.0012771054915066131,
    0.0012644703030882834,
    0.0012519588357725402,
    0.0012395699144317936,
    0.001227302374048016,
    0.0012151550596556197,
    0.001203126826289027,
    0.0011912165389369835,
    0.001179423072491657,
    0.0011677453116863833,
    0.001156182151030497,
    0.0011447324947498861,
    0.0011333952567311807,
    0.0011221693604636742,
    0.0011110537389775643,
    0.0011000473347826615,
    0.0010891490998105994,
    0.001078357995356644,
    0.0010676729920161788,
    0.0010570930696189608,
    0.0010466172171677422,
    0.001036244432779247,
    0.0010259737236210172,
    0.0010158041058451793,
    0.0010057346045246015,
    0.0009957642535915446,
    0.0009858920957741793,
    0.0009761171825308783
]