[
    0.0,
    0.0,
    0.05114849691340563,
    0.04775299978163162,
    0.04447260017213339,
    0.04130386237117643,
    0.03824344937117951,
    0.03528812007115596,
    0.03243472655620071,
    0.0296802114537909,
    0.0270216053647358,
    0.024456024366670853,
    0.02198066758805037,
    0.019592814850653555,
    0.017289824378673567,
    0.01506913057251289,
    0.012928241845462474,
    0.010864738521492381,
    0.008876270792430366,
    0.006960556732854593,
    0.005115380371074121,
    0.0033385898146153737,
    0.0016280954286774544,
    -1.8131933936801762e-05,
    -0.0016020626528657112,
    -0.0031256100116204715,
    -0.004590631821774673,
    -0.005998932001244123,
    -0.007352262107951985,
    -0.008652322830137381,
    -0.00990076543453008,
    -0.011099193173579798,
    -0.012249162652895166,
    -0.01335218516001461,
    -0.014409727955599992,
    -0.015423215528112948,
    -0.01639403081300385,
    -0.0173235163774145,
    -0.018212975571367723,
    -0.019063673646389265,
    -0.019876838842480628,
    -0.02065366344433587,
    -0.02139530480767009,
    -0.02210288635650288,
    -0.02277749855221623,
    -0.023420199835183286,
    -0.02403201753974188,
    -0.024613948783264995,
    -0.02516696133005921,
    -0.025691994430801474,
    -0.02618995963820449,
    -0.02666174159958149,
    -0.02710819882696235,
    -0.027530164445394727,
    -0.02792844692004596,
    -0.02830383076270392,
    -0.02865707721825852,
    -0.028988924931728898,
    -0.029300090596385466,
    -0.029591269583500446,
    -0.029863136554245728,
    -0.030116346054241853,
    -0.030351533091247905,
    -0.0305693136964685,
    -0.03077028546994042,
    -0.030955028110448344,
    -0.031124103930406426,
    -0.03127805835613046,
    -0.03141742041391339,
    -0.0315427032023049,
    -0.0316544043509848,
    -0.03175300646660861,
    -0.03183897756599365,
    -0.031912771497003146,
    -0.03197482834747586,
    -0.032025574842538755,
    -0.03206542473063111,
    -0.03209477915855899,
    -0.03211402703589017,
    -0.03212354538899073,
    -0.032123699704995755,
    -0.03211484426599845,
    -0.03209732247373431,
    -0.032071467165028886,
    -0.03203760091827028,
    -0.031996036351159905,
    -0.03194707640998806,
    -0.03189101465067396,
    -0.031828135511803,
    -0.03175871457988779,
    -0.03168301884707221,
    -0.031601306961491944,
    -0.031513829470498356,
    -0.03142082905694748,
    -0.03132254076875048,
    -0.031219192241876748,
    -0.03111100391699388,
    -0.030998189249922904,
    -0.030880954916081817,
    -0.03075950100908695,
    -0.03063402123367598,
    -0.030504703093110527,
    -0.03037172807121418,
    -0.03023527180919514,
    -0.03009550427739385,
    -0.029952589942092166,
    -0.029806687927521253,
    -0.029657952173194325,
    -0.029506531586662596,
    -0.029352570191782324,
    -0.029196207272576106,
    -0.029037577512733954,
    -0.028876811130741933,
    -0.028714034010543208,
    -0.028549367827463118,
    -0.028382930168809224,
    -0.028214834647995082,
    -0.028045191009871972,
    -0.02787410522257784,
    -0.027701679544386435,
    -0.027528012530297515,
    -0.027353198864992788,
    -0.02717732854064376,
    -0.027000482130033098,
    -0.02682267784071366,
    -0.026180003444019315,
    -0.024623321075893333,
    -0.022648563083594635,
    -0.020738999286880007,
    -0.01889576458167578,
    -0.017116929934625116,
    -0.01540057210857803,
    -0.013744804341904667,
    -0.012147736498858992,
    -0.010607353203248949,
    -0.009120812178145518,
    -0.007685635376512118,
    -0.0063013534892565545,
    -0.004967516338839018,
    -0.0036826682956869346,
    -0.002378333293180751,
    -0.000988555411591904,
    0.00041635030548047496,
    0.0018854948856008452,
    0.0035329252406946874,
    0.005274467216719279,
    0.0070388107273477675,
    0.008794398687759778,
    0.010491296869831652,
    0.012130828218299446,
    0.013821777254478166,
    0.015650127004061203,
    0.017504982350701626,
    0.019288723909307005,
    0.021001626785278817,
    0.02264409608475759,
    0.024254582885732772,
    0.025870160876809344,
    0.027453925006986384,
    0.02897031379118691,
    0.030421633091837125,
    0.03181840788968885,
    0.03333490113449997,
    0.03512226944004394,
    0.03699699335970495,
    0.03879062623033662,
    0.04050563975423854,
    0.0421445242534094,
    0.04372188499249578,
    0.045252009785495866,
    0.046724396359399734,
    0.0481285136397896,
    0.04946875998213963,
    0.050827383300335094,
    0.05227866116695171,
    0.05373841406626261,
    0.05512807175736467,
    0.05644993185968258,
    0.05791854523735653,
    0.05974026681484065,
    0.06168897764952909,
    0.06367578806697045,
    0.06582739317832767,
    0.06800812698869413,
    0.0700874433613734,
    0.07214746789423498,
    0.07427645208151021,
    0.07640149574437935,
    0.07843406085345808,
    0.0803678958542373,
    0.08237679124750855,
    0.08463107922809081,
    0.08695390384278723,
    0.08929417519450061,
    0.09197421908285483,
    0.09505693380276914,
    0.09819957982260816,
    0.10119676337300815,
    0.10406791741676065,
    0.10694171609190382,
    0.10991134529665375,
    0.11284745862409094,
    0.11564098546871476,
    0.11834901580523167,
    0.12110953327855017,
    0.1239510218075062,
    0.12691317510083208,
    0.13008534719631937,
    0.13327969852637278,
    0.13631608027624204,
    0.13928666866716974,
    0.14228035293819913,
    0.14524630754495027,
    0.14828291195845478,
    0.15149634675084372,
    0.1546937154575385,
    0.1577739851524615,
    0.16078849011145283,
    0.16385614809393834,
    0.1670894450314494,
    0.1703170589012345,
    0.1733750683828655,
    0.17626895344149998,
    0.17900409645337953,
    0.18181623947157968,
    0.18494956361775494,
    0.18817824900924376,
    0.1912502808894569,
    0.19415315587512133,
    0.19689239892104893,
    0.19962113196010475,
    0.20248624264353213,
    0.20533391024509562,
    0.20801636363555395,
    0.210539064976556,
    0.212907356092991,
    0.21512645767550131,
    0.21740885196514098,
    0.2199678828638241,
    0.22270874776035046,
    0.22552233650599765,
    0.22828141447940148,
    0.2308724103074655,
    0.23330085215313964,
    0.23557211368269063,
    0.23769145336409056,
    0.23966403883730322,
    0.24164206443781122,
    0.24377207254718247,
    0.2459006938992958,
    0.24788012699608455,
    0.24974778332176129,
    0.25153979947765004,
    0.25322608124183266,
    0.25477766562134385,
    0.25619918336396874,
    0.257495240440453,
    0.25867051209272035,
    0.25977160001249894,
    0.2609075267241698,
    0.2620988707099116,
    0.2632365434000319,
    0.264257742982713,
    0.26516647579311514,
    0.2659666061000405,
    0.2666619861346667,
    0.26725648914080014,
    0.26777994427649093,
    0.268261041943561,
    0.2686754007696879,
    0.26911325131054625,
    0.2696892476084732,
    0.2702860616314322,
    0.2707867670502643,
    0.2711927115155838,
    0.27150731355064195,
    0.27173392882388847,
    0.2718758181108817,
    0.271936145371264,
    0.2719179795165918,
    0.2718242966606492,
    0.2716579826806262,
    0.27142183702520006,
    0.2711185793860346,
    0.27075086550146094,
    0.27032133722551865,
    0.26983292004866066,
    0.2693481571890732,
    0.26892651649332394,
    0.26850555882854266,
    0.2680254409356494,
    0.2674884415498651,
    0.2668968575665983,
    0.26625292764849307,
    0.2655588351894725,
    0.26489763313696985,
    0.26434927289140586,
    0.2638287763955179,
    0.26325422845797397,
    0.2626278973009142,
    0.2620356674279417,
    0.2615598727715128,
    0.26111245190048205,
    0.2606088089958857,
    0.2600511978253636,
    0.25944181262797356,
    0.2587827816779107,
    0.25807616815952983,
    0.2573239727323924,
    0.25652814195266044,
    0.25569124305193663,
    0.25481677683122983,
    0.25390677031110026,
    0.2529611217345118,
    0.251980394516559,
    0.25096617079475436,
    0.2499199989184856,
    0.24884338360807617,
    0.2477377892661109,
    0.24660469021024728,
    0.2454926926195595,
    0.244448471093222,
    0.24342255225979148,
    0.24236736344726317,
    0.2413497356026979,
    0.24043399412044816,
    0.23955115685434739,
    0.23863473541374405,
    0.23768622416283927,
    0.23683397816224624,
    0.23620148185164583,
    0.2356538145253094,
    0.23506101308396146,
    0.23442488147317542,
    0.2337557559849221,
    0.23311445985142104,
    0.23254251821614347,
    0.23197810744748884,
    0.23137023655946665,
    0.23076553272581096,
    0.23020882469505347,
    0.229653632270426,
    0.22905521112057498,
    0.2284153317852552,
    0.22773579172848915,
    0.22701835155350925,
    0.2262648929382195,
    0.22549089086955956,
    0.2247107883974082,
    0.22391115387797778,
    0.2231454233906013,
    0.2224786660824034,
    0.2218413950023119,
    0.22116817657340154,
    0.22046183847552916,
    0.21972219000911147,
    0.21896743368667604,
    0.21821674296680968,
    0.21752045927431418,
    0.2169274641496908,
    0.21636630541037502,
    0.21576669962867517,
    0.21512936919481124,
    0.21445590351837268,
    0.2137478684842935,
    0.2130067969347492,
    0.21223417757883947,
    0.21143169252996138,
    0.2106402617912084,
    0.2098987493960371,
    0.20916590964962412,
    0.20842813616131603,
    0.20771168654639724,
    0.2069901261354204,
    0.20623794097290368,
    0.20545644332988827,
    0.2046469519109014,
    0.20381074981559988,
    0.20294908317359092,
    0.20206316332120414,
    0.2011541643080025,
    0.20022321311904206,
    0.1992713900046577,
    0.19829974165998088,
    0.19730928638727882,
    0.19630101154748844,
    0.19527587284996178,
    0.19423479486391917,
    0.1931786717966066,
    0.19210836832018702,
    0.19102472045724744,
    0.1899285364706825,
    0.18882059768829973,
    0.18770165926800686,
    0.18657245093938046,
    0.18543367773636,
    0.18428602071929198,
    0.18313013768160302,
    0.18196666384126275,
    0.18079621251862404,
    0.1796193757956191,
    0.17843672515147146,
    0.17724881207725857,
    0.17605616867404797,
    0.17485930823757367,
    0.17365872582817585,
    0.17245489882257897,
    0.17124828744922316,
    0.1700393353111936,
    0.16882846989654549,
    0.16761610307465707,
    0.16640263158080523,
    0.16518843749715717,
    0.16397388874135335,
    0.162759339566582,
    0.16154513107066767,
    0.16033159172702893,
    0.15911903795578955,
    0.15790777481011276,
    0.1566980972502302,
    0.1554902937905107,
    0.15428466476314115,
    0.15313105196557036,
    0.15212773230603027,
    0.151270118283786,
    0.15045300824133878,
    0.14962468990162658,
    0.1487857901290886,
    0.14793693651668194,
    0.14707874083486577,
    0.14621179589134056,
    0.14533667510113257,
    0.14445393274993507,
    0.14356410442647835,
    0.14266770751313854,
    0.14176524169863874,
    0.140857189491968,
    0.13994401672853113,
    0.13902617306506898,
    0.13810409246221672,
    0.1371781936546402,
    0.13624888060849322,
    0.13531654296601597,
    0.13438155647750655,
    0.1334442834209475,
    0.13250507300961442,
    0.1315642617880598,
    0.1306221740168173,
    0.12967912204611384,
    0.12873540667881037,
    0.12779131752281567,
    0.12684713333331119,
    0.12590312234511,
    0.12495954259541156,
    0.12401664223721857,
    0.12307465984369625,
    0.12213382470372866,
    0.12119435710891181,
    0.12025646863222667,
    0.11932036239861976,
    0.11838623334770597,
    0.11745426848881838,
    0.11652464714863375,
    0.11559754121158773,
    0.11467311535328362,
    0.11375152726709495,
    0.11283292788415768,
    0.11191746158693719,
    0.11100526641654629,
    0.11009647427399204,
    0.1091912111155302,
    0.1082895971422966,
    0.10739174698437645,
    0.1064977698794701,
    0.10560776984631055,
    0.10472184585298414,
    0.10384009198029834,
    0.10296259758033828,
    0.10208944743034898,
    0.1012207218820776,
    0.10035649700670563,
    0.09949684473549691,
    0.09864183299628464,
    0.09779152584591588,
    0.09694598359877035,
    0.09610526295146535,
    0.09526941710385621,
    0.0944384958764375,
    0.09361254582424765,
    0.09279161034737826,
    0.09197572979818765,
    0.09116494158531316,
    0.09035928027457305,
    0.08955877768684688,
    0.08876346299302193,
    0.08797336280608974,
    0.08718850127047478,
    0.08640890014867506,
    0.08563457890529211,
    0.08486555478852463,
    0.08410184290919902,
    0.08334345631740872,
    0.08259040607683221,
    0.08184270133679612,
    0.08110034940214825,
    0.08036335580100346,
    0.07963172435042405,
    0.07890545722009415,
    0.07818455499404672,
    0.07746901673049945,
    0.07675884001985428,
    0.07605402104091305,
    0.07535455461536153,
    0.07466043426057177,
    0.07397165224077255,
    0.07328819961663567,
    0.07261006629332295,
    0.07193724106703836,
    0.07126971167012924,
    0.07060746481477971,
    0.06995048623533712,
    0.06929876072931145,
    0.0686522721970858,
    0.06801100368037569,
    0.06737493739947256,
    0.06674405478930824,
    0.06611833653437521,
    0.06549776260253663,
    0.06488231227775813,
    0.06427196419179251,
    0.06366669635484813,
    0.06306648618527078,
    0.06247131053826773,
    0.06188114573370298,
    0.061295967582991114,
    0.06071575141511633,
    0.06014047210180224,
    0.05957010408185761,
    0.059004621384721456,
    0.05844399765323108,
    0.057888206165637474,
    0.05733721985689077,
    0.056791011339216706,
    0.05624955292200483,
    0.055712816631028166,
    0.055180774227014735,
    0.054653397223590916,
    0.05413065690461595,
    0.053612524340925,
    0.053098970406498414,
    0.05258996579407447,
    0.05208548103022187,
    0.05158548648988868,
    0.05108995241044326,
    0.05059884890522262,
    0.05011214597660266,
    0.049629813528604905,
    0.049151821379054064,
    0.04867813927129959,
    0.04820873688551391,
    0.047743583849580364,
    0.0472826497495841,
    0.04682590413991817,
    0.046373316553016415,
    0.04592485650872427,
    0.04548049352331855,
    0.04504019711818719,
    0.044603936828179105,
    0.0441716822096343,
    0.04374340284810401,
    0.043319068365770416,
    0.042898648428575395,
    0.04248211275306728,
    0.0420694311129742,
    0.041660573345511986,
    0.04125550935743546,
    0.04085420913084144,
    0.04045664272873198,
    0.04006278030034438,
    0.03967259208625522,
    0.03928604842326574,
    0.03890311974907541,
    0.038523776606750326,
    0.03814798964899286,
    0.03777572964221905,
    0.03740696747044914,
    0.0370416741390177,
    0.036679820778109704,
    0.03632137864612855,
    0.03596631913290076,
    0.035614613762722666,
    0.0352662341972538,
    0.034921152238262344,
    0.03457933983022752,
    0.034240769062803586,
    0.03390541217314987,
    0.03357324154813113,
    0.03324422972639285,
    0.03291834940031563,
    0.032595573417852394,
    0.032275874784252076,
    0.031959226663673505,
    0.031645602380694034,
    0.031334975421716434,
    0.03102731943627736,
    0.03072260823826034,
    0.03042081580701643,
    0.030121916288395834,
    0.02982588399569435,
    0.02953269341051728,
    0.029242319183563042,
    0.028954736135329454,
    0.02866991925674589,
    0.028387843709734115,
    0.02810848482769972,
    0.027831818115956638,
    0.027557819252087747,
    0.02728646408624403,
    0.02701772864138408,
    0.026751589113455928,
    0.02648802187152308,
    0.02622700345783707,
    0.025968510587858977,
    0.025712520150231972,
    0.025459009206706507,
    0.025207954992019593,
    0.02495933491372962,
    0.024713126552008823,
    0.02446930765939569,
    0.024227856160508918,
    0.023988750151723914,
    0.02375196790081336,
    0.023517487846553293,
    0.02328528859829578,
    0.023055348935509676,
    0.022827647807291195,
    0.022602164331846048,
    0.022378877795944115,
    0.022157767654347377,
    0.021938813529211922,
    0.021721995209465238,
    0.021507292650160572,
    0.021294685971809703,
    0.021084155459694606,
    0.020875681563158825,
    0.020669244894879375,
    0.02046482623012018,
    0.020262406505968295,
    0.02006196682055362,
    0.01986348843225273,
    0.019666952758878063,
    0.019472341376853126,
    0.019279636020374323,
    0.019088818580560673,
    0.018899871104592073,
    0.018712775794836115,
    0.018527515007964093,
    0.018344071254057483,
    0.018162427195705474,
    0.017982565647093336,
    0.017804469573082394,
    0.01762812208828317,
    0.017453506456122356,
    0.017280606087903393,
    0.017109404541860534,
    0.01693988552220728,
    0.01677203287818012,
    0.01660583060307808,
    0.016441262833298456,
    0.01627831384736915,
    0.016116968064977248,
    0.015957210045994253,
    0.015799024489499283,
    0.015642396232800917,
    0.015487310250457293,
    0.015333751653294156,
    0.015181705687421415,
    0.015031157733249464,
    0.014882093304505739,
    0.014734498047251384,
    0.014588357738897583,
    0.014443658287221538,
    0.014300385729383313,
    0.014158526230944107,
    0.014018066084885362,
    0.013878991710628816,
    0.013741289653058712,
    0.01360494658154629,
    0.0134699492889759,
    0.01333628469077278,
    0.013203939823933943,
    0.013072901846062286,
    0.012943158034402815,
    0.012814695784881152,
    0.0126875026111457,
    0.012561566143613442,
    0.012436874128518832,
    0.012313414426966545,
    0.012191175013988493,
    0.012070143977603994,
    0.011950309517883112,
    0.011831659946014532,
    0.011714183683377646,
    0.011597869260618314,
    0.011482705316729007,
    0.011368680598132893,
    0.011255783957771832,
    0.011144004354200324,
    0.011033330850685762,
    0.010923752614312922,
    0.010815258915092335,
    0.01070783912507434,
    0.010601482717468589,
    0.01049617926576683,
    0.010391918442869873,
    0.010288690020221558,
    0.010186483866949815,
    0.010085289949012068,
    0.0099850983283444,
    0.009885899162016206,
    0.009787682701390132,
    0.00969043929128627,
    0.00959415936915198,
    0.009498833464237764,
    0.009404452196779118,
    0.009311006277185872,
    0.009218486505237633,
    0.009126883769281897,
    0.009036189045436911,
    0.008946393396804324,
    0.008857487972690061,
    0.008769464007827915,
    0.008682312821605974,
    0.008596025817299714,
    0.008510594481311206,
    0.008426010382413978,
    0.00834226517100832,
    0.008259350578386422,
    0.008177258415999089,
    0.008095980574724508,
    0.008015509024147252,
    0.007935835811844026,
    0.007856953062670974,
    0.00777885297806096,
    0.007701527835331876,
    0.007624969986995228,
    0.0075491718600641175,
    0.007474125955368036,
    0.007399824846874243,
    0.007326261181004803,
    0.007253427675953778,
    0.0071813171210293476,
    0.0071099223760321545,
    0.007039236370649089,
    0.006969252103820683,
    0.0068999626430901306,
    0.006831361124007308,
    0.006763440749594271,
    0.006696194789786348,
    0.006629616580840976,
    0.006563699524800812,
    0.006498437089016637,
    0.006433822805688342,
    0.006369850271457159,
    0.006306513147068682,
    0.006243805157064461,
    0.006181720089522433,
    0.006120251795884372,
    0.006059394190708168,
    0.005999141251260071,
    0.0059394870174255985,
    0.0058804255924162635,
    0.005821951143859501,
    0.005764057905162984,
    0.0057067401779629465,
    0.005649992334690639,
    0.00559380882064736,
    0.005538184160720544,
    0.005483112974342331,
    0.005428589990433177,
    0.005374610059836641,
    0.005321168198798215,
    0.005268259716847751,
    0.005215880466703017,
    0.005164027396840493,
    0.005112700815485582,
    0.005061924944229123,
    0.005025256123539289,
    0.005016101275736677,
    0.005020887389814236,
    0.005064659862373228,
    0.005183886549119547,
    0.005336245210720521,
    0.005481509361294,
    0.005619842443109972,
    0.005751430123421819,
    0.0058764696563923715,
    0.005995174056758112,
    0.006107762441615369,
    0.006214440923858387,
    0.0063153975522933494,
    0.006410807685911136,
    0.006509657527968122,
    0.006620670193144848,
    0.006734789518040411,
    0.006843595077217734,
    0.006947453978303686,
    0.0070459282504974855,
    0.007138746613830658,
    0.0072260783335364575,
    0.007308109011111195,
    0.007385026282387764,
    0.007457032128621975,
    0.0075243288360349455,
    0.007587066269305611,
    0.00764535324463838,
    0.007699311760415894,
    0.007749080989714898,
    0.007794801770607293,
    0.007836612795660006,
    0.007874649368967264,
    0.007909043000291589,
    0.007939921409962095,
    0.007967408605281466,
    0.007991624920146281,
    0.008012687107357839,
    0.008030708478560243,
    0.008045799006014794,
    0.008058065389821645,
    0.008067611150784961,
    0.008074536755621224,
    0.008078939755950733,
    0.008080914940749128,
    0.00808055450966292,
    0.008077948264349138,
    0.008073183857074274,
    0.008066347442253423,
    0.008057525169217915,
    0.008046809475597416,
    0.008044964023127142,
    0.008080382041695028,
    0.008159035312515822,
    0.008250560052053556,
    0.008336401048153703,
    0.008416790003550365,
    0.00849199303929736,
    0.008570447970837575,
    0.008660193116291308,
    0.008752486679023518,
    0.008838915456918324,
    0.008919637550952068,
    0.008994842264798958,
    0.009064724998746627,
    0.009129523056517427,
    0.00920269910337905,
    0.009297309384362537,
    0.009429122273724683,
    0.009613062675047829,
    0.00981734582976147,
    0.010011360754892862,
    0.010195376046820732,
    0.010379909802641406,
    0.010575026049112722,
    0.010770109840214676,
    0.010954945890628637,
    0.011129832324924182,
    0.01129504990652077,
    0.011450882339045936,
    0.011597630854803864,
    0.011735597718845529,
    0.011865081261374082,
    0.011986384021952831,
    0.012099861291687589,
    0.01221291868917845,
    0.012332588668709125,
    0.012451473602453703,
    0.012562441128641086,
    0.01266571135532198,
    0.01276153952268374,
    0.012850179509130205,
    0.012931879545855722,
    0.013006882679259117,
    0.01307542831679395,
    0.01313775775924578,
    0.013197535213728599,
    0.013285247121949543,
    0.01342336153561299,
    0.013579535288284574,
    0.013726068784010888,
    0.01386335495661525,
    0.013991865785073726,
    0.0141119561974045,
    0.014223768923008421,
    0.014327438011324628,
    0.01442319377807552,
    0.014511297762802156,
    0.014592010095126878,
    0.014665585106247988,
    0.01473227065903342,
    0.014792307781216677,
    0.01484593051039652,
    0.014893366008341416,
    0.014934834717686795,
    0.014970550492993619,
    0.015000720768311477,
    0.015025546732010234,
    0.015045223486785983,
    0.015059940223282432,
    0.015069880399125997,
    0.015075221902887383,
    0.015076137215116445,
    0.015072793577988495,
    0.015065353160130681,
    0.015053973210376857,
    0.015038806214049266,
    0.015020000062928293,
    0.014997698246958433,
    0.014972040077256157,
    0.014943160955193983,
    0.01491119283422009,
    0.014876265570573468,
    0.014838510878727597,
    0.014798075613275768,
    0.014784300278725302,
    0.014825390400728715,
    0.014890059356403019,
    0.01494816904933574,
    0.014999922422303951,
    0.0150455388695692,
    0.01508523583033713,
    0.015119227980692342,
    0.015147730533483231,
    0.015170969195319855,
    0.015210865170539874,
    0.015303673840122106,
    0.015441255464886242,
    0.015612493793931446,
    0.015827580466699152,
    0.01605726982424493,
    0.016273804933316236,
    0.016477601460708615,
    0.016669076737988016,
    0.016848639610478822,
    0.01701668870532845,
    0.017173611638889832,
    0.01731978483929076,
    0.017455573697952986,
    0.017581332817138376,
    0.017697406272916785,
    0.0178041278866572,
    0.017901821503683222,
    0.017990801270100883,
    0.018071371903868892,
    0.018143828961744053,
    0.01820845910100834,
    0.018265540333750815,
    0.01831534227402823,
    0.01835812637880903,
    0.018394146182475285,
    0.01842364752474865,
    0.018446868772461458,
    0.018464041035278003,
    0.018475388375230585,
    0.018481128010259557,
    0.018481470512065015,
    0.018476619998379636,
    0.0184667743197823,
    0.018452125241272557,
    0.018432858618730494,
    0.01840915457033092,
    0.018381187643069195,
    0.01834912697458239,
    0.01831313645038285,
    0.01827337485659725,
    0.01822999602835209,
    0.01818314899396232,
    0.018132978115033206,
    0.01807962322256304,
    0.0180232197491496,
    0.01796389885741756,
    0.0179017875647921,
    0.017837008864731902,
    0.01776968184451142,
    0.017699921799636857,
    0.01762784034499304,
    0.017553545522822973,
    0.017477141907628134,
    0.017398730708068067,
    0.01731840986594424,
    0.01723627415235715,
    0.017152415261115897,
    0.0170669218994731,
    0.01697987987626306,
    0.016891372187518884,
    0.016801479099638538,
    0.016710278230168345,
    0.01661784462627177,
    0.01652425084095034,
    0.016429567007081515,
    0.016333860909334995,
    0.016237198054025462,
    0.016139641736960933,
    0.016041253109345045,
    0.015942091241786326,
    0.0158422131864672,
    0.015741674037527627,
    0.015640526989713077,
    0.01553882339533474,
    0.015436612819591272,
    0.015333943094298304,
    0.01523086037007006,
    0.0151274091669986,
    0.015023632423873655,
    0.014919571545982595,
    0.014815266451530333,
    0.01471075561671984,
    0.014606076119531469,
    0.014501263682237505,
    0.014396352712688215,
    0.014291376344403386,
    0.014186366475503226,
    0.014081353806513217,
    0.013976367877074722,
    0.01387143710159144,
    0.013766588803842836,
    0.013661849250593928,
    0.013557243684229189,
    0.013452796354438945,
    0.013348530548985568,
    0.013244468623574722,
    0.013140632030857085,
    0.013037041348585982,
    0.012933716306954402,
    0.012830675815134992,
    0.012727937987046745,
    0.012625520166369534,
    0.012523438950827144,
    0.01242171021576083,
    0.01232034913701375,
    0.012219370213145517,
    0.012118787286996387,
    0.012018613566619048,
    0.011918861645596126,
    0.011819543522761645,
    0.011720670621342948,
    0.011622253807539238,
    0.011524303408553309,
    0.011426829230091628,
    0.011329840573348255,
    0.011233346251488158,
    0.011137354605643773,
    0.011041873520438113,
    0.010946910439048614,
    0.01085247237782487,
    0.010758565940472793,
    0.01066519733181786,
    0.010572372371159239,
    0.010480096505226433,
    0.01038837482075056,
    0.010297212056660981,
    0.010206612615917595,
    0.010116580576989985,
    0.010027119704993655,
    0.009938233462492023,
    0.009849925019973883,
    0.009762197266016733,
    0.0096750528171448,
    0.009588494027390062,
    0.009502522997565446,
    0.009417141584258115,
    0.009332351408550155,
    0.009248153864474815,
    0.009164550127216333,
    0.009081541161060837,
    0.00899912772710599,
    0.00891731039073676,
    0.008836089528872933,
    0.008755465336994688,
    0.008675437835953636,
    0.008596006878575193,
    0.008517172156057625,
    0.008438933204174513,
    0.00836128940928614,
    0.008284240014164588,
    0.008207784123639055,
    0.008131920710067481,
    0.00805664861863804,
    0.007981966572504405,
    0.007907873177760712,
    0.00783436692826138,
    0.007761446210289888,
    0.007689109307081688,
    0.007617354403205691,
    0.007546179588806468,
    0.007475582863710618,
    0.007405562141403387,
    0.007336115252879541,
    0.0072672399503710275,
    0.007198933910955248,
    0.007131194740046697,
    0.007064019974775983,
    0.006997407087261919,
    0.006931353487779061,
    0.006865856527820787,
    0.006800913503060852,
    0.006736521656218814,
    0.006672678179832393,
    0.0066093802189388364,
    0.0065466248736693,
    0.006484409201758311,
    0.006422730220967917
]