[
    0.0,
    0.0,
    -0.00022527021613946417,
    1.4733106073750433e-06,
    0.00021963668881246252,
    0.0004294834337771811,
    0.0006312694207176989,
    0.0008252431021380099,
    0.0010116457190588993,
    0.0011907115062758078,
    0.0013626678918133956,
    0.0015277356907410999,
    0.0016861292935087993,
    0.0018380568489563807,
    0.0019837204421476705,
    0.0021233162671752113,
    0.0022570347950776185,
    0.0023850609370071937,
    0.0025075742027817257,
    0.0026247488549507444,
    0.002736754058502818,
    0.0028437540263368142,
    0.002945908160616629,
    0.0030433711901258252,
    0.003136293303735104,
    0.003224820280091739,
    0.003309093613637349,
    0.0033892506370582537,
    0.0034654246402692837,
    0.003537744986028466,
    0.003606337222277673,
    0.0036713231913015317,
    0.0037328211357941106,
    0.003790945801921227,
    0.003845808539463692,
    0.003897517399123463,
    0.003946177227072393,
    0.003991889756821087,
    0.0040347536984836,
    0.0040748648255119115,
    0.004112316058971271,
    0.004147197549426025,
    0.004179596756504407,
    0.004209598526207844,
    0.004237285166027149,
    0.004262736517926786,
    0.004286030029258265,
    0.004307240821661876,
    0.004326441758013665,
    0.004343703507472887,
    0.0043590946086828055,
    0.0043726815311758704,
    0.004384528735034329,
    0.00439469872885721,
    0.00440325212608263,
    0.004410247699710871,
    0.004415742435471761,
    0.004419791583480693,
    0.00442244870842671,
    0.004423765738333988,
    0.00442379301193678,
    0.004422579324707119,
    0.004420171973573993,
    0.0044166168003716665,
    0.0044119582340520856,
    0.004406239331694068,
    0.004399501818343584,
    0.0043917861257211244,
    0.004383131429828761,
    0.004373575687485462,
    0.004363155671820194,
    0.004351907006754335,
    0.004339864200502513,
    0.004327060678117848,
    0.004313528813108966,
    0.004299299958156842,
    0.004284404474955491,
    0.004268871763199242,
    0.004252730288741606,
    0.0042360076109493735,
    0.004218730409274462,
    0.004200924509067791,
    0.004182614906657574,
    0.004163825793711044,
    0.004144580580899688,
    0.0041249019208885965,
    0.00410481173066855,
    0.004084331213248801,
    0.0040634808787294915,
    0.004042280564771791,
    0.0040207494564822015,
    0.003998906105727326,
    0.003976768449895531,
    0.003954353830121025,
    0.003931679008985582,
    0.00390876018771322,
    0.0038856130228711585,
    0.003862252642590036,
    0.0038386936623184893,
    0.003814950200126026,
    0.0037910358915661563,
    0.0037669639041131983,
    0.0037427469511851393,
    0.0037183973057622515,
    0.00369392681361234,
    0.0036693469061353334,
    0.003644668612838767,
    0.003619902573454311,
    0.0035950590497054722,
    0.003570147936736091,
    0.0035451787742085713,
    0.0035201607570820147,
    0.003495102746080482,
    0.003470013277858233,
    0.003444900574868664,
    0.00341977255494752,
    0.0033946368406203207,
    0.0033695007681402867,
    0.0033443713962638595,
    0.0033192555147728868,
    0.0032941596527510156,
    0.0032690900866196963,
    0.0032440528479395587,
    0.0032190537309845285,
    0.003194098300095987,
    0.003169191896823072,
    0.0031443396468551145,
    0.003119546466752464,
    0.0030948170704816667,
    0.003070155975760673,
    0.0030455675102192825,
    0.0030210558173796287,
    0.0029966248624617112,
    0.002972278438018976,
    0.00294802016940875,
    0.002923853520102407,
    0.0028997817968400607,
    0.002875808154634261,
    0.0028519356016268884,
    0.002828167003803481,
    0.0028045050895692297,
    0.002780952454190265,
    0.0027575115641039374,
    0.0027341847611022044,
    0.002710974266391864,
    0.0026878821845350326,
    0.002664910507273152,
    0.002642061117237556,
    0.0026193357915499944,
    0.002596736205316897,
    0.002574263935020356,
    0.0025519204618081057,
    0.00252970717468536,
    0.0025076253736119117,
    0.002485676272507365,
    0.0024638610021669176,
    0.0024421806130900366,
    0.0024206360782241996,
    0.002399228295626254,
    0.0023779580910443287,
    0.0023568262204227215,
    0.0023358333723316783,
    0.0023149801703236743,
    0.0022942671752177375,
    0.002273694887314241,
    0.0022532637485433655,
    0.002232974144549706,
    0.002212826406714331,
    0.002192820814115451,
    0.002172957595429356,
    0.002153236930773617,
    0.0021336589534940893,
    0.0021142237518970344,
    0.0020949313709282247,
    0.0020757818138010344,
    0.0020567750435749785,
    0.002037910984685837,
    0.002019189524428527,
    0.0020006105143942085,
    0.0019821737718630243,
    0.001963879081153522,
    0.0019457261949301764,
    0.001927714835470466,
    0.0019098446958926594,
    0.001892115441345422,
    0.0018745267101601421,
    0.0018570781149668562,
    0.0018397692437749473,
    0.0018225996610198264,
    0.0018055689085768505,
    0.0017886765067435893,
    0.0017719219551911235,
    0.0017553047338848835,
    0.0017388243039759702,
    0.001722480108664163,
    0.0017062715740333704,
    0.0016901981098600858,
    0.0016742591103957286,
    0.0016584539551237599,
    0.0016427820094923162,
    0.0016272426256232206,
    0.0016118351429981756,
    0.001596558889122492,
    0.0015814131801666202,
    0.0015663973215863753,
    0.0015515106087229443,
    0.0015367523273832461,
    0.0015221217544010256,
    0.0015076181581791285,
    0.0014932407992135242,
    0.001478988930599711,
    0.0014648617985220215,
    0.0014508586427263296,
    0.0014369786969767712,
    0.0014232211894969966,
    0.0014095853433963,
    0.0013960703770808606,
    0.0013826755046506193,
    0.0013693999362824505,
    0.001356242878600049,
    0.0013432035350308892,
    0.0013302811061505868,
    0.001317474790014944,
    0.0013047837824800264,
    0.00129220727751071,
    0.0012797444674781289,
    0.0012673945434462873,
    0.0012551566954480857,
    0.0012430301127512033,
    0.001231013984114274,
    0.0012191074980336773,
    0.0012073098429811998,
    0.0011956202076326508,
    0.001184037781087533,
    0.0011725617530801674,
    0.0011611913141827065,
    0.0011499256560002509,
    0.001138763971358344,
    0.001127705454483161,
    0.0011167493011743916,
    0.0011058947089709714,
    0.0010951408773101196,
    0.0010844870076799251,
    0.001073932303765518,
    0.0010634759715890405,
    0.001053117219643719,
    0.0010428552590222074,
    0.0010326893035394235,
    0.0010226185698501158,
    0.0010126422775611154,
    0.0010027596493382444,
    0.000992969911008271,
    0.0009832722916562437,
    0.0009736660237182418,
    0.0009641503430696867,
    0.0009547244891094522,
    0.0009453877048398001,
    0.0009361392369422128,
    0.0009269783358493093,
    0.000917904255813026,
    0.0009089162549691958,
    0.000900013595398596,
    0.0008911955431845109,
    0.0008824613684668867,
    0.00087381034549326,
    0.0008652417526667734,
    0.000856754872591406,
    0.000848348992114248,
    0.000840023402364777,
    0.0008317773987914076,
    0.0008236102811955911,
    0.0008155213537634645,
    0.0008075099250950044,
    0.0007995753082307708,
    0.0007917168206763555,
    0.0007839337844246524,
    0.0007762255259760877,
    0.0007685913763568809,
    0.0007610306711352769,
    0.0007535427504357921,
    0.0007461269589517457,
    0.0007387826459561813,
    0.0007315091653110261,
    0.0007243058754745457,
    0.0007171721395073266,
    0.00071010732507676,
    0.0007031108044599478,
    0.0006961819545451566,
    0.0006893201568319947,
    0.000682524797430379,
    0.0006757952670581892,
    0.000669130961037617,
    0.0006625312792904265,
    0.000655995626332169,
    0.0006495234112652785,
    0.0006431140477711166,
    0.0006367669541010614,
    0.0006304815530666825,
    0.0006242572720290258,
    0.0006180935428870065,
    0.0006119898020649555,
    0.0006059454904993958,
    0.0005999600536250554,
    0.0005940329413601243,
    0.0005881636080907855,
    0.0005823515126551126,
    0.0005765961183263253,
    0.0005708968927952925,
    0.0005652533081524804,
    0.0005596648408695963,
    0.0005541309717807972,
    0.0005486511860632931,
    0.0005432249732173968,
    0.0005378518270461052,
    0.0005325312456342527,
    0.0005272627313272588,
    0.000522045790709491,
    0.0005168799345822459,
    0.0005117646779413442,
    0.0005066995399544196,
    0.000501684043938005,
    0.0004967177173343975,
    0.000491800091688205,
    0.0004869307026225412,
    0.00048210908981494366,
    0.0004773347969729947,
    0.00047260737180962876,
    0.00046792636601842165,
    0.000463291335249099,
    0.00045870183908291594,
    0.00045415744100750716,
    0.0004496577083915326,
    0.0004452022124596245,
    0.00044079052826728835,
    0.00043642223467517193,
    0.0004320969143229822,
    0.0004278141536037094,
    0.0004235735426381924,
    0.00041937467524949415,
    0.00041521714893697154,
    0.0004111005648504317,
    0.00040702452776434825,
    0.00040298864605182235,
    0.0003989925316583837,
    0.0003950358000760858,
    0.00039111807031801414,
    0.0003872389648927124,
    0.0003833981097784853,
    0.000379595134397885,
    0.0003758296715921466,
    0.0003721013575958571,
    0.0003684098320124121,
    0.00036475473778968797,
    0.0003611357211951422,
    0.0003575524317906434,
    0.0003540045224078403,
    0.0003504916491239925,
    0.00034701347123786825,
    0.0003435696512464529,
    0.00034015985482287555,
    0.00033678375079398406,
    0.0003334410111167597,
    0.0003301313108546195,
    0.00032685432815368837,
    0.00032360974421929864,
    0.0003203972432941385,
    0.000317216512638176,
    0.0003140672425100834,
    0.0003109491261495589,
    0.0003078618597596218,
    0.00030480514248928427,
    0.00030177867641504154,
    0.0002987821665201971,
    0.0002958153206743034,
    0.0002928778496125145,
    0.00028996946691458013,
    0.0002870898889819755,
    0.0002842388350063823,
    0.0002814160269405556,
    0.00027862118950434977,
    0.00027585405022844116,
    0.0002731143394969881,
    0.0002704017905647083,
    0.0002677161395672831,
    0.00026505712555661417,
    0.00026242449055566454,
    0.0002598179796084576,
    0.00025723734083969593,
    0.0002546823255485876,
    0.0002521526882970928,
    0.0002496481869427451,
    0.0002471685826483028,
    0.0002447136398866724,
    0.0002422831263365025,
    0.00023987681257575146,
    0.00023749447179376138,
    0.00023513588001631015,
    0.00023280081704946765,
    0.0002304890678035259,
    0.0002282004235446311,
    0.00022593468306971479,
    0.00022369165451539504,
    0.00022147115888974966,
    0.00021927303578168946,
    0.00021709715148840762,
    0.00021494341220147021,
    0.00021281179258974772,
    0.00021070240408789433,
    0.000208615656300722,
    0.00020655282951492868,
    0.00020452120042576744,
    0.00024182171346696723,
    0.00035625332514944405,
    0.0005055758780336329,
    0.0006491294214731063,
    0.0007870870076660574,
    0.0009196264315275773,
    0.0010469276638520543,
    0.0011691661234437235,
    0.0012864968554824987,
    0.0013990548142982008,
    0.0015069729909485464,
    0.0016103897706499512,
    0.001709444219260271,
    0.0018042727451189507,
    0.0018950082280460715,
    0.001981779860406405,
    0.00206471316123795,
    0.0021439300332482653,
    0.0022195488377548425,
    0.0022916844816969063,
    0.0023604485099797726,
    0.0024259491983788725,
    0.0024882916449988583,
    0.0025475778597429622,
    0.0026039068518387116,
    0.0026573747151760092,
    0.0027080747112655772,
    0.0027560973500354324,
    0.002801530468463449,
    0.0028444593068715175,
    0.002884966583055174,
    0.0029231325645703073,
    0.0029590351390861884,
    0.0029927498825440065,
    0.0030243501252237254,
    0.003053907015971348,
    0.0030814895846812914,
    0.0031071648030512543,
    0.0031309976436325864,
    0.0031530511371998925,
    0.00317338642848775,
    0.003192062830370609,
    0.0032091378765352297,
    0.0032246673726631426,
    0.003238705446155134,
    0.0032513045944432325,
    0.0032625157319296637,
    0.003272388235595449,
    0.0032809699893256937,
    0.0032883074269875147,
    0.0032944455742853675,
    0.0032994280894248725,
    0.003303297302628037,
    0.0033060942545300497,
    0.0033078587334727343,
    0.0033086293117247437,
    0.0033084433806719205,
    0.0033073371850134803,
    0.0033053458559881817,
    0.0033025034436519845,
    0.00329884294823622,
    0.0032943963506168548,
    0.0032891946419182907,
    0.003283267852274108,
    0.003276645078769594,
    0.0032693545125902,
    0.003261423465398268,
    0.003252878394957583,
    0.0032437449300249978,
    0.0032340478945316192,
    0.003223811331075465,
    0.0032130585237444393,
    0.003201812020289243,
    0.0031900936536659046,
    0.003177924562963815,
    0.0031653252137348693,
    0.0031523154177424658,
    0.003138914352147748,
    0.0031251405781471705,
    0.003111012059076952,
    0.0030965461780004654,
    0.003081759754792158,
    0.00306666906273194,
    0.003051289844625404,
    0.003035637328463691,
    0.003019726242634746,
    0.003003570830698354,
    0.002987184865738646,
    0.0029705816643063663,
    0.002953774099961271,
    0.002936774616425299,
    0.002919595240358461,
    0.0029022475937688468,
    0.002884742906066653,
    0.00286709202577223,
    0.0028493054318879368,
    0.0028313932449428895,
    0.0028133652377202666,
    0.0027952308456767583,
    0.002776999177062032,
    0.0027586790227461405,
    0.0027402788657643028,
    0.0027218068905879122,
    0.0027032709921288333,
    0.0026846787844837326,
    0.0026660376094256814,
    0.002647354544650485,
    0.002628636411784842,
    0.0026098897841631673,
    0.002591120994379987,
    0.0025723361416242724,
    0.0025535410988015593,
    0.0025347415194499567,
    0.002515942844456011,
    0.0024971503085760662,
    0.0024783689467687,
    0.0024596036003434562,
    0.002440858922931115,
    0.002422139386280911,
    0.002403449285889558,
    0.002384792746466615,
    0.0023661737272408336,
    0.002347596027111908,
    0.002329063289652299,
    0.0023105790079636763,
    0.0022921465293919367,
    0.002273769060104888,
    0.002255449669536496,
    0.002237191294700662,
    0.0022189967443777925,
    0.00220086870317881,
    0.002182809735490737,
    0.002164822289306984,
    0.002146908699945482,
    0.0021290711936577354,
    0.002111311891131734,
    0.0020936328108920707,
    0.002076035872600477,
    0.002058522900259202,
    0.002041095625319689,
    0.0020237556896991666,
    0.002006504648707652,
    0.0019893439738884393,
    0.001972275055775016,
    0.001955299206566578,
    0.001938417662724231,
    0.0019216315874902618,
    0.001904942073332921,
    0.0018883501443190296,
    0.0018718567584162036,
    0.0018554628097260958,
    0.0018391691306504808,
    0.0018229764939923778,
    0.0018068856149939944,
    0.001790897153313323,
    0.001775011714941785,
    0.0017592298540648895,
    0.0017435520748672552,
    0.001727978833283659,
    0.0017125105386977804,
    0.0016971475555895119,
    0.0016818902051316637,
    0.0016667387667378508,
    0.001651693479563776,
    0.0016367545439633807,
    0.001621922122900793,
    0.0016071963433192883,
    0.0015925772974686395,
    0.001578065044191971,
    0.0015636596101732247,
    0.0015493609911465245,
    0.0015351691530684922,
    0.0015210840332544441,
    0.001507105541479709,
    0.0014932335610472218,
    0.0014794679498221412,
    0.0014658085412342246,
    0.0014522551452489155,
    0.0014388075493082797,
    0.0014254655192428888,
    0.001412228800155475,
    0.0013990971172769286,
    0.0013860701767951771,
    0.0013731476666578066,
    0.0013603292573495327,
    0.0013476146026453943,
    0.0013350033403402267,
    0.0013224950929549071,
    0.0013100894684199775,
    0.0012977860607375825,
    0.00128558445062249,
    0.0012734842061224829,
    0.001261484883218593,
    0.0012495860264059553,
    0.00123778716925601,
    0.0012260878349606948,
    0.0012144875368590969,
    0.0012029857789468193,
    0.0011915820563684189,
    0.0011802758558935803,
    0.0011690666563777983,
    0.0011579539292080748,
    0.0011469371387339195,
    0.001136015742683932,
    0.0011251891925682202,
    0.0011144569340671906,
    0.0011038184074073998,
    0.0010932730477249955,
    0.001082820285417071,
    0.00107245954648089,
    0.001062190252841016,
    0.0010520118226650642,
    0.0010419236706687512,
    0.00103192520841051,
    0.001022015844575914,
    0.0010121949852521638,
    0.001002462034192887,
    0.0009928163930737325,
    0.00098325746173932,
    0.0009737846384414094,
    0.0009643973200677196,
    0.0009550949023618041,
    0.0009458767801351915,
    0.0009367423474722195,
    0.0009276909979273914,
    0.0009187221247154459,
    0.0009098351208944044,
    0.000901029379541639,
    0.0008923042939231651,
    0.0008836592576565153,
    0.0008750936648673825,
    0.0008666069103402086,
    0.0008581983896629821,
    0.0008498674993663517,
    0.0008416136370571227,
    0.0008334362015464014,
    0.0008253345929725823,
    0.0008173082129192693,
    0.0008093564645282995,
    0.0008014787526080356,
    0.0007936744837371399,
    0.0007859430663640218,
    0.0007782839109019362,
    0.0007706964298198093,
    0.000763180037729097,
    0.0007557341514668681,
    0.0007483581901751066,
    0.0007410515753762861,
    0.0007338137310453998,
    0.0007266440836786417,
    0.0007195420623588482,
    0.0007125070988176627,
    0.0007055386274944396,
    0.000698636085592168,
    0.0006917989131306496,
    0.0006850265529969069,
    0.0006783184509927929,
    0.0006716740558799276,
    0.0006650928194221488,
    0.0006585741964255823,
    0.0006521176447763421,
    0.0006457226254759975,
    0.0006393886026749747,
    0.000633115043703792,
    0.0006269014191019747,
    0.0006207472026448552,
    0.0006146518713685698,
    0.0006086149055932494,
    0.0006026357889443174,
    0.000596714008372107,
    0.0005908490541700353,
    0.0005850404199912257,
    0.0005792876028634377,
    0.0005735901032023549,
    0.0005679474248234017,
    0.0005623590749524321,
    0.0005568245642355444,
    0.000551343406747694,
    0.0005459151199993372,
    0.0005405392249410402,
    0.00053521524596693,
    0.0005299427109175501,
    0.0005247211510819247,
    0.0005195501011985181,
    0.000514429099455046,
    0.0005093576874872858,
    0.0005043354103770789,
    0.0004993618166496228,
    0.0004944364582699185,
    0.0004895588906382432,
    0.00048472867258478347,
    0.00047994536636358597,
    0.0004752085376459011,
    0.00047051775551286407,
    0.0004658725924474278,
    0.00046127262432563317,
    0.000456717430407243,
    0.0004522065933256358,
    0.00044773969907705954,
    0.00044331633700935507,
    0.00043893609981025177,
    0.0004345985834955314,
    0.00043030338739689445,
    0.0004260501141490017,
    0.00042183836967586957,
    0.00041766776317704444,
    0.00041353790711342404,
    0.00040944841719258514,
    0.00040539891235370925,
    0.00040138901475245006,
    0.00039741834974608514,
    0.0003934865458783583,
    0.0003895932348632135,
    0.00038573805156777164,
    0.0003819206339952952,
    0.00037814062326819336,
    0.0003743976636109711,
    0.0003706914023332403,
    0.00036702148981224093,
    0.00036338757947441003,
    0.0003597893277768876,
    0.00035622639418974445,
    0.0003526984411787449,
    0.00034920513418831107,
    0.00034574614162405544,
    0.0003423211348346655,
    0.0003389297880939891,
    0.0003355717785829927,
    0.0003322467863704854,
    0.00032895449439353166,
    0.00032569458843910426,
    0.0003224667571266874,
    0.0003192706918905537,
    0.0003161060869609788,
    0.00031297263934473835,
    0.00030987004880609443,
    0.0003067980178483505,
    0.00030375625169562227,
    0.0003007444582758353,
    0.0002977623482043242,
    0.00029480963476653484,
    0.00029188603390112804,
    0.0002889912641845681,
    0.00028612504681643113,
    0.0002832871056053438,
    0.00028047716695515684,
    0.0002776949598508811,
    0.0002749402158443282,
    0.0002722126690378093,
    0.00026951205606741353,
    0.00026683811608760257,
    0.00026419059075250765,
    0.00026156922419458257,
    0.0002589737630072015,
    0.00025640395622936575,
    0.00025385955532519603,
    0.00025134031415681695,
    0.00024884598895446436,
    0.0002463763382868379,
    0.00024393112302376283,
    0.0002415101062933043,
    0.0002391130534799459,
    0.0002367397322792963,
    0.000234389912754586,
    0.00023206336736576752,
    0.00022975987098182942,
    0.000227479200897774,
    0.00022522113686532648,
    0.00022298546112316296,
    0.00022077195844551027,
    0.00021858041622503996,
    0.0002164106245699507,
    0.0002142623764056437,
    0.0002121354676036857,
    0.00021002969716989926,
    0.00020794486742759026,
    0.0002058807841285054,
    0.00020383725661225448,
    0.00020181409827689083,
    0.00019981112749007575,
    0.0001978281687610947,
    0.0001958650541406873,
    0.0001939216253288469,
    0.00019199773688410315,
    0.0001900932603987611,
    0.00018820809081667608,
    0.0001863421594041527,
    0.00018449546273353483,
    0.0001826681323944628,
    0.00018086061099120362,
    0.00017907410614270694,
    0.00017731232979856888,
    0.00018601473632618898,
    0.00021958703365878307,
    0.0002710112458193152,
    0.000324793244034219,
    0.000376456566368898,
    0.0004260635461345724,
    0.00047367715849353995,
    0.0005193591429841988,
    0.0005631696873374781,
    0.0006051673532014059,
    0.000645409071301206,
    0.0006839502365352936,
    0.0007208449144177423,
    0.0007561461547310963,
    0.0007899066071444963,
    0.0008221812625803666,
    0.0008814937781162832,
    0.0009953496180422246,
    0.001133256452718929,
    0.001265717888497359,
    0.0013928213332960217,
    0.001514728989381592,
    0.001631601621896197,
    0.0017435963349319086,
    0.0018508660548735372,
    0.001953559424603685,
    0.002051820854812419,
    0.0021457906264022884,
    0.002235605010202253,
    0.0023213963953219383,
    0.0024032934507895523,
    0.0024814213836262923,
    0.0025559023544354026,
    0.0026268563521444914,
    0.0026944046562051484,
    0.0027684940150386173,
    0.002863731018568405,
    0.002974502448388627,
    0.0030853094741199404,
    0.0031910666532194037,
    0.003291931182594696,
    0.003388058450217629,
    0.0034796001378683545,
    0.003566703813725475,
    0.003649512842702476,
    0.0037281664276105717,
    0.0038027996973303948,
    0.0038735438081277944,
    0.003940526048885494,
    0.004003869949969162,
    0.004063695395353558,
    0.004120118730017348,
    0.00417325285704554,
    0.0042232073295870205,
    0.00427008844251906,
    0.004313999323061335,
    0.004355040020983719,
    0.004393307599442042,
    0.004428896224019893,
    0.004461897248041538,
    0.004492399294291711,
    0.0045204883339533194,
    0.004546247763402643,
    0.0045697584786264095,
    0.004591098947410204,
    0.004610345279679073,
    0.004627571295737773,
    0.0046428485921994785,
    0.004656246605767955,
    0.004667832675205325,
    0.004677672101598145,
    0.004685828206922934,
    0.004692362390957236,
    0.0046973341864870915,
    0.004700801312866591,
    0.004702819728118107,
    0.0047034436796850165,
    0.004702725753830388,
    0.004700716923640231,
    0.004697466595661326,
    0.00469302265525165,
    0.0046874315106790005,
    0.004680738135966533,
    0.004672986112504647,
    0.004664217669486401,
    0.004654473723219289,
    0.004643793915331356,
    0.004632216649883197,
    0.004619779129418986,
    0.004606517389994576,
    0.004592466335208337,
    0.004577659769260219,
    0.004562130429067115,
    0.004545910015462063,
    0.004529029223504189,
    0.004511517771922328,
    0.004493404431721247,
    0.004474717053978996,
    0.004455482596849857,
    0.00443572715179129,
    0.0044154759690426424,
    0.004394753482377627,
    0.0043735833331483365,
    0.0043519883936409594,
    0.004329990789764202,
    0.0043076119230885815,
    0.004284872492253155,
    0.004261792513759531,
    0.004238391342173989,
    0.004214687689753318,
    0.004190699645506276,
    0.004166444693704441,
    0.004141939731860056,
    0.004117201088189564,
    0.0040922445385777025,
    0.004067085323054424,
    0.004041738161798438,
    0.004016217270681342,
    0.003990536376365304,
    0.003964708730967023,
    0.003938747126300064,
    0.003912663907706932,
    0.0038864709874923027,
    0.003860179857968992,
    0.003833801604128058,
    0.0038073469159438486,
    0.003780826100324424,
    0.003754249092717908,
    0.00372762546838384,
    0.0037009644533377247,
    0.0036742749349787255,
    0.0036475654724108094,
    0.003620844306466048,
    0.003594119369437937,
    0.0035673982945327917,
    0.0035406884250474766,
    0.0035139968232812432,
    0.0034873302791888724,
    0.0034606953187823163,
    0.0034340982122882417,
    0.003407544982068772,
    0.003381041410312209,
    0.003354593046500185,
    0.0033282052146576657,
    0.0033018830203918464,
    0.003275631357725656,
    0.003249454915731792,
    0.0032233581849733877,
    0.0031973454637567694,
    0.003171420864201317,
    0.003145588318131886,
    0.003119851582799052,
    0.0030942142464317063,
    0.0030686797336265505,
    0.003043251310579368,
    0.0030179320901628248,
    0.0029927250368553815,
    0.0029676329715256577,
    0.002942658576076163,
    0.00291780439795004,
    0.0028930728545046437,
    0.0028684662372561198,
    0.0028439867159989318,
    0.0028196363428035606,
    0.0027954170558956984,
    0.002771330683420669,
    0.002747378947096469,
    0.002723563465758292,
    0.0026998857587974805,
    0.002676347249498003,
    0.002652949268273829,
    0.0026296930558102156,
    0.002606579766111357,
    0.002583610469456862,
    0.0025607861552698393,
    0.0025381077348991493,
    0.0025155760443181675,
    0.002493191846742561,
    0.0024709558351694474,
    0.0024488686348401287,
    0.0024269308056286566,
    0.002405142844358404,
    0.0023835051870486172,
    0.0023620182110928967,
    0.002340682237371679,
    0.002319497532300634,
    0.002298464309816799,
    0.0022775827333042804,
    0.0022568529174611883,
    0.0022362749301096463,
    0.0022158487939505805,
    0.0021955744882647065,
    0.0021754519505612015,
    0.00215548107817567,
    0.0021356617298189566,
    0.0021159937270783706,
    0.002096476855872637,
    0.002077110867861733,
    0.0020578954818128133,
    0.0020388303849235203,
    0.0020199152341040735,
    0.0020011496572194362,
    0.001982533254292668,
    0.0019640655986705373,
    0.001945746238152519,
    0.0019275746960842502,
    0.0019095504724164342,
    0.001891673044730169,
    0.0018739418692296909,
    0.0018563563817035886,
    0.0018389159984555214,
    0.0018216201172051808,
    0.0018044681179602302,
    0.0017874593638601962,
    0.001770593201993229,
    0.001753868964186505,
    0.0017372859677710147,
    0.0017208435163214256,
    0.001704540900371791,
    0.0016883773981078041,
    0.0016723522760362843,
    0.001656464789632658,
    0.0016407141839670895,
    0.0016250996943098304,
    0.0016096205467163829,
    0.0015942759585931044,
    0.0015790651392438345,
    0.0015639872903981025,
    0.0015490416067214855,
    0.0015342272763086285,
    0.0015195434811594276,
    0.0015049893976389127,
    0.0014905641969212965,
    0.0014762670454186975,
    0.0014620971051949793,
    0.001448053534365104,
    0.0014341354874805236,
    0.001420342115901085,
    0.0014066725681536859,
    0.0013931259902780747,
    0.0013797015261602693,
    0.0013663983178539825,
    0.001353215505890381,
    0.0013401522295766021,
    0.001327207627283349,
    0.0013143808367218192,
    0.0013016709952103408,
    0.0012890772399311275,
    0.0012765987081773695,
    0.0012642345375908325,
    0.001251983866390311,
    0.0012398458335912722,
    0.001227819579217004,
    0.0012159042445015554,
    0.0012040989720846914,
    0.0011924029061990433,
    0.001180815192849699,
    0.001169334979986503,
    0.0011579614176692554,
    0.0011466936582260276,
    0.0011355308564048863,
    0.001124472169519249,
    0.0011135167575870046,
    0.0011026637834635573,
    0.0010919124129690435,
    0.0010812618150099797,
    0.001070711161695508,
    0.001060259628448301,
    0.0010499063941102767,
    0.0010396506410433612,
    0.0010294915552254904,
    0.0010194283263419456,
    0.0010094601478721796,
    0.000999586217172326,
    0.0009898057355535242,
    0.0009801179083561498,
    0.0009705219450201044,
    0.0009610170591513117,
    0.0009516024685845226,
    0.0009422773954425249,
    0.0009330410661918953,
    0.0009238927116954211,
    0.0009148315672613079,
    0.0009058568726893105,
    0.0008969678723139162,
    0.0008881638150446036,
    0.0008794439544032068,
    0.0008708075485585536,
    0.0008622538603585577,
    0.0008537821573598252,
    0.0008453917118548186,
    0.0008370818008966536,
    0.0008288517063216091,
    0.0008207007147694211,
    0.0008126281177014639,
    0.0008046332114169361,
    0.0007967152970671126,
    0.0007888736806676586,
    0.0007811076731090744,
    0.0007734165901653657,
    0.0007657997525010144,
    0.0007582564856763715,
    0.0007507861201515516,
    0.0007433879912888011,
    0.0007360614393533264,
    0.0007288058095126586,
    0.0007216204518346484,
    0.0007145047212841684,
    0.0007074579777186418,
    0.0007004795858824311,
    0.000693568915400048,
    0.0006867253407682238,
    0.0006799482413469406,
    0.0006732370013494567,
    0.0006665910098313287,
    0.0006600096606784972,
    0.0006534923525945233,
    0.0006470384890869465,
    0.0006406474784527124,
    0.000634318733762753,
    0.000628051672845871,
    0.0006218457182720233,
    0.0006157002973349388,
    0.0006096148420339963,
    0.0006035887890554112,
    0.0005976215797528809,
    0.0005917126601277999,
    0.0005858614808089891,
    0.0005800674970318402,
    0.0005743301686169026,
    0.0005686489599480307,
    0.0005630233399501373,
    0.0005574527820664776,
    0.0005519367642354666,
    0.0005464747688671859,
    0.0005410662828195886,
    0.0005357107973740947,
    0.0005304078082104893,
    0.000525156815381625,
    0.0005199573232882003,
    0.0005148088406533718,
    0.0005097108804971281,
    0.0005046629601105506,
    0.0004996646010299185,
    0.0004947153290104794,
    0.0004898146740001729,
    0.00048496217011396905,
    0.00048015735560842583,
    0.0004753997728551219,
    0.0004706889683128597,
    0.00046602449249983957,
    0.00046140589996655334,
    0.0004568327492694263,
    0.000452304602944403,
    0.0004478210274796539,
    0.00044338159328798267,
    0.00043898587467965187,
    0.0004346334498355032,
    0.0004303239007802564,
    0.0004260568133557489,
    0.00042183177719358266,
    0.00041764838568728805,
    0.0004135062359647308,
    0.00040940492886074975,
    0.00040534406888948393,
    0.00040132326421743513,
    0.00039734212663982874,
    0.0003934002715599271,
    0.00038949731796758676,
    0.0003856328884158489,
    0.0003818066089974912,
    0.0003780181093230343,
    0.00037426702250185396,
    0.00037055298512720725,
    0.0003668756372616595,
    0.000363234622420315,
    0.0003596295875558134,
    0.0003560601830491588,
    0.0003525260627049231,
    0.000349026883747933,
    0.00034556230682241816,
    0.0003421319959962871,
    0.0003387356187693089,
    0.000335372846084084,
    0.00033204335234433184,
    0.00032874681544388883,
    0.00032548291680394834,
    0.00032225134140851237,
    0.00031905177783970003,
    0.0003158839183797536,
    0.0003127474592597347,
    0.00030964210102273114,
    0.0003065675489520967,
    0.0003035235136441161,
    0.0003005097118037492,
    0.0002975258672911732,
    0.0002945717126219459,
    0.0002916469911140361,
    0.0002887514593152391,
    0.00028588488920075917,
    0.00028304707115328577,
    0.0002802378225765456,
    0.00027745700794775167,
    0.0002747045712382007,
    0.0002719805983041351,
    0.00026928549114769144,
    0.00026662053879669955,
    0.000263991151372478,
    0.00028305400000860746,
    0.00034464438678635735,
    0.00042549558521455083,
    0.0005031967200020274,
    0.0005778338218469047,
    0.000649502323681596,
    0.0007183039834470137,
    0.0008467943181688865,
    0.0010951486760514496,
    0.001396314472319543,
    0.0016857288635214532,
    0.00196373194363994,
    0.002230674736696567,
    0.002486900811270474,
    0.0027327444259408014,
    0.002968529078955626,
    0.003194567285655669,
    0.0034111622718582934,
    0.003618609420072956,
    0.00381719648274263,
    0.0040072035337058755,
    0.004188903373113288,
    0.004362562542696563,
    0.004533335155932245,
    0.00470617931301304,
    0.004876072890329909,
    0.0050381826101746205,
    0.005192755532772824,
    0.005340034513228441,
    0.0054802608714693175,
    0.005613999315027381,
    0.005762801952323795,
    0.005946743460833821,
    0.006143100133281552,
    0.006330322483302446,
    0.006508693979410697,
    0.006678497500895177,
    0.0068400095902729306,
    0.0069934996637394335,
    0.0071392312642637274,
    0.007277467895343786,
    0.00741588548749603,
    0.007561855186728298,
    0.00770762000383865,
    0.007845718759505724,
    0.007976398441735475,
    0.00809990218020551,
    0.008216466935028994,
    0.008326323327811413,
    0.008429696105442837,
    0.008526806143271904,
    0.008617895726716675,
    0.008717578780934602,
    0.00883986125103244,
    0.008969445110713797,
    0.009091625424381414,
    0.009206639408212505,
    0.00931472400048406,
    0.009416110512910667,
    0.009511023798347503,
    0.009599682161031383,
    0.00968229747364828,
    0.009759075406485669,
    0.009830215700303704,
    0.009895912487608325,
    0.009956354843510307,
    0.010011727958673977,
    0.010062218614164986,
    0.010110100077158197,
    0.01018836915097325,
    0.010324579568407162,
    0.01048358444890932,
    0.010633646697312472,
    0.010775055833804965,
    0.010908097573952114,
    0.011033050441294396,
    0.011150185053834645,
    0.01125976412097594,
    0.011362042587745,
    0.011457267817722718,
    0.011545679795918775,
    0.011627511340308068,
    0.011702988319340826,
    0.011772329864884952,
    0.011835748574071542,
    0.011893450698138595,
    0.011945636316417988,
    0.011992499502377732,
    0.012034228489155684,
    0.012071005835021072,
    0.012103008586015068,
    0.012130408433329345,
    0.012153371865865969,
    0.012172060320059908,
    0.012186630326329197,
    0.012197233650766758,
    0.012204017433458576,
    0.012207124323762617,
    0.012206692610147455,
    0.012202856345149789,
    0.012195745470167416,
    0.012185485940994108,
    0.012172199847448637,
    0.012156005523835178,
    0.01213701765890434,
    0.012115347413518284,
    0.012091102543421241,
    0.012064387519481,
    0.012035303647034147,
    0.012003949214112755,
    0.011970419669237077,
    0.011934807782750188,
    0.011897203957914017,
    0.011857697032056542,
    0.011816375875722675,
    0.011773334422378854,
    0.011728676591754722,
    0.011704689767716844,
    0.011727781122809528,
    0.011779025016785172,
    0.011830226206027444,
    0.011876301988186084,
    0.011917344383178447,
    0.011953516633954409,
    0.011984984858081093,
    0.01201191261146262,
    0.012034460511379965,
    0.012052785792277828,
    0.01206704182362393,
    0.01207737781649148,
    0.012083938722958681,
    0.012086865243575651,
    0.012086293877314606,
    0.012082357003675015,
    0.01207518298317856,
    0.012064896259200462,
    0.0120516174590924,
    0.012035463496934708,
    0.012016547677087423,
    0.011994979796922357,
    0.011970866247721357,
    0.011944310113417943,
    0.01191541126723997,
    0.011884266466187636,
    0.011850969443447915,
    0.011815610999694382,
    0.01177827909512924,
    0.011739058943773651,
    0.011698033109402583,
    0.011655281605035414,
    0.011610882007851122,
    0.01156490961198918,
    0.011517437662798198,
    0.011468537823629017,
    0.01141828207544559,
    0.011373671249319534,
    0.011341443094649977,
    0.011314213005078327,
    0.011284858297855886,
    0.011253456584308746,
    0.01122009203753718,
    0.011184847323232116,
    0.011147802895698273,
    0.011109036887791197,
    0.011068625055319302,
    0.011026640790606715,
    0.010983155188826848,
    0.01093823711402011,
    0.010891953256712952,
    0.010844368190993523,
    0.010795544431397488,
    0.010745542488299618,
    0.01069442092246952,
    0.01064223639949095,
    0.010589043743772883,
    0.010534895991767747,
    0.010479844444038919,
    0.010423938715953906,
    0.010367226787095101,
    0.010309755049482115,
    0.010251568354465446,
    0.010192710058110056,
    0.010133222065158473,
    0.010073144871827394,
    0.010012517607567797,
    0.00995137807576806,
    0.009889762793334467,
    0.009827707029109064,
    0.009765244841150607,
    0.009702409112951074,
    0.009639231588628772,
    0.00957574290711342,
    0.009511972635360431,
    0.009447949300621938,
    0.009383700421783544,
    0.009319252539788233,
    0.00925463124718329,
    0.009189861216825182,
    0.009124966229762641,
    0.009059969202313882,
    0.00899489221236029,
    0.008929756524877656,
    0.0088645826167279,
    0.00879939020073529,
    0.00873419824906547,
    0.008669025015926512,
    0.008603888059613735,
    0.008538804263917635,
    0.008473789858909784,
    0.008408860441122962,
    0.008344030993146229,
    0.008279315902653121,
    0.008214728980878319,
    0.00815028348055731,
    0.008085992113343007,
    0.00802186706671524,
    0.007957920020398482,
    0.00789416216230019,
    0.007830604203983241,
    0.007767256395687645,
    0.0077041285409139345,
    0.007641230010578821,
    0.00757856975675505,
    0.00751615632600817,
    0.00745399787234304,
    0.007392102169772314,
    0.0073304766245165685,
    0.007269128286844964,
    0.007208063862567143,
    0.007147289724187382,
    0.007086811921730167,
    0.007026636193245812,
    0.006966767975004403,
    0.006907212411386866,
    0.00684797436448424,
    0.0067890584234151655,
    0.0067304689133685335,
    0.006672209904378321,
    0.0066142852198380385,
    0.006556698444761971,
    0.006499452933800724,
    0.00644255181901828,
    0.0063859980174371415,
    0.006329794238357937,
    0.0062739429904596035,
    0.006218446588686989,
    0.00616330716093277,
    0.0061085266545195605,
    0.006054106842487044,
    0.006000049329689284,
    0.00594635555870842,
    0.005893026815590576,
    0.005840064235408749,
    0.005787468807657631,
    0.005735241381485169,
    0.005683382670765226,
    0.005631893259016132,
    0.005580773604169701,
    0.005530024043194877,
    0.005479644796580249,
    0.005429635972679726,
    0.0053799975719254,
    0.005330729490911193,
    0.005281831526350893,
    0.005233303378914157,
    0.005185144656943407,
    0.0051373548800554515,
    0.0050899334826324015,
    0.005042879817205225,
    0.004996193157732445,
    0.004949872702776991,
    0.004903917578584099,
    0.004858326842062663,
    0.004813099483672811,
    0.0047682344302229455,
    0.004723730547579086,
    0.004679586643288901,
    0.004635801469122786,
    0.004592373723534535,
    0.004549302054043942,
    0.00450658505954341,
    0.004464221292530758,
    0.00442220926127049,
    0.004380547431885682,
    0.004339234230382592,
    0.004298268044609965,
    0.0042576472261548915,
    0.004217370092177113,
    0.0041774349271834574,
    0.00413783998474407,
    0.004098583489152376,
    0.004059663637030576,
    0.004021078598882295,
    0.003982826520593828,
    0.003944905524885313,
    0.00390731371271349,
    0.003870049164627559,
    0.0038331099420793133,
    0.003796494088688834,
    0.0037601996314673854,
    0.00372422458199898,
    0.0036885669375816377,
    0.0036532246823293476,
    0.0036181957882359837,
    0.003583478216202355,
    0.0035490699170273973,
    0.0035149688323647004,
    0.0034811728956455046,
    0.0034476800329691923,
    0.0034144881639621635,
    0.0033815952026059496,
    0.0033489990580354654,
    0.003316697635308379,
    0.003284688836146579,
    0.0032529705596506565,
    0.003221540702988084,
    0.0031903971620557163,
    0.0031595378321175667,
    0.0031289606084187863,
    0.003098663386776451,
    0.003068644064147726,
    0.0030389005391761236,
    0.0030094307127165793,
    0.002980232488339856,
    0.0029513037728169603,
    0.002922642476584456,
    0.00289424651419133,
    0.0028661138047278746,
    0.0028382422722371342,
    0.0028106298461094146,
    0.002783274461460311,
    0.002756174059492792,
    0.0027293265878438108,
    0.0027027300009160073,
    0.002676382260195039,
    0.002650281334553025,
    0.002624425200538495,
    0.0025988118426531564,
    0.00257343925361583,
    0.002548305434614118,
    0.002523408395544229,
    0.002498746155239265,
    0.002474316741686395,
    0.002450118192233247,
    0.0024261485537838195,
    0.0024024058829843382,
    0.002378888246399358,
    0.002355593720678342,
    0.0023325203927131153,
    0.0023096663597865813,
    0.002287029729712969,
    0.002264608620969753,
    0.002242401162821475,
    0.002220405495435863,
    0.0021986197699925955,
    0.0021770421487848544,
    0.0021556708053138496,
    0.0021345039243766215,
    0.0021135397021474116,
    0.002092776346252814,
    0.0020722120758409133,
    0.0020518451216445517,
    0.002031673726038906,
    0.00201169614309363,
    0.0019919106386197876,
    0.0019723154902116942,
    0.001952908987283851,
    0.0019336894311031772,
    0.0019146551348167263,
    0.0018958044234749813,
    0.0018771356340509188,
    0.001858647115454989,
    0.0018403372285460107,
    0.0018222043461381553,
    0.0018042468530044136,
    0.0017864631458767506,
    0.0017688516334429499,
    0.001751410736340169,
    0.0017341388871453328,
    0.0017170345303625823,
    0.001700096122407993,
    0.0016833221315916448,
    0.0016667110380969828,
    0.001650261333957511,
    0.0016339715230310173,
    0.001617840120971561,
    0.0016018656551992714,
    0.001586046664867891,
    0.0015703817008301917,
    0.0015548693256015162,
    0.0015395081133214826,
    0.0015242966497137822,
    0.001509233532044185,
    0.0014943173690769728,
    0.0014795467810298558,
    0.001464920399527371,
    0.0014504368675528575,
    0.0014360948393990249,
    0.0014218929806171406,
    0.001407829967965014,
    0.0013939044893538756,
    0.0013801152437941298,
    0.0013664609413400687,
    0.0013529403030336353,
    0.001339552060847255,
    0.001326294957625751,
    0.0013131677470273441,
    0.0013001691934638334,
    0.0012872980720400329,
    0.0012745531684924558,
    0.0012619332791273194,
    0.0012494372107580195,
    0.0012370637806421092,
    0.001224811816417747,
    0.0012126801560396533,
    0.001200667647714615,
    0.00118877314983648,
    0.0011769955309204776,
    0.001165333669536922,
    0.0011537864542446716,
    0.0011423527835245488,
    0.0011310315657126003,
    0.0011198217189331244,
    0.0011087221710315192,
    0.0010977318595069606,
    0.0010868497314449543,
    0.0010760747434498167,
    0.0010654058615770616,
    0.0010548420612656545,
    0.0010443823272701643,
    0.001034025653592862,
    0.0010237710434157898,
    0.0010136175090327934,
    0.0010035640717815618,
    0.000993609761975741,
    0.0009837536188371534,
    0.0009739946904281218,
    0.0009643320335839147,
    0.0009547647138452349,
    0.0009452918053907608,
    0.0009359123909698215,
    0.0009266255618351923,
    0.0009174304176759956,
    0.0009083260665507709,
    0.0008993116248207645,
    0.0008903862170834932,
    0.0008815489761065944,
    0.0008727990427618891,
    0.0008641355659595855,
    0.0008555577025826667,
    0.0008470646174215247,
    0.0008386554831089079,
    0.0008303294800552868,
    0.0008220857963845338,
    0.0008139236278697763,
    0.0008058421778695349,
    0.0007978406572642554,
    0.000789918284393146,
    0.000782074284991223,
    0.0007743078921266485,
    0.0007666183461384704,
    0.0007590048945746688,
    0.0007514667921302988,
    0.0007440033005856029,
    0.0007366136887442657,
    0.0007292972323721549,
    0.0007220532141366638,
    0.0007148809235465474,
    0.0007077796568922173,
    0.0007007487171865408,
    0.0006937874141059848,
    0.0006868950639320674,
    0.0006800709894932852,
    0.000673314520107254,
    0.0006666249915228461,
    0.0006600017458627812,
    0.000653444131566978,
    0.0006469515033365174,
    0.0006405232220780923,
    0.0006341586548488667,
    0.0006278571748015718,
    0.0006216181611297658,
    0.0006154409990132533,
    0.0006093250795638703,
    0.0006032697997716546,
    0.0005972745624509706,
    0.0005913387761869907,
    0.000585461855283213,
    0.0005796432197096519,
    0.0005738822950513723,
    0.0005681785124572869,
    0.000562531308589083,
    0.0005569401255708253,
    0.0005514044109394443,
    0.0005459236175952565,
    0.0005404972037522822,
    0.000535124632889043,
    0.0005298053737003511,
    0.0005245389000500703,
    0.0005193246909240214,
    0.000514162230382247,
    0.0005090510075113748,
    0.0005039905163779594,
    0.0004989802559821459,
    0.0004940197302111867,
    0.0004891084477933302,
    0.00048424592225206737,
    0.00047943167186052305,
    0.0004746652195966918,
    0.0004699460931004109,
    0.00046527382463157916,
    0.0004606479510284171,
    0.00045606801366583345,
    0.0004515335584142433,
    0.0004470441355981629,
    0.0004425992999544348,
    0.0004381986105903525,
    0.00043384163094131625,
    0.0004295279287294017,
    0.00042525707592429383,
    0.0004210286487039385,
    0.0004168422274130804,
    0.0004126973965219775,
    0.00040859374458693005,
    0.00040453086421288914,
    0.0004005083520184274,
    0.0003965258086014642,
    0.0003925828385022386,
    0.0003886790501629842,
    0.0003848140558893712,
    0.0003809874718167782,
    0.0003771989178773406,
    0.00037344801776379214,
    0.00036973439889047895,
    0.00036605769235490424,
    0.0003624175329041009,
    0.0003588135589034756,
    0.00035524541230375707,
    0.00035171273861155593,
    0.00034821518686389054,
    0.0003447524095981592,
    0.0003413240628190536,
    0.0003379298059624912,
    0.00033456930185197533,
    0.00033124221665430163,
    0.0003279482198401757,
    0.00032468698415476693,
    0.00032145818560319156,
    0.0003182615034291608,
    0.0003150966200633205,
    0.00031196322105869653,
    0.00030886099504739614,
    0.00030578963371310965,
    0.00030274883175005743,
    0.0002997382868202491,
    0.0002967576995177939,
    0.0002938067733110363,
    0.00029088521447271477,
    0.0002879927320264653,
    0.00028512903769287683,
    0.0002822938458343471,
    0.0002794868734378817,
    0.00027670784011538677,
    0.00027395646806233754,
    0.00027123248202435,
    0.00026853560932770063,
    0.00026586557988932005,
    0.000263222126173251,
    0.0002606049831618181,
    0.00025801388832548253,
    0.0002554485815721583,
    0.0002529088052279342,
    0.0002503943040514515,
    0.00024790482524847146,
    0.00024544011847136627,
    0.00024299993580160527,
    0.00024058403173375642,
    0.00023819216316737775,
    0.0002358240894085739,
    0.00023347957219043558,
    0.00023115837568389764,
    0.00022886026647656786,
    0.00022658501354563148,
    0.00022433238823412827,
    0.0002221021642153566,
    0.00021989411745494328,
    0.0002177080261863842,
    0.0002155436708965387,
    0.00021340083431357738,
    0.00021127930139146716,
    0.00020917885928917488,
    0.00020709929734912317,
    0.00020504040707628514,
    0.00020300198211992192,
    0.0002009838182586605,
    0.00019898571337949978,
    0.00019700746744797493,
    0.00019504888248018167,
    0.00019310976252311866,
    0.0001911899136376439,
    0.00018928914387447937,
    0.00018740726324458634,
    0.0001855440836934107,
    0.0001836994190785409,
    0.00018187308514552736,
    0.00018006489950479033,
    0.00017827468161164258,
    0.00017650225274671994,
    0.00017474743599642389,
    0.0001730100562327912,
    0.00017128994009260834,
    0.00016958691595816722,
    0.00016790081393842994,
    0.00016623146584875728,
    0.0001645787051918793,
    0.00016294236714111434,
    0.00016132228852378306,
    0.0001597183078037808,
    0.00015813026506353924,
    0.00015655800198630985,
    0.0001550013618392227,
    0.00015346018945659512,
    0.00015193433122376743,
    0.00015042363506144983,
    0.00014892795040903067,
    0.0001474471282074273,
    0.00014598102088380147,
    0.0001445294823374131,
    0.00014309236792450428,
    0.00014166953444264463,
    0.00014026084011576728,
    0.0001388661445794325,
    0.0001374853088656942,
    0.00013611819538810553,
    0.00013476466792742447,
    0.00013342459161785983,
    0.00013209783293353296,
    0.00013078425967565928,
    0.000129483740961105,
    0.00012819614721141514,
    0.00012692135014091398,
    0.00012565922274384106,
    0.00012440963928100787,
    0.00012317247526629806,
    0.00012194760745362756,
    0.0001207349138245884,
    0.00011953427357644912,
    0.00011834556711040991,
    0.00011716867602007008
]