[
    0.0,
    0.0,
    -0.013324508534865947,
    -0.009744884218898726,
    -0.0062979778039588645,
    -0.0029797335093075215,
    0.00021378704195713536,
    0.003286408161456987,
    0.0062418433397388486,
    0.009083698398791761,
    0.011815474555464622,
    0.014440571398291583,
    0.01696228978016648,
    0.01938383462925091,
    0.02170831768042309,
    0.023938760129501087,
    0.02607809521242757,
    0.028129170711541213,
    0.030094751390988397,
    0.03197752136328065,
    0.033780086388960795,
    0.035504976111291095,
    0.037154646227816016,
    0.03873148060059639,
    0.040237793306873035,
    0.04167583063191113,
    0.04304777300585047,
    0.04435573688637639,
    0.04560177658883188,
    0.046787886065554604,
    0.047916000637173675,
    0.04898799867953653,
    0.050005703270331284,
    0.05097088380351736,
    0.05188525759236916,
    0.052750491502112695,
    0.05356820370903602,
    0.0543399660040953,
    0.055067309399830296,
    0.055751775184449084,
    0.056789110873938356,
    0.058560035103188926,
    0.06064239301963464,
    0.0626516054984533,
    0.0646125332670702,
    0.06650896009007054,
    0.06848347205750618,
    0.07068825036975274,
    0.07295062603627896,
    0.07510775370027367,
    0.07716293792891162,
    0.07911933014089441,
    0.08098065409286294,
    0.08308346069694043,
    0.08575020404395248,
    0.08862528570939573,
    0.0913672365047479,
    0.09398041635829035,
    0.0964701689280346,
    0.09893240094877524,
    0.10145692490487469,
    0.10394855200885496,
    0.10644576873286565,
    0.1090772383953398,
    0.11170914903799489,
    0.11421111645060385,
    0.11658652442471047,
    0.11883975470222537,
    0.12110489769292411,
    0.12351047893127676,
    0.12592043821320373,
    0.1282040919502058,
    0.13051748582845865,
    0.1330178857025451,
    0.13555275200707828,
    0.13796102394291238,
    0.14023969807973696,
    0.14257546691128647,
    0.14514809114372978,
    0.147791540635375,
    0.1504308035016304,
    0.15312435730328017,
    0.15575832463975708,
    0.15824900871599296,
    0.16060110529240526,
    0.16281919199792197,
    0.16490771530534487,
    0.16687099115990744,
    0.16871320785272081,
    0.1704384293946527,
    0.1720505989609019,
    0.1735535422949795,
    0.17495097104410212,
    0.17624648601601342,
    0.1774435803526428,
    0.17854564261852807,
    0.1795559598041112,
    0.18047772024531405,
    0.1813140164611008,
    0.18206784791100802,
    0.18274212367478765,
    0.18333966505626015,
    0.18386320811342804,
    0.18431540611687056,
    0.1846988319384019,
    0.18501598037193595,
    0.18526927038845803,
    0.1854610473269559,
    0.1855935850231101,
    0.18566908787749442,
    0.18568969286499373,
    0.18565747148710038,
    0.1855744316686994,
    0.1854425196009093,
    0.18526362153150144,
    0.18503956550437672,
    0.18477212304953647,
    0.18446301082495098,
    0.18411389221168528,
    0.18372637886360116,
    0.18330203221292019,
    0.18284236493289724,
    0.1823488423588174,
    0.18182288386849216,
    0.1812658642234003,
    0.180679114871588,
    0.18006392521341058,
    0.17942154383116565,
    0.17875317968363982,
    0.17806000326656202,
    0.17734314773992765,
    0.1766037100231303,
    0.17584275185881262,
    0.17506130084632274,
    0.17426035144563595,
    0.1734408659525783,
    0.1726037754461629,
    0.17174998070883007,
    0.17088035312035854,
    0.16999573552619288,
    0.16909694308091322,
    0.16818476406754937,
    0.16725996069342475,
    0.16632326986319565,
    0.16537540392973155,
    0.1644170514234648,
    0.1634488777608198,
    0.16247152593231468,
    0.1614856171709118,
    0.1604917516011764,
    0.15949050886978844,
    0.15848244875793582,
    0.15746811177610395,
    0.1564480197417603,
    0.15542267634042,
    0.15439256767056284,
    0.15335816277286088,
    0.15231991414416152,
    0.15127825823665897,
    0.15023361594267548,
    0.1491863930654594,
    0.14813698077639875,
    0.14708575605903523,
    0.14603308214025396,
    0.14497930890901328,
    0.14392477332296819,
    0.1428697998033325,
    0.1418147006183133,
    0.14075977625544325,
    0.1397053157831258,
    0.13865159720170092,
    0.13759888778432966,
    0.13654744440798766,
    0.13549751387484718,
    0.13444933322432218,
    0.13340313003604204,
    0.13235912272401346,
    0.13131752082222092,
    0.13027852526191022,
    0.12924232864079038,
    0.12820911548438457,
    0.1271790624997543,
    0.1261523388218148,
    0.12512910625245396,
    0.12410951949265926,
    0.12309372636785179,
    0.12208186804662076,
    0.12107407925304664,
    0.12007048847279725,
    0.11907121815317563,
    0.11807638489729282,
    0.11708609965253158,
    0.11610046789346433,
    0.11511958979938372,
    0.11414356042660004,
    0.11317246987565566,
    0.11220640345360472,
    0.11124544183149798,
    0.11028966119720905,
    0.10933913340373777,
    0.10839392611312167,
    0.10745410293608271,
    0.10651972356753087,
    0.10559084391804298,
    0.10466751624143436,
    0.10374978925854186,
    0.10283770827733581,
    0.10193131530946398,
    0.1010306491833224,
    0.10013574565375999,
    0.09924663750852962,
    0.0983633546715954,
    0.09748592430341725,
    0.09661437089833973,
    0.0957487163791762,
    0.0948889801890764,
    0.09403517938079925,
    0.09318732870358319,
    0.09234544068796241,
    0.09150952572887144,
    0.09067959216723802,
    0.08985564637069571,
    0.08903769281550895,
    0.08822573417298861,
    0.08741977140254119,
    0.08661980385414067,
    0.08582582939737526,
    0.08503784463434609,
    0.08425584538908694,
    0.08347982838999021,
    0.08270980109507725,
    0.0819961174195051,
    0.0815053404239539,
    0.08129698574483675,
    0.08119194663087018,
    0.08106817895537693,
    0.08092640466053799,
    0.08076733849067987,
    0.0805916787261852,
    0.08040010931036441,
    0.0801933139039811,
    0.08002707699487296,
    0.07995529199175448,
    0.07991954235001975,
    0.07986308760050821,
    0.07978643917204706,
    0.07969035997361731,
    0.07957560366431407,
    0.07944290566947275,
    0.07929298235861765,
    0.07912653493008506,
    0.07894427897504494,
    0.07877922772064654,
    0.07866341443349645,
    0.07856301142504898,
    0.07844481229643188,
    0.07830915889172838,
    0.07815672215353744,
    0.07798817268180788,
    0.0778041686164655,
    0.07760536673421012,
    0.07740268057657315,
    0.07720689544561288,
    0.07700784699780037,
    0.07679514189550621,
    0.07656902259846923,
    0.07633003460471505,
    0.07607872940500016,
    0.07581566262158485,
    0.07566904048938311,
    0.07585049143935585,
    0.07630822665605828,
    0.07681569271528176,
    0.07728254610026712,
    0.07771040391816318,
    0.07816765809350829,
    0.07871978485491098,
    0.07929627263937852,
    0.08004467181913968,
    0.08117342409036894,
    0.08245235448798761,
    0.08366707954891744,
    0.08508014640378272,
    0.08693013680941122,
    0.08893955550492248,
    0.09084837488807196,
    0.09266013866946152,
    0.09437878836771864,
    0.09620866991136659,
    0.09865168821201095,
    0.10178887415560611,
    0.1050857636836016,
    0.10825492807153952,
    0.11139451192146112,
    0.11454861243979651,
    0.11776570893753947,
    0.12111532339940095,
    0.12444726563891184,
    0.1276185189410043,
    0.13064972643796788,
    0.13375955442670248,
    0.1371273827064608,
    0.14052827325272504,
    0.14376132981231005,
    0.14704401565538533,
    0.1505951746856153,
    0.1544209801126332,
    0.1585079326908526,
    0.16261565386702634,
    0.16652247358580963,
    0.17023481392258302,
    0.1737589784298147,
    0.1771010946213344,
    0.18026711201933418,
    0.18326280550773924,
    0.1860937797038065,
    0.1887654735715815,
    0.19128316504765702,
    0.19365197559762906,
    0.1958768746716994,
    0.19796268404741152,
    0.19991408205581668,
    0.2017356076915841,
    0.20343166460913284,
    0.20500652500707506,
    0.2064643334033538,
    0.20780911030369972,
    0.20904475576628637,
    0.21017505286549965,
    0.21120367105764581,
    0.21213416945131025,
    0.21296999998497942,
    0.21371451051450185,
    0.21437094781293864,
    0.21494246048528087,
    0.21543210180042466,
    0.21584283244272134,
    0.2161775231853697,
    0.21643895748786257,
    0.21662983401963623,
    0.21675276911199837,
    0.21681029914036284,
    0.2168048828387616,
    0.21673890354854228,
    0.21661467140310797,
    0.2164344254505085,
    0.21620033571564287,
    0.21591450520378125,
    0.2155789718470627,
    0.21519571039557894,
    0.21476663425461107,
    0.21429359726954275,
    0.2137783954599291,
    0.2132227687041583,
    0.212628402376103,
    0.21199692893512034,
    0.2113299294707193,
    0.21062893520317882,
    0.20989542894136268,
    0.2091308464989407,
    0.20833657807019357,
    0.20751396956654578,
    0.20666432391493816,
    0.20578890231911903,
    0.20488892548490464,
    0.2039655748104281,
    0.20301999354236816,
    0.20205328789912147,
    0.20106652816185314,
    0.20006074973433657,
    0.19903695417246536,
    0.19799611018429664,
    0.1969391546014609,
    0.195866993322749,
    0.19478050223066545,
    0.19368052808171282,
    0.1925678893711532,
    0.1914433771729692,
    0.19030775595572774,
    0.1891617643750289,
    0.18800611604320489,
    0.1868415002769136,
    0.1856685828232546,
    0.1844880065650154,
    0.18330039220564037,
    0.182106338934498,
    0.18090642507300522,
    0.1797012087021526,
    0.1784912282719568,
    0.1772770031933556,
    0.17605903441304224,
    0.1748378049717237,
    0.1736137805462739,
    0.17238740997623908,
    0.17115912577514028,
    0.1699293446270052,
    0.16869846786854792,
    0.16746688195740542,
    0.166234958926827,
    0.16500305682720168,
    0.1637715201547983,
    0.16254068026808122,
    0.1613108557919557,
    0.16008235301028553,
    0.15885546624701738,
    0.15763047823623605,
    0.15640766048146562,
    0.15518727360452297,
    0.15396956768422096,
    0.15275478258521072,
    0.15154314827724413,
    0.1503348851451295,
    0.14913020428964494,
    0.1479293078196677,
    0.14673238913576916,
    0.14553963320552002,
    0.14435121683074265,
    0.14316730890693963,
    0.14198807067512176,
    0.14081365596625228,
    0.13964421143851885,
    0.13847987680763765,
    0.13732078507038922,
    0.13616706272157889,
    0.13501882996461056,
    0.1338762009158559,
    0.13273928380299652,
    0.1316081811575115,
    0.13048299000147856,
    0.12936380202885128,
    0.12825070378137032,
    0.1271437768192628,
    0.12604309788687856,
    0.12494873907340942,
    0.12386076796883165,
    0.12277924781520863,
    0.12170423765348712,
    0.12063579246591713,
    0.11957396331421977,
    0.11851879747362637,
    0.11747033856290814,
    0.11642862667050988,
    0.11539369847689929,
    0.11436558737324318,
    0.11334432357651651,
    0.11232993424114657,
    0.11132244356728963,
    0.1103218729058375,
    0.10932824086025059,
    0.1083415633853097,
    0.10736185388287342,
    0.10638912329472652,
    0.1054233801926067,
    0.10446463086549108,
    0.10351287940422114,
    0.1025681277835424,
    0.10163037594163224,
    0.10069962185719025,
    0.0997758616241663,
    0.09885908952419542,
    0.09794929809680153,
    0.09704647820742854,
    0.09615061911336628,
    0.09526170852763785,
    0.09437973268090527,
    0.09350467638145596,
    0.09263652307333918,
    0.09177525489269729,
    0.09092085272232636,
    0.09007329624452345,
    0.08923256399228725,
    0.08839863339893204,
    0.08757148084614819,
    0.08675108171054917,
    0.08593741040877578,
    0.08513044044121645,
    0.08433014443438598,
    0.08353649418194434,
    0.08274946068438244,
    0.0819690141875512,
    0.08119512422000912,
    0.08042775962909762,
    0.07966688861597176,
    0.078912478769566,
    0.07816449709946363,
    0.07742291006809207,
    0.07668768362200867,
    0.07595878322203427,
    0.0752361738736615,
    0.07451982015829775,
    0.07380968626300799,
    0.07310573600955489,
    0.0724079328877303,
    0.07171624009102712,
    0.07103062055280916,
    0.07035103699429227,
    0.06967745198920715,
    0.06900982806731414,
    0.06834812796924279,
    0.06769231531205125,
    0.06704235677376474,
    0.06639823336105136,
    0.06575999106534082,
    0.0651277950032394,
    0.0645246461429968,
    0.06402963847227602,
    0.06367303257788613,
    0.06336956793337253,
    0.0630600528455063,
    0.06275263029601189,
    0.062455427374362604,
    0.06216051943197523,
    0.061859734471052585,
    0.061553066607476656,
    0.061240804574782835,
    0.06092327345200438,
    0.06060087190011098,
    0.06027397807996894,
    0.05994281035310041,
    0.05960756462882633,
    0.05928795737954127,
    0.0590029297296826,
    0.05873174408955646,
    0.05845443548841142,
    0.058171281038916854,
    0.05788259749902641,
    0.057610679762929246,
    0.05737702214682125,
    0.05715832685109299,
    0.05693201888579397,
    0.05669835332551312,
    0.05645766497571309,
    0.05621029152132919,
    0.05595657129626483,
    0.05569683245598503,
    0.05543137516114794,
    0.05516047744906538,
    0.054884417495508764,
    0.05460352242529753,
    0.05433320044351209,
    0.05408821648084188,
    0.053852586237202425,
    0.05361089115244822,
    0.05336337860417713,
    0.05311034663877254,
    0.05286494911463832,
    0.05265330995329301,
    0.05247488992200604,
    0.052302182638107014,
    0.052121476841048175,
    0.05193306299881506,
    0.05173728009905998,
    0.05153448721994462,
    0.05132502593683514,
    0.05110918566171971,
    0.05088723363461228,
    0.050659446778945384,
    0.05042610714464041,
    0.050187506892685974,
    0.049968968442993644,
    0.049808332862308055,
    0.0496919403963089,
    0.04957962884994394,
    0.04945773482860254,
    0.04932661650657911,
    0.04918665001148747,
    0.0490382056353873,
    0.048881644145633237,
    0.048717315728149434,
    0.04854555942595251,
    0.04836670318842489,
    0.04818106453228646,
    0.04798895116765682,
    0.04779066133700692,
    0.047586484054661767,
    0.04737669930559045,
    0.04716157815826509,
    0.04694138287430705,
    0.046716367149305243,
    0.046486776461209856,
    0.04625284841096182,
    0.0460148129668201,
    0.04577289259194349,
    0.045527302363967896,
    0.04527825020070149,
    0.04502593716540062,
    0.04477055786195067,
    0.0445123009985143,
    0.0442513498582169,
    0.04398788222170019,
    0.043722070177922547,
    0.04345408143334904,
    0.043184085372079406,
    0.042912274159931194,
    0.042638871416575304,
    0.042364062135357025,
    0.04208794507011741,
    0.041810619385689245,
    0.041546755149308084,
    0.04131044022892822,
    0.041086121594841374,
    0.040858832656144456,
    0.040628726492508926,
    0.04039596744763526,
    0.04016072278429303,
    0.03992315813878837,
    0.03968343023085721,
    0.03944168573991267,
    0.039198067590269524,
    0.038952722912746644,
    0.038705879733591096,
    0.038473762120444385,
    0.03827181685915901,
    0.038082869358304176,
    0.03789044727260891,
    0.037694714627730275,
    0.037495846193614346,
    0.03729401919871719,
    0.03708941417932364,
    0.03688220920219789,
    0.036672565028999925,
    0.03646062399310132,
    0.03624652696127922,
    0.036030434706403325,
    0.0358216853572956,
    0.03564186356600521,
    0.03549346728245039,
    0.03535366336074864,
    0.03520946320658605,
    0.03506096280391796,
    0.0349084958503115,
    0.03475379605623599,
    0.034598261727319966,
    0.034440432152227994,
    0.03427899405013476,
    0.034114087288256156,
    0.03394587889692513,
    0.03377453769676513,
    0.033600231841924656,
    0.03342313441375304,
    0.03324346988322557,
    0.03307328286049425,
    0.03295899681217583,
    0.032921877558772225,
    0.03291268009645547,
    0.03289546197187415,
    0.03295730473128755,
    0.033225070916689664,
    0.03364691969653904,
    0.03408675303903105,
    0.03450052741941753,
    0.03488904200087174,
    0.03525314387003288,
    0.035593722974288776,
    0.03604221066573397,
    0.0367251676679915,
    0.03751271674497468,
    0.038288575270406584,
    0.03905235940864655,
    0.03978571711386868,
    0.04048051759715773,
    0.041138004827635674,
    0.041759363810886393,
    0.04234624571514392,
    0.0429761513558055,
    0.04382859664252678,
    0.04492460288269936,
    0.04607303526557679,
    0.04716556720224316,
    0.04820378743644136,
    0.049189380242437776,
    0.05012405105058995,
    0.051009555902752336,
    0.05188639968537757,
    0.05282743651343297,
    0.05382611405544731,
    0.05487226086887024,
    0.0560073370081267,
    0.0571769360064378,
    0.05830078512571481,
    0.059365805179924,
    0.06037389909322323,
    0.061326932281078946,
    0.06222671850539867,
    0.06307501900226632,
    0.06387354334402304,
    0.06462395067643208,
    0.0653278510338895,
    0.06598680667237974,
    0.06660233339659885,
    0.06717590186888185,
    0.06770893889232829,
    0.06820282866203378,
    0.068658913983355,
    0.06907849745813568,
    0.06946284263864097,
    0.06981317514902848,
    0.07013068377537565,
    0.0704165215253984,
    0.07067180665843714,
    0.07089762368625506,
    0.07109502434547485,
    0.07126502854252344,
    0.07140862527185467,
    0.07152677350820058,
    0.0716204030735744,
    0.0716904154796747,
    0.0717376847463287,
    0.0717630581966595,
    0.07176735722966107,
    0.07175137807082246,
    0.0717158925014208,
    0.0716616485670874,
    0.07158937126622696,
    0.07149976321885675,
    0.07139350531641855,
    0.07127125735309585,
    0.07113365863915763,
    0.07098132859683876,
    0.0708148673392493,
    0.07063485623279213,
    0.07044185844355658,
    0.07023641946814056,
    0.07001906764933835,
    0.06979031467711894,
    0.06955065607531476,
    0.06930057167443245,
    0.06904052607097906,
    0.068770969073679,
    0.06849233613694938,
    0.06820504878199414,
    0.06790951500586856,
    0.06760612967885854,
    0.06729527493050579,
    0.06697732052459737,
    0.06665262422342855,
    0.06632153214164418,
    0.06598437908995888,
    0.06564148890904162,
    0.06529317479383936,
    0.06493973960861216,
    0.0645814761929458,
    0.06421866765899606,
    0.06385158768021008,
    0.06348050077176776,
    0.06310566256298074,
    0.06272732006187562,
    0.062345711912179955,
    0.061961068642927025,
    0.061573612910891785,
    0.061183559736061766,
    0.06079111673033766,
    0.060396484319655074,
    0.059999855959715985,
    0.059601418345511505,
    0.05920135161481081,
    0.05879982954578845,
    0.05839701974895645,
    0.0579930838535624,
    0.05758817768861166,
    0.05718245145866618,
    0.05677604991456723,
    0.05636911251922607,
    0.055961773608623824,
    0.05555416254815634,
    0.055146403884455776,
    0.05473861749281929,
    0.05433091872036951,
    0.05392341852506652,
    0.05351622361068885,
    0.05310943655789947,
    0.052703155951507964,
    0.052297476504036836,
    0.05189248917569895,
    0.05148828129088715,
    0.05108493665127409,
    0.050682535645619406,
    0.05028115535637911,
    0.04988086966320813,
    0.04948174934344528,
    0.049083862169664774,
    0.048687273004377696,
    0.048292043891965855,
    0.04789823414792675,
    0.04750590044550652,
    0.04711509689979673,
    0.0467258751493669,
    0.04633828443550177,
    0.04595237167911265,
    0.04556818155538817,
    0.04518575656624913,
    0.04480513711067335,
    0.04442636155295101,
    0.04404946628892666,
    0.04367448581028498,
    0.043301452766936935,
    0.042930398027561455,
    0.04256135073835571,
    0.042194338380045396,
    0.04182938682320542,
    0.041466520381939174,
    0.04110576186596343,
    0.04074713263114507,
    0.040390652628531754,
    0.04003634045192157,
    0.03968421338402068,
    0.03933428744122679,
    0.03898657741706871,
    0.03864109692434211,
    0.03829785843598998,
    0.03795687332476255,
    0.037618151901679615,
    0.03728170345333329,
    0.03694753627808334,
    0.03661565772117474,
    0.03628607420878625,
    0.035958791281043595,
    0.03563381362406059,
    0.03531114510104449,
    0.03499078878245696,
    0.03467274697524094,
    0.034357021251190126,
    0.034043612474529035,
    0.03373252082869564,
    0.03342374584233304,
    0.03311728641458518,
    0.032813140839773484,
    0.03251130683141624,
    0.03221178154560471,
    0.03191456160398006,
    0.031619643116600225,
    0.03132702170499542,
    0.031036692525824184,
    0.03074865029538823,
    0.03046288931561313,
    0.03017940350350643,
    0.029898186427407894,
    0.029619231356385587,
    0.029342531337734207,
    0.029068079329043563,
    0.028795868443521284,
    0.02852589252770129,
    0.028258147978725605,
    0.027992643583209024,
    0.02781907058612707,
    0.02792766885306018,
    0.028322159252332908,
    0.028798913714576154,
    0.029308720290236227,
    0.029906603645324895,
    0.030531095868835505,
    0.03126324199955268,
    0.03223870653060415,
    0.03330959598404148,
    0.034390440101280145,
    0.035608502396534125,
    0.03697094580905588,
    0.038342945692019834,
    0.03966633273571771,
    0.04113507367888996,
    0.04290838088806373,
    0.0447816523907382,
    0.04657163630052552,
    0.048280899800875174,
    0.049911994381598095,
    0.05146741592892441,
    0.05294960029249054,
    0.05436094624870194,
    0.055982540408012454,
    0.058197831957368974,
    0.06081807495592345,
    0.0634353304513209,
    0.06593582195516179,
    0.06832323314588909,
    0.0706011645513878,
    0.0727731167103122,
    0.07484248933676209,
    0.07681258305915734,
    0.07868660181196101,
    0.08046765541007063,
    0.08215876215425166,
    0.08376285140870335,
    0.08528276612404945,
    0.08672126529663032,
    0.08808102636290296,
    0.08936464752931665,
    0.09057465003838093,
    0.09171348037193963,
    0.09278351239280011,
    0.09378704942607616,
    0.0947263262818463,
    0.0956035112207357,
    0.0964207078639189,
    0.09717995704905094,
    0.097883238633656,
    0.09853247324743611,
    0.09912952399490914,
    0.09967619810976826,
    0.10017424856232549,
    0.10062537562136245,
    0.10103122837167118,
    0.10139340618853199,
    0.10171346017034105,
    0.10199289453056773,
    0.10223316795018675,
    0.10243569489170166,
    0.10260184687584743,
    0.10273295372202597,
    0.10283030475349643,
    0.102895149968313,
    0.10292870117697905,
    0.10293213310775912,
    0.10290658448056186,
    0.10285315905028235,
    0.1027729266204663,
    0.10266692402813535,
    0.10253615610058876,
    0.10238159658497313,
    0.10220418905139006,
    0.1020048477702896,
    0.1017844585648769,
    0.10154387963923829,
    0.10128394238287353,
    0.10100545215230139,
    0.10070918903038714,
    0.10039590856402208,
    0.10006634248076708,
    0.09972119938505494,
    0.09936116543453014,
    0.0989869049970887,
    0.09859906128916437,
    0.09819825699579143,
    0.09778509487295975,
    0.09736015833276307,
    0.09692401201182749,
    0.09647720232349397,
    0.09602025799421497,
    0.09555369058461147,
    0.09507799499562507,
    0.09459364996018776,
    0.09410111852081951,
    0.09360084849355149,
    0.09309327291856247,
    0.09257881049790526,
    0.09205786602068872,
    0.09153083077607117,
    0.0909980829544102,
    0.090459988036905,
    0.08991689917405762,
    0.08936915755326941,
    0.08881709275588118,
    0.0882610231039566,
    0.08770125599709942,
    0.08713808823958735,
    0.08657180635809741,
    0.08600268691028949,
    0.08543099678450765,
    0.08485699349085125,
    0.08428092544386091,
    0.08370303223705734,
    0.0831235449095643,
    0.08254268620504059,
    0.08196067082313925,
    0.08137770566370663,
    0.08079399006392723,
    0.08020971602861536,
    0.07962506845384776,
    0.07904022534412702,
    0.07845535802325895,
    0.07787063133912314,
    0.07728620386251034,
    0.07670222808019567,
    0.07611885058241116,
    0.07553621224487747,
    0.07495444840554935,
    0.0743736890362257,
    0.07379405890916992,
    0.07321567775888303,
    0.07263866043916774,
    0.07206311707561726,
    0.0714891532136595,
    0.07091686996228326,
    0.07034636413356916,
    0.06977772837814544,
    0.06921105131668451,
    0.06864641766755351,
    0.06808390837072836,
    0.06752360070807834,
    0.06696556842012513,
    0.06640988181937624,
    0.0658566079003306,
    0.0653058104462517,
    0.06475755013280109,
    0.06421188462862124,
    0.06366886869295509,
    0.06312855427038752,
    0.06259099058279118,
    0.06205622421855654,
    0.061524299219183724,
    0.06099525716331126,
    0.06046913724825576,
    0.059945976369134006,
    0.059425809195636344,
    0.05890866824651887,
    0.058394583961880145,
    0.05788358477328681,
    0.05737569717180925,
    0.05687094577402663,
    0.05636935338606041,
    0.05587094106569248,
    0.05537572818262251,
    0.05488373247692077,
    0.05439497011572914,
    0.05390945574825696,
    0.05342720255911886,
    0.05294822232006607,
    0.05247252544015847,
    0.052000121014421266,
    0.051531016871033314,
    0.05106521961709031,
    0.05060273468297824,
    0.05014356636539865,
    0.04968771786909293,
    0.049235191347300145,
    0.0487859879409728,
    0.048340107816787686,
    0.047897550204003596,
    0.047458313430208766,
    0.04702239495599248,
    0.0465897914085692,
    0.04616049861436396,
    0.04573451163058468,
    0.04531182477585063,
    0.04489243165994654,
    0.044476325212743785,
    0.044063497712296194,
    0.04365394081209498,
    0.04324764556751606,
    0.04284460246159125,
    0.042444801430292195,
    0.04204823188746132,
    0.04165488274961002,
    0.04126474246124344,
    0.040877799021227984,
    0.040494040009812146,
    0.040113452616590765,
    0.03973602367266807,
    0.039361739692481815,
    0.03899058693236637,
    0.038622551484353146,
    0.038257619456581834,
    0.0378957773523981,
    0.037537012939524,
    0.03718131781039092,
    0.03682869879154076,
    0.03648371303123682,
    0.03622947419724351,
    0.03613690024020627,
    0.036116736499582726,
    0.03608759188603425,
    0.03608390742093906,
    0.03613947523076541,
    0.036218690237053694,
    0.036285801136570456,
    0.03634042188550941,
    0.03638299836056967,
    0.03641411525804046,
    0.036441325298844085,
    0.03655199144993625,
    0.03681611621719433,
    0.03714044764534105,
    0.037442203315275986,
    0.037722079305123064,
    0.037980807032242735,
    0.038219107406297484,
    0.03843768330424943,
    0.03863721807435694,
    0.03881837529939948,
    0.03898179899208,
    0.03912811398418169,
    0.039257926387931505,
    0.039371824082429265,
    0.039470377209743335,
    0.03955413866994762,
    0.0396236446087435,
    0.039679414895121536,
    0.03972195358762235,
    0.03975174938876719,
    0.0397692760875901,
    0.039774992989966944,
    0.03976934533680593,
    0.03975276471061618,
    0.039725669430792226,
    0.039688464937733425,
    0.03964154416606884,
    0.039585287907385136,
    0.039520065162739315,
    0.03944623348514543,
    0.03936413931231155,
    0.03927411828997203,
    0.039176495586081876,
    0.039071586196061804,
    0.03895969523931886,
    0.03884111824732017,
    0.03871614144348052,
    0.03858504201509209,
    0.038448088377509466,
    0.038305540430794455,
    0.03815764980902953,
    0.03800466012251234,
    0.037846807193026334,
    0.03768431928239162,
    0.037517417314515765,
    0.03734631509112902,
    0.03717121950135492,
    0.036992330725281575,
    0.03680984243170989,
    0.03662394197024485,
    0.0364348105578884,
    0.03624262346029031,
    0.03604755016780882,
    0.035849754566529925,
    0.035649395104389095,
    0.03544662495252958,
    0.035241592162026186,
    0.035034439816110916,
    0.03482530617803801,
    0.03461432483471149,
    0.03440162483618952,
    0.03418733083118192,
    0.03397156319865555,
    0.03375443817565586,
    0.033536067981448835,
    0.033316560938086937,
    0.033096021587505624,
    0.03287455080525486,
    0.03265224591095845,
    0.03242920077558964,
    0.03220550592565369,
    0.031981248644364794,
    0.03175651306990073,
    0.03153138029081978,
    0.03130592843872402,
    0.031080232778247882,
    0.030854365794446607,
    0.030628397277656715,
    0.03040239440589908,
    0.030176421824893586,
    0.029950541725755543,
    0.02972481392044301,
    0.02949929591501823,
    0.029274042980783295,
    0.029049108223350276,
    0.028824542649704424,
    0.028600395233315732,
    0.028376712977355407,
    0.02815354097607442,
    0.027930922474396817,
    0.027708898925776437,
    0.027487510048365554,
    0.02726679387954256,
    0.02704678682884653,
    0.026827523729366774,
    0.026609037887631786,
    0.026391361132038726,
    0.026174523859864317,
    0.02595855508289733,
    0.025743482471731294,
    0.025529332398756183,
    0.02531612997988804,
    0.025103899115074085,
    0.024892662527607294,
    0.02468244180228286,
    0.024473257422428417,
    0.024265128805839885,
    0.024058074339655445,
    0.023852111414199982,
    0.023647256455829418,
    0.023443524958803266,
    0.023240931516213238,
    0.023039489849993162,
    0.02283921284003572,
    0.022640112552443747,
    0.022442200266942207,
    0.022245486503474195,
    0.02204998104800329,
    0.021855692977543303,
    0.021662630684438418,
    0.021470801899918047,
    0.02128021371694732,
    0.021090872612392328,
    0.020902784468519252,
    0.020715954593844878,
    0.02053038774335799,
    0.020346088138132278,
    0.020163059484348083,
    0.01998130499173921,
    0.019800827391481084,
    0.019621628953534136,
    0.019443711503458215,
    0.019267076438717036,
    0.019091724744488496,
    0.018917657008993387,
    0.018744873438356766,
    0.018573373871014317,
    0.018403157791672876,
    0.01823422434483875,
    0.01806657234793249,
    0.01790020030400389,
    0.017735106414055,
    0.01757128858897855,
    0.0174087444611218,
    0.01724747139549114,
    0.017087466500611874,
    0.016928726639053676,
    0.016771248437631597,
    0.01661502829729109,
    0.01646006240268538,
    0.016306346731455132,
    0.016153877063217605,
    0.016002648988268565,
    0.01585265791600607,
    0.01570389908309379,
    0.015556367561380994,
    0.015410058265582723,
    0.015264965960705968,
    0.015121085269227136,
    0.014978410678061698,
    0.014836936545351082,
    0.014696657107073033,
    0.014557566483475795,
    0.014419658685310833,
    0.014282927619868794,
    0.014147367096883297,
    0.0140129708343571,
    0.013879732464334833,
    0.013747645538665717,
    0.01361670353489236,
    0.013486899862464987,
    0.01335822786947732,
    0.013230680850158091,
    0.0131042520530897,
    0.012978934689627864,
    0.012854721942912917,
    0.012731606981372663,
    0.012609582983813646,
    0.012488643184620998,
    0.012368780958767388,
    0.01224999001300078,
    0.012132264926548897,
    0.012015603300000576,
    0.011900021533610744,
    0.011785703789407475,
    0.011672980595202206,
    0.011637287110210216,
    0.011847471254342629,
    0.012315302113790772,
    0.012858976412944844,
    0.013378877975617317,
    0.01389305739828709,
    0.014419079844007244,
    0.014966520151013699,
    0.015667152488573914,
    0.016610469224394967,
    0.017636711464529782,
    0.01861948712271695,
    0.019562162291562282,
    0.02047630052903387,
    0.02137217215966945,
    0.022264817117201286,
    0.023199664211564112,
    0.024189195802798127,
    0.025203533744003984,
    0.02622747571221535,
    0.027231181994905203,
    0.028190234251980365,
    0.029188710712041828,
    0.030307056690237165,
    0.031457528726411936,
    0.03255590050711807,
    0.03360381393045951,
    0.03467330249375323,
    0.035833641236459074,
    0.037010771604252056,
    0.03822456019488556,
    0.03956498300909583,
    0.0409362638126812,
    0.04224965046304872,
    0.04354294177048051,
    0.044844168249345784,
    0.04616843504803118,
    0.047534654453930444,
    0.04888860178219936,
    0.05017796281283762,
    0.05147380900538201,
    0.05286338287008205,
    0.0542923375525011,
    0.05567094257790759,
    0.056982315748837976,
    0.05833077211405459,
    0.05981611172848655,
    0.06133077234286799,
    0.06280313574768982,
    0.06426595886631489,
    0.06568740259080408,
    0.06703685577616042,
    0.06831660362969025,
    0.06952891373535858,
    0.07067598525998056,
    0.0717599673137311,
    0.07278296667055814,
    0.07374707692000113,
    0.0746852145837875,
    0.07564281061554057,
    0.07660187287795349,
    0.0775175471377001,
    0.07838141631653492,
    0.07926222882349473,
    0.08021859748067323,
    0.08118066927079379,
    0.08208441359689056,
    0.08293127606609753,
    0.08372308205518585,
    0.08446178619915262,
    0.08515882920849675,
    0.08582516183242202,
    0.08645245359933414,
    0.08705115424822597,
    0.08764049383496245,
    0.08820190518865725,
    0.08871765860531661,
    0.08918929962761671,
    0.08961830940270384,
    0.09000611557565398,
    0.09036945737860437,
    0.09072462837293081,
    0.09105669860124083,
    0.09135093869119551,
    0.09160848313805028,
    0.09183063270794056,
    0.09201866128628847,
    0.09217380773239942,
    0.09229727677510052,
    0.09239024603750767,
    0.09245389608209456,
    0.09258464905403586,
    0.09295219967626456,
    0.09352918950028016,
    0.09413522972489123,
    0.09469200220855223,
    0.09520118477282125,
    0.09566442669080799,
    0.09608333249591493,
    0.09645946026221365,
    0.09679432198387763,
    0.09708938447343812,
    0.09734607046310173,
    0.09756575977249868,
    0.09774979048696852,
    0.09789946012697781,
    0.09801602679778008,
    0.09810071031324112,
    0.09815469329233664,
    0.09817912222783658,
    0.09817510852665404,
    0.09814372952216753,
    0.09808602945907398,
    0.09800302045110212,
    0.09789568341202337,
    0.09776496896052247,
    0.09761179829951863,
    0.09743706407058639,
    0.09724163118414698,
    0.09702633762609562,
    0.09679199524152218,
    0.09653939049615007,
    0.09626928521609658,
    0.09598241730656744,
    0.09567950145008661,
    0.09536122978483252,
    0.09502827256363583,
    0.0946812787941805,
    0.09432087686093488,
    0.09394767512933447,
    0.09356226253272984,
    0.09316520914258561,
    0.09275706672239657,
    0.09233836926577546,
    0.09190963351916051,
    0.09147135948957891,
    0.09102403093789102,
    0.09056811585792424,
    0.09010406694189545,
    0.08963232203251398,
    0.08915330456214333,
    0.0886674239793859,
    0.0881750761634433,
    0.08767664382659984,
    0.08717249690516993,
    0.08666299293923618,
    0.08614847744149201,
    0.08562928425549793,
    0.08510573590365418,
    0.08457814392518115,
    0.08404680920438844,
    0.08351202228950842,
    0.08297406370236297,
    0.08243320423912326,
    0.08188970526241514,
    0.08134381898501664,
    0.0807957887453853,
    0.08024584927524667,
    0.07969422695947057,
    0.07914114008845416,
    0.07858679910322353,
    0.07803140683346038,
    0.0774751587286563,
    0.07691824308258867,
    0.07636084125130817,
    0.07580312786482254,
    0.07524527103265596,
    0.07468743254345768,
    0.07412976805882976,
    0.07357242730153774,
    0.07301555423826397,
    0.0724592872570595,
    0.07190375933964503,
    0.07134909822870752,
    0.07079542659033465,
    0.07024286217172605,
    0.06969151795431527,
    0.06914150230243325,
    0.06859291910764109,
    0.06804586792885577,
    0.06750044412838785,
    0.06695673900400764,
    0.06641483991715312,
    0.0658748304173899,
    0.06533679036322987,
    0.0648007960394129,
    0.06426692027075227,
    0.06373523253264274,
    0.06320579905832546,
    0.06267868294300327,
    0.062153944244896196,
    0.06163164008332415,
    0.06111182473390172,
    0.060594549720927995,
    0.0600798639070517,
    0.05956781358028995,
    0.059058442538475676,
    0.05855179217120759,
    0.058047901539374155,
    0.057546807452321325,
    0.057048544542731186,
    0.056553145339277675,
    0.05606064033712301,
    0.05557105806631643,
    0.0550844251581557,
    0.054600766409569554,
    0.05412010484557786,
    0.053642461779885214,
    0.0531678568736613,
    0.052696308192560055,
    0.052227832262029275,
    0.05176244412095915,
    0.0513001573737171,
    0.05084098424061555,
    0.050384935606858194,
    0.049932021070008076,
    0.049482248986020674,
    0.04903562651388303,
    0.048592159658899195,
    0.04815185331466141,
    0.0477147113037444,
    0.04728073641715987,
    0.04684993045260805,
    0.04642229425156018,
    0.045997827735204964,
    0.04557652993929359,
    0.04515839904791544,
    0.04474343242623369,
    0.04433162665221073,
    0.04392297754735427,
    0.04351748020651193,
    0.04311512902674143,
    0.042715917735284145,
    0.042319839416669135,
    0.041926886538971475,
    0.04153705097924886,
    0.04115032404818194,
    0.04076669651394276,
    0.04038615862531257,
    0.040008700134068875,
    0.0396343103166633,
    0.03926297799521327,
    0.038894691557828126,
    0.03852943897828769,
    0.038167207835091296,
    0.037807985329896085,
    0.03745175830536456,
    0.03709851326243892,
    0.036748236377055585,
    0.036400913516315865,
    0.03605653025413242,
    0.035715071886369486,
    0.03537652344549025,
    0.03504086971472219,
    0.03470809524175306,
    0.0343781843519745,
    0.0340511211612904,
    0.03372688958850247,
    0.033405473367282106,
    0.033086856057736626,
    0.03277102105758307,
    0.032457951612948927,
    0.03214763082881378,
    0.03184004167909586,
    0.031535167016387054,
    0.031232989581350026,
    0.030933492011796022,
    0.03063665685145627,
    0.030342466558452824,
    0.030050903513467554,
    0.029761950027615676,
    0.02947558835004431,
    0.029191800675265816,
    0.028910569150221065,
    0.028631875881082854,
    0.028355702939825707,
    0.028082032370570713,
    0.02781084619569292,
    0.027542126421688032,
    0.0272758550448151,
    0.02701201405653427,
    0.02675058544875188,
    0.026491551218877356,
    0.026234893374672025,
    0.025980593938881184,
    0.025728634953683244,
    0.025478998484978286,
    0.02523166662651292,
    0.024986621503843502,
    0.024743845278151544,
    0.024503320149928558,
    0.02426502836250302,
    0.02402895220532961,
    0.02379507401702427,
    0.023563376188262958,
    0.023333841164653476,
    0.02310645144954268,
    0.022881189606679148,
    0.022658038262740536,
    0.02243698010970573,
    0.022217997906970377,
    0.02200107448328712,
    0.021786192738772657,
    0.02157333564701882,
    0.02136248625717125,
    0.021153627695914255,
    0.02094674316939255,
    0.02074181596510644,
    0.020538829453762095,
    0.020337767091010723,
    0.020138612419026904,
    0.01994134906796822,
    0.019745960757366496,
    0.01955243129740756,
    0.019360744590086413,
    0.01917088463026325,
    0.018982835506585007,
    0.018796581402289868,
    0.01861210659600412,
    0.01842939546257146,
    0.01824843247385968,
    0.018069202199503,
    0.01789168930757693,
    0.01771587856520192,
    0.017541754839072242,
    0.017369303095919955,
    0.01719850840292801,
    0.017029355928096783,
    0.01686183094055499,
    0.01669591881081575,
    0.016531605011001375,
    0.016368875115056823,
    0.01620771479894921,
    0.016048109840837432,
    0.015890046121200395,
    0.015733509622923005,
    0.015578486431344327,
    0.015424962734275755,
    0.015272924821992736,
    0.015122359087195184,
    0.014973252024933973,
    0.014825590232504472,
    0.014679360409313676,
    0.01453454935673485,
    0.01439114397795052,
    0.014249131277773846,
    0.014108498362448499,
    0.01396923243942668,
    0.01383132081711712,
    0.01369475090460611,
    0.013559510211366374,
    0.013425586346959537,
    0.013292967020726895,
    0.013161640041462658,
    0.013031593317069653,
    0.012902814854198506,
    0.012775292757867086,
    0.012649015231062728,
    0.012523970574336983,
    0.012400147185394877,
    0.012277533558673982,
    0.012156118284911449,
    0.012035890050699152,
    0.011916837638026423,
    0.011798949923808973,
    0.011682215879406797,
    0.011566624570137907,
    0.011452165154790108,
    0.011338826885128214,
    0.011226599105392445,
    0.011115471251786411,
    0.01100543285195823,
    0.010896473524475949,
    0.010788582978293357,
    0.010681751012207499,
    0.010575967514314177,
    0.01047122246146333,
    0.010367505918713271,
    0.010264808038783204,
    0.010163119061499928,
    0.010062429313233829,
    0.009962729206327185,
    0.009864009238523236,
    0.009766259992398437,
    0.00966947213479442,
    0.009573636416248331,
    0.00947874367042233,
    0.009384784813532292,
    0.009291750843774125,
    0.009199632840744609,
    0.009108421964855614,
    0.009018109456745775,
    0.008928686636695158,
    0.008840144904044167,
    0.008752475736614234,
    0.008665670690128746,
    0.008579721397634688,
    0.008494619568923797,
    0.008410356989948934,
    0.008326925522236805,
    0.008244317102304603,
    0.008162523741082759,
    0.008081537523339509,
    0.008001350607106212,
    0.007921955223105893,
    0.007843343674184959,
    0.007765508334745172
]