[
    0.0,
    0.0,
    0.0001429941574210338,
    0.00014203616604504908,
    0.0001410746689974459,
    0.00014011006871726176,
    0.00013914275342910933,
    0.00013817309757975553,
    0.00013720146226989618,
    0.0001362281956750066,
    0.00013525363345293177,
    0.0001342780991420049,
    0.00013330190454991317,
    0.000132325350129475,
    0.0001313487253387121,
    0.00013037230898936447,
    0.0001293963695903883,
    0.00012842116568252318,
    0.00012744694615929124,
    0.00012647395057942913,
    0.0001255024094712532,
    0.00012453254462465815,
    0.00012356456937079975,
    0.00012259868884703786,
    0.00012163510024445612,
    0.00012067399304706912,
    0.00011971554926807865,
    0.00011875994367325261,
    0.00011780734399172317,
    0.00011685791112039289,
    0.0001159117993204512,
    0.00011496915641504,
    0.00011403012399483791,
    0.00011309483761315706,
    0.0001121634269539872,
    0.00011123601598822714,
    0.00011031272312800714,
    0.0001093936613651846,
    0.00010847893840192519,
    0.00010756865679746177,
    0.00010666291413056634,
    0.00010576180315253071,
    0.0001048654119116108,
    0.00010397382386198684,
    0.00010308711798177052,
    0.00010220536889880499,
    0.00010132864701485969,
    0.00010045701863308186,
    9.959054608467324e-05,
    9.872928784082971e-05,
    9.787329860787256e-05,
    9.702262941867089e-05,
    9.617732772527877e-05,
    9.533743748288957e-05,
    9.450299921902942e-05,
    9.367405009253031e-05,
    9.28506239899124e-05,
    9.203275169341441e-05,
    9.12204610475396e-05,
    9.041377704874126e-05,
    8.961272186924202e-05,
    8.881731486785306e-05,
    8.802757266139629e-05,
    8.724350926856312e-05,
    8.646513622106503e-05,
    8.569246259166356e-05,
    8.492549501879306e-05,
    8.416423775581778e-05,
    8.340869271839473e-05,
    8.265885955251748e-05,
    8.191473575374253e-05,
    8.117631684669937e-05,
    8.044359655093144e-05,
    7.97165668271445e-05,
    7.899521783897801e-05,
    7.827953793484185e-05,
    7.75695137038099e-05,
    7.686513012158135e-05,
    7.616637069567995e-05,
    7.547321749638893e-05,
    7.478565116417791e-05,
    7.410365099905324e-05,
    7.342719506359664e-05,
    7.275626026181272e-05,
    7.209082240903445e-05,
    7.143085629292593e-05,
    7.077633575439777e-05,
    7.012723376660087e-05,
    6.94835224485305e-05,
    6.884517303020819e-05,
    6.821215585479954e-05,
    6.75844404768645e-05,
    6.696199579789222e-05,
    6.634479013095643e-05,
    6.573279122983661e-05,
    6.51259663802378e-05,
    6.452428250578235e-05,
    6.392770620157069e-05,
    6.333620371870951e-05,
    6.27497409684805e-05,
    6.216828356761414e-05,
    6.159179689838704e-05,
    6.102024617023706e-05,
    6.0453596492575974e-05,
    5.989181294714741e-05,
    5.933486062970282e-05,
    5.878270467302416e-05,
    5.82353102819866e-05,
    5.7692642752581264e-05,
    5.71546674450606e-05,
    5.662134974254388e-05,
    5.609265505160518e-05,
    5.556854886448264e-05,
    5.5048996824098985e-05,
    5.45339647327034e-05,
    5.4023418536319996e-05,
    5.351732433585759e-05,
    5.301564840146288e-05,
    5.251835715835946e-05,
    5.202541717053857e-05,
    5.1536795133407754e-05,
    5.105245785286869e-05,
    5.057237222410549e-05,
    5.0096505244817564e-05,
    4.9624824052993205e-05,
    4.915729595287229e-05,
    4.8693888422392e-05,
    4.823456910790077e-05,
    4.777930581736154e-05,
    4.732806653496526e-05,
    4.688081944974337e-05,
    4.643753297008316e-05,
    4.599817571998862e-05,
    4.556271653004826e-05,
    4.513112444552654e-05,
    4.470336875754441e-05,
    4.427941901522108e-05,
    4.3859244997175835e-05,
    4.3442816681955835e-05,
    4.303010424642889e-05,
    4.2621078080056e-05,
    4.221570879685532e-05,
    4.181396724121456e-05,
    4.141582448883e-05,
    4.102125184369144e-05,
    4.063022083511274e-05,
    4.0242703215972776e-05,
    3.98586709600251e-05,
    3.94780962534905e-05,
    3.910095148136059e-05,
    3.87272092222809e-05,
    3.835684225725375e-05,
    3.798982357896993e-05,
    3.762612639305218e-05,
    3.726572411485555e-05,
    3.690859036548069e-05,
    3.655469896830204e-05,
    3.620402394746983e-05,
    3.585653952657094e-05,
    3.5512220126736176e-05,
    3.5171040367595835e-05,
    3.483297507008137e-05,
    3.449799925738659e-05,
    3.4166088154727026e-05,
    3.38372171873498e-05,
    3.351136197522449e-05,
    3.318849832632725e-05,
    3.286860223110889e-05,
    3.255164986060499e-05,
    3.2237617567359356e-05,
    3.192648188480807e-05,
    3.1618219523776335e-05,
    3.131280736794092e-05,
    3.1010222470072464e-05,
    3.071044204923678e-05,
    3.0413443487911398e-05,
    3.0119204329037753e-05,
    2.98277022732921e-05,
    2.953891517662992e-05,
    2.9252821048436037e-05,
    2.896939804953721e-05,
    2.8688624490429055e-05,
    2.8410478830313244e-05,
    2.8134939674584866e-05,
    2.7861985770602607e-05,
    2.7591596004674735e-05,
    2.732374939966468e-05,
    2.7058425111633098e-05,
    2.6795602428337155e-05,
    2.6535260770921596e-05,
    2.627737969497955e-05,
    2.6021938887175593e-05,
    2.5768918158373483e-05,
    2.5518297437923692e-05,
    2.527005677061341e-05,
    2.5024176316391537e-05,
    2.478063635175752e-05,
    2.4539417266543434e-05,
    2.4300499554063657e-05,
    2.4063863802756388e-05,
    2.382949069750086e-05,
    2.3597361024474826e-05,
    2.3367455671184225e-05,
    2.3139755626820544e-05,
    2.291424198560404e-05,
    2.2690895948686943e-05,
    2.2469698821571242e-05,
    2.2250632006832667e-05,
    2.2033676996175385e-05,
    2.1818815364863053e-05,
    2.160602877045227e-05,
    2.1395298956457172e-05,
    2.1186607755634115e-05,
    2.0979937089379208e-05,
    2.077526896786569e-05,
    2.0572585494783836e-05,
    2.0371868873036818e-05,
    2.0173101407901714e-05,
    1.997626550776606e-05,
    1.9781343682648563e-05,
    1.9588318541749028e-05,
    1.9397172789917798e-05,
    1.9207889221757365e-05,
    1.9020450717386567e-05,
    1.8834840244587032e-05,
    1.8651040864518503e-05,
    1.8469035736651003e-05,
    1.8288808121643698e-05,
    1.811034138277347e-05,
    1.7933618987246634e-05,
    1.7758624506212174e-05,
    1.7585341613767234e-05,
    1.74137540885041e-05,
    1.7243845817854857e-05,
    1.7075600802693296e-05,
    1.6909003161754946e-05,
    1.674403713650655e-05,
    1.6580687095934995e-05,
    1.641893754024855e-05,
    1.6258773102750498e-05,
    1.6100178550524113e-05,
    1.5943138785263036e-05,
    1.578763884400432e-05,
    1.5633663899998424e-05,
    1.5481199265152152e-05,
    1.5330230393057826e-05,
    1.518074288082979e-05,
    1.503272246877012e-05,
    1.4886155036091357e-05,
    1.4741026595843763e-05,
    1.459732329590278e-05,
    1.445503142268539e-05,
    1.4314137399491577e-05,
    1.4174627782333874e-05,
    1.4036489259855944e-05,
    1.3899708656127036e-05,
    1.3764272930941403e-05,
    1.3630169177988587e-05,
    1.3497384624765281e-05,
    1.336590663034797e-05,
    1.3235722678766525e-05,
    1.3106820375307583e-05,
    1.297918744745054e-05,
    1.2852811745471058e-05,
    1.2727681241700546e-05,
    1.2603784028224617e-05,
    1.2481108312508522e-05,
    1.2359642413797984e-05,
    1.223937476068528e-05,
    1.2120293887225635e-05,
    1.2002388429488574e-05,
    1.188564712387508e-05,
    1.1770058804422563e-05,
    1.1655612399593729e-05,
    1.1542296930519978e-05,
    1.1430101509779268e-05,
    1.131901533960893e-05,
    1.1209027709351683e-05,
    1.110012799275489e-05,
    1.0992305646050964e-05,
    1.0885550206716056e-05,
    1.0779851292618332e-05,
    1.0675198601334805e-05,
    1.0571581908762146e-05,
    1.0468991067043845e-05,
    1.0367416003764076e-05,
    1.0266846722797245e-05,
    1.0167273303747366e-05,
    1.0068685898989021e-05,
    9.971074730897838e-06,
    9.874430089836779e-06,
    9.778742332061517e-06,
    9.684001879116834e-06,
    9.590199217889074e-06,
    9.497324898318894e-06,
    9.405369533477429e-06,
    9.314323806786373e-06,
    9.224178480181423e-06,
    9.134924393962842e-06,
    9.046552457158838e-06,
    8.959053639688896e-06,
    8.872418973726853e-06,
    8.786639555870208e-06,
    8.701706546299735e-06,
    8.617611170095221e-06,
    8.534344719377287e-06,
    8.451898551500134e-06,
    8.370264084602638e-06,
    8.289432796747793e-06,
    8.209396231446947e-06,
    8.130146007400216e-06,
    8.051673828150508e-06,
    7.973971486118823e-06,
    7.89703085915192e-06,
    7.820843903248155e-06,
    7.745402649512044e-06,
    7.670699210267194e-06,
    7.596725788051929e-06,
    7.523474680341522e-06,
    7.450938280254481e-06,
    7.37910907367251e-06,
    7.307979634259848e-06,
    7.237542621660093e-06,
    7.167790785793296e-06,
    7.098716977936182e-06,
    7.030314161167255e-06,
    6.962575408262527e-06,
    6.895493891315396e-06,
    6.829062874170948e-06,
    6.763275708410366e-06,
    6.698125832304953e-06,
    6.633606774783501e-06,
    6.569712160883092e-06,
    6.506435712906324e-06,
    6.443771246768889e-06,
    6.381712667190029e-06,
    6.320253965754189e-06,
    6.259389221171193e-06,
    6.199112598159844e-06,
    6.13941834655621e-06,
    6.080300803307765e-06,
    6.021754393581004e-06,
    5.96377362855801e-06,
    5.90635310356067e-06,
    5.8494874978196225e-06,
    5.793171574152653e-06,
    5.737400178758147e-06,
    5.6821682405308885e-06,
    5.627470767852439e-06,
    5.573302843614091e-06,
    5.5196596213301826e-06,
    5.466536324122847e-06,
    5.413928246377707e-06,
    5.36183075591525e-06,
    5.310239293555823e-06,
    5.259149370093296e-06,
    5.20855656438637e-06,
    5.15845652373481e-06,
    5.10884496450859e-06,
    5.059717671812373e-06,
    5.01107049820073e-06,
    4.962899362326932e-06,
    4.915200248840375e-06,
    4.867969209876191e-06,
    4.8212023670101215e-06,
    4.774895911963003e-06,
    4.729046104551575e-06,
    4.683649268953842e-06,
    4.638701791902593e-06,
    4.594200122820307e-06,
    4.550140772446581e-06,
    4.506520309988562e-06,
    4.463335361616628e-06,
    4.420582611293901e-06,
    4.3782588037005e-06,
    4.3363607480222855e-06,
    4.29488531932118e-06,
    4.253829455510119e-06,
    4.213190151984406e-06,
    4.1729644582608355e-06,
    4.133149479238892e-06,
    4.0937423772345826e-06,
    4.054740369123448e-06,
    4.016140720809582e-06,
    3.977940742961684e-06,
    3.9401377872288214e-06,
    3.902729245621682e-06,
    3.865712556027237e-06,
    3.829085205019582e-06,
    3.792844720951442e-06,
    3.7569886679899785e-06,
    3.721514648164589e-06,
    3.6864203060187895e-06,
    3.6517033347124984e-06,
    3.617361481260454e-06,
    3.5833925461517867e-06,
    3.5497943757029534e-06,
    3.5165648452993895e-06,
    3.4837018466938474e-06,
    3.4512032967345993e-06,
    3.4190671516545303e-06,
    3.3872913967979028e-06,
    3.3558740198030476e-06,
    3.324813006542497e-06,
    3.2941063618523634e-06,
    3.2637521212393125e-06,
    3.2337483505711407e-06,
    3.2040931438574304e-06,
    3.174784614685929e-06,
    3.1458208911701402e-06,
    3.1172001232926504e-06,
    3.088920486628412e-06,
    3.0609801729098867e-06,
    3.033377387282464e-06,
    3.006110360174645e-06,
    2.979177350107598e-06,
    2.952576631164255e-06,
    2.9263064789829684e-06,
    2.900365157810622e-06,
    2.8747509030302423e-06,
    2.8494619051983084e-06,
    2.8244963184033387e-06,
    2.799852292635319e-06,
    2.7755279998853277e-06,
    2.7515216465074462e-06,
    2.7278314762598136e-06,
    2.7044557401057932e-06,
    2.6813926291212474e-06,
    2.6586402165225537e-06,
    2.636196458080071e-06,
    2.6140592538274466e-06,
    2.5922264984039133e-06,
    2.5706960729995674e-06,
    2.549465842240274e-06,
    2.5285336857441203e-06,
    2.5078974860278307e-06,
    2.4875550420047547e-06,
    2.46750399092193e-06,
    2.447741801540191e-06,
    2.4282658207833553e-06,
    2.409073328696021e-06,
    2.390161566943347e-06,
    2.3715277542502023e-06,
    2.353169097372852e-06,
    2.335082750052416e-06,
    2.3172657122108603e-06,
    2.299714730699108e-06,
    2.282426272688105e-06,
    2.2653966130899895e-06,
    2.248621984631084e-06,
    2.232098671291029e-06,
    2.215822983023089e-06,
    2.1997911752146428e-06,
    2.183999427840149e-06,
    2.168443885216396e-06,
    2.1531206629335933e-06,
    2.1380258217449694e-06,
    2.123155363726873e-06,
    2.108505228630678e-06,
    2.0940712904806737e-06,
    2.079849398668811e-06,
    2.0658354355275165e-06,
    2.0520253404640424e-06,
    2.0384150899977453e-06,
    2.025000656156663e-06,
    2.011777981822329e-06,
    1.9987429837350423e-06,
    1.985891561105322e-06,
    1.9732195935374088e-06,
    1.9607229655283e-06,
    1.9483976275586155e-06,
    1.9362396140039265e-06,
    1.924244992782842e-06,
    1.9124098009376516e-06,
    1.9007300028957812e-06,
    1.8892014960078975e-06,
    1.8778201565103044e-06,
    1.8665818938170788e-06,
    1.85548270246856e-06,
    1.8445186925941321e-06,
    1.8336860808086452e-06,
    1.8229811671070382e-06,
    1.8124003266932945e-06,
    1.8019400024179529e-06,
    1.7915966795429456e-06,
    1.781366857265134e-06,
    1.7712470393530763e-06,
    1.7612337471489883e-06,
    1.7513235405748395e-06,
    1.7415130338207473e-06,
    1.731798885770192e-06,
    1.7221777707179126e-06,
    1.7126463900660299e-06,
    1.7032015303117614e-06,
    1.6938400983589802e-06,
    1.6845591128563502e-06,
    1.6753556811439958e-06,
    1.6662269953274934e-06,
    1.6571703566316865e-06,
    1.648183191343202e-06,
    1.639263034977902e-06,
    1.6304075169353804e-06,
    1.6216143593183196e-06,
    1.6128813571526085e-06,
    1.6042063562823692e-06,
    1.5955872602346514e-06,
    1.58702202542262e-06,
    1.5785086359766691e-06,
    1.5700451139660185e-06,
    1.56162956232465e-06,
    1.5532601750311504e-06,
    1.5449351986463692e-06,
    1.5366529065717283e-06,
    1.5284116182627164e-06,
    1.5202097268560538e-06,
    1.5120457166351264e-06,
    1.5039181740045608e-06,
    1.4958257749967835e-06,
    1.4877672600649907e-06,
    1.4797414321064078e-06,
    1.4717471694817285e-06,
    1.463783427570152e-06,
    1.4558492222803354e-06,
    1.4479435977645563e-06,
    1.440065606051571e-06,
    1.4322143267425636e-06,
    1.4243888977841045e-06,
    1.416588517385172e-06,
    1.4088124300442686e-06,
    1.401059920303819e-06,
    1.3933303119146239e-06,
    1.3856229669857109e-06,
    1.3779372894315214e-06,
    1.3702727323385625e-06,
    1.3626287907919236e-06,
    1.3550049906144848e-06,
    1.3474009247417097e-06,
    1.3398163172988286e-06,
    1.3322510256884293e-06,
    1.3247049758094682e-06,
    1.3171781050184051e-06,
    1.3096703475489784e-06,
    1.3021816441969632e-06,
    1.2947119491275813e-06,
    1.2872612262822442e-06,
    1.2798294530104562e-06,
    1.2724166425010993e-06,
    1.265022860475839e-06,
    1.2576482151124793e-06,
    1.2502928398857911e-06,
    1.2429568933451014e-06,
    1.2356405724415448e-06,
    1.228344112742545e-06,
    1.2210677670070491e-06,
    1.213811787711492e-06,
    1.2065764258403104e-06,
    1.1993619347048605e-06,
    1.1921685687895856e-06,
    1.1849965795128088e-06,
    1.1778462150305207e-06,
    1.1707177201781907e-06,
    1.1636113320797882e-06,
    1.1565272788144172e-06,
    1.149465783752966e-06,
    1.1424270682742225e-06,
    1.1354113509175879e-06,
    1.1284188515931303e-06,
    1.1214498055014457e-06,
    1.1145044748601795e-06,
    1.1075831511849056e-06,
    1.1006861491587824e-06,
    1.093813788219964e-06,
    1.0869663751992103e-06,
    1.0801442011257454e-06,
    1.0733475444226166e-06,
    1.0665766781533572e-06,
    1.059831873769124e-06,
    1.0531133930854816e-06,
    1.0464214851872919e-06,
    1.0397563947569709e-06,
    1.033118365535047e-06,
    1.0265076356854831e-06,
    1.0199244329606712e-06,
    1.0133689716192257e-06,
    1.0068414509433364e-06,
    1.0003420556891445e-06,
    9.938709578696266e-07,
    9.874283193061605e-07,
    9.810142995180247e-07,
    9.74629071977997e-07,
    9.682728333123067e-07,
    9.619457918946295e-07,
    9.55648150483605e-07,
    9.493800993967336e-07,
    9.431418160517454e-07,
    9.369334630210108e-07,
    9.307551850404917e-07,
    9.246071113880648e-07,
    9.184893677337673e-07,
    9.124020870910974e-07,
    9.063454086959135e-07,
    9.003194718947797e-07,
    8.943244131660613e-07,
    8.883603640194716e-07,
    8.82427449998524e-07,
    8.765257931053498e-07,
    8.706555144858631e-07,
    8.648167330648062e-07,
    8.590095596858657e-07,
    8.532340911540437e-07,
    8.474904099276069e-07,
    8.417785888873472e-07,
    8.360986959240085e-07,
    8.304507949521299e-07,
    8.248349447289026e-07,
    8.192511998115721e-07,
    8.136996132934195e-07,
    8.081802376769885e-07,
    8.026931236649417e-07,
    7.972383189926039e-07,
    7.918158695981131e-07,
    7.864258216387806e-07,
    7.810682203531619e-07,
    7.75743106425619e-07,
    7.7045051218338e-07,
    7.651904581796072e-07,
    7.599629517864872e-07,
    7.547679890975466e-07,
    7.496055584055691e-07,
    7.444756422433101e-07,
    7.393782174928031e-07,
    7.34313255483797e-07,
    7.29280723139589e-07,
    7.242805851340086e-07,
    7.193128059998563e-07,
    7.143773498818995e-07,
    7.09474177232268e-07,
    7.046032420800607e-07,
    6.997644939067078e-07,
    6.949578805092135e-07,
    6.901833460645678e-07,
    6.854408272318065e-07,
    6.807302522978672e-07,
    6.760515425601579e-07,
    6.714046139224938e-07,
    6.667893786954496e-07,
    6.622057468802736e-07,
    6.576536259883903e-07,
    6.53132919911939e-07,
    6.486435280545489e-07,
    6.4418534659641e-07,
    6.397582713825488e-07,
    6.35362199130538e-07,
    6.309970262951761e-07,
    6.266626474952667e-07,
    6.223589542056789e-07,
    6.180858332498249e-07,
    6.138431662255038e-07,
    6.096308312043239e-07,
    6.054487041860498e-07,
    6.012966578404573e-07,
    5.971745602631262e-07,
    5.930822759746883e-07,
    5.890196666912241e-07,
    5.849865914148825e-07,
    5.809829082606935e-07,
    5.770084769060429e-07,
    5.73063158628767e-07,
    5.691468139869908e-07,
    5.65259300755496e-07,
    5.614004738129789e-07,
    5.575701869307294e-07,
    5.537682945338325e-07,
    5.499946507229448e-07,
    5.462491072680583e-07,
    5.425315141162945e-07,
    5.388417207235294e-07,
    5.351795753223644e-07,
    5.315449231870705e-07,
    5.279376063440457e-07,
    5.24357465692475e-07,
    5.208043438807916e-07,
    5.172780859494305e-07,
    5.13778537399798e-07,
    5.103055423016321e-07,
    5.068589424214476e-07,
    5.034385763768301e-07,
    5.000442795735521e-07,
    4.966758860483526e-07,
    4.933332306510195e-07,
    4.900161491116178e-07,
    4.867244762382513e-07,
    4.834580447127432e-07,
    4.802166857561142e-07,
    4.770002310523067e-07,
    4.7380851444036363e-07,
    4.706413723038243e-07,
    4.674986432332096e-07,
    4.6438016752498764e-07,
    4.6128578634720874e-07,
    4.582153412728382e-07,
    4.5516867468936197e-07,
    4.521456307089163e-07,
    4.4914605538120544e-07,
    4.4616979455630204e-07,
    4.432166911334445e-07,
    4.402865853613314e-07,
    4.3737931711179736e-07,
    4.3449472630763756e-07,
    4.3163265171864963e-07,
    4.287929304339034e-07,
    4.25975398458258e-07,
    4.2317989268120824e-07,
    4.2040625339401284e-07,
    4.176543250402743e-07,
    4.149239542236919e-07,
    4.1221498629431345e-07,
    4.095272642627293e-07,
    4.068606314180599e-07,
    4.0421493400456656e-07,
    4.015900220636955e-07,
    3.989857495285553e-07,
    3.964019740344252e-07,
    3.938385568698525e-07,
    3.912953629349555e-07,
    3.8877225975996134e-07,
    3.8626911575680477e-07,
    3.837857990636434e-07,
    3.813221778744161e-07,
    3.78878121665887e-07,
    3.7645350250025195e-07,
    3.7404819602045533e-07,
    3.7166208153063587e-07,
    3.6929504132455387e-07,
    3.6694695991742797e-07,
    3.646177233084949e-07,
    3.6230721839138527e-07,
    3.600153326249071e-07,
    3.5774195395104967e-07,
    3.554869704872626e-07,
    3.532502701088283e-07,
    3.510317412908988e-07,
    3.4883127471590584e-07,
    3.466487637054395e-07,
    3.444841040690496e-07,
    3.423371946144913e-07,
    3.402079370007649e-07,
    3.3809623430222865e-07,
    3.3600199003984815e-07,
    3.3392510788561594e-07,
    3.31865491372955e-07,
    3.298230447443962e-07,
    3.2779767480248176e-07,
    3.257892916882451e-07,
    3.2379780831661066e-07,
    3.218231399254579e-07,
    3.1986520413901546e-07,
    3.179239211300027e-07,
    3.1599921348623336e-07,
    3.140910050121214e-07,
    3.121992190678715e-07,
    3.103237785774194e-07,
    3.0846460766814095e-07,
    3.0662163280195636e-07,
    3.0479478293201613e-07,
    3.0298398956312206e-07,
    3.01189186721453e-07,
    2.994103110204903e-07,
    2.976473022921113e-07,
    2.959001037522627e-07,
    2.9416866068012437e-07,
    2.924529187374247e-07,
    2.9075282359868183e-07,
    2.890683217887327e-07,
    2.8739936123821256e-07,
    2.8574589109551906e-07,
    2.8410786163209663e-07,
    2.8248522442668535e-07,
    2.808779325509168e-07,
    2.792859408506924e-07,
    2.777092058569598e-07,
    2.7614768466632997e-07,
    2.746013338113362e-07,
    2.7307010933868175e-07,
    2.7155396706834726e-07,
    2.700528622818091e-07,
    2.6856675016873335e-07,
    2.6709558733396533e-07,
    2.656393329470982e-07,
    2.641979486568623e-07,
    2.627713974307663e-07,
    2.613596427681031e-07,
    2.5996264948362647e-07,
    2.585803846060535e-07,
    2.57212816890963e-07,
    2.558599161253167e-07,
    2.545216532317688e-07,
    2.531980003719388e-07,
    2.5188893074154537e-07,
    2.505944182495525e-07,
    2.4931443729419514e-07,
    2.480489632950838e-07,
    2.467979732380557e-07,
    2.4556144501726394e-07,
    2.443393566463938e-07,
    2.4313168645850095e-07,
    2.419384134211671e-07,
    2.4075951700011423e-07,
    2.3959497713919334e-07,
    2.384447744781611e-07,
    2.373088903337567e-07,
    2.3618730681413262e-07,
    2.3508000757343218e-07,
    2.3398697821520925e-07,
    2.3290820594657042e-07,
    2.3184367908070225e-07,
    2.307933865078447e-07,
    2.2975731727083417e-07,
    2.2873545939674612e-07,
    2.2772779824243848e-07,
    2.2673431662009112e-07,
    2.2575499592792375e-07,
    2.2478981692000294e-07,
    2.2383876130566653e-07,
    2.2290181343876611e-07,
    2.2197896023494054e-07,
    2.2107018949283408e-07,
    2.2017548811216727e-07,
    2.1929484219505913e-07,
    2.18428238652588e-07,
    2.1757566535437854e-07,
    2.1673711009827728e-07,
    2.159125607651254e-07,
    2.1510200526951806e-07,
    2.1430543041841496e-07,
    2.1352282241458267e-07,
    2.1275416870635721e-07,
    2.1199945740513433e-07,
    2.1125867410606682e-07,
    2.105317997276649e-07,
    2.0981881086799848e-07,
    2.0911968058463174e-07,
    2.0843437795730104e-07,
    2.0776286742877464e-07,
    2.0710510899173793e-07,
    2.064610586114229e-07,
    2.0583066892637592e-07,
    2.0521389069761316e-07,
    2.0461067291599808e-07,
    2.0402096078574724e-07,
    2.0344469483551897e-07,
    2.028818129391268e-07,
    2.023322534524445e-07,
    2.017959564906237e-07,
    2.0127286192992116e-07,
    2.007629070702875e-07,
    2.0026602736354304e-07,
    1.997821582312383e-07,
    1.993112345156188e-07,
    1.9885318825736046e-07,
    1.9840794834924525e-07,
    1.9797544301602397e-07,
    1.9755560182647213e-07,
    1.9714835607449703e-07,
    1.967536391909274e-07,
    1.963713868654809e-07,
    1.9600153626334076e-07,
    1.9564402489361217e-07,
    1.9529878909843183e-07,
    1.9496576085916482e-07,
    1.9464486447010336e-07,
    1.9433601862407756e-07,
    1.9403914251011002e-07,
    1.9375415783163838e-07,
    1.9348098623505544e-07,
    1.9321954766710484e-07,
    1.9296976001247776e-07,
    1.9273153660074882e-07,
    1.9250478221103984e-07,
    1.9228939250838926e-07,
    1.9208525850050991e-07,
    1.9189227114806563e-07,
    1.9171032359947705e-07,
    1.9153931390729752e-07,
    1.9137914821401062e-07,
    1.912297410224812e-07,
    1.9109101243116075e-07,
    1.9096288605456782e-07,
    1.908452891971003e-07,
    1.9073815301801583e-07,
    1.9064141110434165e-07,
    1.905549967743214e-07,
    1.9047884192224966e-07,
    1.9041287993543842e-07,
    1.9035704953173545e-07,
    1.9031129538378467e-07,
    1.9027556580708593e-07,
    1.9024981080209382e-07,
    1.9023398217914148e-07,
    1.9022803411302272e-07,
    1.902319228331595e-07,
    1.9024560358957393e-07,
    1.9026902433026485e-07,
    1.9030212052012748e-07,
    1.903448148405514e-07,
    1.9039702012549548e-07,
    1.9045864145643603e-07,
    1.9052957836076804e-07,
    1.906097275455559e-07,
    1.9069898234141198e-07,
    1.9079723216802016e-07,
    1.9090436440880033e-07,
    1.9102026435937282e-07,
    1.9114481320611e-07,
    1.9127788494116997e-07,
    1.9141934219703146e-07,
    1.9156903604945022e-07,
    1.9172681293456347e-07,
    1.9189252323954656e-07,
    1.9206602545794408e-07,
    1.9224718424024906e-07,
    1.9243586425480712e-07,
    1.926319233959916e-07,
    1.9283520795373223e-07,
    1.9304555350971718e-07,
    1.932627922066103e-07,
    1.934867601294123e-07,
    1.937173005396986e-07,
    1.9395426395349934e-07,
    1.9419750715231591e-07,
    1.9444689326933695e-07,
    1.9470229241865474e-07,
    1.9496358124805994e-07,
    1.9523064249343418e-07,
    1.955033639695887e-07,
    1.9578163644138945e-07,
    1.96065354253171e-07,
    1.9635441931955241e-07,
    1.9664874123817771e-07,
    1.9694823006972914e-07,
    1.9725279071401328e-07,
    1.9756232515565797e-07,
    1.978767352936121e-07,
    1.9819592237797267e-07,
    1.9851978876362369e-07,
    1.988482425864021e-07,
    1.9918119901085642e-07,
    1.995185750603846e-07,
    1.9986028438001833e-07,
    2.002062384091274e-07,
    2.005563481380289e-07,
    2.00910520530329e-07,
    2.0126865610577075e-07,
    2.0163065369066947e-07,
    2.01996416423075e-07,
    2.0236585118665633e-07,
    2.0273886319229504e-07,
    2.0311535170726278e-07,
    2.034952106178986e-07,
    2.0387833390044196e-07,
    2.0426462176808483e-07,
    2.046539831945231e-07,
    2.0504633352353617e-07,
    2.0544158895038527e-07,
    2.058396621844884e-07,
    2.062404618058136e-07,
    2.0664389348753977e-07,
    2.0704985997058566e-07,
    2.0745825977918684e-07,
    2.078689859221224e-07,
    2.0828192458085186e-07,
    2.0869695569452157e-07,
    2.091139567272715e-07,
    2.0953280582036555e-07,
    2.0995338113942745e-07,
    2.103755602238214e-07,
    2.107992218883315e-07,
    2.1122424877548372e-07,
    2.11650532493654e-07,
    2.1207797750022404e-07,
    2.1250649472290316e-07,
    2.1293599129221627e-07,
    2.1336636860143023e-07,
    2.1379752939631796e-07,
    2.1422938554646574e-07,
    2.14661855489093e-07,
    2.1509485388340598e-07,
    2.155282883645041e-07,
    2.1596206472933434e-07,
    2.1639608888305287e-07,
    2.1683026358270233e-07,
    2.1726448973940453e-07,
    2.176986716352696e-07,
    2.1813271366203497e-07,
    2.185665131385109e-07,
    2.1899996226347143e-07,
    2.194329526809428e-07,
    2.1986537351470123e-07,
    2.2029710809730913e-07,
    2.207280365749055e-07,
    2.2115804176920122e-07,
    2.2158700981531116e-07,
    2.2201482688847525e-07,
    2.2244138049159143e-07,
    2.2286656334262632e-07,
    2.2329027205781118e-07,
    2.2371240453749825e-07,
    2.2413286513792203e-07,
    2.2455157113356075e-07,
    2.249684494617586e-07,
    2.2538343153698845e-07,
    2.2579645519639322e-07,
    2.262074653566806e-07,
    2.2661640756117753e-07,
    2.270232195958404e-07,
    2.2742782441391373e-07,
    2.2783012695777446e-07,
    2.2823001808651466e-07,
    2.2862738234448005e-07,
    2.2902210375187803e-07,
    2.294140689845709e-07,
    2.2980316861359017e-07,
    2.3018929579133893e-07,
    2.3057234557689954e-07,
    2.309522167994123e-07,
    2.3132880950579325e-07,
    2.3170201677069217e-07,
    2.3207172346773148e-07,
    2.32437814433287e-07,
    2.328001800533814e-07,
    2.3315871556974107e-07,
    2.3351331853812048e-07,
    2.3386388877246792e-07,
    2.3421033257813029e-07,
    2.3455256632981481e-07,
    2.3489051756204088e-07,
    2.3522412786617724e-07,
    2.3555335517457247e-07,
    2.3587817061154857e-07,
    2.3619855417740354e-07,
    2.3651449468527278e-07,
    2.36825989119636e-07,
    2.371330378164641e-07,
    2.3743564325285412e-07,
    2.3773381421768203e-07,
    2.3802756520770294e-07,
    2.3831690869685198e-07,
    2.386018504090448e-07,
    2.3888239349715077e-07,
    2.3915854506194865e-07,
    2.394303161441045e-07,
    2.396977158265724e-07,
    2.3996074830556814e-07,
    2.4021941701553005e-07,
    2.4047372989881933e-07,
    2.407236993853725e-07,
    2.4096933887233875e-07,
    2.4121066213284885e-07,
    2.4144768505713534e-07,
    2.4168042448725367e-07,
    2.419088947424868e-07,
    2.4213310704902855e-07,
    2.4235307300684156e-07,
    2.425688068855297e-07,
    2.427803278948817e-07,
    2.4298766588391327e-07,
    2.4319086187936467e-07,
    2.4338996062842923e-07,
    2.4358500489029326e-07,
    2.437760331784421e-07,
    2.439630769429473e-07,
    2.4414615719752857e-07,
    2.443252811691984e-07,
    2.4450044349261146e-07,
    2.44671636982932e-07,
    2.448388655749831e-07,
    2.450021459311656e-07,
    2.451614978263395e-07,
    2.4531693683791965e-07,
    2.454684743558143e-07,
    2.4561611815545204e-07,
    2.4575987018597927e-07,
    2.458997232691137e-07,
    2.4603566058740536e-07,
    2.4616766013401583e-07,
    2.4629570076013234e-07,
    2.464197659607031e-07,
    2.4653984488707934e-07,
    2.466559333445598e-07,
    2.4676803479095465e-07,
    2.4687615755450507e-07,
    2.4698031046101877e-07,
    2.4708050173055525e-07,
    2.471767400347947e-07,
    2.472690344776374e-07,
    2.473573945703951e-07,
    2.4744183233240376e-07,
    2.475223638482294e-07,
    2.475990092226066e-07,
    2.47671793591787e-07,
    2.4774074866101396e-07,
    2.4780591266336946e-07,
    2.478673287557847e-07,
    2.47925043432995e-07,
    2.479791065232718e-07,
    2.4802957171305326e-07,
    2.480764944743627e-07,
    2.4811992948267414e-07,
    2.48159931681389e-07,
    2.4819655579497166e-07,
    2.482298506691076e-07,
    2.482598562162077e-07,
    2.4828660553781587e-07,
    2.4831012600715813e-07,
    2.4833043930925565e-07,
    2.483475635266912e-07,
    2.4836151673790125e-07,
    2.4837232210979103e-07,
    2.4838001041793753e-07,
    2.483846149431076e-07,
    2.4838616437490623e-07,
    2.4838468132700527e-07,
    2.483801859075395e-07,
    2.483727007685534e-07,
    2.4836225461073225e-07,
    2.4834888165988916e-07,
    2.483326166533722e-07,
    2.483134888631795e-07,
    2.4829151865352013e-07,
    2.4826671754138957e-07,
    2.482390927104129e-07,
    2.482086500124709e-07,
    2.4817538906026787e-07,
    2.481392998213953e-07,
    2.4810036854825136e-07,
    2.480585831689881e-07,
    2.4801393180194737e-07,
    2.4796640079189616e-07,
    2.479159747081134e-07,
    2.4786263586381344e-07,
    2.478063657433463e-07,
    2.4774715116917473e-07,
    2.476849908712063e-07,
    2.4761989442074787e-07,
    2.475518736351544e-07,
    2.474809364277752e-07,
    2.474070868327481e-07,
    2.473303259711539e-07,
    2.472506525333351e-07,
    2.471680632571242e-07,
    2.470825529354842e-07,
    2.469941167120982e-07,
    2.469027541835953e-07,
    2.46808470713454e-07,
    2.467112778097556e-07,
    2.466111939656941e-07,
    2.4650824009082625e-07,
    2.4640243183672187e-07,
    2.462937773957418e-07,
    2.4618228025321416e-07,
    2.4606794367758224e-07,
    2.4595077514956194e-07,
    2.4583078632283365e-07,
    2.4570798858044193e-07,
    2.455823899607991e-07,
    2.4545399692774974e-07,
    2.4532281959773896e-07,
    2.451888756033217e-07,
    2.4505218916117866e-07,
    2.4491278714143665e-07,
    2.447706951904961e-07,
    2.4462593390900675e-07,
    2.4447851719965376e-07,
    2.44328456148638e-07,
    2.4417576329144814e-07,
    2.4402045302268146e-07,
    2.438625419913578e-07,
    2.437020499178018e-07,
    2.43538998321543e-07,
    2.433734080204486e-07,
    2.432052983122213e-07,
    2.430346878193676e-07,
    2.4286159409556004e-07,
    2.426860332278995e-07,
    2.4250802066959965e-07,
    2.423275696369521e-07,
    2.4214468750149155e-07,
    2.4195937544489324e-07,
    2.4177163212582374e-07,
    2.4158145848156154e-07,
    2.413888604720895e-07,
    2.4119384704557046e-07,
    2.409964257688259e-07,
    2.407966008737567e-07,
    2.405943740684731e-07,
    2.403897453400752e-07,
    2.401827125829221e-07,
    2.3997327161164435e-07,
    2.397614177008115e-07,
    2.3954714861405365e-07,
    2.3933046720617625e-07,
    2.391113798469674e-07,
    2.3888989261146554e-07,
    2.386660123724136e-07,
    2.3843975123576157e-07,
    2.3821112647981732e-07,
    2.3798015680493343e-07,
    2.3774686047324995e-07,
    2.3751125640053826e-07,
    2.3727336632328576e-07,
    2.370332151307938e-07,
    2.3679082759386957e-07,
    2.3654622477634643e-07,
    2.3629942478187858e-07,
    2.3605044598694625e-07,
    2.3579930669253957e-07,
    2.3554602124844642e-07,
    2.3529059833595988e-07,
    2.3503304173381725e-07,
    2.3477335141375078e-07,
    2.3451152701846983e-07,
    2.34247571971408e-07,
    2.3398149375354126e-07,
    2.337133021246925e-07,
    2.334430077212089e-07,
    2.331706206815209e-07,
    2.3289615129582069e-07,
    2.3261961298153113e-07,
    2.3234102388674472e-07,
    2.3206040615301072e-07,
    2.3177778388186562e-07,
    2.314931808086135e-07,
    2.3120662093561604e-07,
    2.3091813143482042e-07,
    2.3062774196624503e-07,
    2.3033548078446278e-07,
    2.3004137250333084e-07,
    2.2974543876355322e-07,
    2.2944770110524525e-07,
    2.2914818379666332e-07,
    2.288469147303023e-07,
    2.2854392505306657e-07,
    2.2823924818304147e-07,
    2.279329191507435e-07,
    2.2762497457248033e-07,
    2.2731545139931776e-07,
    2.2700438475999285e-07,
    2.2669180705450632e-07,
    2.2637774767299708e-07,
    2.2606223271490073e-07,
    2.2574528591382903e-07,
    2.254269307478633e-07,
    2.2510719251567725e-07,
    2.2478609978347189e-07,
    2.244636849230436e-07,
    2.241399831701332e-07,
    2.2381503110745132e-07,
    2.2348886546597105e-07,
    2.2316152165316913e-07,
    2.2283303287947365e-07,
    2.2250343103488939e-07,
    2.2217274928383103e-07,
    2.218410246294694e-07,
    2.2150829672565534e-07,
    2.211746035565025e-07,
    2.2083997944264434e-07,
    2.2050445704880574e-07,
    2.2016807049935917e-07,
    2.1983085704675997e-07,
    2.1949285619476474e-07,
    2.1915410771107314e-07,
    2.188146505029234e-07,
    2.1847452178795712e-07,
    2.1813375710273692e-07,
    2.1779239252233493e-07,
    2.1745046741052598e-07,
    2.1710802604327902e-07,
    2.1676511894724986e-07,
    2.164218036936347e-07,
    2.1607814324347904e-07,
    2.1573420322227652e-07,
    2.153900503086378e-07,
    2.150457503654717e-07,
    2.1470136685091724e-07,
    2.1435696194954737e-07,
    2.1401259905582003e-07,
    2.1366834362518944e-07,
    2.133242624009922e-07,
    2.1298042291687988e-07,
    2.1263689192255322e-07,
    2.122937311108347e-07,
    2.1195099393018616e-07,
    2.116087267173426e-07,
    2.1126697278512573e-07,
    2.1092577649161072e-07,
    2.105851840692234e-07,
    2.1024524203375028e-07,
    2.099059969400855e-07,
    2.095674948732529e-07,
    2.0922977879652007e-07,
    2.0889288750884224e-07,
    2.0855685674330062e-07,
    2.0822171865808746e-07,
    2.0788749999173767e-07,
    2.0755422235315868e-07,
    2.0722190596474837e-07,
    2.0689057444929848e-07,
    2.0656025668045772e-07,
    2.0623098492060505e-07,
    2.0590279217556367e-07,
    2.0557571167725424e-07,
    2.0524977875131272e-07,
    2.0492503215695468e-07,
    2.0460151331508098e-07,
    2.042792655423206e-07,
    2.0395833408333253e-07,
    2.0363876508832098e-07,
    2.0332060379775804e-07,
    2.0300389378409177e-07,
    2.0268867698574165e-07,
    2.0237499400513963e-07,
    2.0206288467141573e-07,
    2.0175238780703496e-07,
    2.014435396655928e-07,
    2.0113637263059145e-07,
    2.008309157688314e-07,
    2.005271972421546e-07,
    2.0022524751955016e-07,
    1.9992510046863448e-07,
    1.9962679072643864e-07,
    1.9933035026611697e-07,
    1.9903580681810327e-07,
    1.9874318388406856e-07,
    1.984525018154118e-07,
    1.9816377889073362e-07,
    1.9787703052300726e-07,
    1.9759226819707726e-07,
    1.973095018773597e-07,
    1.970287440196565e-07,
    1.9675001038123883e-07,
    1.9647331816215618e-07,
    1.9619868468167622e-07,
    1.9592612712400315e-07,
    1.9565566255192421e-07,
    1.9538730818975294e-07,
    1.9512108251427166e-07,
    1.948570068895704e-07,
    1.9459510667522138e-07,
    1.9433541126922273e-07,
    1.940779530789419e-07,
    1.9382276649350021e-07,
    1.935698882096413e-07,
    1.9331935674432605e-07,
    1.9307120894998137e-07,
    1.9282547705051807e-07,
    1.9258218892886326e-07,
    1.9234136868212752e-07,
    1.9210303580668356e-07,
    1.9186720575226995e-07,
    1.9163389378277466e-07,
    1.9140311996520957e-07,
    1.911749108801081e-07,
    1.909492969216252e-07,
    1.9072630874973188e-07,
    1.9050597510015295e-07,
    1.9028832056565298e-07,
    1.900733639150276e-07,
    1.8986111920097184e-07,
    1.8965159771247669e-07,
    1.8944480824864399e-07,
    1.8924075711196586e-07,
    1.8903944866363585e-07,
    1.88840885596349e-07,
    1.8864506949278311e-07,
    1.8845200281140617e-07,
    1.8826169117134747e-07,
    1.8807414336900578e-07,
    1.8788936939450166e-07,
    1.8770738016156365e-07,
    1.8752819011622042e-07,
    1.8735181871430788e-07,
    1.8717828786249748e-07,
    1.8700761671751045e-07,
    1.86839817593492e-07,
    1.8667489650018494e-07,
    1.8651285690119864e-07,
    1.8635370203390594e-07,
    1.8619743489717843e-07,
    1.8604405824119421e-07,
    1.8589357455328123e-07,
    1.8574598455658042e-07,
    1.8560128509872992e-07,
    1.854594682120636e-07,
    1.853205222565612e-07,
    1.851844339667372e-07,
    1.850511890113682e-07,
    1.8492077195922138e-07,
    1.847931686593323e-07,
    1.846683707569109e-07,
    1.8454637874077948e-07,
    1.8442720139179636e-07,
    1.843108528060208e-07,
    1.841973497026097e-07,
    1.8408671085247877e-07,
    1.8397895742268594e-07,
    1.838741117788991e-07,
    1.837721947214857e-07,
    1.8367322330643976e-07,
    1.8357721019420364e-07,
    1.8348416424221944e-07,
    1.8339409268056537e-07,
    1.8330700426313433e-07,
    1.8322291119160716e-07,
    1.8314182756215514e-07,
    1.8306376588041674e-07,
    1.829887364210627e-07,
    1.8291674914515957e-07,
    1.828478146717366e-07,
    1.8278194331468558e-07,
    1.8271914280135087e-07,
    1.8265941661322615e-07,
    1.8260276196154925e-07,
    1.825491667485439e-07,
    1.8249861079649633e-07,
    1.8245107172072288e-07,
    1.8240652919881251e-07,
    1.8236496629494753e-07,
    1.823263701376415e-07,
    1.8229073160244687e-07,
    1.8225804432764464e-07,
    1.8222830473616978e-07,
    1.8220151205782758e-07,
    1.8217766836134536e-07,
    1.8215677858642266e-07,
    1.821388478314376e-07,
    1.8212387827003498e-07,
    1.8211186947361933e-07,
    1.8210281976818488e-07,
    1.8209672761600655e-07,
    1.820935933641764e-07,
    1.8209341820717586e-07,
    1.82096201031937e-07,
    1.821019366293846e-07,
    1.8211061386898757e-07,
    1.8212221313902746e-07,
    1.8213670661345843e-07,
    1.8215406281133955e-07,
    1.8217425227572989e-07,
    1.8219724971423465e-07,
    1.8222303148098555e-07,
    1.8225157304247653e-07,
    1.822828500424772e-07,
    1.823168404642136e-07,
    1.8235352426242083e-07,
    1.8239288006725288e-07,
    1.8243488148791146e-07,
    1.8247949521439574e-07,
    1.8252668241956103e-07,
    1.8257640386652343e-07,
    1.8262862394268898e-07,
    1.8268330916520417e-07,
    1.827404237064917e-07,
    1.8279992562798098e-07,
    1.8286176420326242e-07,
    1.8292588021821315e-07,
    1.829922107624292e-07,
    1.8306069403946824e-07,
    1.8313127120159535e-07,
    1.8320388632016883e-07,
    1.8327848373004718e-07,
    1.8335500461706004e-07,
    1.8343338697984363e-07,
    1.8351356822446673e-07,
    1.835954885199633e-07,
    1.83679093034523e-07,
    1.8376433003596775e-07,
    1.8385114786263559e-07,
    1.8393949604092005e-07,
    1.8402932791686238e-07,
    1.841206002751266e-07,
    1.842132706922202e-07,
    1.8430729526310455e-07,
    1.8440262783700822e-07,
    1.844992196298101e-07,
    1.84597019215348e-07,
    1.8469597479178383e-07,
    1.8479603758835585e-07,
    1.8489716338167453e-07,
    1.849993121215214e-07,
    1.8510244794132015e-07,
    1.8520653879245021e-07,
    1.8531155379992905e-07,
    1.8541746175616196e-07,
    1.8552423341768511e-07,
    1.856318441892112e-07,
    1.8574027415017704e-07,
    1.8584950541360036e-07,
    1.8595951909608928e-07,
    1.8607029457079867e-07,
    1.8618181101197752e-07,
    1.86294050860837e-07,
    1.8640700369003716e-07,
    1.8652066471016532e-07,
    1.86635026737431e-07,
    1.867500755942213e-07,
    1.8686579357616189e-07,
    1.869821617666852e-07,
    1.8709915772798198e-07,
    1.8721675318416816e-07,
    1.8733491169686433e-07,
    1.8745358711167202e-07,
    1.8757272393782864e-07,
    1.8769225850137097e-07,
    1.8781212356062396e-07,
    1.8793225444619037e-07,
    1.8805258902992193e-07,
    1.88173063851435e-07,
    1.8829361562317422e-07,
    1.8841418732610263e-07,
    1.8853472969825194e-07,
    1.8865519737234795e-07,
    1.8877554617515052e-07,
    1.8889573310766827e-07,
    1.8901571861029374e-07,
    1.8913546958583426e-07,
    1.8925495823797583e-07,
    1.8937415673543344e-07,
    1.8949303302855338e-07,
    1.8961155084960637e-07,
    1.897296731228742e-07,
    1.8984736574104262e-07,
    1.8996459906000397e-07,
    1.900813471239581e-07,
    1.9019758651828326e-07,
    1.9031329522913292e-07,
    1.9042845037722984e-07,
    1.9054302633373403e-07,
    1.9065699547442743e-07,
    1.907703311850098e-07,
    1.9088301160647974e-07,
    1.9099502187208405e-07,
    1.9110635297149589e-07,
    1.9121699725219898e-07,
    1.9132694206068483e-07,
    1.9143616564240846e-07,
    1.9154463940507762e-07,
    1.9165233465016374e-07,
    1.9175922778406247e-07,
    1.91865301041623e-07,
    1.91970540607787e-07,
    1.9207493512153626e-07,
    1.921784756723053e-07,
    1.9228115654082594e-07,
    1.9238297557024074e-07,
    1.9248393527997263e-07,
    1.9258404472460948e-07,
    1.9268331802646819e-07,
    1.927817699519108e-07,
    1.9287941408152068e-07,
    1.929762635711033e-07,
    1.9307233043030296e-07,
    1.9316762479948829e-07,
    1.9326215755656334e-07,
    1.933559432937508e-07,
    1.9344900107665643e-07,
    1.935413552100001e-07,
    1.9363303489863252e-07,
    1.9372407057529002e-07,
    1.9381449022202975e-07,
    1.9390431939450065e-07,
    1.9399358458874042e-07,
    1.9408231475486735e-07,
    1.9417053648723668e-07,
    1.9425826808562504e-07,
    1.9434551844368664e-07,
    1.9443228854115028e-07,
    1.9451857330791798e-07,
    1.9460436311364388e-07,
    1.9468964413751157e-07,
    1.9477440022109219e-07,
    1.948586173157916e-07,
    1.9494228717944727e-07,
    1.950254077312518e-07,
    1.9510798007413064e-07,
    1.9519000255722938e-07,
    1.9527146410423655e-07,
    1.9535234273787085e-07,
    1.9543261150685122e-07,
    1.9551224513083276e-07,
    1.9559122218785878e-07,
    1.9566952508084427e-07,
    1.9574714000788e-07,
    1.958240580390914e-07,
    1.9590027840218708e-07,
    1.9597581177469806e-07,
    1.9605067991666262e-07,
    1.9612491054064078e-07,
    1.9619852960853063e-07,
    1.9627155582498444e-07,
    1.9634400174705575e-07,
    1.9641587967725609e-07,
    1.96487204980872e-07,
    1.965579935136694e-07,
    1.966282579435364e-07,
    1.9669800812028332e-07,
    1.9676725475902006e-07,
    1.9683601349457782e-07,
    1.9690430673311106e-07,
    1.9697216182637564e-07,
    1.9703960777290298e-07,
    1.971066737608644e-07,
    1.9717339066646262e-07,
    1.972397932989839e-07,
    1.973059185777862e-07,
    1.97371801108767e-07,
    1.9743747283015909e-07,
    1.975029645094057e-07,
    1.9756830351898235e-07,
    1.9763351011198324e-07,
    1.9769859666718775e-07,
    1.977635706616339e-07,
    1.9782843801984595e-07,
    1.9789320385292036e-07,
    1.97957871330059e-07,
    1.9802244166928667e-07,
    1.9808691674405987e-07,
    1.9815130057036482e-07,
    1.9821559780461407e-07,
    1.982798141130428e-07,
    1.9834395916376678e-07,
    1.9840804700461278e-07,
    1.9847209344749118e-07,
    1.9853611344753477e-07,
    1.986001196004362e-07,
    1.986641240180288e-07,
    1.9872814246457673e-07,
    1.9879219549559804e-07,
    1.9885630734719713e-07,
    1.9892050595908663e-07,
    1.989848233798484e-07,
    1.9904929656154167e-07,
    1.9911396778434645e-07,
    1.991788812835148e-07,
    1.99244079479883e-07,
    1.9930960491196792e-07,
    1.99375502553615e-07,
    1.994418156254149e-07,
    1.9950858138121192e-07,
    1.9957583418006363e-07,
    1.9964361088997595e-07,
    1.997119528551443e-07,
    1.9978090634018567e-07,
    1.9985052337653825e-07,
    1.9992086223729465e-07,
    1.9999198675127787e-07,
    2.0006396325173389e-07,
    2.0013685511580467e-07,
    2.0021071881940842e-07,
    2.0028560550493256e-07,
    2.003615645480535e-07,
    2.004386451696099e-07,
    2.005168988834604e-07,
    2.005963819723191e-07,
    2.006771539506682e-07,
    2.007592731659411e-07,
    2.0084279151015683e-07,
    2.0092775069362377e-07,
    2.01014183814145e-07,
    2.0110211940902742e-07,
    2.0119158307115428e-07,
    2.012825965928479e-07,
    2.0137517542811326e-07,
    2.0146932612604372e-07,
    2.0156504625046883e-07,
    2.016623272375062e-07,
    2.017611585397864e-07,
    2.018615313855688e-07,
    2.0196344172898565e-07,
    2.020668923873034e-07,
    2.02171894360812e-07,
    2.0227846604332103e-07,
    2.023866302971192e-07,
    2.0249641322527136e-07,
    2.026078450825456e-07,
    2.027209594661532e-07,
    2.0283579251240558e-07,
    2.0295238601968327e-07,
    2.0307079017541199e-07,
    2.0319106061035433e-07,
    2.0331325276311912e-07,
    2.0343741881675722e-07,
    2.03563609048374e-07,
    2.0369187318153087e-07,
    2.0382225542676403e-07,
    2.0395478809266366e-07,
    2.0408949192103025e-07,
    2.0422637914931668e-07,
    2.043654538656196e-07,
    2.045067114531764e-07,
    2.046501389513417e-07,
    2.0479571774587237e-07,
    2.0494342814926952e-07,
    2.0509325216557084e-07,
    2.0524517442471363e-07,
    2.0539918266181278e-07,
    2.055552672647936e-07,
    2.0571342034903316e-07,
    2.0587363339374567e-07,
    2.0603589342327921e-07,
    2.0620017961669858e-07,
    2.0636646179321704e-07,
    2.0653470513168345e-07,
    2.0670487926056325e-07,
    2.068769597073357e-07,
    2.0705092115609642e-07,
    2.0722673453228307e-07,
    2.0740436744505123e-07,
    2.0758378072867847e-07,
    2.07764926922053e-07,
    2.079477560772839e-07,
    2.0813222160421818e-07,
    2.0831827977158087e-07,
    2.0850588675281185e-07,
    2.0869499861356816e-07,
    2.088855717877192e-07,
    2.090775615777121e-07,
    2.0927092263488775e-07,
    2.0946561192566418e-07,
    2.0966158972532957e-07,
    2.0985882063079783e-07,
    2.1005727608318158e-07,
    2.1025693189663733e-07,
    2.104577627680593e-07,
    2.1065974177918722e-07,
    2.1086284443117364e-07,
    2.1106705271420314e-07,
    2.1127235617792606e-07,
    2.114787509942568e-07,
    2.116862379969181e-07,
    2.1189481917136687e-07,
    2.1210449513817611e-07,
    2.1231526414614676e-07,
    2.1252712053491438e-07,
    2.12740052143724e-07,
    2.1295403769410585e-07,
    2.1316904674996252e-07,
    2.133850422787094e-07,
    2.136019821859585e-07,
    2.1381981772742445e-07,
    2.1403849087008202e-07,
    2.1425793426221047e-07,
    2.144780738237559e-07,
    2.1469883029763184e-07,
    2.1492011871124862e-07,
    2.1514184888802591e-07,
    2.1536392700848086e-07,
    2.1558625507935228e-07,
    2.1580873092680987e-07,
    2.1603125184731236e-07,
    2.1625371825004538e-07,
    2.1647603572332964e-07,
    2.166981181389675e-07,
    2.1691988919659175e-07,
    2.1714127825240743e-07,
    2.1736221564087764e-07,
    2.1758263476259572e-07,
    2.178024762515872e-07,
    2.1802168591254114e-07,
    2.1824020799467133e-07,
    2.184579789975685e-07,
    2.1867492563681825e-07,
    2.1889096902662946e-07,
    2.1910603039944772e-07,
    2.1932003215712834e-07,
    2.1953289582402642e-07,
    2.1974454052761096e-07,
    2.1995488149278985e-07,
    2.201638305900092e-07,
    2.2037130045695856e-07,
    2.2057720604892622e-07,
    2.2078146210524684e-07,
    2.2098398165040568e-07,
    2.211846750237581e-07,
    2.2138344841388386e-07,
    2.2158020441783985e-07,
    2.217748431040292e-07,
    2.2196726255930225e-07,
    2.2215736091764424e-07,
    2.2234503787459092e-07,
    2.2253019322458148e-07,
    2.2271272345798803e-07,
    2.2289252035753143e-07,
    2.2306947496303988e-07,
    2.2324348341564475e-07,
    2.2341444933218023e-07,
    2.2358228182490414e-07,
    2.2374689211883224e-07,
    2.2390819306951746e-07,
    2.2406610106068537e-07,
    2.2422053786535374e-07,
    2.2437143200694373e-07,
    2.2451871685101146e-07,
    2.2466232640359552e-07,
    2.2480219486080464e-07,
    2.2493826030227894e-07,
    2.2507046695984835e-07,
    2.2519876425906455e-07,
    2.2532310722043858e-07,
    2.2544345777133867e-07,
    2.2555978201317085e-07,
    2.256720484016918e-07,
    2.2578023217579043e-07,
    2.258843192964321e-07,
    2.2598430416634802e-07,
    2.2608018343840882e-07,
    2.2617195035027893e-07,
    2.2625959262232063e-07,
    2.2634309471722266e-07,
    2.264224417947343e-07,
    2.2649761889391057e-07,
    2.265686066893395e-07,
    2.2663538325336161e-07,
    2.2669792835705836e-07,
    2.2675622012561536e-07,
    2.2681022920971764e-07,
    2.268599197285294e-07,
    2.2690525353109823e-07,
    2.2694619230740783e-07,
    2.269826992287129e-07,
    2.2701474096189057e-07,
    2.270422892293981e-07,
    2.270653227332987e-07,
    2.2708382705484756e-07,
    2.2709779018198785e-07,
    2.2710719811169215e-07,
    2.2711203486872297e-07,
    2.271122837138671e-07,
    2.2710792676357055e-07,
    2.2709894653073618e-07,
    2.270853293620629e-07,
    2.2706706651237524e-07,
    2.2704415366221349e-07,
    2.270165927018624e-07,
    2.2698439461868455e-07,
    2.269475774917902e-07,
    2.2690616079366543e-07,
    2.2686016422298782e-07,
    2.268096109900553e-07,
    2.2675452994790714e-07,
    2.2669495549513713e-07,
    2.2663092567193232e-07,
    2.265624792038205e-07,
    2.264896540276595e-07,
    2.2641248763443612e-07,
    2.2633101846958774e-07,
    2.2624528907747412e-07,
    2.2615534814709648e-07,
    2.2606124795742884e-07,
    2.2596304114809412e-07,
    2.2586078172326064e-07,
    2.2575452709636347e-07,
    2.2564433733433453e-07,
    2.255302747469955e-07,
    2.2541240623677863e-07,
    2.2529080460240396e-07,
    2.2516554538794062e-07,
    2.2503670239712458e-07,
    2.2490434732930195e-07,
    2.24768552812582e-07,
    2.246293933806648e-07,
    2.2448694272722841e-07,
    2.2434127064466241e-07,
    2.2419244267104752e-07,
    2.240405220780646e-07,
    2.238855725002344e-07,
    2.2372765953771754e-07,
    2.2356684936051145e-07,
    2.234032046785373e-07,
    2.232367817342757e-07,
    2.230676315918286e-07,
    2.2289580501181494e-07,
    2.2272135727018765e-07,
    2.225443509700558e-07,
    2.2236485688374272e-07,
    2.2218295317837634e-07,
    2.2199872433543704e-07,
    2.2181226041324638e-07,
    2.21623656001145e-07,
    2.2143300918571298e-07,
    2.212404208495502e-07,
    2.2104599365410304e-07,
    2.2084983134917445e-07,
    2.2065203872990755e-07,
    2.2045272062733945e-07,
    2.2025198122129696e-07,
    2.2004992658086344e-07,
    2.1984666818204647e-07,
    2.1964232288647136e-07,
    2.194370093676819e-07,
    2.1923084484923563e-07,
    2.1902394376947196e-07,
    2.188164177345692e-07,
    2.1860837775181624e-07,
    2.1839993647024038e-07,
    2.181912055165551e-07,
    2.1798229051008787e-07,
    2.1777329030733907e-07,
    2.175643005124251e-07,
    2.1735541700420915e-07,
    2.1714673749932953e-07,
    2.169383607957794e-07,
    2.1673038299506674e-07,
    2.1652289334005204e-07,
    2.1631597469037293e-07,
    2.1610970734002286e-07,
    2.1590417082924063e-07,
    2.156994433947426e-07,
    2.1549560105589422e-07,
    2.1529271666842826e-07,
    2.1509085928578544e-07,
    2.1489009314096334e-07,
    2.1469047555800238e-07,
    2.1449205584991326e-07,
    2.1429487659410753e-07,
    2.1409897384428583e-07,
    2.139043738454454e-07,
    2.137110910933989e-07,
    2.1351913052868407e-07,
    2.133284897107501e-07,
    2.1313915853366014e-07,
    2.1295111752119053e-07,
    2.1276433540293755e-07,
    2.1257876529477586e-07,
    2.1239434090041847e-07,
    2.122109772436272e-07,
    2.1202857451482646e-07,
    2.1184701813718182e-07,
    2.1166617613339794e-07,
    2.1148589895421755e-07,
    2.1130602006529342e-07,
    2.1112635592651005e-07,
    2.1094670576572547e-07,
    2.1076684928993568e-07,
    2.105865443706364e-07,
    2.1040552729088124e-07,
    2.1022351479123156e-07,
    2.1004020774934872e-07,
    2.0985529493543712e-07,
    2.0966845513912866e-07,
    2.0947935792611045e-07,
    2.0928766332787527e-07,
    2.0909302268402009e-07,
    2.088950825314906e-07,
    2.0869348975948532e-07,
    2.084878960716371e-07,
    2.082779613540005e-07,
    2.0806335684237466e-07,
    2.0784376954537368e-07,
    2.0761890839879223e-07,
    2.0738851188082652e-07,
    2.0715235553039993e-07,
    2.0691025748907537e-07,
    2.0666208320264788e-07,
    2.0640775193673916e-07,
    2.061472440857462e-07,
    2.0588060656845344e-07,
    2.0560795726882518e-07,
    2.0532949006913925e-07,
    2.0504547935108858e-07,
    2.04756282591674e-07,
    2.0446234022245784e-07,
    2.041641728480632e-07,
    2.0386237766560057e-07,
    2.0355762535551147e-07,
    2.032506557611415e-07,
    2.0294226950144516e-07,
    2.0263331528540716e-07,
    2.02324674191552e-07,
    2.020172411185013e-07,
    2.017119051805538e-07,
    2.0140953020784022e-07,
    2.011109323442287e-07,
    2.008168559691889e-07,
    2.0052795431942367e-07,
    2.0024477373345128e-07,
    1.9996773622025692e-07,
    1.9969712130867859e-07,
    1.9943305040555885e-07,
    1.991754745643086e-07,
    1.9892416565520715e-07,
    1.9867871386430696e-07,
    1.9843853650160794e-07,
    1.982028965503967e-07,
    1.9797092451617307e-07,
    1.977416423845405e-07,
    1.9751399375206267e-07,
    1.9728688303903904e-07,
    1.9705922115844757e-07,
    1.9682997362172118e-07,
    1.9659821195444215e-07,
    1.9636316956094085e-07,
    1.96124302906478e-07,
    1.9588136177147032e-07,
    1.9563446994515835e-07,
    1.95384212953356e-07,
    1.9513172812097517e-07,
    1.9487879568192344e-07,
    1.9462792893103137e-07,
    1.943824510142483e-07,
    1.9414653669477455e-07,
    1.9392519746814535e-07,
    1.937241984727582e-07,
    1.935499013940834e-07,
    1.934090182578864e-07,
    1.9330825427205517e-07,
    1.9325384769502165e-07,
    1.9325107732550015e-07,
    1.933038461008069e-07,
    1.9341440561866246e-07,
    1.935832316750591e-07,
    1.938090862784756e-07,
    1.940892590592901e-07,
    1.944198959042426e-07,
    1.947963581503138e-07,
    1.9521357456942373e-07,
    1.9566633361121203e-07,
    1.9614949778132177e-07,
    1.9665814598773315e-07,
    1.9718765571658783e-07,
    1.9773373881912524e-07,
    1.9829244072045184e-07,
    1.988601142308825e-07,
    1.9943338497757997e-07,
    2.0000912660574397e-07,
    2.0058445573835976e-07,
    2.011567405103769e-07,
    2.0172360897245353e-07,
    2.022829524461651e-07,
    2.028329204402283e-07,
    2.03371904080162e-07,
    2.038985189547075e-07,
    2.0441159832375117e-07,
    2.0491019036888272e-07,
    2.0539354755029445e-07,
    2.0586110746929623e-07,
    2.0631247555811962e-07,
    2.067474133260322e-07,
    2.0716582349239535e-07,
    2.0756772957703814e-07,
    2.079532562664282e-07,
    2.0832261143540572e-07,
    2.0867606878553154e-07,
    2.0901395287512102e-07,
    2.093366258844413e-07,
    2.0964447540392764e-07,
    2.09937904404502e-07,
    2.10217322629841e-07,
    2.1048314008927576e-07,
    2.107357651614483e-07,
    2.1097560546747525e-07
]