[
    0.0,
    0.0,
    0.0034396407307860626,
    0.0031045859358012576,
    0.0027813391430871175,
    0.0024695441522977783,
    0.0021688550314954737,
    0.0018789358255703122,
    0.001599460272899999,
    0.001330111530005125,
    0.0010705819039782338,
    0.0008205725924826739,
    0.0005797934311040133,
    0.00034796264783060193,
    0.00012480662446592112,
    -8.994033520834526e-05,
    -0.0002965362307121921,
    -0.000495231583787105,
    -0.0006862696511334464,
    -0.0008698866311295734,
    -0.0010463118647003832,
    -0.0012157680305068704,
    -0.00137847133462459,
    -0.0015346316948659582,
    -0.0016844529198862292,
    -0.0018281328832160835,
    -0.0019658636923752014,
    -0.0020978318532097516,
    -0.0022242184295773624,
    -0.0023451991985079116,
    -0.0024609448009764905,
    -0.0025716208884177566,
    -0.0026773882651000935,
    -0.0027784030264683614,
    -0.0028748166935661794,
    -0.0029667763436569193,
    -0.0030544247371529355,
    -0.0031379004409476134,
    -0.0032173379482488052,
    -0.0032928677950213184,
    -0.003364616673140806,
    -0.0034327075403466373,
    -0.003497259727074961,
    -0.0035583890402613822,
    -0.003616207864207091,
    -0.0036708252585920106,
    -0.0037223470537091196,
    -0.0037708759429961342,
    -0.003816511572944219,
    -0.0038593506304606603,
    -0.0038994869277569144,
    -0.0039370114848285825,
    -0.003972012609593051,
    -0.004004575975755471,
    -0.0040347846984740855,
    -0.004062719407883645,
    -0.0040884583205284585,
    -0.0041120773087650764,
    -0.004133649968199149,
    -0.004153247683211871,
    -0.004170939690624074,
    -0.0041867931415473705,
    -0.0042008731614769385,
    -0.004213242908684154,
    -0.004223963630957531,
    -0.004233094720729015,
    -0.004240693768630301,
    -0.004246816615529907,
    -0.004251517403092842,
    -0.004254848622900328,
    -0.004256861164170817,
    -0.004257604360124429,
    -0.0042571260330324205,
    -0.004255472537989507,
    -0.004252688805439202,
    -0.0042488183824842055,
    -0.004243903473021907,
    -0.004237984976743596,
    -0.0042311025270261975,
    -0.004223294527740147,
    -0.004214598189002939,
    -0.004205049561913204,
    -0.004194683572298385,
    -0.004183534053506792,
    -0.00417163377826784,
    -0.004159014489640718,
    -0.004145706931081129,
    -0.004131740875655418,
    -0.004117145154419119,
    -0.004101947683979459,
    -0.004086175493272335,
    -0.004069854749580056,
    -0.004053010783805347,
    -0.004035668115017888,
    -0.004017850474296751,
    -0.003999580827895725,
    -0.003980881399752544,
    -0.003961773693352741,
    -0.003942278512960956,
    -0.0039224159842397984,
    -0.0039022055742790503,
    -0.0038816661110601188,
    -0.0038608158023713283,
    -0.003839672254177323,
    -0.003818252488453504,
    -0.003796572960508411,
    -0.00377464957581588,
    -0.0037524977063695857,
    -0.003730132206565593,
    -0.0037075674286227386,
    -0.003684817237558444,
    -0.003661895025741081,
    -0.0036388137270314735,
    -0.0036155858305130244,
    -0.003592223393818147,
    -0.0035687380560697453,
    -0.0035451410504513995,
    -0.003521443216419561,
    -0.0034976550115693693,
    -0.0034737865231561573,
    -0.003449847479277646,
    -0.0034258472597328248,
    -0.0034017949065746943,
    -0.003377699134362586,
    -0.003353568340113052,
    -0.003329410612958238,
    -0.0033052337435246553,
    -0.003281045233037293,
    -0.003256852302157932,
    -0.0032326618995755702,
    -0.0032084807103563463,
    -0.003184315164047259,
    -0.003160171442535974,
    -0.003136055487680851,
    -0.0031119730087257325,
    -0.003087929489507395,
    -0.003063930195454329,
    -0.003039980180375273,
    -0.0030160842930448965,
    -0.0029922471835965164,
    -0.002968473309728707,
    -0.0029447669427311108,
    -0.0029211321733343867,
    -0.002897572917392324,
    -0.0028740929214052606,
    -0.0028506957678859097,
    -0.0028273848805638797,
    -0.0028041635294312464,
    -0.002781034835637005,
    -0.0027580017762399954,
    -0.0027350671888292104,
    -0.002712233776011887,
    -0.0026895041097646224,
    -0.0026668806356509294,
    -0.0026443656769151074,
    -0.002621961438458912,
    -0.0025996700107041473,
    -0.002577493373342459,
    -0.0025554333989717057,
    -0.002533491856621721,
    -0.0025116704151774247,
    -0.002489970646703339,
    -0.0024683940296676933,
    -0.0024469419520674746,
    -0.0024256157144602686,
    -0.002404416532908415,
    -0.002383345541837801,
    -0.0023624037968108984,
    -0.002341592277214889,
    -0.0023209118888685267,
    -0.002300363466552673,
    -0.0022799477764665326,
    -0.002259665518608091,
    -0.0022395173290797104,
    -0.002219503782324232,
    -0.002199625393297335,
    -0.0021798826195774217,
    -0.0021602758634101707,
    -0.0021408054736875436,
    -0.002121471747866176,
    -0.002102274933830646,
    -0.002083215231702206,
    -0.002064292795590176,
    -0.0020455077352872606,
    -0.0020268601179136898,
    -0.002008349969512828,
    -0.0019899772765981103,
    -0.001971741987651706,
    -0.001953644014576435,
    -0.001935683234103035,
    -0.001917859489156093,
    -0.0019001725901796706,
    -0.0018826223164195085,
    -0.0018652084171624647,
    -0.00184793061293973,
    -0.001830788596695629,
    -0.0018137820349175254,
    -0.001796910568727703,
    -0.0017801738149435405,
    -0.0017635713671069425,
    -0.0017471027964794496,
    -0.0017307676530023072,
    -0.0017145654662245628,
    -0.0016984957462040315,
    -0.001682557984382149,
    -0.0016667516544290894,
    -0.0016510762130606395,
    -0.0016355311008323771,
    -0.001620115742910798,
    -0.0016048295498171463,
    -0.0015896719181439395,
    -0.001574642231248531,
    -0.0015597398599244796,
    -0.0015449641630494507,
    -0.0015303144882147098,
    -0.0015157901723379232,
    -0.001501390542253464,
    -0.0014871149152819447,
    -0.0014729625997834455,
    -0.0014589328956919826,
    -0.0014450250950326258,
    -0.0014312384824241805,
    -0.001417572335561427,
    -0.0014040259256732856,
    -0.0013905985179648054,
    -0.0013772893720519937,
    -0.0013640977423867561,
    -0.0013510228786619797,
    -0.001338064026194768,
    -0.0013252204262932709,
    -0.0013124913166137854,
    -0.0012998759315132986,
    -0.0012873735023937727,
    -0.0012749832580276834,
    -0.0012627044248634197,
    -0.0012505362273245314,
    -0.0012384778881084021,
    -0.0012265286284689563,
    -0.001214687668479289,
    -0.0012029542272928098,
    -0.0011913275234076645,
    -0.0011798067749156866,
    -0.001168391199724641,
    -0.0011570800157657724,
    -0.0011458724412101978,
    -0.0011347676946939955,
    -0.0011237649955250192,
    -0.0011128635638634763,
    -0.001102062620894397,
    -0.001091361389010354,
    -0.0010807590919957415,
    -0.0010702549551856579,
    -0.0010598482056011652,
    -0.0010495380720814125,
    -0.0010393237854324714,
    -0.0010292045785965387,
    -0.0010191796868003003,
    -0.001009248347654527,
    -0.000999409801243331,
    -0.0009896632902557801,
    -0.0009800080601560118,
    -0.0009704433593342828,
    -0.0009609684392022186,
    -0.000951582554262216,
    -0.0009422849622222962,
    -0.0009330749241655188,
    -0.0009239517046823642,
    -0.0009149145719197213,
    -0.0009059627976146698,
    -0.0008970956571998819,
    -0.0008883124299728631,
    -0.0008796123992190135,
    -0.0008709948522346822,
    -0.000862459080334116,
    -0.0008540043789434176,
    -0.0008456300477484683,
    -0.000837335390759931,
    -0.0008291197162564625,
    -0.0008209823367049276,
    -0.0008129225687513277,
    -0.0008049397332858371,
    -0.0007970331555429587,
    -0.0007892021651868821,
    -0.0007814460963146369,
    -0.0007737642873698926,
    -0.000766156081069972,
    -0.0007586208244562317,
    -0.0007511578690227729,
    -0.0007437665707867,
    -0.0007364462902657689,
    -0.0007291963923963557,
    -0.000722016246445115,
    -0.0007149052260044764,
    -0.0007078627090519182,
    -0.0007008880779556607,
    -0.0006939807194050022,
    -0.0006871400243490756,
    -0.0006803653880537013,
    -0.0006736562102479725,
    -0.0006670118951725122,
    -0.0006604318514587659,
    -0.0006539154919824581,
    -0.0006474622338649369,
    -0.0006410714985881086,
    -0.0006347427120357097,
    -0.0006284753044182715,
    -0.0006222687101891788,
    -0.0006161223680438441,
    -0.0006100357209832191,
    -0.0006040082163316974,
    -0.0005980393056883133,
    -0.000592128444912485,
    -0.0005862750941571788,
    -0.000580478717839864,
    -0.0005747387845553442,
    -0.0005690547670660216,
    -0.0005634261423876669,
    -0.0005578523918260828,
    -0.0005523330008759317,
    -0.0005468674590643356,
    -0.0005414552598624642,
    -0.0005360959007112026,
    -0.0005307888831009346,
    -0.0005255337125787089,
    -0.000520329898646582,
    -0.0005151769546436173,
    -0.000510074397712039,
    -0.0005050217488138341,
    -0.000500018532651958,
    -0.0004950642774668862,
    -0.0004901585148369015,
    -0.0004853007796211803,
    -0.000480490610010419,
    -0.0004757275475260369,
    -0.00047101113701046967,
    -0.0004663409266598527,
    -0.00046171646797729725,
    -0.00045713731570279966,
    -0.0004526030277837732,
    -0.0004481131653278357,
    -0.00044366729269715733,
    -0.0004392649777961163,
    -0.00043490579220826695,
    -0.0004305893108936649,
    -0.0004263151116716709,
    -0.0004220827751630412,
    -0.00041789188527532157,
    -0.00041374202935335285,
    -0.00040963279757740825,
    -0.00040556378228905125,
    -0.0004015345780408716,
    -0.000397544782278147,
    -0.000393593995851577,
    -0.0003896818227910225,
    -0.0003858078695688647,
    -0.00038197174508809197,
    -0.00037817306172282264,
    -0.0003744114355940828,
    -0.0003706864850291085,
    -0.00036699782842509706,
    -0.00036334508352745193,
    -0.0003597278684795478,
    -0.0003561458023599261,
    -0.0003525985037012992,
    -0.0003490855885147598,
    -0.00034560667015539085,
    -0.0003421613605014681,
    -0.0003387492689166995,
    -0.00033536999744717734,
    -0.0003320231352606237,
    -0.00032870825738414875,
    -0.00032542492676107787,
    -0.00032217268991010454,
    -0.00031895106511455913,
    -0.0003157595372353276,
    -0.0003125975613197678,
    -0.0003094645547874814,
    -0.00030635986218687606,
    -0.0003032827085762181,
    -0.00030023220857201095,
    -0.00029720747397207406,
    -0.0002942077046819296,
    -0.0002912320931827469,
    -0.00028827961409401355,
    -0.0002853490555869017,
    -0.0002824393777976061,
    -0.00027954984651561,
    -0.0002766796056891205,
    -0.00027382700459355983,
    -0.00027098882736202915,
    -0.00026815916943466467,
    -0.0002653264077220786,
    -0.00026247167371711016,
    -0.00025771577794327566,
    -0.00023631853662092858,
    -0.00018757783351506526,
    -0.00012700185807182937,
    -6.81368854910863e-05,
    -1.1258765594303848e-05,
    4.355416196397406e-05,
    9.631294132267399e-05,
    0.0001470667478526941,
    0.00019587171766290712,
    0.00024278465122797222,
    0.00028786170900123786,
    0.00033115810857962545,
    0.0003727279787221078,
    0.00041262420374194123,
    0.0004508983098947878,
    0.00048760043251371563,
    0.000522779344020528,
    0.0005564824918738293,
    0.0005887560184548573,
    0.0006196447705192006,
    0.0006491923161267178,
    0.0006774409748090976,
    0.0007044318520000558,
    0.0007302048714624544,
    0.0007547988058267329,
    0.0007782513048365687,
    0.0008005989226345877,
    0.0008218771467370465,
    0.0008421204283357445,
    0.0008613622116401304,
    0.0008796349611890826,
    0.0008969701882171474,
    0.0009133984773728938,
    0.0009289495133947223,
    0.0009436521068326224,
    0.0009575342186326379,
    0.000970622983820708,
    0.0009829447346447508,
    0.0009945250233772194,
    0.001005388644671364,
    0.0010155596572643474,
    0.0010250614048906378,
    0.0010339165365352968,
    0.0010421470262739125,
    0.0010497741926642275,
    0.0010568187175598559,
    0.0010633006643417267,
    0.0010692394955698272,
    0.0010746540901298896,
    0.0010795627600059922,
    0.0010839832666655381,
    0.0010879328369536659,
    0.001091428178467934,
    0.0010944854944371072,
    0.001097120498149461,
    0.0010993484270077848,
    0.001101184056251116,
    0.0011026417123101203,
    0.0011037352857493383,
    0.0011044782438106345,
    0.001104883642613342,
    0.0011049641390164207,
    0.001104732002139669,
    0.0011041991245719666,
    0.0011033770332573353,
    0.0011022769000619739,
    0.0011009095520695968,
    0.001099285481604111,
    0.0010974148559439354,
    0.0010953075267445956,
    0.0010929730392218312,
    0.0010904206411044323,
    0.0010876592913288338,
    0.0010846976684625478,
    0.0010815441788602862,
    0.0010782069645833307,
    0.0010746939111232008,
    0.0010710126549253254,
    0.0010671705906871972,
    0.0010631748784277607,
    0.001059032450343874,
    0.0010547500174823334,
    0.0010503340762355873,
    0.0010457909146387235,
    0.0010411266184684235,
    0.001036347077175967,
    0.0010314579896729765,
    0.0010264648699621745,
    0.0010213730525953407,
    0.0010161876979597304,
    0.001010913797417119,
    0.001005556178310897,
    0.001000119508835016,
    0.000994608302748985,
    0.0009890269239400755,
    0.0009833795908575774,
    0.0009776703808377616,
    0.0009719032343143827,
    0.0009660819588972292,
    0.0009602102333186,
    0.0009542916112696739,
    0.0009483295251388921,
    0.0009423272896457892,
    0.0009362881053630504,
    0.0009302150621323116,
    0.0009241111423864779,
    0.0009179792243830783,
    0.0009118220853444547,
    0.0009056424045009551,
    0.0008994427660419315,
    0.0008932256619854142,
    0.0008869934949713471,
    0.0008807485809742369,
    0.0008744931519302155,
    0.0008682293582842291,
    0.0008619592714692033,
    0.000855684886320022,
    0.0008494081234173103,
    0.0008431308313570937,
    0.0008368547889495508,
    0.0008305817073566912,
    0.0008243132321752238,
    0.0008180509454633819,
    0.0008117963677077019,
    0.0008055509597262025,
    0.0007993161245103773,
    0.0007930932090154563,
    0.0007868835059043019,
    0.0007806882552414812,
    0.0007745086461337421,
    0.0007683458183205737,
    0.0007622008637223776,
    0.000756074827947191,
    0.0007499687117516988,
    0.0007438834724557836,
    0.0007378200253146458,
    0.0007317792448532706,
    0.0007257619661639036,
    0.0007197689861636728,
    0.0007138010648126602,
    0.0007078589262973396,
    0.0007019432601830335,
    0.0006960547225336864,
    0.0006901939369947479,
    0.0006843614958406782,
    0.0006785579609944541,
    0.0006727838650218038,
    0.000667039712096101,
    0.0006613259789306934,
    0.0006556431156808931,
    0.000649991546820906,
    0.0006443716719983007,
    0.0006387838668637571,
    0.0006332284838729843,
    0.0006277058530629376,
    0.000622216282806933,
    0.0006167600605498092,
    0.000611337453521821,
    0.000605948709428814,
    0.0006005940571194243,
    0.0005952737072339309,
    0.0005899878528355442,
    0.0005847366700220363,
    0.0005795203185173645,
    0.0005743389422445844,
    0.000569192669882835,
    0.0005640816154098275,
    0.0005590058786283762,
    0.0005539655456757131,
    0.0005489606895159416,
    0.0005439913704172115,
    0.000539057636415636,
    0.0005341595237661468,
    0.0005292970573786046,
    0.0005244702512384222,
    0.0005196791088139038,
    0.0005149236234532565,
    0.0005102037787712602,
    0.0005055195490235969,
    0.0005008708994677129,
    0.0004962577867118121,
    0.0004916801590540504,
    0.00048713795681076165,
    0.0004826311126335075,
    0.00047815955181735833,
    0.0004737231926001249,
    0.00046932194645103297,
    0.0004649557183503223,
    0.00046062440706181804,
    0.0004563279053975915,
    0.00045206610047243825,
    0.0004478388739489062,
    0.0004436461022760365,
    0.00043948765692196335,
    0.0004353634045980041,
    0.00043127320747453514,
    0.0004272169233911331,
    0.0004231944060617559,
    0.0004192055052733674,
    0.00041525006707597876,
    0.00041132793396487144,
    0.00040743894505823163,
    0.0004035829362711962,
    0.0003997597404845051,
    0.0003959691877060199,
    0.0003922111052254372,
    0.00038848531776451386,
    0.0003847916476241141,
    0.0003811299148274821,
    0.0003774999372584757,
    0.0003739015307932179,
    0.00037033450942571054,
    0.0003667986853902333,
    0.0003632938692815008,
    0.00035981987017069504,
    0.00035637649571556093,
    0.00035296355226567804,
    0.0003495808449656979,
    0.00034622817785700155,
    0.00034290535397630135,
    0.000339612175450286,
    0.0003363484435854895,
    0.000333113958953475,
    0.0003299085214735159,
    0.0003267319304938832,
    0.00032358398487032956,
    0.0003204644830402491,
    0.0003173732230929256,
    0.000314310002838404,
    0.000311274619876497,
    0.0003082668716643163,
    0.0003052865555797094,
    0.0003023334689797579,
    0.00029940740925627114,
    0.00029650817389077137,
    0.000293635560509272,
    0.0002907893669349059,
    0.0002879693912363068,
    0.00028517543177271966,
    0.00028240728723890164,
    0.0002796647567102889,
    0.00027694763968631937,
    0.00027425573613004597,
    0.00027158884650468125,
    0.0002689467718098753,
    0.0002663293136186915,
    0.00026373627411416435,
    0.00026116745612347875,
    0.00025862266314715044,
    0.00025610169938476116,
    0.00025360436976221655,
    0.0002511304799610646,
    0.00024867983644615384,
    0.0002462522464893286,
    0.00024384751819078713,
    0.00024146546050090437,
    0.00023910588324273138,
    0.0002367685971338675,
    0.0002344534138063092,
    0.0002321601458233092,
    0.00022988860669462052,
    0.00022763861089256752,
    0.00022540997386896852,
    0.00022320251207119554,
    0.00022101604295623128,
    0.0002188503850023332,
    0.0002167053577191691,
    0.00021458078165853463,
    0.000212476478426514,
    0.00021039227069568999,
    0.0002083279822165028,
    0.0002062834378274471,
    0.00020425846346255378,
    0.00020225288615659858,
    0.00020026653405114022,
    0.0001982992364022377,
    0.00019635082358835604,
    0.00019442112711706664,
    0.00019250997962893483,
    0.0001906172148989539,
    0.00018874266783866018,
    0.00018688617450017577,
    0.00018504757208095702,
    0.00018322669892769535,
    0.0001814233945379926,
    0.00017963749956082572,
    0.0001778688557975433,
    0.0001761173062029943,
    0.00017438269488663732,
    0.00017266486711380654,
    0.00017096366930574735,
    0.00016927894903810714,
    0.00016761055503970062,
    0.00016595833719213832,
    0.000164322146528694,
    0.00016270183523068958,
    0.0001610972566227054,
    0.00015950826517000514,
    0.00015793471647811984,
    0.00015637646729214048,
    0.00015483337549489725,
    0.00015330530010351125,
    0.00015179210126456633,
    0.0001502936402501771,
    0.00014880977945590462,
    0.0001473403823991252,
    0.00014588531371608838,
    0.00014444443915617887,
    0.0001430176255746161,
    0.00014160474092729443,
    0.00014020565426844415,
    0.0001388202357485825,
    0.00013744835661092073,
    0.0001360898891858076,
    0.00013474470688450342,
    0.00013341268419430355,
    0.00013209369667423982,
    0.00013078762094847143,
    0.0001294943346978354,
    0.00012821371665223643,
    0.00012694564658311192,
    0.0001256900052955169,
    0.00012444667462243713,
    0.00012321553742116077,
    0.00012199647756865827,
    0.00012078937995433705,
    0.00011959413047128855,
    0.00011841061600896667,
    0.00011723872444824182,
    0.00011607834465699658,
    0.00011492936648464211,
    0.0001137916807542252,
    0.00011266517925280121,
    0.00011154975472396593,
    0.00011044530086371918,
    0.00010935171231760024,
    0.0001082688846774852,
    0.00010719671447505653,
    0.00010613509917153185,
    0.00010508393714885297,
    0.00010404312770480629,
    0.00010301257104948752,
    0.00010199216830032659,
    0.00010098182147396959,
    9.998143347631977e-05,
    9.899090809432928e-05,
    9.801014999047451e-05,
    9.70390646985411e-05,
    9.607755861893644e-05,
    9.512553901117851e-05,
    9.41829139842976e-05,
    9.324959248933715e-05,
    9.2325484314802e-05,
    9.141050008219756e-05,
    9.050455124046144e-05,
    8.960755005888184e-05,
    8.871940961823847e-05,
    8.78400438024851e-05,
    8.696936729313745e-05,
    8.610729556621179e-05,
    8.52537448906727e-05,
    8.44086323254171e-05,
    8.357187571095119e-05,
    8.274339365753398e-05,
    8.192310553643442e-05,
    8.11109314755465e-05,
    8.030679235547626e-05,
    7.951060980447103e-05,
    7.872230619041151e-05,
    7.79418046103082e-05,
    7.716902888308246e-05,
    7.640390354653916e-05,
    7.564635385432431e-05,
    7.489630577171408e-05,
    7.415368597009165e-05,
    7.341842181833907e-05,
    7.269044137224921e-05,
    7.196967336735813e-05,
    7.125604721645518e-05,
    7.05494930077557e-05,
    6.984994150090453e-05,
    6.915732411857192e-05,
    6.84715729354286e-05,
    6.779262067082122e-05,
    6.712040068584943e-05,
    6.645484698112743e-05,
    6.579589419282652e-05,
    6.51434775848641e-05,
    6.449753303952248e-05,
    6.385799705195304e-05,
    6.322480672827587e-05,
    6.259789978420455e-05,
    6.197721454401349e-05,
    6.136268993763633e-05,
    6.0754265491589143e-05,
    6.0151881317198996e-05,
    5.955547810416574e-05,
    5.89649971192849e-05,
    5.8380380205795165e-05,
    5.7801569780660314e-05,
    5.722850882616085e-05,
    5.666114087693323e-05,
    5.609941001164782e-05,
    5.554326085352619e-05,
    5.499263857356555e-05,
    5.44474888897071e-05,
    5.3907758058393006e-05,
    5.337339286169183e-05,
    5.284434060000378e-05,
    5.232054909185987e-05,
    5.1801966674089944e-05,
    5.128854220333349e-05,
    5.078022505888362e-05,
    5.027696513642463e-05,
    4.9778712833974116e-05,
    4.928541904476729e-05,
    4.879703515940219e-05,
    4.831351307042543e-05,
    4.7834805173210626e-05,
    4.736086435595393e-05,
    4.689164398388521e-05,
    4.642709789135619e-05,
    4.596718038267623e-05,
    4.5511846238397585e-05,
    4.506105072284744e-05,
    4.461474957748349e-05,
    4.417289899867453e-05,
    4.37354556223779e-05,
    4.33023765267076e-05,
    4.287361924183772e-05,
    4.2449141754379203e-05,
    4.202890250022353e-05,
    4.1612860351055055e-05,
    4.120097460613281e-05,
    4.0793204995946996e-05,
    4.038951169007362e-05,
    3.998985528740968e-05,
    3.9594196789496124e-05,
    3.920249758525248e-05,
    3.881471945479643e-05,
    3.843082458482447e-05,
    3.80507755961262e-05,
    3.767453556703833e-05,
    3.730206801984167e-05,
    3.6933336874912894e-05,
    3.6568306422037036e-05,
    3.620694133644931e-05,
    3.584920672035152e-05,
    3.5495068126564135e-05,
    3.5144491533833907e-05,
    3.479744330423517e-05,
    3.44538901758007e-05,
    3.4113799290903026e-05,
    3.377713823848946e-05,
    3.344387510189409e-05,
    3.3113978506955204e-05,
    3.278741766043531e-05,
    3.246416234698773e-05,
    3.214418288303273e-05,
    3.182745008850375e-05,
    3.151393531015812e-05,
    3.120361047699409e-05,
    3.089644818878445e-05,
    3.059242184024617e-05,
    3.0291505701783012e-05,
    2.9993674913733044e-05,
    2.969890552476367e-05,
    2.94071747011892e-05,
    2.9118461019717354e-05,
    2.8832744628114266e-05,
    2.855000725752279e-05,
    2.827023235738105e-05,
    2.799340544462893e-05,
    2.7719514369685263e-05,
    2.7448549361656032e-05,
    2.7180503183094655e-05,
    2.6915371760477385e-05,
    2.665315533881903e-05,
    2.6393859870068326e-05,
    2.613749799466528e-05,
    2.5884089379444274e-05,
    2.5633661415958512e-05,
    2.538625119885948e-05,
    2.5141908539745036e-05,
    2.49007003716238e-05,
    2.4662718595643505e-05,
    2.4428092381578838e-05,
    2.4197001267115992e-05,
    2.3969684848731047e-05,
    2.3746455958543938e-05,
    2.3527735317845377e-05,
    2.33141234368222e-05,
    2.310653699530447e-05,
    2.29065334787779e-05,
    2.2717289777468913e-05,
    2.25469683795979e-05,
    2.2424262545389557e-05,
    2.2481064263293136e-05,
    2.992637687225737e-05,
    5.1521063576828166e-05,
    7.958024437755478e-05,
    0.00010675033818163495,
    0.00013301642874170638,
    0.0001584001614762189,
    0.00020509660669375536,
    0.000294756481814719,
    0.00040388754095169486,
    0.0005092090980199596,
    0.0006104623475644373,
    0.0007077484070094519,
    0.0008011811201863855,
    0.0008908762321007146,
    0.0009769494648412447,
    0.001059517024402059,
    0.0011387002828551806,
    0.0012146480048507635,
    0.0012876732825616857,
    0.0013588384646210144,
    0.001429309409741119,
    0.001498705294533831,
    0.0015658853914054189,
    0.0016303921312385142,
    0.0017104850993031146,
    0.001823850480051615,
    0.0019509662802807525,
    0.002072892849890756,
    0.0021896759134319094,
    0.0023014541689931394,
    0.0024083757436602245,
    0.002510589331044254,
    0.002608241649018197,
    0.002701476355539068,
    0.0027904333835709508,
    0.002875248615559046,
    0.0029560539460774748,
    0.0030329775198904858,
    0.0031061439105419994,
    0.0031756742093864915,
    0.00324168608453856,
    0.0033042938374935123,
    0.0033636084586118357,
    0.0034197376938768023,
    0.0034727861311281928,
    0.0035228552925507446,
    0.0035700437216600886,
    0.0036144470652774855,
    0.003656158152773272,
    0.0036952670732389534,
    0.0037318612507105313,
    0.003766025516763641,
    0.0037978421810500197,
    0.0038273911017080446,
    0.0038547497557787722,
    0.00387999330806499,
    0.0039031946776643487,
    0.003924424602002665,
    0.003943751698208801,
    0.003961242522621872,
    0.0039769616295187524,
    0.003990971629015149,
    0.004003333243425711,
    0.004014105361753962,
    0.004023345092320565,
    0.00403110781357067,
    0.004037447223407256,
    0.004042415387487189,
    0.004046062786444965,
    0.0040484383618435635,
    0.004049589560808199,
    0.00404956237923327,
    0.004048401403535946,
    0.004046149851252857,
    0.004042849610709016,
    0.004038541279669936,
    0.004033264202868167,
    0.004027056508414091,
    0.004019955143107231,
    0.004011995906658123,
    0.004003213484918061,
    0.003993641482246383,
    0.003983312453030782,
    0.003972257932323479,
    0.003960508465577947,
    0.003948093637475397,
    0.0039350420999070415,
    0.003921381599222133,
    0.003907139002750681,
    0.0038923403245653917,
    0.0038770107505048503,
    0.003861174662472938,
    0.0038448556619938377,
    0.003828076593054377,
    0.00381085956432145,
    0.0037932259707729515,
    0.0037751965147238796,
    0.0037567912262453642,
    0.003738029482988365,
    0.003718930029417024,
    0.0036995109954781995,
    0.003679789914755464,
    0.0036597837421293933,
    0.00363950887093463,
    0.0036189811496114945,
    0.0035982158978644253,
    0.003577227922352869,
    0.003556031531946644,
    0.003534640552557358,
    0.0035130683415484963,
    0.0034913278017293823,
    0.0034694313949308183,
    0.00344739115517826,
    0.003425218701494843,
    0.003402925250350381,
    0.003380521627763541,
    0.0033580182810555386,
    0.003335425290245667,
    0.003312752379105219,
    0.003290008925903221,
    0.003267203973855857,
    0.003244346241280013,
    0.003221444131452938,
    0.0031985057421734728,
    0.0031755388750354424,
    0.0031525510444429384,
    0.0031295494863777915,
    0.0031065411669100357,
    0.0030835327904522487,
    0.0030605308077727815,
    0.0030375414237834154,
    0.003014570605106344,
    0.0029916240874212257,
    0.0029687073825981226,
    0.002945825785619428,
    0.0029229843812955307,
    0.0029001880507895823,
    0.0028774414779619865,
    0.0028547491555346843,
    0.002832115391072743,
    0.0028095443127803305,
    0.002787039875120005,
    0.002764605864276021,
    0.0027422459034654166,
    0.002719963458084184,
    0.0026977618406962937,
    0.0026756442158893065,
    0.002653613604995712,
    0.002631672890663064,
    0.002609824821280487,
    0.0025880720152824544,
    0.0025664169653292043,
    0.0025448620423566735,
    0.0025234094995071074,
    0.00250206147595393,
    0.002480820000622675,
    0.002459686995806818,
    0.002438664280674197,
    0.002417753574655997,
    0.0023969565007256307,
    0.002376274588586528,
    0.0023557092777747725,
    0.0023352619206756867,
    0.0023149337854526902,
    0.002294726058880618,
    0.002274639849085218,
    0.0022546761882020288,
    0.002234836034965256,
    0.002215120277227739,
    0.002195529734398729,
    0.002176065159791409,
    0.0021567272428960936,
    0.0021375166115987125,
    0.002118433834347019,
    0.0020994794222511434,
    0.0020806538311032487,
    0.0020619574633241704,
    0.002043390669861889,
    0.0020249537520478974,
    0.002006646963402321,
    0.0019884705113803495,
    0.001970424559049828,
    0.0019525092267046506,
    0.0019347245934378842,
    0.001917070698681521,
    0.0018995475437022587,
    0.0018821550930547503,
    0.0018648932759936384,
    0.0018477619878308213,
    0.0018307610912379098,
    0.001813890417513445,
    0.0017971497678232154,
    0.0017805389144071016,
    0.0017640576017470106,
    0.0017477055476915757,
    0.0017314824445326955,
    0.001715387960041592,
    0.001699421738483261,
    0.001683583401613779,
    0.0016678725496494737,
    0.0016522887622000043,
    0.0016368315991609423,
    0.0016215006015690928,
    0.001606295292436711,
    0.0015912151775742053,
    0.0015762597463937545,
    0.0015614284726822225,
    0.001546720815333863,
    0.0015321362190450474,
    0.001517674114992026,
    0.001503333921507536,
    0.0014891150447506644,
    0.001475016879352861,
    0.0014610388090247725,
    0.0014471802071288837,
    0.0014334404372391477,
    0.0014198188536939408,
    0.0014063148021344703,
    0.0013929276200211256,
    0.0013796566371200528,
    0.0013665011759666132,
    0.001353460552323074,
    0.0013405340756331712,
    0.0013277210494672398,
    0.0013150207719491583,
    0.001302432536153563,
    0.001289955630479767,
    0.0012775893390215118,
    0.001265332941936309,
    0.0012531857158078463,
    0.0012411469339972754,
    0.001229215866976563,
    0.0012173917826362902,
    0.001205673946573449,
    0.0011940616223748098,
    0.0011825540719013347,
    0.0011711505555684967,
    0.0011598503326182034,
    0.0011486526613788822,
    0.0011375567995079259,
    0.0011265620042162662,
    0.0011156675324863004,
    0.0011048726412911656,
    0.0010941765878122512,
    0.0010835786296510318,
    0.0010730780250293136,
    0.00106267403296901,
    0.0010523659134559905,
    0.0010421529276038151,
    0.001032034337822185,
    0.0010220094079828358,
    0.0010120774035746868,
    0.0010022375918440503,
    0.0009924892419259901,
    0.0009828316249767383,
    0.0009732640143069324,
    0.0009637856855097147,
    0.0009543959165788588,
    0.0009450939880136563,
    0.0009358791829163174,
    0.0009267507870929301,
    0.0009177080891582617,
    0.0009087503806371117,
    0.0008998769560576456,
    0.0008910871130333812,
    0.0008823801523362076,
    0.0008737553779686658,
    0.0008652120972377838,
    0.0008567496208277273,
    0.0008483672628702506,
    0.000840064341010526,
    0.0008318401764636264,
    0.0008236940940637294,
    0.0008156254223140741,
    0.0008076334934388022,
    0.0007997176434337034,
    0.0007918772121142852,
    0.0007841115431568337,
    0.0007764199841321978,
    0.000768801886540175,
    0.0007612566058482163,
    0.0007537835015291139,
    0.0007463819370906666,
    0.000739051280095435,
    0.000731790902176186,
    0.0007246001790534811,
    0.0007174784905567798,
    0.0007104252206481909,
    0.0007034397574462812,
    0.000696521493245278,
    0.0006896698245269565,
    0.0006828841519676958,
    0.0006761638804436337,
    0.0006695084190324751,
    0.0006629171810133975,
    0.0006563895838706644,
    0.0006499250492999362,
    0.0006435230032093278,
    0.0006371828757141321,
    0.000630904101134843,
    0.0006246861180029906,
    0.000618528369065782,
    0.0006124303012793038,
    0.0006063913657935391,
    0.0006004110179415047,
    0.0005944887172372154,
    0.000588623927377609,
    0.0005828161162409002,
    0.0005770647558753443,
    0.0005713693224805727,
    0.000565729296390871,
    0.0005601441620654953,
    0.000554613408082748,
    0.00054913652713072,
    0.0005437130159895328,
    0.0005383423755094003,
    0.0005330241105938931,
    0.0005277577301894831,
    0.000522542747276673,
    0.0005173786788601716,
    0.0005122650459551862,
    0.0005072013735656224,
    0.0005021871906569903,
    0.000497222030133763,
    0.0004923054288240046,
    0.00048743692746695144,
    0.000482616070700928,
    0.0004778424070464749,
    0.00047311548887882373,
    0.0004684348723975114,
    0.00046380011760724,
    0.00045921078830706854,
    0.0004546664520757383,
    0.00045016668024910444,
    0.00044571104788951625,
    0.0004412991337526414,
    0.0004369305202617982,
    0.000432604793490896,
    0.0004283215431498175,
    0.0004240803625687719,
    0.00041988084867966373,
    0.00041572260199002753,
    0.00041160522655173093,
    0.00040752832993491776,
    0.00040349152320947706,
    0.00039949442092806006,
    0.0003955366411058631,
    0.0003916178051932698,
    0.00038773753804288393,
    0.0003838954678793417,
    0.00038009122627650046,
    0.00037632444813979506,
    0.000372594771691206,
    0.0003689018384520076,
    0.00036524529321516443,
    0.0003616247840095468,
    0.00035803996207052057,
    0.0003544904818235032,
    0.0003509760008689251,
    0.0003474961799552777,
    0.0003440506829443756,
    0.00034063917678212686,
    0.00033726133147742195,
    0.00033391682008361405,
    0.0003306053186806877,
    0.00032732650635589034,
    0.0003240800651753501,
    0.00032086568014864794,
    0.0003176830392015937,
    0.00031453183316037446,
    0.00031141175573570144,
    0.00030832250350245705,
    0.0003052637758742875,
    0.0003022352750745163,
    0.00029923670611134727,
    0.00029626777675820963,
    0.00029332819753380467,
    0.0002904176816806686,
    0.0002875359451401419,
    0.00028468270652284703,
    0.0002818576870809084,
    0.0002790606106865159,
    0.00027629120381456366,
    0.0002735491955273667,
    0.000270834317458696,
    0.000268146303790103,
    0.0002654848912203838,
    0.0002628498189397821,
    0.0002602408286139743,
    0.00025765766437085727,
    0.000255100072783484,
    0.0002525678028490641,
    0.0002500606059653189,
    0.000247578235905358,
    0.0002451204487938947,
    0.00024268700308644096,
    0.0002402776595515829,
    0.00023789218125639156,
    0.0002355303335509582,
    0.00023319188404544175,
    0.00023087660258222671,
    0.00022858426121326233,
    0.00022631463418538777,
    0.00022406749792810483,
    0.0002218426310375693,
    0.0002196398142545196,
    0.00021745883044024713,
    0.00021529946455549,
    0.00021316150364142006,
    0.00021104473680143266,
    0.000208948955183961,
    0.00020687395196199117,
    0.00020481952230803628,
    0.00020278546337236755,
    0.00020077157426795207,
    0.00019877765605784441,
    0.0001968035117429497,
    0.00019484894624867606,
    0.0001929137664051765,
    0.00019099778092094208,
    0.00018910080035867364,
    0.00018722263711866828,
    0.00018536310542629754,
    0.0001835220213206802,
    0.0001816992026431089,
    0.00017989446902082939,
    0.00017810764184552765,
    0.00017633854425309306,
    0.00017458700110858187,
    0.00017285283899404623,
    0.00017113588619448018,
    0.00016943597267842568,
    0.00016775293007700105,
    0.0001660865916683582,
    0.0001644367923667439,
    0.00016280336870973307,
    0.00016118615884268256,
    0.00015958500250449917,
    0.0001579997410132083,
    0.00015643021724785815,
    0.00015487627563094905,
    0.000153337762116374,
    0.00015181452418119444,
    0.00015030641081474188,
    0.00014881327250078816,
    0.00014733496119775065,
    0.00014587133032365284,
    0.00014442223474293213,
    0.00014298753074905193,
    0.00014156707604582854,
    0.00014016072973338574,
    0.00013876835229597773,
    0.0001373898055864738,
    0.0001360249528094812,
    0.00013467365850715668,
    0.000133335788548175,
    0.00013201121011936168,
    0.00013069979171695563,
    0.00012940140313150286,
    0.0001281159154280406,
    0.0001268432009302575,
    0.0001255831332105198,
    0.00012433558708136821,
    0.00012310043858478525,
    0.00012187756497692043,
    0.00012066684471148296,
    0.00011946815742738852,
    0.0001182813839403478,
    0.0001171064062369832,
    0.00011594310746897304,
    0.00011479137194037289,
    0.00011365108508887471,
    0.00011252213346985032,
    0.00011140440474683032,
    0.0001102977876859472,
    0.00010920217215031476,
    0.00010811744909093037,
    0.00010704351053206083,
    0.00010598024955369315,
    0.00010492756027816343,
    0.00010388533786356667,
    0.00010285347850086975,
    0.00010183187941075743,
    0.00010082043883663339,
    9.981905603139633e-05,
    9.882763123936332e-05,
    9.784606568067533e-05,
    9.687426154344155e-05,
    9.591212198019618e-05,
    9.495955110220659e-05,
    9.401645396730287e-05,
    9.308273656373336e-05,
    9.215830579774313e-05,
    9.124306948764442e-05,
    9.03369363609929e-05,
    8.943981604896322e-05,
    8.85516190737561e-05,
    8.767225683326398e-05,
    8.680164159013144e-05,
    8.59396864653223e-05,
    8.508630543347374e-05,
    8.424141331920037e-05,
    8.340492579211859e-05,
    8.257675935746888e-05,
    8.175683134342247e-05,
    8.094505989043558e-05,
    8.014136394603801e-05,
    7.934566326393204e-05,
    7.85578784012391e-05,
    7.777793070597287e-05,
    7.700574229859455e-05,
    7.624123605952176e-05,
    7.548433562381141e-05,
    7.473496537822593e-05,
    7.399305045953e-05,
    7.325851675058847e-05,
    7.253129086908189e-05,
    7.181130015166838e-05,
    7.109847264279638e-05,
    7.039273709106439e-05,
    6.96940229485291e-05,
    6.900226036777777e-05,
    6.831738019243751e-05,
    6.763931394371725e-05,
    6.696799381247938e-05,
    6.63033526579938e-05,
    6.564532400677033e-05,
    6.49938420505772e-05,
    6.43488416427635e-05,
    6.371025828577574e-05,
    6.307802811220922e-05,
    6.245208787339406e-05,
    6.183237493947384e-05,
    6.121882730237252e-05,
    6.061138357589691e-05,
    6.00099829915619e-05,
    5.9414565389116314e-05,
    5.882507120549041e-05,
    5.8241441468016264e-05,
    5.766361779272855e-05,
    5.709154238412382e-05,
    5.6525158029988135e-05,
    5.596440808855441e-05,
    5.54092364746686e-05,
    5.485958765209849e-05,
    5.431540663079296e-05,
    5.3776638965223066e-05,
    5.324323075358198e-05,
    5.271512863650782e-05,
    5.219227978986917e-05,
    5.167463191245863e-05,
    5.116213321812175e-05,
    5.0654732434944766e-05,
    5.015237880547789e-05,
    4.96550220834945e-05,
    4.9162612525257974e-05,
    4.867510087825922e-05,
    4.819243837349379e-05,
    4.7714576722780986e-05,
    4.72414681205354e-05,
    4.677306524838701e-05,
    4.6309321275859025e-05,
    4.5850189850158573e-05,
    4.539562507959488e-05,
    4.494558152307885e-05,
    4.45000141895126e-05,
    4.405887854157419e-05,
    4.362213049641563e-05,
    4.318972641740384e-05,
    4.276162310081764e-05,
    4.23377777670048e-05,
    4.1918148057993086e-05,
    4.150269203816833e-05,
    4.109136819598146e-05,
    4.0684135443929956e-05,
    4.028095311197973e-05,
    3.98817809356748e-05,
    3.948657904784478e-05,
    3.9095307977719625e-05,
    3.8707928653121775e-05,
    3.8324402402456565e-05,
    3.7944690954497815e-05,
    3.75687564309104e-05,
    3.719656133299616e-05,
    3.682806853301445e-05,
    3.646324127314484e-05,
    3.610204316731667e-05,
    3.5744438201838736e-05,
    3.539039073018455e-05,
    3.503986546239786e-05,
    3.4692827456806395e-05,
    3.43492421179292e-05,
    3.400907519913313e-05,
    3.367229280679525e-05,
    3.333886140099622e-05,
    3.3008747789681244e-05,
    3.268191911906713e-05,
    3.235834286723015e-05,
    3.203798684392798e-05,
    3.172081919384629e-05,
    3.140680840069779e-05,
    3.109592328945834e-05,
    3.078813302097946e-05,
    3.048340707915916e-05,
    3.0181715261876492e-05,
    2.9883027680554123e-05,
    2.9587314758054198e-05,
    2.92945472199821e-05,
    2.900469608822266e-05,
    2.8717732678620367e-05,
    2.843362859343251e-05,
    2.8152355708238463e-05,
    2.787388616390353e-05,
    2.7598192367018794e-05,
    2.7325246994718644e-05,
    2.7055022999648346e-05,
    2.6787493607146676e-05,
    2.6522632303379873e-05,
    2.626041282587156e-05,
    2.60008091621588e-05,
    2.574379555198975e-05,
    2.548934648916265e-05,
    2.5237436720109704e-05,
    2.4988041234033256e-05,
    2.474113524815627e-05,
    2.4496694202711717e-05,
    2.4254693767897523e-05,
    2.4015109850877855e-05,
    2.377791859691494e-05,
    2.3543096383711167e-05,
    2.3310619808863697e-05,
    2.308046567912061e-05,
    2.2852611011692126e-05,
    2.2627033043649338e-05,
    2.240370923948261e-05,
    2.2182617291432168e-05,
    2.196373510740072e-05,
    2.174704079220066e-05,
    2.153251263949382e-05,
    2.1320129136933798e-05,
    2.110986897468984e-05,
    2.0901711053954654e-05,
    2.0695634491779792e-05,
    2.049161861529645e-05,
    2.0289642947408277e-05,
    2.0089687195742798e-05,
    1.9891731253066383e-05,
    1.9695755206424286e-05,
    1.9501739345616185e-05,
    1.9309664162232248e-05,
    1.9119510335449783e-05,
    1.893125871242268e-05,
    1.8744890300539043e-05,
    1.85603862770105e-05,
    1.837772800386271e-05,
    1.8196897039465573e-05,
    1.8017875144757945e-05,
    1.7840644276301812e-05,
    1.7665186565765523e-05,
    1.749148430432763e-05,
    1.7319519943911793e-05,
    1.7149276109119016e-05,
    1.6980735605846232e-05,
    1.6813881414544694e-05,
    1.6648696674377032e-05,
    1.6485164674447386e-05,
    1.6323268854129395e-05,
    1.6162992806541566e-05,
    1.6004320284549307e-05,
    1.5847235204942368e-05,
    1.569172163778549e-05,
    1.5537763786469117e-05,
    1.53853459825707e-05,
    1.5234452694969376e-05,
    1.5085068537873316e-05,
    1.4937178278411744e-05,
    1.479076684177262e-05,
    1.4645819303224258e-05,
    1.4502320872032869e-05,
    1.4360256884736029e-05,
    1.4219612812094583e-05,
    1.4080374270960423e-05,
    1.3942527033002678e-05,
    1.3806057023518875e-05,
    1.3670950308532767e-05,
    1.3537193082027601e-05,
    1.340477166505229e-05,
    1.32736725115948e-05,
    1.3143882214266605e-05,
    1.3015387507466912e-05,
    1.2888175258590815e-05,
    1.27622324485509e-05,
    1.2637546163821195e-05,
    1.2514103607662982e-05,
    1.2391892113570547e-05,
    1.2270899151911661e-05,
    1.2151112332317469e-05,
    1.2032519397434375e-05,
    1.1915108209313136e-05,
    1.1798866743391473e-05,
    1.1683783092207514e-05,
    1.1569845469611992e-05,
    1.1457042212759498e-05,
    1.1345361775845891e-05,
    1.1234792716201425e-05,
    1.1125323687723612e-05,
    1.1016943444264348e-05,
    1.0909640845102707e-05,
    1.0803404861822003e-05,
    1.0698224583868246e-05,
    1.0594089215004219e-05,
    1.0490988064145157e-05,
    1.0388910543183705e-05,
    1.0287846172506648e-05,
    1.0187784585689348e-05,
    1.0088715530458049e-05,
    9.990628866734172e-06,
    9.893514559530416e-06,
    9.797362667806147e-06,
    9.702163339784892e-06,
    9.607906819565491e-06,
    9.514583458420996e-06,
    9.4221837250573e-06,
    9.330698209623929e-06,
    9.240117614369347e-06,
    9.150432735922195e-06,
    9.061634456865824e-06,
    8.973713750442969e-06,
    8.886661687501587e-06,
    8.800469442999402e-06,
    8.715128300200752e-06,
    8.630629643070008e-06,
    8.546964941715198e-06,
    8.464125748936734e-06,
    8.382103709371081e-06,
    8.300890569039725e-06,
    8.220478180686478e-06,
    8.140858504404963e-06,
    8.06202359970398e-06,
    7.983965612288963e-06,
    7.906676767475709e-06,
    7.830149373608695e-06,
    7.754375829643511e-06,
    7.67934862999265e-06,
    7.605060358696001e-06,
    7.53150367605117e-06,
    7.45867131251519e-06,
    7.3865560727851305e-06,
    7.315150841498545e-06,
    7.244448588082018e-06,
    7.174442369126075e-06,
    7.105125323004404e-06,
    7.036490659915755e-06,
    6.96853165711446e-06,
    6.901241662177555e-06,
    6.834614100787123e-06,
    6.768642484720831e-06,
    6.703320414601707e-06,
    6.63864157358943e-06,
    6.574599716277911e-06,
    6.511188662858904e-06,
    6.448402303078305e-06,
    6.386234605146184e-06,
    6.324679623470029e-06,
    6.26373150165346e-06,
    6.203384467150275e-06,
    6.143632821388464e-06,
    6.084470936783095e-06,
    6.025893259738235e-06,
    5.967894307073798e-06,
    5.910468656374326e-06,
    5.853610939842188e-06,
    5.797315838928248e-06,
    5.741578076699205e-06,
    5.686392414185362e-06,
    5.631753650827595e-06,
    5.577656626025897e-06,
    5.524096221161585e-06,
    5.47106735626456e-06,
    5.418564979617223e-06,
    5.3665840592339915e-06,
    5.315119583364247e-06,
    5.264166570002572e-06,
    5.213720078535447e-06,
    5.163775212603103e-06,
    5.114327112064089e-06,
    5.065370944057224e-06,
    5.016901899223438e-06,
    4.9689151909530665e-06,
    4.921406058897746e-06,
    4.874369778695378e-06,
    4.827801671399052e-06,
    4.781697102199877e-06,
    4.736051469153616e-06,
    4.690860194531323e-06,
    4.646118724948243e-06,
    4.601822536905797e-06,
    4.557967144697436e-06,
    4.51454810789378e-06,
    4.4715610337707476e-06,
    4.429001571716699e-06,
    4.3868654039075825e-06,
    4.3451482402691115e-06,
    4.303845820307614e-06,
    4.262953919031072e-06,
    4.222468353524566e-06,
    4.182384989419948e-06,
    4.142699746162003e-06,
    4.10340859560355e-06,
    4.064507553637268e-06,
    4.025992673008927e-06,
    3.9878600424470065e-06,
    3.950105791625879e-06,
    3.912726098949425e-06,
    3.8757171985466555e-06,
    3.839075383638837e-06,
    3.8027970027088723e-06,
    3.76687845139261e-06
]