[
    0.0,
    0.0,
    -0.003783689453629502,
    -0.003452036961832909,
    -0.0031319662864933862,
    -0.00282312889573467,
    -0.002525186297197939,
    -0.0022378097530322246,
    -0.0019606800029362986,
    -0.0016934869950249367,
    -0.0014359296242975545,
    -0.0011877154784941698,
    -0.0009485605911308304,
    -0.0007181892015126461,
    -0.0004963335215279769,
    -0.0002827335090320471,
    -7.713664763372337e-05,
    0.00012070226729442688,
    0.00031102133655757573,
    0.0004940517592026321,
    0.0006700180288716264,
    0.0008391381246056369,
    0.0010016236962546088,
    0.0011576802446447425,
    0.0013075072966523083,
    0.001451298575327421,
    0.0015892421652055266,
    0.0017215206729423416,
    0.0018483113834066591,
    0.0019697864113600275,
    0.002086112848846553,
    0.0021974529084136446,
    0.0023039640622817634,
    0.002405799177577145,
    0.002503106647738353,
    0.0025960305202041433,
    0.002684710620486677,
    0.00276928267273266,
    0.002849878416872938,
    0.0029266257224570894,
    0.0029996486992661226,
    0.003069067804794237,
    0.003134999948686558,
    0.0031975585942155002,
    0.0032568538568797925,
    0.0033129926002119976,
    0.0033660785288753907,
    0.00341621227912496,
    0.0034634915067052368,
    0.003508010972257269,
    0.0035498626243057035,
    0.003589135679895306,
    0.003625916702943543,
    0.0036602896803722114,
    0.0036923360960793706,
    0.003722135002812419,
    0.0037497630920023755,
    0.003775294761618436,
    0.0037988021820993512,
    0.0038203553604147554,
    0.003840022202309371,
    0.0038578685727831646,
    0.0038739583548544005,
    0.00388835350664651,
    0.0039011141168464585,
    0.003912298458591718,
    0.003921963041835211,
    0.0039301626642250995,
    0.00393695046053716,
    0.003942377950702523,
    0.003946495086472806,
    0.003949350296760282,
    0.003950990531688578,
    0.003951461305390069,
    0.003950806737585617,
    0.00394906959398461,
    0.003946291325543601,
    0.003942512106611176,
    0.003937770871983819,
    0.003932105352902403,
    0.003925552112009878,
    0.003918146577294308,
    0.0039099230750651295,
    0.003900914862005684,
    0.003891154156324764,
    0.0038806721680290828,
    0.003869499128333399,
    0.003857664318220571,
    0.003845196096182686,
    0.0038321219251821804,
    0.003818468398855223,
    0.0038042612669704273,
    0.0037895254601563967,
    0.0037742851139177637,
    0.0037585635919683454,
    0.0037423835089077408,
    0.003725766752258554,
    0.0037087345038655573,
    0.0036913072606455434,
    0.0036735048547091673,
    0.003655346472916464,
    0.003636850675903802,
    0.0036180354165802754,
    0.003598918058089447,
    0.0035795153912480952,
    0.0035598436514909498,
    0.0035399185353493417,
    0.003519755216469262,
    0.0034993683611628653,
    0.00347877214352299,
    0.0034579802601523027,
    0.0034370059444845643,
    0.003415861980657445,
    0.003394560716999711,
    0.003373114079190331,
    0.003351533583000975,
    0.0033298303464984573,
    0.0033080151017851767,
    0.003286098206470394,
    0.003264089654887686,
    0.003241999088990078,
    0.003219835808948449,
    0.0031976087834957954,
    0.0031753266600192875,
    0.003152997774403633,
    0.003130630160694745,
    0.0031082315606294816,
    0.0030858094329379183,
    0.003063370962287477,
    0.0030409230678770495,
    0.0030184724119247316,
    0.0029960254083733293,
    0.0029735882320145127,
    0.0029511668279444256,
    0.0029287669206370832,
    0.0029063940222195223,
    0.0028840534413400055,
    0.0028617502947128276,
    0.002839489522046738,
    0.0028172759032221023,
    0.0027951140789189977,
    0.0027730085853058094,
    0.002750963917700478,
    0.002728984641742453,
    0.0027070756076439254,
    0.0026852424069745686,
    0.0026634923008386126,
    0.002641835644213177,
    0.0026352723367700863,
    0.0026583282604241416,
    0.0026950000112543207,
    0.00272969184499272,
    0.002762404857724739,
    0.0027933502908415587,
    0.002854632312985463,
    0.0029769556738352943,
    0.003125954454320119,
    0.003268538875507496,
    0.003404829272398039,
    0.0035350154732665447,
    0.0036592884250795906,
    0.0037778354949738885,
    0.00389083936967931,
    0.003998477729151232,
    0.004100923181132341,
    0.004198343329277261,
    0.004290900890673212,
    0.004378753823302058,
    0.0044620554520157975,
    0.0045409545931349715,
    0.0046155956781431026,
    0.004686118875750472,
    0.00475266021168653,
    0.004815351685690587,
    0.004874321385539087,
    0.004929693598215996,
    0.004981588918250484,
    0.005030124353198588,
    0.005075413426264651,
    0.005117566276080654,
    0.005156689753710337,
    0.005192887516957605,
    0.005226260122024335,
    0.005256905112572814,
    0.005284917106279058,
    0.00531038787895627,
    0.005333406446317,
    0.0053540591434300296,
    0.005372429701917807,
    0.00538859932495683,
    0.005402646760153645,
    0.005414648370360525,
    0.005424678202488353,
    0.005432808054369381,
    0.005439107539720226,
    0.005443644151259042,
    0.0054464833220321225,
    0.005447688485000934,
    0.005447321130937079,
    0.005445440864671778,
    0.005442105459746046,
    0.005437370911506898,
    0.0054312914886933865,
    0.0054239197835551835,
    0.005415306760545434,
    0.0054055018036278536,
    0.0053945527622372685,
    0.005382505995932151,
    0.005369406417775874,
    0.005355297536481316,
    0.005340221497353078,
    0.005324219122061991,
    0.0053073299472860755,
    0.005289592262250171,
    0.005271043145195003,
    0.005251718498805921,
    0.005231653084630759,
    0.005210880556515165,
    0.00518943349308318,
    0.005167343429290153,
    0.0051446408870743495,
    0.005121355405132904,
    0.005097515567846852,
    0.005073149033379165,
    0.005048282560969192,
    0.005022942037446222,
    0.004997152502984345,
    0.004970938176120255,
    0.004944322478054737,
    0.0049173280562580775,
    0.004889976807399218,
    0.004862289899617799,
    0.00483428779415761,
    0.0048059902663795725,
    0.004777416426171908,
    0.004748584737774515,
    0.004719513039034108,
    0.00469021856010632,
    0.004660717941620517,
    0.004631027252322566,
    0.004601162006210357,
    0.004571137179176426,
    0.004540967225171624,
    0.004510666091903475,
    0.004480247236082459,
    0.0044497236382289845,
    0.004419107817053498,
    0.00438841184342192,
    0.004357647353918236,
    0.004326825564015684,
    0.004295957280867548,
    0.004265052915728368,
    0.0042341224960161065,
    0.0042031756770255415,
    0.0041722217533027425,
    0.004141269669690249,
    0.004110328032052307,
    0.004079405117689271,
    0.004048508885449999,
    0.0040176469855509106,
    0.003986826769110074,
    0.003956055297404368,
    0.003925339350857569,
    0.003894685437767031,
    0.0038640998027764336,
    0.0038335884351018063,
    0.003803157076517904,
    0.0037728112291117487,
    0.0037425561628099927,
    0.003712396922686541,
    0.003682338336056666,
    0.0036523850193637226,
    0.0036225413848643764,
    0.0035928116471181043,
    0.0035631998292865656,
    0.003533709769248267,
    0.0035043451255337933,
    0.0034751093830867113,
    0.003446005858855132,
    0.0034170377072187683,
    0.00338820792525621,
    0.003359519357856955,
    0.0033309747026826157,
    0.003302576514981633,
    0.0032743272122617694,
    0.0032462290788244632,
    0.0032182842701649664,
    0.003190494817242092,
    0.0031628626306213032,
    0.0031353895044947747,
    0.0031080771205819653,
    0.003080927051914135,
    0.003053940766506113,
    0.0030271196309185617,
    0.0030004649137138884,
    0.0029739777888088646,
    0.002947659338726891,
    0.002921510557752838,
    0.0028955323549932463,
    0.0028697255573445998,
    0.0028440909123722646,
    0.00281862909110269,
    0.0027933406907314296,
    0.0027682262372494366,
    0.0027432861879899727,
    0.0027185209340984074,
    0.0026939308029271165,
    0.002669516060357639,
    0.002645276913052193,
    0.002621213510636592,
    0.0025973259478165424,
    0.0025736142664292763,
    0.002550078457432368,
    0.002526718462831582,
    0.002503534177549524,
    0.0024805254512367736,
    0.0024576920900270527,
    0.002435033858238099,
    0.0024125504800199433,
    0.00239024164095217,
    0.0023681069895915914,
    0.0023461461389717355,
    0.0023243586680555656,
    0.002302744123142828,
    0.002281302019233328,
    0.0022600318413473755,
    0.0022389330458046875,
    0.0022180050614629444,
    0.0021972472909172164,
    0.0021766591116613794,
    0.0021562398772126358,
    0.002135988918200204,
    0.002115905543419133,
    0.0020959890408502545,
    0.0020762386786474536,
    0.0020566537060933004,
    0.002037233354523935,
    0.002017976838223971,
    0.001998883355292108,
    0.0019799520884783515,
    0.001961182205994004,
    0.0019425728622953157,
    0.0019241231988413809,
    0.0019058323448270344,
    0.0018876994178915682,
    0.0018697235248039642,
    0.0018519037621252885,
    0.0018342392168489514,
    0.0018167289670195205,
    0.0017993720823306911,
    0.0017821676247029683,
    0.00176511464884176,
    0.0017482122027766645,
    0.001731459328382514,
    0.0017148550618826285,
    0.0016983984343347566,
    0.0016820884721003644,
    0.0016659241972981017,
    0.0016499046282418568,
    0.0016340287798636902,
    0.0016182956641224262,
    0.0016027042903984901,
    0.0015872536658751663,
    0.0015719427959067474,
    0.0015567706843743142,
    0.0015417363340298113,
    0.0015268387468292469,
    0.0015120769242553522,
    0.0014974498676294842,
    0.0014829565784137554,
    0.0014685960585049131,
    0.001454367310520746,
    0.0014402693380791073,
    0.0014263011460681138,
    0.0014124617409093316,
    0.0013987501308276946,
    0.0013851653261359007,
    0.0013717063395141805,
    0.0013583721862780388,
    0.001345161884669556,
    0.0013320744562049735,
    0.001319108926069518,
    0.001306264323525076,
    0.0012935396823463884,
    0.0012809340414515298,
    0.00126844644591909,
    0.001256075948406378,
    0.0012438216109150802,
    0.001231682506849804,
    0.0012196577235674966,
    0.0012077463670031807,
    0.0011959475714147891,
    0.001184260517099128,
    0.0011726844583208216,
    0.0011612187584997293,
    0.001149862919803044,
    0.0011386166478216083,
    0.0011274802270348498,
    0.0011164566783831219,
    0.0011061117283120772,
    0.0011438060250595044,
    0.0012739721732186846,
    0.0014456959516505766,
    0.0016105348417365445,
    0.0017687073721718257,
    0.0019773172553540263,
    0.002291307298945048,
    0.002649735003365808,
    0.0029939074747018938,
    0.0033242500859440327,
    0.003645258454132377,
    0.003961260198885798,
    0.004268301369738707,
    0.0045625590828002206,
    0.004844419341594989,
    0.00511428005734094,
    0.00539155835633123,
    0.005695234476115056,
    0.006005580166343486,
    0.006303045494941546,
    0.006588095183581645,
    0.006869962854734733,
    0.007156817751514751,
    0.007439413305029122,
    0.007709246991854759,
    0.007966724772732353,
    0.008212264148508695,
    0.008476142200796039,
    0.008787455640644867,
    0.009114448428882095,
    0.009429014649649643,
    0.009749793935219145,
    0.010089825118073617,
    0.01043000673414073,
    0.010754406118028685,
    0.011063524589215425,
    0.011357854293934351,
    0.011637880259816106,
    0.01190824033315134,
    0.01217339678148448,
    0.012429313070161022,
    0.012672109388455814,
    0.012923979702896696,
    0.013206262264213368,
    0.01349595480761269,
    0.013770924259417948,
    0.01403164523669851,
    0.01427860262666592,
    0.014542411191710939,
    0.014852493076457895,
    0.015176849146842943,
    0.0154846925140566,
    0.01577655353390082,
    0.016052953321576413,
    0.01631439863801533,
    0.016561381508907846,
    0.016794379507348762,
    0.0170138561956792,
    0.017220261524650532,
    0.01741403217244604,
    0.01759559185010413,
    0.01776535158361707,
    0.017923710060771838,
    0.018071054084093884,
    0.018207759014083114,
    0.01833418911015363,
    0.018450697821359687,
    0.018557628094941932,
    0.018655312707978045,
    0.01874407463927719,
    0.018824227573816767,
    0.018896076880951886,
    0.018959923612817432,
    0.019040176042538208,
    0.019160310080229954,
    0.01929466691659615,
    0.01941854711935224,
    0.01953230544367522,
    0.019636292608117962,
    0.019730850618551656,
    0.019816313364951144,
    0.019893009599669075,
    0.019961272527612848,
    0.02002148706236654,
    0.020074504766118148,
    0.020141675760955026,
    0.02024253253791476,
    0.02035459111703774,
    0.020456718202672117,
    0.02054925218839536,
    0.020632527459697438,
    0.020706869993895764,
    0.02077259647165746,
    0.02083001422244967,
    0.02087942138437571,
    0.02092110712198038,
    0.02095535185774917,
    0.020982427508714634,
    0.021002597724001634,
    0.02101611811943159,
    0.021023236507413563,
    0.021024193121315454,
    0.021019220833953398,
    0.021008545370217374,
    0.020992385513897528,
    0.020970953308723256,
    0.020944454253747934,
    0.020913087493254125,
    0.020877046001254392,
    0.02083651676073868,
    0.020791680937889828,
    0.020742714051383282,
    0.02068978613684029,
    0.020633061906563083,
    0.02057270090473741,
    0.02050885765824674,
    0.020441681823173193,
    0.020371318327106935,
    0.02029790750741834,
    0.020221585245595572,
    0.020142483097745145,
    0.02006072842137163,
    0.019976444498539782,
    0.019889750655515598,
    0.01980076237898834,
    0.019709591428975114,
    0.0196163459485003,
    0.019521130570136956,
    0.019424046519501244,
    0.019325191715789218,
    0.019224660869437075,
    0.019122545576981665,
    0.01901893441320373,
    0.018913913020636997,
    0.01880756419651707,
    0.018699967977239582,
    0.01859120172038913,
    0.01848134018439887,
    0.01837045560592021,
    0.01825861777498645,
    0.018145894108031423,
    0.018032349718813706,
    0.017918047487301778,
    0.017803048126576963,
    0.01768741024781221,
    0.017571190423381882,
    0.017454443248151916,
    0.0173372213990022,
    0.01721957569263545,
    0.017101555141721392,
    0.01698320700942261,
    0.016864576862349004,
    0.01674570862198412,
    0.016626644614624476,
    0.0165074256198747,
    0.01638809091774108,
    0.0162686783343648,
    0.01614922428643135,
    0.01602976382428988,
    0.01591033067382207,
    0.015790957277102755,
    0.01567167483188622,
    0.015552513329947112,
    0.015433501594307378,
    0.015314667315382557,
    0.015196037086078317,
    0.015077636435866213,
    0.014959489863867598,
    0.014841620870974202,
    0.014724051991033275,
    0.01460680482112363,
    0.014489900050948627,
    0.014373357491372191,
    0.014257196102121743,
    0.01414143401868051,
    0.01402608857839224,
    0.0139111763458006,
    0.01379671313724527,
    0.013682714044737304,
    0.013569193459135587,
    0.013456165092644364,
    0.01334364200065068,
    0.013231636602919688,
    0.013120160704165475,
    0.013009225514015375,
    0.012898841666385528,
    0.012789019238284832,
    0.012679767768063469,
    0.0125710962731213,
    0.012463013267092241,
    0.012355526776520503,
    0.012248644357042888,
    0.012142373109090294,
    0.012036719693121554,
    0.011931690344403037,
    0.011827290887347996,
    0.01172352674942969,
    0.01162040297468006,
    0.0115179242367851,
    0.011416094851788683,
    0.011314918790415966,
    0.011214399690027162,
    0.01111454086621257,
    0.01101534532403923,
    0.01091681576895898,
    0.010818954617387544,
    0.010721764006964354,
    0.010625245806502297,
    0.01052940162563595,
    0.010434232824176392,
    0.010339740521181643,
    0.01024592560375195,
    0.010152788735558036,
    0.010060330365109615,
    0.009968550733771543,
    0.009877449883534492,
    0.009787027664547227,
    0.009697283742417708,
    0.00960821760529013,
    0.009519828570704193,
    0.009432115792242464,
    0.009345078265971425,
    0.009258714836682046,
    0.00917302420393639,
    0.009088004927927114,
    0.009003655435154944,
    0.00891997402392846,
    0.008836958869691472,
    0.00875460803018352,
    0.008672919450438347,
    0.008591890967625136,
    0.008511520315736962,
    0.00843180513013043,
    0.008352742951920821,
    0.008274331232237284,
    0.008196567336341422,
    0.008119448547613255,
    0.008042972071409612,
    0.007967135038799294,
    0.007891934510178139,
    0.007817367478767049,
    0.007743430873996688,
    0.007670121564782183,
    0.0075974363626907454,
    0.007525372025005632,
    0.007453925257689675,
    0.007383092718251123,
    0.007312871018514281,
    0.007243256727297946,
    0.007174246373004665,
    0.007105836446123507,
    0.007038023401648732,
    0.006970803661416924,
    0.006904173616365092,
    0.006838129628711946,
    0.006772668034064399,
    0.006707785143451359,
    0.00664347724528665,
    0.006579740607263414,
    0.006516571478183227,
    0.0064539660897223825,
    0.00639192065813677,
    0.006330431385906465,
    0.006269494463321514,
    0.006209106070011124,
    0.006149262376418148,
    0.0060899595452203175,
    0.006031193732699901,
    0.0059729610900630175,
    0.005915257764710399,
    0.005858079901461902,
    0.005801423643735687,
    0.005745285134682523,
    0.00568966051827687,
    0.005634545940366855,
    0.005579937549684448,
    0.005525831498816119,
    0.005472223945134144,
    0.005419111051690212,
    0.005366488988074198,
    0.0053143539312396435,
    0.005262702066296457,
    0.005211529587271821,
    0.005160832697840106,
    0.005110607612022412,
    0.005060850554856718,
    0.005011557763039737,
    0.004962725485540958,
    0.004914349984189851,
    0.004866427534237491,
    0.004818954424893308,
    0.004771926959837675,
    0.00472534145771112,
    0.004679194252580921,
    0.004633481694386179,
    0.0045882001493614665,
    0.004543346000438247,
    0.004498915647624031,
    0.004454905508361406,
    0.004411312017870253,
    0.004368131629474061,
    0.0043253608149091335,
    0.00428299606461664,
    0.0042410338880182995,
    0.004199470813776176,
    0.0041583033900380656,
    0.004117528184669157,
    0.004077141785468477,
    0.004037140800370198,
    0.003997521857632494,
    0.0039582816060148235,
    0.003919416714942374,
    0.003880923874658092,
    0.0038427997963633056,
    0.0038050412123472356,
    0.003767644876106214,
    0.0037306075624528668,
    0.00369392606761465,
    0.0036575972093215773,
    0.00362161782688414,
    0.0035859847812631193,
    0.0035506949551316986,
    0.003515745252929499,
    0.0034811326009074844,
    0.0034468539471613955,
    0.003412906261655371,
    0.0033792865362399457,
    0.0033459917846639102,
    0.003313019042579575,
    0.0032803653675437658,
    0.0032480278390144427,
    0.003216003558341065,
    0.003184289648748931,
    0.0031528832553192076,
    0.0031217815449640376,
    0.003090981706395127,
    0.0030604809500868226,
    0.003030276508234746,
    0.0030003656347092097,
    0.0029707456050032917,
    0.0029414137161774684,
    0.002912367286802029,
    0.0028836036568962884,
    0.00285512018786346,
    0.002826914262421311,
    0.002798983284530062,
    0.0027713246793188272,
    0.00274393589300915,
    0.0027168143928340853,
    0.0026899576669543227,
    0.0026633632243732498,
    0.002637028594850298,
    0.0026109513288106435,
    0.0025851289972519563,
    0.002559559191650856,
    0.00253423952386563,
    0.0025091676260275077,
    0.0024843411504232842,
    0.0024597577693803983,
    0.0024354151751585017,
    0.0024113110798438357,
    0.002387443215241172,
    0.0023638093327617254,
    0.0023404072033109827,
    0.0023172346171783003,
    0.002294289383926517,
    0.0022715693322799776,
    0.002249072310008181,
    0.0022267961838076823,
    0.0022047388391883737,
    0.0021828981803592618,
    0.002161272130107964,
    0.0021398586296801168,
    0.0021186556386623414,
    0.0020976611348639423,
    0.0020768731141957483,
    0.0020562895905492633,
    0.002035908595677438,
    0.0020157281790724097,
    0.001995746407830163,
    0.0019759613665022583,
    0.001956371156949747,
    0.001936973898205412,
    0.0019177677263413407,
    0.0018987507943466863,
    0.0018799212720150514,
    0.0018612773458301334,
    0.0018428172188440313,
    0.001824539110549953,
    0.001806441256754489,
    0.0017885219094548853,
    0.0017707793367191008,
    0.0017532118225625543,
    0.0017358176668231182,
    0.0017185951850426867,
    0.0017015427083550917,
    0.001684658583369718,
    0.001667941172049449,
    0.0016513888515931705,
    0.0016350000143233387,
    0.0016187730675679684,
    0.0016027064335366907,
    0.0015867985492006179,
    0.0015710478661752616,
    0.0015554528505993138,
    0.0015400119830144842,
    0.0015247237582524968,
    0.0015095866853233398,
    0.0014945992873005597,
    0.0014797601012062015,
    0.0014650676778966685,
    0.0014505205819436062,
    0.0014361173915027397,
    0.001421856698178411,
    0.0014077371068978775,
    0.0013937572357949632,
    0.00137991571609689,
    0.0013662111920144818,
    0.0013526423206363218,
    0.0013392077718253725,
    0.0013259062281163274,
    0.0013127363846102756,
    0.0012996969488647083,
    0.0012867866407834305,
    0.0012740041925113205,
    0.0012613483483315182,
    0.0012488178645605954,
    0.0012364115094414725,
    0.0012241280630364629,
    0.0012119663171228693,
    0.0011999250750913653,
    0.0011880031518461175,
    0.0011761993737061122,
    0.0011645125783047573,
    0.0011529416144858192,
    0.0011414853421997636,
    0.0011301426324032506,
    0.0011189123669585832,
    0.0011077934385317553,
    0.001096784750492286,
    0.0010858852168161904,
    0.0010750937619911445,
    0.0010644093209209748,
    0.0010538308388248448,
    0.0010433572711337998,
    0.001032987583392596,
    0.0010227207511674915,
    0.0010125557599561601,
    0.001002491605098333,
    0.000992527291686746,
    0.000982661834477691,
    0.0009728942578012119,
    0.0009632235954719266,
    0.0009536488907014801,
    0.0009441691960124757,
    0.0009347835731527154,
    0.0009254910930097537,
    0.0009162908355261328,
    0.000907181889614513,
    0.0008981633530732125,
    0.0008892343325031306,
    0.0008803939432251817,
    0.0008716413091978523,
    0.0008629755629359653,
    0.0008543958454311107,
    0.00084590130607285,
    0.0008374911025695378,
    0.0008291644008689168,
    0.0008209203750797912,
    0.0008127582073951251,
    0.0008046770880155417,
    0.0007966762150728238,
    0.0007887547945542063,
    0.0007809120402278411,
    0.0007731471735690301,
    0.0007654594236868873,
    0.0007578480272510769,
    0.0007503122284182441,
    0.0007428512787587355,
    0.0007354644371848126,
    0.0007281509698806041,
    0.0007209101502331268,
    0.0007137412587635073,
    0.000706643583058328,
    0.0006996164177019455,
    0.0006926590642098822,
    0.0006857708309626105,
    0.0006789510331395781,
    0.0006721989926537319,
    0.0006655140380867297,
    0.0006588955046249978,
    0.0006523427339965208,
    0.000645855074408006,
    0.000639431880482382,
    0.0006330725131968672,
    0.000626776339821685,
    0.0006205427338593365,
    0.0006143710749843797,
    0.0006082607489837368,
    0.0006022111476975321,
    0.0005962216689603159,
    0.0005902917165424239,
    0.0005844207000915845,
    0.0005786080350753566,
    0.0005728531427246195,
    0.0005671554499777713,
    0.0005615143894254354,
    0.0005559293992558661,
    0.0005503999232009763,
    0.0005449254104825804,
    0.0005395053157589433,
    0.0005341390990719733,
    0.0005288262257950059,
    0.0005235661665811879,
    0.0005183583973124175,
    0.000513202399048481,
    0.0005080976579764388,
    0.0005030436653606621,
    0.0004980399174935919,
    0.0004930859156469816,
    0.00048818116602328433,
    0.00048332517970692604,
    0.0004785174726158043,
    0.00047375756545360256,
    0.00046904498366290846,
    0.0004643792573789233,
    0.00045975992138381106,
    0.00045518651506157347,
    0.00045065858235307813,
    0.00044617567171096164,
    0.00044173733605464325,
    0.00043734313272607165,
    0.0004329926234463658,
    0.0004286853742730123,
    0.0004244209555574349,
    0.00042019894190296593,
    0.0004160189121232557,
    0.00041188044920113163,
    0.0004077831402479413,
    0.0004037265764633006,
    0.00039971035309511804,
    0.0003957340693999463,
    0.0003917973286037134,
    0.00038789973786274045,
    0.00038404090822513284,
    0.0003802204545926664,
    0.00037643799568305757,
    0.0003726931539926329,
    0.0003689855557594125,
    0.0003653148309262505,
    0.00036168061310379795,
    0.00035808253953367557,
    0.0003545202510523684,
    0.00035099339205583654,
    0.00034750161046460915,
    0.00034404455768932164,
    0.000340621888596622,
    0.00033723326147521424,
    0.0003338783380020183,
    0.0003305567832086744,
    0.00032726826544847556,
    0.00032401245636370804,
    0.0003207890308534121,
    0.00031759766704150816,
    0.0003144380462452321,
    0.00031130985294379156,
    0.00030821277474715443,
    0.00030514650236512303,
    0.0003021107295768649,
    0.00029910515320084576,
    0.0002961294730650062,
    0.0002931833919769737,
    0.0002902666156941855,
    0.000287378852894073,
    0.00028451981514468407,
    0.00028168921687605087,
    0.00027888677535218285,
    0.0002761122106432823,
    0.0002733652455980434,
    0.0002706456058161348,
    0.00026795301962096807,
    0.0002652872180328346,
    0.0002626479347423398,
    0.00026003490608411456,
    0.00025744787101095694,
    0.00025488657106824696,
    0.00025235075036837316,
    0.0002498401555652737,
    0.00024735453582926136,
    0.000244893642822182,
    0.00024245723067292034,
    0.00024004505595306394,
    0.00023765687765235654,
    0.0002352924571540402,
    0.00023295155821065328,
    0.00023063394692050983,
    0.0002283393917046701,
    0.00022606766328415665,
    0.00022381853465718764,
    0.00022159178107642458,
    0.00021938718002652844,
    0.00021720451120216188,
    0.0002150435564862607,
    0.00021290409992846834,
    0.00021078592772376528,
    0.0002086888281913617,
    0.00020661259175384965,
    0.00020455701091651036,
    0.00020252188024682548,
    0.00020050699635422691,
    0.0001985121578699439,
    0.00019653716542699883,
    0.00019458182164047057,
    0.00019264593108792052,
    0.00019072930028990971,
    0.00018883173769064033,
    0.00018695305363854379,
    0.00018509306036674174,
    0.00018325157197382838,
    0.00018142840440528798,
    0.0001796233754352693,
    0.00017783630464848836,
    0.00017606701342236272,
    0.00017431532490941133,
    0.00017258106401979456,
    0.00017086405740397573,
    0.00016916413343560729,
    0.00016748112219455225,
    0.00016581485544984716,
    0.00016416516664279675,
    0.00016253189087056755,
    0.00016091486487019164,
    0.00015931392700261097,
    0.0001577289172366561,
    0.00015615967713309879,
    0.00015460604982889996,
    0.00015306788002154544,
    0.00015154501395311143,
    0.00015003729939406965,
    0.00014854458562748544,
    0.00014706672343396798,
    0.00014560356507703655,
    0.000144154964288582,
    0.00014272077625440306,
    0.0001413008575998517,
    0.00013989506637562192,
    0.00013850326204377025,
    0.00013712530546394918,
    0.00013576105887972608,
    0.00013441038590495074,
    0.0001330731515101512,
    0.00013174922200890127,
    0.00013043846504430306,
    0.00012914074957589265,
    0.00012785594586693422,
    0.000126583925471701,
    0.0001253245612226492,
    0.00012407772721766602,
    0.0001228432988071457,
    0.00012162115258081404,
    0.00012041116635496506,
    0.00011921321916028048,
    0.00011802719122976939,
    0.00011685296398682805,
    0.00011569042003358812,
    0.00011453944313942154,
    0.00011339991822944967,
    0.00011227173137307377,
    0.00011115476977265748,
    0.0001100489217523985,
    0.00010895407674729351,
    0.00010787012529223452,
    0.0001067969590113513,
    0.00010573447060744616,
    0.00010468255385134666,
    0.00010364110357128963,
    0.00010261001564241195,
    0.0001015891869761899,
    0.00010057851550962506,
    9.957790019426681e-05,
    9.858724098556139e-05,
    9.760643883285019e-05,
    9.663539566976616e-05,
    9.567401440465175e-05,
    9.472219891095602e-05,
    9.377985401770897e-05,
    9.284688550007151e-05,
    9.192320006998022e-05,
    9.100870536694677e-05,
    9.010330994905244e-05,
    8.920692328411646e-05,
    8.831945574087552e-05,
    8.744081858003065e-05,
    8.657092394530215e-05,
    8.57096848547155e-05,
    8.485701519203703e-05,
    8.401282969831852e-05,
    8.3177043963737e-05,
    8.234957441954557e-05,
    8.153033832970033e-05,
    8.071925378198776e-05,
    7.991623967884799e-05,
    7.91212157284101e-05,
    7.833410243614369e-05,
    7.75548210970948e-05,
    7.678329378835166e-05,
    7.601944336146446e-05,
    7.526319343488096e-05,
    7.451446838646016e-05,
    7.37731933460414e-05,
    7.303929418811124e-05,
    7.231269752441618e-05,
    7.159333069643301e-05,
    7.088112176804073e-05,
    7.01759995186105e-05,
    6.947789343632004e-05,
    6.878673371143299e-05,
    6.810245122943372e-05,
    6.742497756419027e-05,
    6.675424497114385e-05,
    6.609018638001958e-05,
    6.543273538711764e-05,
    6.478182624797046e-05,
    6.413739387058934e-05,
    6.349937380912879e-05,
    6.286770225792592e-05,
    6.224231604556124e-05,
    6.162315262863106e-05,
    6.1010150085451154e-05,
    6.040324710999854e-05,
    5.980238300606796e-05,
    5.92074976814001e-05,
    5.86185316416942e-05,
    5.80354259846587e-05,
    5.745812239425248e-05,
    5.688656313504945e-05,
    5.6320691046595235e-05,
    5.576044953786473e-05,
    5.5205782581820755e-05,
    5.4656634709878155e-05,
    5.41129510063825e-05,
    5.35746771032115e-05,
    5.304175917423717e-05,
    5.2514143929406824e-05,
    5.1991778608679074e-05,
    5.147461097635958e-05,
    5.096258931588158e-05,
    5.045566242465971e-05,
    4.995377960895154e-05,
    4.945689067881348e-05,
    4.896494594321711e-05,
    4.847789620536921e-05,
    4.7995692758059295e-05,
    4.751828737890235e-05,
    4.704563232552033e-05,
    4.65776803307504e-05,
    4.6114384598032904e-05,
    4.565569879695712e-05,
    4.520157705881042e-05,
    4.475197397208711e-05,
    4.430684457795639e-05,
    4.386614436579978e-05,
    4.342982926890669e-05,
    4.2997855660240465e-05,
    4.2570180348298606e-05,
    4.214676057295602e-05,
    4.172755400072648e-05,
    4.1312518719428386e-05,
    4.090161323314702e-05,
    4.049479645790576e-05,
    4.009202771776428e-05,
    3.969326674112214e-05,
    3.929847365697565e-05,
    3.890760899112738e-05,
    3.852063366253264e-05,
    3.8137508979525665e-05,
    3.775819663587691e-05,
    3.7382658707007236e-05,
    3.7010857646360824e-05,
    3.664275628184561e-05,
    3.627831781236682e-05,
    3.591750580423465e-05,
    3.556028418697283e-05,
    3.5206617248654615e-05,
    3.4856469631594145e-05,
    3.450980632870276e-05,
    3.4166592680179367e-05,
    3.382679437018828e-05,
    3.349037742336967e-05,
    3.3157308201331624e-05,
    3.2827553399407844e-05,
    3.2501080043817494e-05,
    3.217785548897262e-05,
    3.1857847414540405e-05,
    3.1541023822334406e-05,
    3.122735303332291e-05,
    3.091680368462134e-05,
    3.060934472630606e-05,
    3.0304945418343188e-05,
    3.0003575327798823e-05,
    2.9705204325922607e-05,
    2.940980258459384e-05,
    2.91173405723867e-05,
    2.8827789051033117e-05,
    2.854111907232255e-05,
    2.825730197508142e-05,
    2.7976309382354013e-05,
    2.7698113198908253e-05,
    2.7422685608869058e-05,
    2.7149999073182657e-05,
    2.6880026326844513e-05,
    2.6612740376155263e-05,
    2.6348114496094506e-05,
    2.608612222766075e-05,
    2.5826737375302988e-05,
    2.556993400460372e-05,
    2.5315686439997896e-05,
    2.5063969262467055e-05,
    2.481475730740267e-05,
    2.456802566251371e-05,
    2.4323749665515545e-05,
    2.4081904901451143e-05,
    2.384246719951573e-05,
    2.3605412629630227e-05,
    2.3370717499304594e-05,
    2.313835835101842e-05,
    2.2908311960042818e-05,
    2.2680555332474118e-05,
    2.245506570312154e-05,
    2.2231820533051496e-05,
    2.2010797506955895e-05,
    2.1791974530756276e-05,
    2.15753297296506e-05,
    2.1360841446470652e-05,
    2.1148488240168464e-05,
    2.093824888411195e-05,
    2.073010236393221e-05,
    2.0524027875355892e-05,
    2.0320004822566773e-05,
    2.011801281682735e-05,
    1.991803167459254e-05,
    1.9720041414496745e-05,
    1.9524022253718424e-05,
    1.9329954604902617e-05,
    1.9137819073627482e-05,
    1.894759645609449e-05,
    1.8759267737497043e-05,
    1.8572814090959024e-05,
    1.8388216876188914e-05,
    1.8205457637634943e-05,
    1.8024518102665095e-05,
    1.784538017981511e-05,
    1.766802595695439e-05,
    1.7492437699845492e-05,
    1.731859785116868e-05,
    1.7146489029386513e-05,
    1.6976094027388704e-05,
    1.680739581129378e-05,
    1.6640377519300228e-05,
    1.6475022460362367e-05,
    1.6311314112255466e-05,
    1.61492361180687e-05,
    1.5988772281745976e-05,
    1.582990656476905e-05,
    1.5672623084252927e-05,
    1.551690611155678e-05,
    1.5362740071324542e-05,
    1.5210109540642992e-05,
    1.5058999247927076e-05,
    1.4909394072123622e-05,
    1.4761279042235012e-05,
    1.4614639336143142e-05,
    1.4469460278772454e-05,
    1.4325727340396906e-05,
    1.4183426135380071e-05,
    1.404254242144535e-05,
    1.3903062099283959e-05,
    1.3764971211779413e-05,
    1.3628255942608127e-05,
    1.3492902615170486e-05,
    1.3358897692714558e-05,
    1.3226227778630388e-05,
    1.309487961471219e-05,
    1.29648400768454e-05,
    1.283609617020977e-05,
    1.2708635026276053e-05,
    1.2582443901643126e-05,
    1.245751017740585e-05,
    1.2333821358404805e-05,
    1.2211365072345017e-05,
    1.209012906849816e-05,
    1.1970101215871908e-05,
    1.1851269501924843e-05,
    1.1733622032689365e-05,
    1.161714703286472e-05,
    1.1501832844362112e-05,
    1.1387667924477065e-05,
    1.1274640845218489e-05,
    1.1162740293361364e-05,
    1.1051955070371623e-05,
    1.0942274091994633e-05,
    1.0833686386960208e-05,
    1.0726181093690897e-05,
    1.0619747456070807e-05,
    1.0514374820788146e-05,
    1.0410052635793353e-05,
    1.0306770448981319e-05,
    1.0204517907663608e-05,
    1.0103284758075353e-05,
    1.0003060844475929e-05,
    9.903836108617932e-06,
    9.805600589590229e-06,
    9.708344423235206e-06,
    9.612057840895292e-06,
    9.516731168405642e-06,
    9.422354826039102e-06,
    9.328919329068519e-06,
    9.236415288129192e-06,
    9.14483340854554e-06,
    9.054164489199712e-06,
    8.964399422607195e-06,
    8.87552919489543e-06,
    8.787544882182382e-06,
    8.700437644503287e-06,
    8.614198722114005e-06,
    8.528819434832814e-06,
    8.444291181423644e-06,
    8.360605438417272e-06,
    8.277753760064824e-06,
    8.195727779405736e-06,
    8.11451920886045e-06,
    8.03411984010431e-06,
    7.954521543711781e-06,
    7.875716268345954e-06,
    7.797696039737449e-06,
    7.720452960148773e-06,
    7.643979208524513e-06,
    7.568267041392318e-06,
    7.493308794354209e-06,
    7.419096883263898e-06,
    7.3456238039312006e-06,
    7.272882130639588e-06,
    7.2008645151110605e-06,
    7.129563686219123e-06,
    7.058972449792989e-06,
    6.989083687908282e-06,
    6.919890355709529e-06,
    6.851385476062919e-06,
    6.783562136350367e-06,
    6.716413488499358e-06,
    6.649932749218309e-06,
    6.584113199552445e-06,
    6.518948184724963e-06,
    6.454431114068741e-06,
    6.390555460590738e-06,
    6.327314760539814e-06,
    6.2647026134852495e-06,
    6.2027126827748284e-06,
    6.141338695918453e-06,
    6.080574444887762e-06,
    6.020413786488965e-06,
    5.9608506423562064e-06,
    5.901878998014935e-06,
    5.843492901880404e-06,
    5.785686465193969e-06,
    5.72845386206282e-06,
    5.671789329164693e-06,
    5.615687165746618e-06,
    5.5601417334601574e-06,
    5.505147455535311e-06,
    5.450698815305029e-06,
    5.396790353369276e-06,
    5.343416664143046e-06,
    5.290572394228963e-06,
    5.238252242716682e-06,
    5.186450961608804e-06,
    5.135163355794088e-06,
    5.084384282824706e-06,
    5.034108652569202e-06,
    4.98433142685193e-06,
    4.935047619180419e-06,
    4.886252294408965e-06,
    4.837940568292402e-06,
    4.790107607306964e-06,
    4.742748628721354e-06,
    4.69585890036078e-06,
    4.649433740000366e-06,
    4.603468514641455e-06,
    4.557958639847789e-06,
    4.512899579341236e-06,
    4.468286844798097e-06,
    4.424115995670741e-06,
    4.3803826386534134e-06,
    4.3370824261399704e-06,
    4.294211053965649e-06,
    4.251764259810512e-06,
    4.209737822912916e-06,
    4.16812756432136e-06,
    4.126929346865063e-06,
    4.086139074893321e-06,
    4.045752693941766e-06,
    4.00576619029726e-06,
    3.9661755906944315e-06,
    3.926976962232956e-06,
    3.888166412217021e-06,
    3.849740087796666e-06,
    3.8116941756973423e-06,
    3.7740249021261373e-06,
    3.7367285325499716e-06,
    3.699801371351307e-06,
    3.663239761573241e-06,
    3.6270400846112117e-06,
    3.5911987597963383e-06,
    3.5557122439895045e-06,
    3.52057703078327e-06,
    3.485789649162647e-06,
    3.4513466625248097e-06,
    3.417244668416614e-06,
    3.383480298302683e-06,
    3.3500502172529906e-06,
    3.3169511239157455e-06,
    3.2841797505381758e-06,
    3.251732862753404e-06,
    3.2196072593184334e-06,
    3.1877997719570074e-06,
    3.1563072652313405e-06,
    3.125126636320266e-06,
    3.094254814731689e-06,
    3.063688762025441e-06,
    3.0334254715962593e-06,
    3.0034619686399243e-06,
    2.973795310206872e-06,
    2.9444225849057585e-06,
    2.915340911959914e-06,
    2.8865474399990098e-06,
    2.8580393463182898e-06,
    2.829813836683713e-06,
    2.8018681449905884e-06,
    2.774199532240407e-06,
    2.7468052852487203e-06,
    2.7196827158931336e-06,
    2.692829160940653e-06,
    2.6662419820583233e-06,
    2.6399185658828356e-06,
    2.61385632401846e-06,
    2.588052692883027e-06,
    2.562505133530728e-06,
    2.5372111315039417e-06,
    2.5121681967423305e-06,
    2.4873738636320304e-06,
    2.4628256911172925e-06,
    2.4385212627134972e-06,
    2.414458186475662e-06,
    2.3906340947808223e-06,
    2.3670466433852275e-06,
    2.3436935100707214e-06,
    2.320572393911982e-06,
    2.2976810152117357e-06,
    2.2750171154393587e-06,
    2.2525784568850758e-06,
    2.230362822255046e-06,
    2.208368014645546e-06,
    2.1865918578755788e-06,
    2.1650321966537683e-06,
    2.1436868964876286e-06,
    2.122553843777455e-06,
    2.1016309460064296e-06,
    2.0809161315156707e-06,
    2.0604073491004455e-06,
    2.0401025680347056e-06,
    2.0199997782863496e-06,
    2.000096990371924e-06,
    1.9803922351557757e-06,
    1.9608835640945863e-06,
    1.9415690497212626e-06,
    1.9224467858035245e-06,
    1.9035148866446948e-06,
    1.8847714856842709e-06,
    1.866214734354238e-06,
    1.8478428016653082e-06,
    1.82965387415324e-06,
    1.8116461558304067e-06,
    1.7938178681089669e-06,
    1.7761672497991052e-06,
    1.7586925572567962e-06,
    1.7413920644729184e-06,
    1.7242640629594696e-06,
    1.7073068617903647e-06,
    1.6905187880247576e-06,
    1.6738981872363303e-06,
    1.657443423933419e-06,
    1.6411528815519488e-06,
    1.6250249612806825e-06,
    1.6090580800806271e-06,
    1.593250669286536e-06,
    1.5776011739023595e-06,
    1.5621080522831447e-06,
    1.5467697766179586e-06,
    1.5315848338308178e-06,
    1.5165517259720645e-06,
    1.501668970024278e-06,
    1.4869350976652079e-06,
    1.47234865534707e-06,
    1.457908204573746e-06,
    1.443612322205707e-06,
    1.429459600893689e-06,
    1.415448649551672e-06,
    1.4015780934263912e-06,
    1.3878465737875318e-06,
    1.374252747926729e-06,
    1.3607952896960672e-06,
    1.3474728896646871e-06,
    1.3342842537578804e-06,
    1.321228101135917e-06,
    1.3083031632862255e-06,
    1.2955081842559704e-06,
    1.2828419207265534e-06,
    1.2703031420563469e-06,
    1.2578906308436962e-06,
    1.2456031834768954e-06,
    1.2334396100176342e-06,
    1.2213987338943705e-06,
    1.2094793919220344e-06,
    1.1976804343258796e-06,
    1.1860007252380941e-06,
    1.174439144317642e-06,
    1.162994588307608e-06,
    1.151665970937622e-06,
    1.1404522206749343e-06,
    1.129352277547087e-06,
    1.1183650912598285e-06,
    1.1074896206830845e-06,
    1.0967248332674744e-06,
    1.086069704423185e-06,
    1.0755232175453649e-06,
    1.065084364465751e-06,
    1.0547521459816142e-06,
    1.0445255724677345e-06,
    1.0344036643469324e-06,
    1.0243854527631191e-06,
    1.0144699813084916e-06,
    1.0046563080675024e-06,
    9.949435062646271e-07,
    9.853306634559035e-07,
    9.758168810584374e-07,
    9.664012754983567e-07,
    9.570829803713894e-07,
    9.47861147996015e-07,
    9.387349478662145e-07,
    9.297035613101804e-07,
    9.207661762340007e-07,
    9.119219850564936e-07,
    9.031701848510099e-07,
    8.945099786935096e-07,
    8.859405780298437e-07,
    8.774612043667466e-07,
    8.690710889276981e-07,
    8.607694718896262e-07,
    8.525556021641003e-07,
    8.444287369126721e-07,
    8.363881427927856e-07,
    8.284331006810876e-07,
    8.205629110525918e-07,
    8.12776896916508e-07,
    8.050744050174434e-07,
    7.974548081943851e-07,
    7.899175096853842e-07,
    7.824619454481244e-07,
    7.750875769695628e-07,
    7.677938753854967e-07,
    7.605803113693281e-07,
    7.534463559313868e-07,
    7.463914807372765e-07,
    7.394151535020581e-07,
    7.325168341965548e-07,
    7.256959741011974e-07,
    7.189520164656759e-07,
    7.122844002619104e-07,
    7.056925674810656e-07,
    6.991759681924361e-07,
    6.927340606673518e-07,
    6.86366312994449e-07,
    6.800722087574912e-07,
    6.738512515364607e-07,
    6.677029674917641e-07,
    6.616269106806767e-07,
    6.556226731369509e-07,
    6.49689900120887e-07,
    6.438283065827989e-07,
    6.380376795709954e-07,
    6.32317853096071e-07,
    6.266686701868935e-07,
    6.210899626463989e-07,
    6.155815514045297e-07,
    6.101432519338373e-07,
    6.04774878878827e-07,
    5.994762451850579e-07,
    5.942471559829462e-07,
    5.89087407712506e-07,
    5.83996796682989e-07,
    5.7897513121907e-07,
    5.740222431391581e-07,
    5.691379980862709e-07,
    5.643223021355152e-07,
    5.595751057966842e-07,
    5.548964154951244e-07,
    5.502863164341667e-07,
    5.457449953549911e-07,
    5.412727335031609e-07,
    5.368698288416526e-07,
    5.325364700456304e-07,
    5.2827264840601e-07,
    5.240781326391821e-07,
    5.199524700041967e-07,
    5.15894988701667e-07,
    5.119047902070035e-07,
    5.079807409788087e-07,
    5.041214810833536e-07,
    5.003254427912434e-07,
    4.965908713641401e-07,
    4.929158571185765e-07,
    4.892983895603059e-07,
    4.857364259827808e-07,
    4.822279392333897e-07,
    4.787709330264976e-07,
    4.7536344665258245e-07,
    4.7200355664756344e-07,
    4.6868938597419704e-07,
    4.6541913250779664e-07,
    4.6219109863070613e-07,
    4.590037065504133e-07,
    4.558555062913226e-07,
    4.527451824412686e-07,
    4.496715601852788e-07,
    4.4663359030992414e-07,
    4.4363028002761393e-07,
    4.4066060471526003e-07,
    4.3772347332280614e-07,
    4.348177414932933e-07,
    4.3194223051898347e-07,
    4.290957416586306e-07,
    4.2627706457506154e-07,
    4.234849883027827e-07,
    4.2071832633632564e-07,
    4.17975946783367e-07,
    4.1525678898513883e-07,
    4.12559864567944e-07,
    4.098842586006872e-07,
    4.0722913966548025e-07,
    4.0459376925678705e-07,
    4.019774962534256e-07,
    3.9937974092636757e-07,
    3.9679998491230827e-07,
    3.942377598274104e-07,
    3.916926170554119e-07,
    3.891640923988554e-07,
    3.8665169067168095e-07,
    3.84154890572008e-07,
    3.816731580104068e-07,
    3.792059596606625e-07,
    3.7675277383646116e-07,
    3.7431309962848906e-07,
    3.7188646182742996e-07,
    3.694724127556408e-07,
    3.67070535399275e-07,
    3.646804453131559e-07,
    3.623017901722126e-07,
    3.599342506332324e-07,
    3.575775423552871e-07,
    3.55231418773827e-07,
    3.528956759051263e-07,
    3.5057015499339423e-07,
    3.4825474111999424e-07,
    3.459493590979704e-07,
    3.436539601287825e-07,
    3.4136850061688123e-07,
    3.39092928514189e-07,
    3.3682718196588985e-07,
    3.3457119220965034e-07,
    3.323248865252375e-07,
    3.3008819243916887e-07,
    3.278610420714238e-07,
    3.2564337379945686e-07,
    3.2343513271229156e-07,
    3.212362726077062e-07,
    3.190467585136553e-07,
    3.1686656753213616e-07,
    3.146956882270802e-07,
    3.1253412025561276e-07,
    3.103818747146932e-07,
    3.082389744252085e-07,
    3.0610545371633153e-07,
    3.0398135632854253e-07,
    3.018667289628512e-07,
    2.9976161355673825e-07,
    2.9766604408710203e-07,
    2.955800467023359e-07,
    2.9350364026351147e-07,
    2.9143683776478624e-07,
    2.893796490354137e-07,
    2.873320841775726e-07,
    2.8529415597867443e-07,
    2.8326588010525587e-07,
    2.8124727459920145e-07,
    2.7923836060966746e-07,
    2.772391640814208e-07,
    2.7524971670096175e-07,
    2.7327005588536653e-07,
    2.7130022516353683e-07,
    2.6934027494761244e-07,
    2.6739026248852716e-07,
    2.65450250462005e-07,
    2.6352030369640567e-07,
    2.61600484420158e-07,
    2.596908480722258e-07,
    2.5779144142271764e-07,
    2.5590230340463e-07,
    2.5402346729263524e-07,
    2.5215496240565445e-07,
    2.502968151315228e-07,
    2.4844904997637813e-07,
    2.466116908516357e-07,
    2.447847620667115e-07,
    2.4296828894301776e-07,
    2.4116229829326906e-07,
    2.393668183935872e-07,
    2.3758187848141565e-07,
    2.358075074521229e-07,
    2.340437309642179e-07,
    2.322905683315208e-07,
    2.3054803123130134e-07,
    2.2881612403214342e-07,
    2.270948448221328e-07,
    2.2538418672872543e-07,
    2.2368413932478404e-07,
    2.2199469010464987e-07,
    2.20315825383021e-07,
    2.186475302540637e-07,
    2.1698978877315723e-07,
    2.1534258482084597e-07,
    2.1370590246944735e-07,
    2.1207972543681093e-07,
    2.1046403671213535e-07,
    2.088588191302225e-07,
    2.0726405633568648e-07,
    2.056797328740777e-07,
    2.0410583253011982e-07,
    2.0254233576242729e-07,
    2.009892182062054e-07,
    1.9944645070213678e-07,
    1.9791400009746057e-07,
    1.9639183019422783e-07,
    1.948799022198836e-07,
    1.9337817508212008e-07,
    1.9188660613054583e-07,
    1.9040515215641555e-07,
    1.889337699857802e-07,
    1.874724164798976e-07,
    1.8602104841978049e-07,
    1.8457962302304338e-07,
    1.831480988430036e-07,
    1.8172643620232913e-07,
    1.803145973396408e-07,
    1.789125463595045e-07,
    1.7752024785850547e-07,
    1.761376645437155e-07,
    1.7476475587736724e-07,
    1.7340147814902514e-07,
    1.7204778509276347e-07,
    1.707036287302981e-07,
    1.6936896016145607e-07,
    1.680437298811689e-07,
    1.6672788753850522e-07,
    1.6542138154932394e-07,
    1.6412415921107062e-07,
    1.6283616739638515e-07,
    1.6155735327441502e-07,
    1.6028766482357065e-07,
    1.5902705115842744e-07,
    1.5777546251151105e-07,
    1.5653285007020315e-07,
    1.5529916599618045e-07,
    1.540743635131861e-07,
    1.528583968250684e-07,
    1.5165122052610965e-07,
    1.5045278866490856e-07,
    1.4926305436606148e-07,
    1.4808197013052893e-07,
    1.469094880338894e-07,
    1.4574555955600175e-07,
    1.445901355334081e-07,
    1.4344316654195372e-07,
    1.4230460334119437e-07,
    1.411743970414967e-07,
    1.4005249904361034e-07,
    1.3893886092789383e-07,
    1.3783343465573646e-07,
    1.3673617316363155e-07,
    1.356470308219646e-07,
    1.3456596351877183e-07,
    1.3349292840439295e-07,
    1.324278829969697e-07,
    1.3137078396627554e-07,
    1.303215865383681e-07,
    1.2928024461965065e-07,
    1.2824671113931729e-07,
    1.2722093837198337e-07,
    1.2620287813531332e-07,
    1.2519248187029154e-07,
    1.241897007563509e-07,
    1.2319448595905154e-07,
    1.2220678895994027e-07,
    1.2122656180647423e-07,
    1.202537571918408e-07,
    1.192883284713455e-07,
    1.1833022978637795e-07,
    1.1737941628913441e-07,
    1.1643584426579351e-07,
    1.1549947109439077e-07,
    1.1457025508615344e-07,
    1.1364815505163967e-07,
    1.1273312965658971e-07,
    1.1182513704234505e-07,
    1.1092413485926874e-07,
    1.100300804760741e-07,
    1.0914293120918876e-07,
    1.0826264450826146e-07,
    1.0738917808484515e-07,
    1.0652249001841292e-07,
    1.0566253882734221e-07,
    1.0480928344925786e-07,
    1.0396268319288103e-07,
    1.0312269781917347e-07,
    1.0228928773134297e-07,
    1.0146241412886212e-07,
    1.0064203907330319e-07,
    9.982812536541276e-08,
    9.902063607067564e-08,
    9.821953385411469e-08,
    9.7424780576809e-08,
    9.663633734857063e-08,
    9.585416479702814e-08,
    9.507822325061749e-08,
    9.43084728253875e-08,
    9.354487351986029e-08,
    9.278738529395295e-08,
    9.203596814384478e-08,
    9.129058219726407e-08,
    9.055118781571178e-08,
    8.981774577183372e-08,
    8.909021749946288e-08,
    8.836856528932361e-08,
    8.765275234437388e-08,
    8.694274271276742e-08,
    8.623850114833581e-08,
    8.55399928372609e-08,
    8.484718302649425e-08,
    8.416003683413007e-08,
    8.34785192789242e-08,
    8.280259528890732e-08,
    8.213222969836429e-08,
    8.146738734812236e-08,
    8.08080331936372e-08,
    8.015413233859533e-08,
    7.950565004733871e-08,
    7.886255184695933e-08,
    7.82248037862569e-08,
    7.759237266039638e-08,
    7.696522598578636e-08,
    7.634333191728519e-08,
    7.572665936381221e-08,
    7.511517818285136e-08,
    7.4508859181794e-08,
    7.390767379351094e-08,
    7.331159360198094e-08,
    7.272059010316014e-08,
    7.213463478530092e-08,
    7.155369928601415e-08,
    7.097775550085637e-08,
    7.040677567291735e-08,
    6.984073249280255e-08,
    6.927959920963787e-08,
    6.872334968626195e-08,
    6.817195837937779e-08,
    6.762540037001412e-08,
    6.708365146427391e-08,
    6.654668821952361e-08,
    6.601448780656934e-08,
    6.548702775298008e-08,
    6.496428573210937e-08,
    6.444623950712809e-08,
    6.39328669939036e-08,
    6.342414631476242e-08,
    6.292005563858711e-08,
    6.242057282119934e-08,
    6.192567512806377e-08,
    6.143533914507324e-08,
    6.094954080059436e-08,
    6.046825546063624e-08,
    5.999145805711713e-08,
    5.95191232401571e-08,
    5.9051225587485515e-08,
    5.858773984019216e-08,
    5.8128641067798197e-08,
    5.767390470589115e-08,
    5.7223506540024755e-08,
    5.677742279073227e-08,
    5.6335630325938136e-08,
    5.5898106731635875e-08,
    5.546482998182742e-08,
    5.503577794634206e-08,
    5.461092813787493e-08,
    5.419025769605064e-08,
    5.377374346552961e-08,
    5.336136214887034e-08,
    5.295309046381433e-08,
    5.254890525686624e-08,
    5.214878363392858e-08,
    5.175270305734407e-08,
    5.136064133189353e-08,
    5.0972576617146114e-08,
    5.0588487570859796e-08,
    5.02083535249649e-08,
    4.983215463087176e-08,
    4.945987197245128e-08,
    4.909148756103595e-08,
    4.872698409213582e-08,
    4.8366344533537313e-08,
    4.800955179088787e-08,
    4.7656588585930444e-08,
    4.7307437533728707e-08,
    4.696208129752198e-08,
    4.662050267483124e-08,
    4.628268459510013e-08,
    4.594861010115055e-08,
    4.5618262425771616e-08,
    4.529162518599112e-08,
    4.496868258857544e-08,
    4.464941959862147e-08,
    4.43338221203166e-08,
    4.4021877225964156e-08,
    4.371357325699407e-08,
    4.3408899513896205e-08,
    4.310784572375084e-08,
    4.28104017119667e-08,
    4.251655731325883e-08,
    4.2226302431134795e-08,
    4.193962715905678e-08,
    4.165652186938739e-08,
    4.137697733102525e-08,
    4.1100984856208174e-08,
    4.082853648199565e-08,
    4.055962527858979e-08,
    4.02942456350902e-08,
    4.003239336150503e-08,
    3.977406582902021e-08,
    3.951926226912487e-08,
    3.926798376692533e-08,
    3.902023247606568e-08,
    3.877601055052643e-08,
    3.853531970007394e-08,
    3.829816126968754e-08,
    3.8064536294025506e-08,
    3.7834445591598085e-08,
    3.760789007875862e-08,
    3.738487111176152e-08,
    3.716539073924545e-08,
    3.694945201597738e-08,
    3.6737059345388784e-08,
    3.652821879113166e-08,
    3.632293845900192e-08,
    3.612122884430486e-08,
    3.592310310891054e-08,
    3.572857755155408e-08,
    3.553767212723331e-08,
    3.535041014021737e-08,
    3.516681677596597e-08,
    3.4986917577694824e-08,
    3.4810737803405144e-08,
    3.463830243870132e-08,
    3.446963660675488e-08,
    3.43047661816102e-08,
    3.414371821699391e-08,
    3.3986521220390424e-08,
    3.3833205520133305e-08,
    3.368380373707861e-08,
    3.3538351446262824e-08,
    3.33968881855887e-08,
    3.325945839709782e-08,
    3.312611189041329e-08,
    3.299690423918174e-08,
    3.287189728984018e-08,
    3.2751159988124874e-08,
    3.2634769557601825e-08,
    3.25228108028651e-08,
    3.2415372845563374e-08,
    3.2312546769092635e-08,
    3.221442546593077e-08,
    3.212110358789179e-08,
    3.203267695024774e-08,
    3.194924228593128e-08,
    3.1870897915301955e-08,
    3.1797745038768585e-08,
    3.172988914946359e-08,
    3.1667441291498646e-08,
    3.1610518959243494e-08,
    3.1559247339441433e-08,
    3.151376158449868e-08,
    3.147420912586723e-08,
    3.144075173369982e-08,
    3.1413566909021154e-08,
    3.139284452590923e-08,
    3.137877823034953e-08,
    3.137155779486556e-08,
    3.1371365452112654e-08,
    3.137837485830235e-08,
    3.139275140746501e-08,
    3.141465284911841e-08,
    3.144423031644385e-08,
    3.1481630095414514e-08,
    3.1526994877394664e-08,
    3.158046364856468e-08,
    3.1642171357364654e-08,
    3.171224900748932e-08,
    3.179082389076972e-08,
    3.187802088419195e-08,
    3.197396496412276e-08,
    3.2078783791409676e-08,
    3.2192610368773115e-08,
    3.23155867740834e-08,
    3.244786799747949e-08,
    3.258961765507101e-08,
    3.2740986045996963e-08,
    3.290207656754491e-08,
    3.3072919651099084e-08,
    3.3253465420608814e-08,
    3.3443588611979404e-08,
    3.364309153458556e-08,
    3.385170059887561e-08,
    3.406906433477275e-08,
    3.429475854759528e-08,
    3.452829646438719e-08,
    3.4769140677285483e-08,
    3.501671434612449e-08,
    3.527040869315576e-08,
    3.552958747116222e-08,
    3.579359295531142e-08,
    3.6061754436026955e-08,
    3.6333395221122896e-08,
    3.660783803023316e-08,
    3.688441212969463e-08,
    3.716245934757664e-08,
    3.7441335471329904e-08,
    3.772041186912254e-08,
    3.7999082635630366e-08,
    3.827677280555175e-08,
    3.85529406683794e-08,
    3.8827076631687525e-08,
    3.909870347789262e-08,
    3.936737709374728e-08,
    3.963268553620433e-08,
    3.989424733012475e-08,
    4.015171239621113e-08,
    4.040476304846304e-08,
    4.0653106941019956e-08,
    4.089646588976018e-08,
    4.113457089655349e-08,
    4.136716137337826e-08,
    4.1593985233332034e-08,
    4.1814802364398203e-08,
    4.20293888407325e-08,
    4.223753753369215e-08,
    4.243905701482216e-08,
    4.2633772057335306e-08,
    4.2821524943642526e-08,
    4.300217564554748e-08,
    4.317560108091663e-08,
    4.334169446984597e-08,
    4.350036551243009e-08,
    4.365154153475067e-08,
    4.379516879530657e-08,
    4.39312125236494e-08,
    4.405965533939422e-08,
    4.418049537550644e-08,
    4.4293744959279064e-08,
    4.439942974095373e-08,
    4.449758810175293e-08,
    4.458827055715877e-08,
    4.467153914952095e-08,
    4.474746685387729e-08,
    4.481613686080953e-08,
    4.4877642021813055e-08,
    4.49320845788491e-08,
    4.497957577568479e-08,
    4.50202350807761e-08,
    4.505418936670481e-08,
    4.508157272614325e-08,
    4.5102526655196864e-08,
    4.511719972347661e-08,
    4.512574699075263e-08,
    4.512832942744023e-08,
    4.512511235845451e-08,
    4.5116262929760044e-08,
    4.510194813453631e-08,
    4.508233429608606e-08,
    4.50575877197397e-08,
    4.502787552568738e-08,
    4.499336592394889e-08,
    4.495422832578818e-08,
    4.4910633716081835e-08
]