[
    0.0,
    0.0,
    -0.0005566449336340797,
    -0.0005236998596024858,
    -0.0004918546055336214,
    -0.0004610764812313395,
    -0.0004313337343573913,
    -0.0004025955238432666,
    -0.00037483189405261547,
    -0.0003480137496731919,
    -0.0003221128313177457,
    -0.00029710169181384116,
    -0.0002729536731632264,
    -0.0002496428841519115,
    -0.00022714417859256606,
    -0.0002054331341813895,
    -0.00018448603195216545,
    -0.00016427983631068198,
    -0.00014479217563312337,
    -0.00012600132341247108,
    -0.00010788617993743484,
    -9.042625448893607e-05,
    -7.360164803965495e-05,
    -5.739303644250839e-05,
    -4.178165409414737e-05,
    -2.6749278059991794e-05,
    -1.227821264778169e-05,
    1.6487255830896543e-06,
    1.5048222388643834e-05,
    2.7936479995468514e-05,
    4.032923085564597e-05,
    5.224175101295592e-05,
    6.368887309114801e-05,
    7.468499891481707e-05,
    8.52441117735696e-05,
    9.537978833968895e-05,
    0.00010510521024877055,
    0.00011443317535280023,
    0.00012337610865513122,
    0.00013194607293622986,
    0.0001401547790788377,
    0.0001480135961009307,
    0.00015553356090444097,
    0.00016272538774801475,
    0.00016959947745198928,
    0.00017616592634304,
    0.000182434534945618,
    0.0001884148164272276,
    0.00019411600480469794,
    0.00019954706291845897,
    0.00020471669018127424,
    0.00020963333010756862,
    0.0002143051776293259,
    0.00021874018620473385,
    0.00022294607472571207,
    0.00022693033422981732,
    0.000230700234421821,
    0.00023426283001015018,
    0.00023762496686387138,
    0.00024079328799608303,
    0.00024377423937809172,
    0.00024657407558838874,
    0.00024919886530158674,
    0.0002516544966225757,
    0.0002539466822697634,
    0.0002560809646105887,
    0.00025806272055350617,
    0.0002598971663008439,
    0.0002615893619667593,
    0.0002631442160646276,
    0.0002645664898670557,
    0.0002658608016415746,
    0.00026703163076661893,
    0.000268083321732444,
    0.00026902008802923106,
    0.0002698460159233703,
    0.00027056506812531773,
    0.00027118108735364727,
    0.0002716977997982669,
    0.00027211881848525886,
    0.0002724476465461224,
    0.000272687680393876,
    0.0002728422128083772,
    0.00027291443593438025,
    0.0002729074441955919,
    0.00027282423712541687,
    0.00027266772211540034,
    0.0002724407170848331,
    0.0002721459530758732,
    0.00027178607677756693,
    0.00027136365297907586,
    0.00027088116695076837,
    0.000270341026754693,
    0.00026974556548939267,
    0.00026909704347179457,
    0.0002683976503565615,
    0.0002676495071962176,
    0.00026685466844379236,
    0.0002660151238962406,
    0.00026513280058080375,
    0.0002642095645893481,
    0.00026324722286261604,
    0.0002622475249236727,
    0.0002612121645599798,
    0.0002601427814557472,
    0.000259040962777888,
    0.0002579082447175978,
    0.00025674611398819646,
    0.0002555560092797965,
    0.00025433932267200453,
    0.0002530974010072533,
    0.0002518315472259343,
    0.00025054302166196594,
    0.0002492330433002158,
    0.0002479027910003934,
    0.0002465534046884434,
    0.0002451859865128505,
    0.00024380160196537962,
    0.00024240128096790796,
    0.0002409860189273483,
    0.00023955677776098358,
    0.00023811448689342807,
    0.0002366600442253402,
    0.0002351943170740071,
    0.00023371814308626772,
    0.00023223233112492137,
    0.000230737662129746,
    0.0002292348899548539,
    0.00022772474218401938,
    0.00022620792092199483,
    0.00022468510356030627,
    0.000223156943522349,
    0.00022162407099074875,
    0.0002200870936128677,
    0.0002185465971828099,
    0.00021700314630232923,
    0.00021545728502278408,
    0.0002139095374704858,
    0.0002123604084562083,
    0.0002108103840680262,
    0.00020925993224665696,
    0.00020770950334278766,
    0.00020615953065695306,
    0.00020461043096399917,
    0.0002030626050239278,
    0.00020151643807952643,
    0.00019997230034162752,
    0.00019843054746095286,
    0.0001968915209830709,
    0.00019535554878667374,
    0.00019382294550821395,
    0.00019229401295410735,
    0.00019076904050059748,
    0.00018924830548165445,
    0.00018773207356529502,
    0.00018622059911889405,
    0.00018471412556418965,
    0.0001832128857221074,
    0.00018171710214757962,
    0.00018022698745496723,
    0.00017874274463431565,
    0.0001772645673584974,
    0.00017579264028132717,
    0.00017432713932670577,
    0.00017286823196907019,
    0.00017141607750559772,
    0.00016997082732053993,
    0.00016853262514174516,
    0.00016710160728948534,
    0.0001656779029180288,
    0.00016426163425025672,
    0.00016285291680547068,
    0.00016145185962051522,
    0.000160058565464296,
    0.00015867313104586344,
    0.00015729564721621262,
    0.00015592619916399728,
    0.00015456486660552954,
    0.00015321172396934391,
    0.00015186684057535575,
    0.0001505302808086164,
    0.00014920210428778265,
    0.00014788236602851813,
    0.00014657111660212413,
    0.00014526840228957236,
    0.00014397426523088332,
    0.0001426887435698665,
    0.00014141187159445409,
    0.00014014367987285231,
    0.00013888419538560576,
    0.00013763344165366797,
    0.00013639143886262373,
    0.0001351582039831697,
    0.00013393375088794756,
    0.00013271809046484345,
    0.00013151123072683638,
    0.00013031317691846836,
    0.00012912393161904566,
    0.00012794349484267987,
    0.0001267718641352496,
    0.00012560903466839082,
    0.00012445499933066496,
    0.00012330974881596507,
    0.00012217327170914577,
    0.00012104555456896046,
    0.000119926582008443,
    0.00011881633677281877,
    0.00011771479981499056,
    0.00011662195036864574,
    0.00011553776601908139,
    0.00011446222277185553,
    0.00011339529511929744,
    0.00011233695610486977,
    0.00011128717738546535,
    0.00011024592929178043,
    0.0001092131808867779,
    0.00010818890002222912,
    0.00010717305339346665,
    0.00010616560659243345,
    0.00010516652415898983,
    0.00010417576963050319,
    0.00010319330558988018,
    0.00010221909371213788,
    0.00010125309480943122,
    0.00010029526887453382,
    9.934557512292006e-05,
    9.840397203349273e-05,
    9.747041738794558e-05,
    9.654486830882694e-05,
    9.562728129637002e-05,
    9.471761226413782e-05,
    9.381581657351232e-05,
    9.292184906704958e-05,
    9.203566410073551e-05,
    9.115721557517633e-05,
    9.028645696577164e-05,
    8.942334135189124e-05,
    8.856782144505088e-05,
    8.771984961612635e-05,
    8.687937792164564e-05,
    8.604635812918535e-05,
    8.522074174192491e-05,
    8.440248002239772e-05,
    8.35915240154348e-05,
    8.2787824570296e-05,
    8.199133236201425e-05,
    8.120199791198106e-05,
    8.041977160779189e-05,
    7.964460372237385e-05,
    7.887644443240442e-05,
    7.811524383600047e-05,
    7.736095196965922e-05,
    7.661351882450432e-05,
    7.587289436195003e-05,
    7.513902852882646e-05,
    7.441187127194455e-05,
    7.369137255211826e-05,
    7.297748235766773e-05,
    7.227015071739928e-05,
    7.1569327713066e-05,
    7.087496349133322e-05,
    7.018700827528784e-05,
    6.950541237551467e-05,
    6.88301262007324e-05,
    6.816110026798033e-05,
    6.749828521237238e-05,
    6.684163179645662e-05,
    6.619109091920437e-05,
    6.554661362462275e-05,
    6.490815110998926e-05,
    6.427565473373e-05,
    6.364907602296387e-05,
    6.302836668071816e-05,
    6.241347859281264e-05,
    6.180436383441902e-05,
    6.120097467631388e-05,
    6.0603263590843314e-05,
    6.001118325761036e-05,
    5.9424686568892266e-05,
    5.8843726634791026e-05,
    5.826825678812876e-05,
    5.76982305891034e-05,
    5.713360182971454e-05,
    5.657432453795579e-05,
    5.602035298177032e-05,
    5.5471641672777235e-05,
    5.4928145369771884e-05,
    5.438981908200898e-05,
    5.385661807229599e-05,
    5.33284978599014e-05,
    5.2805414223278894e-05,
    5.228732320263081e-05,
    5.177418110230821e-05,
    5.126594449303222e-05,
    5.076257021394674e-05,
    5.026401537452727e-05,
    4.9770237356366664e-05,
    4.928119381480915e-05,
    4.879684268037368e-05,
    4.831714215997009e-05,
    4.7842050738005194e-05,
    4.73715271774774e-05,
    4.690553052102098e-05,
    4.644402009178374e-05,
    4.5986955494117614e-05,
    4.5534296614136845e-05,
    4.508600362020912e-05,
    4.464203696343189e-05,
    4.420235737803082e-05,
    4.376692588160527e-05,
    4.333570377528518e-05,
    4.2908652643847246e-05,
    4.24857343557671e-05,
    4.206691106320082e-05,
    4.1652145201874145e-05,
    4.124139949086803e-05,
    4.083463693236164e-05,
    4.04318208113919e-05,
    4.0032914695569944e-05,
    3.9637882434667865e-05,
    3.924668816010663e-05,
    3.8859296284399706e-05,
    3.847567150055753e-05,
    3.809577878145973e-05,
    3.771958337920371e-05,
    3.734705082439341e-05,
    3.6978146925315824e-05,
    3.6612837767065425e-05,
    3.625108971071934e-05,
    3.58928693924955e-05,
    3.553814372276875e-05,
    3.518687988497196e-05,
    3.483904533445879e-05,
    3.449460779733238e-05,
    3.415353526922442e-05,
    3.381579601402905e-05,
    3.348135856260848e-05,
    3.315019171148103e-05,
    3.28222645214858e-05,
    3.2497546316429314e-05,
    3.217600668172654e-05,
    3.1857615463022875e-05,
    3.1542342764782266e-05,
    3.123015894884702e-05,
    3.0921034632984907e-05,
    3.0614940689432974e-05,
    3.031184824342928e-05,
    3.0011728671719644e-05,
    2.9714553601043124e-05,
    2.9420294906610745e-05,
    2.9128924710579823e-05,
    2.8840415380513265e-05,
    2.8554739527821127e-05,
    2.8271870006194942e-05,
    2.799177991004636e-05,
    2.771444257294585e-05,
    2.743983156604354e-05,
    2.716792069647304e-05,
    2.6898684005754505e-05,
    2.6632095768198017e-05,
    2.636813048930398e-05,
    2.6106762904160988e-05,
    2.584796797583569e-05,
    2.559172089375618e-05,
    2.5337997072096482e-05,
    2.5086772148158922e-05,
    2.4838021980753265e-05,
    2.4591722648579617e-05,
    2.4347850448613217e-05,
    2.4106381894487275e-05,
    2.3867293714877798e-05,
    2.363056285189005e-05,
    2.3396166459445204e-05,
    2.3164081901670555e-05,
    2.2934286751289012e-05,
    2.270675878800104e-05,
    2.2481475996869664e-05,
    2.2258416566720923e-05,
    2.2037558888554203e-05,
    2.1818881553955465e-05,
    2.1602363353515225e-05,
    2.138798327524689e-05,
    2.1175720503003288e-05,
    2.0965554414899417e-05,
    2.07574645817427e-05,
    2.055143076546678e-05,
    2.034743291756927e-05,
    2.0145451177556146e-05,
    1.9945465871394013e-05,
    1.974745750996973e-05,
    1.9551406787558946e-05,
    1.935729458030344e-05,
    1.9165101944694325e-05,
    1.897481011605957e-05,
    1.8786400507057555e-05,
    1.8599854706177676e-05,
    1.841515447624708e-05,
    1.8232281752944043e-05,
    1.805121864332029e-05,
    1.787194742433376e-05,
    1.7694450541391806e-05,
    1.7518710606902142e-05,
    1.7344710398831678e-05,
    1.7172432859276252e-05,
    1.7001861093039645e-05,
    1.683297836621777e-05,
    1.666576810478918e-05,
    1.650021389321516e-05,
    1.6336299473050302e-05,
    1.61740087415603e-05,
    1.6013325750345498e-05,
    1.5854234703975338e-05,
    1.5696719958636853e-05,
    1.5540766020793218e-05,
    1.538635754584863e-05,
    1.5233479336819214e-05,
    1.5082116343014255e-05,
    1.4932253658731823e-05,
    1.4783876521966012e-05,
    1.4636970313122024e-05,
    1.4491520553738331e-05,
    1.4347512905218728e-05,
    1.4204933167579596e-05,
    1.4063767278208702e-05,
    1.3924001310627619e-05,
    1.3785621473259306e-05,
    1.364861410820749e-05,
    1.3512965690051921e-05,
    1.3378662824658076e-05,
    1.3245692247999404e-05,
    1.3114040824987981e-05,
    1.2983695548306455e-05,
    1.285464353725113e-05,
    1.2726872036599682e-05,
    1.2600368415497162e-05,
    1.2475120166353937e-05,
    1.2351114903756483e-05,
    1.2228340363381307e-05,
    1.2106784400895373e-05,
    1.1986434990852576e-05,
    1.1867280225618594e-05,
    1.1749308314340056e-05,
    1.1632507581952143e-05,
    1.1516866468198082e-05,
    1.1402373526642702e-05,
    1.128901742368489e-05,
    1.1176786937552642e-05,
    1.1065670957299442e-05,
    1.0955658481864241e-05,
    1.0846738619176563e-05,
    1.0738900585244323e-05,
    1.063213370318907e-05,
    1.0526427402224729e-05,
    1.042177121668827e-05,
    1.0318154785229286e-05,
    1.0215567850044048e-05,
    1.0114000255948022e-05,
    1.0013441949298849e-05,
    9.913882976999122e-06,
    9.815313485604434e-06,
    9.717723720316993e-06,
    9.621104023921179e-06,
    9.525444835774101e-06,
    9.430736690590918e-06,
    9.336970216987205e-06,
    9.244136136410438e-06,
    9.15222526307762e-06,
    9.061228504538543e-06,
    8.971136861901768e-06,
    8.881941429466068e-06,
    8.79363339415245e-06,
    8.706204035093889e-06,
    8.619644723415507e-06,
    8.53394692191722e-06,
    8.449102184626727e-06,
    8.36510215654792e-06,
    8.281938573645987e-06,
    8.19960326266913e-06,
    8.118088140353153e-06,
    8.03738521259488e-06,
    7.957486574845621e-06,
    7.878384413306966e-06,
    7.800071006122463e-06,
    7.722538724920517e-06,
    7.64578003591319e-06,
    7.569787499842209e-06,
    7.4945537722273434e-06,
    7.4200716043378664e-06,
    7.34633384407985e-06,
    7.273333438001502e-06,
    7.201063435124354e-06,
    7.129516990518053e-06,
    7.058687368249251e-06,
    6.988567946277288e-06,
    6.91915222315147e-06,
    6.850433823310726e-06,
    6.7824065004078175e-06,
    6.715064141643491e-06,
    6.648400776452601e-06,
    6.5824105874906754e-06,
    6.517087918026534e-06,
    6.452427278616359e-06,
    6.388423361199192e-06,
    6.325071059767701e-06,
    6.262365493257016e-06,
    6.200302031677576e-06,
    6.138876324826402e-06,
    6.0780843301902216e-06,
    6.017922342601517e-06,
    5.958387025331955e-06,
    5.8994754323798035e-06,
    5.841185023741334e-06,
    5.7835136885504455e-06,
    5.726459770574032e-06,
    5.670022077052748e-06,
    5.614199880986543e-06,
    5.5589929269434545e-06,
    5.504401405121573e-06,
    5.450425899816442e-06,
    5.397067359123787e-06,
    5.344327044570847e-06,
    5.292206420444392e-06,
    5.24070701914893e-06,
    5.1898302922424785e-06,
    5.139577420622153e-06,
    5.0899490228032425e-06,
    5.040944747285405e-06,
    4.992562885699845e-06,
    4.94480009287318e-06,
    4.897651130970533e-06,
    4.851108702984612e-06,
    4.805163708671611e-06,
    4.759805933358756e-06,
    4.715024653983102e-06,
    4.670808866913678e-06,
    4.627147325744468e-06,
    4.584028582486151e-06,
    4.5414410481881574e-06,
    4.499373023762523e-06,
    4.457812629458967e-06,
    4.416747676607799e-06,
    4.37616565153644e-06,
    4.336053803135968e-06,
    4.296399187449798e-06,
    4.257188720907353e-06,
    4.21840935458769e-06,
    4.180048264578365e-06,
    4.142092917130626e-06,
    4.104531047421266e-06,
    4.067350678458675e-06,
    4.030540209538483e-06,
    3.9940884825248605e-06,
    3.957984789586118e-06,
    3.922218877213329e-06,
    3.886780970696508e-06,
    3.851661844476877e-06,
    3.816852964799756e-06,
    3.782346623972163e-06,
    3.7481359632249583e-06,
    3.7142149018855214e-06,
    3.6805780461425723e-06,
    3.6472206028356852e-06,
    3.6141382920348387e-06,
    3.581327261114628e-06,
    3.5487840131256876e-06,
    3.5165053536937043e-06,
    3.4844883502248624e-06,
    3.4527302981127574e-06,
    3.421228690682553e-06,
    3.3899811953777845e-06,
    3.3589856374100447e-06,
    3.328239981430305e-06,
    3.2977423085780084e-06,
    3.2674907970691048e-06,
    3.237483707300812e-06,
    3.207719368238146e-06,
    3.1781961659076944e-06,
    3.1489125341925102e-06,
    3.119866948165092e-06,
    3.0910579202186736e-06,
    3.0624839955556777e-06,
    3.034143745466671e-06,
    3.0060357616083104e-06,
    2.9781586535427927e-06,
    2.9505110494975214e-06,
    2.923091597525352e-06,
    2.8958989628249355e-06,
    2.8689318223027078e-06,
    2.8421888608566712e-06,
    2.8156687703394446e-06,
    2.7893702492434245e-06,
    2.7632920018162937e-06,
    2.7374327370628493e-06,
    2.711791167887002e-06,
    2.6863660098960296e-06,
    2.661155979951678e-06,
    2.6361597944358576e-06,
    2.6113761676751273e-06,
    2.586803811764121e-06,
    2.5624414376552567e-06,
    2.538287756424702e-06,
    2.5143414799113134e-06,
    2.490601320328923e-06,
    2.4670659894397272e-06,
    2.4437341980628547e-06,
    2.420604656134165e-06,
    2.397676072971145e-06,
    2.3749471571189677e-06,
    2.352416615915501e-06,
    2.3300831551518e-06,
    2.3079454789568486e-06,
    2.286002290289737e-06,
    2.2642522917547274e-06,
    2.242694185818523e-06,
    2.221326674624994e-06,
    2.2001484602834587e-06,
    2.179158245575083e-06,
    2.1583547344331835e-06,
    2.137736631778934e-06,
    2.117302642742285e-06,
    2.0970514719258532e-06,
    2.0769818235854285e-06,
    2.057092402676322e-06,
    2.037381915680376e-06,
    2.0178490706494505e-06,
    1.9984925770169124e-06,
    1.9793111457571267e-06,
    1.960303489903103e-06,
    1.941468325166186e-06,
    1.9228043702662534e-06,
    1.9043103468273659e-06,
    1.8859849793255428e-06,
    1.867826995294533e-06,
    1.8498351254879707e-06,
    1.8320081040746697e-06,
    1.8143446689853631e-06,
    1.7968435623242454e-06,
    1.779503530768488e-06,
    1.7623233257336727e-06,
    1.7453017033882549e-06,
    1.728437424821415e-06,
    1.7117292562870246e-06,
    1.6951759693003037e-06,
    1.6787763405515494e-06,
    1.662529151783789e-06,
    1.6464331897054466e-06,
    1.6304872459350917e-06,
    1.6146901170504798e-06,
    1.599040604667044e-06,
    1.5835375155098973e-06,
    1.568179661669604e-06,
    1.5529658610465944e-06,
    1.5378949376841962e-06,
    1.522965721913443e-06,
    1.5081770505784157e-06,
    1.4935277673040639e-06,
    1.4790167226520242e-06,
    1.464642774282151e-06,
    1.4504047869497087e-06,
    1.4363016322023592e-06,
    1.4223321880946545e-06,
    1.4084953390009468e-06,
    1.3947899754944954e-06,
    1.3812149944819973e-06,
    1.3677692994258862e-06,
    1.3544518004329715e-06,
    1.3412614144419648e-06,
    1.3281970654621002e-06,
    1.315257684620417e-06,
    1.302442210315662e-06,
    1.2897495885875999e-06,
    1.27717877312429e-06,
    1.2647287247648796e-06,
    1.2523984111248284e-06,
    1.2401868066426136e-06,
    1.2280928926765525e-06,
    1.2161156574832416e-06,
    1.204254096448723e-06,
    1.1925072125277815e-06,
    1.1808740164539963e-06,
    1.1693535269781523e-06,
    1.1579447712627702e-06,
    1.146646784719672e-06,
    1.1354586105410797e-06,
    1.1243793000333236e-06,
    1.1134079133630942e-06,
    1.102543519385351e-06,
    1.0917851946066985e-06,
    1.081132022556466e-06,
    1.0705830940644167e-06,
    1.060137507936612e-06,
    1.0497943717183855e-06,
    1.0395528023512494e-06,
    1.0294119261774116e-06,
    1.0193708781910976e-06,
    1.00942880130097e-06,
    9.995848464122374e-07,
    9.898381735950797e-07,
    9.80187953259126e-07,
    9.7063336593453e-07,
    9.611736013763605e-07,
    9.518078579261596e-07,
    9.425353414443957e-07,
    9.33355264254264e-07,
    9.242668456659319e-07,
    9.152693131849468e-07,
    9.063619023670111e-07,
    8.975438556218391e-07,
    8.888144212013349e-07,
    8.801728529946901e-07,
    8.716184108807474e-07,
    8.631503603003335e-07,
    8.5476797117492e-07,
    8.464705180373474e-07,
    8.382572808385571e-07,
    8.301275447024352e-07,
    8.220805999660551e-07,
    8.141157437502162e-07,
    8.062322811924186e-07,
    7.984295232722968e-07,
    7.907067810067977e-07,
    7.830633616427821e-07,
    7.754985703841774e-07,
    7.680117122770529e-07,
    7.606020899740781e-07,
    7.532690004250049e-07,
    7.460117319584469e-07,
    7.388295609033658e-07,
    7.317217505705027e-07,
    7.246875520526105e-07,
    7.177262013720625e-07,
    7.108369153903619e-07,
    7.040188925254128e-07,
    6.972713151961853e-07,
    6.905933504616194e-07,
    6.83984150615648e-07,
    6.774428534291177e-07,
    6.709685820721736e-07,
    6.645604470960265e-07,
    6.582175496948431e-07,
    6.519389838918053e-07,
    6.457238374814058e-07,
    6.395711936248307e-07,
    6.334801351598047e-07,
    6.274497498316428e-07,
    6.214791331638912e-07,
    6.155673893557829e-07,
    6.097136339661322e-07,
    6.039170020864138e-07,
    5.981766581869784e-07,
    5.924917994705693e-07,
    5.868616529669214e-07,
    5.812854718510107e-07,
    5.757625337084572e-07,
    5.702921410231903e-07,
    5.648736218461149e-07,
    5.595063288956112e-07,
    5.54189637712329e-07,
    5.489229445932039e-07,
    5.437056645797066e-07,
    5.385372297897588e-07,
    5.334170878161524e-07,
    5.283447000997568e-07,
    5.233195410163803e-07,
    5.183410975586147e-07,
    5.134088688067947e-07,
    5.085223654499652e-07,
    5.036811095509997e-07,
    4.98884634069795e-07,
    4.941324821431972e-07,
    4.894242064754748e-07,
    4.847593690378053e-07,
    4.801375408531293e-07,
    4.7555830156402567e-07,
    4.710212390089959e-07,
    4.6652594896184286e-07,
    4.620720348958412e-07,
    4.576591075939149e-07,
    4.532867845002952e-07,
    4.4895468921766097e-07,
    4.4466245134944017e-07,
    4.4040970631905196e-07,
    4.3619609509065505e-07,
    4.320212638290676e-07,
    4.278848635297321e-07,
    4.237865498399737e-07,
    4.1972598297092215e-07,
    4.1570282746645716e-07,
    4.1171675193929993e-07,
    4.077674288989939e-07,
    4.0385453465215363e-07,
    3.999777492452827e-07,
    3.961367563770802e-07,
    3.9233124329436055e-07,
    3.8856090075969836e-07,
    3.848254230235305e-07,
    3.811245077017214e-07,
    3.7745785557946614e-07,
    3.7382517041704446e-07,
    3.702261587976494e-07,
    3.6666052998543256e-07,
    3.6312799582254573e-07,
    3.5962827075299527e-07,
    3.5616107188461644e-07,
    3.5272611892049475e-07,
    3.4932313403486736e-07,
    3.4595184185286663e-07,
    3.4261196945668985e-07,
    3.393032463014557e-07,
    3.3602540412970253e-07,
    3.3277817695046916e-07,
    3.2956130099831547e-07,
    3.2637451465272554e-07,
    3.232175583609273e-07,
    3.200901745735778e-07,
    3.1699210772651625e-07,
    3.139231042628548e-07,
    3.1088291262152114e-07,
    3.0787128319147885e-07,
    3.048879682851401e-07,
    3.019327221218046e-07,
    2.9900530079682107e-07,
    2.961054622421837e-07,
    2.9323296619357535e-07,
    2.903875741798583e-07,
    2.875690495165658e-07,
    2.847771572832156e-07,
    2.820116643166542e-07,
    2.792723392286296e-07,
    2.7655895239257324e-07,
    2.738712758932948e-07,
    2.7120908350489534e-07,
    2.6857215070073304e-07,
    2.659602546385613e-07,
    2.633731741249398e-07,
    2.608106896021528e-07,
    2.582725831560496e-07,
    2.557586385084599e-07,
    2.532686409829894e-07,
    2.5080237747476116e-07,
    2.483596364451683e-07,
    2.4594020793055437e-07,
    2.4354388354781954e-07,
    2.411704564859457e-07,
    2.388197214908567e-07,
    2.3649147486161668e-07,
    2.3418551445105287e-07,
    2.3190163965969999e-07,
    2.2963965143600872e-07,
    2.2739935228273885e-07,
    2.2518054624858525e-07,
    2.2298303890350967e-07,
    2.2080663732077456e-07,
    2.1865115007559823e-07,
    2.165163872397951e-07,
    2.1440216036242805e-07,
    2.123082824567034e-07,
    2.1023456799891564e-07,
    2.081808329194476e-07,
    2.0614689458590726e-07,
    2.0413257180194882e-07,
    2.0213768481576922e-07,
    2.0016205531489604e-07,
    1.9820550641322945e-07,
    1.9626786263816698e-07,
    1.9434894991966765e-07,
    1.9244859559266296e-07,
    1.9056662840132407e-07,
    1.88702878488082e-07,
    1.8685717738077985e-07,
    1.850293579893058e-07,
    1.8321925460783528e-07,
    1.8142670291326415e-07,
    1.7965153994483923e-07,
    1.7789360407444478e-07,
    1.761527349957502e-07,
    1.7442877372837973e-07,
    1.727215626182461e-07,
    1.7103094533784105e-07,
    1.6935676688087975e-07,
    1.6769887353245893e-07,
    1.660571128278583e-07,
    1.6443133353385743e-07,
    1.6282138566012136e-07,
    1.6122712047243692e-07,
    1.596483904852262e-07,
    1.5808504944085854e-07,
    1.5653695229455976e-07,
    1.550039552181049e-07,
    1.5348591561476557e-07,
    1.519826921266674e-07,
    1.5049414462518418e-07,
    1.4902013419194688e-07,
    1.4756052311114726e-07,
    1.4611517487312892e-07,
    1.4468395416859385e-07,
    1.4326672687339483e-07,
    1.4186336003893094e-07,
    1.404737218844265e-07,
    1.3909768177795418e-07,
    1.377351102136952e-07,
    1.363858788061014e-07,
    1.3504986030095356e-07,
    1.3372692857888764e-07,
    1.324169586439112e-07,
    1.3111982661569248e-07,
    1.298354097312172e-07,
    1.2856358634081934e-07,
    1.2730423588923776e-07,
    1.2605723889106158e-07,
    1.2482247691930911e-07,
    1.2359983261277423e-07,
    1.2238918967963366e-07,
    1.2119043288044582e-07,
    1.2000344800930477e-07,
    1.1882812188438333e-07,
    1.1766434233472473e-07,
    1.1651199818142542e-07,
    1.153709792263542e-07,
    1.142411762540151e-07,
    1.1312248103527515e-07,
    1.1201478632172715e-07,
    1.1091798582887564e-07,
    1.0983197421751625e-07,
    1.0875664709376066e-07,
    1.0769190102575153e-07,
    1.0663763355470051e-07,
    1.0559374319473791e-07,
    1.0456012941990308e-07,
    1.0353669263470707e-07,
    1.02523334144858e-07,
    1.0151995614465014e-07,
    1.0052646171541275e-07,
    9.954275482214989e-08,
    9.856874030473655e-08,
    9.76043238745515e-08,
    9.664941211830841e-08,
    9.570391249821298e-08,
    9.476773334851621e-08,
    9.384078386852459e-08,
    9.292297411205555e-08,
    9.201421497696441e-08,
    9.111441819830202e-08,
    9.022349634683144e-08,
    8.934136282055067e-08,
    8.84679318292399e-08,
    8.760311838956259e-08,
    8.67468383271478e-08,
    8.589900827342431e-08,
    8.505954565729956e-08,
    8.422836869350814e-08,
    8.340539637275956e-08,
    8.25905484621043e-08,
    8.178374551031493e-08,
    8.098490883974205e-08,
    8.019396052317491e-08,
    7.94108233626509e-08,
    7.863542087519153e-08,
    7.786767728859376e-08,
    7.710751755365374e-08,
    7.635486735453087e-08,
    7.560965310094254e-08,
    7.487180191713504e-08,
    7.414124163743495e-08,
    7.341790080339685e-08,
    7.270170865931652e-08,
    7.199259513667787e-08,
    7.129049083089086e-08,
    7.05953269940572e-08,
    6.990703554193294e-08,
    6.922554905602928e-08,
    6.855080078243806e-08,
    6.788272463058716e-08,
    6.722125517193101e-08,
    6.656632763862474e-08,
    6.591787791310093e-08,
    6.527584250868941e-08,
    6.464015855199064e-08,
    6.401076376998583e-08,
    6.33875964802881e-08,
    6.277059558740167e-08,
    6.215970058340023e-08,
    6.155485154702912e-08,
    6.095598914413554e-08,
    6.036305462802838e-08,
    5.977598983116326e-08,
    5.919473715118309e-08,
    5.86192395442069e-08,
    5.804944053084103e-08,
    5.7485284202010144e-08,
    5.69267152120513e-08,
    5.6373678764921225e-08,
    5.582612060607253e-08,
    5.5283987022601353e-08,
    5.474722483793339e-08,
    5.4215781393094624e-08,
    5.368960453097132e-08,
    5.3168642596798526e-08,
    5.2652844446448036e-08,
    5.214215944913569e-08,
    5.1636537479554435e-08,
    5.1135928908776546e-08,
    5.0640284604198455e-08,
    5.0149555931903984e-08,
    4.966369474885489e-08,
    4.91826533840794e-08,
    4.870638462395547e-08,
    4.8234841707610014e-08,
    4.7767978321260824e-08,
    4.730574859261344e-08,
    4.684810709119006e-08,
    4.6395008828522096e-08,
    4.594640925694969e-08,
    4.5502264270460576e-08,
    4.5062530200956496e-08,
    4.4627163805898674e-08,
    4.4196122255400385e-08,
    4.3769363124146654e-08,
    4.33468443917116e-08,
    4.292852445056529e-08,
    4.251436210845003e-08,
    4.210431658341686e-08,
    4.169834750064025e-08,
    4.1296414888262456e-08,
    4.089847917209374e-08,
    4.0504501173521854e-08,
    4.011444210698004e-08,
    3.972826357449756e-08,
    3.934592755851171e-08,
    3.896739641198456e-08,
    3.859263284526184e-08,
    3.822159991323372e-08,
    3.7854261009412194e-08,
    3.749057986805708e-08,
    3.713052056470687e-08,
    3.6774047509269514e-08,
    3.642112543792824e-08,
    3.607171940826986e-08,
    3.57257947967395e-08,
    3.538331729838085e-08,
    3.504425292789509e-08,
    3.4708568019661366e-08,
    3.437622922513968e-08,
    3.4047203508178895e-08,
    3.3721458140970855e-08,
    3.3398960702121373e-08,
    3.3079679075388536e-08,
    3.276358144807182e-08,
    3.2450636307913014e-08,
    3.214081243593111e-08,
    3.183407889667982e-08,
    3.15304050304898e-08,
    3.122976045261341e-08,
    3.0932115060531114e-08,
    3.0637439037237384e-08,
    3.03457028408223e-08,
    3.0056877189996895e-08,
    2.9770933058034367e-08,
    2.9487841675078276e-08,
    2.9207574536425098e-08,
    2.893010341834675e-08,
    2.8655400390616605e-08,
    2.8383437816004298e-08,
    2.811418834729428e-08,
    2.7847624932175394e-08,
    2.7583720826052313e-08,
    2.7322449604032184e-08,
    2.7063785163506966e-08,
    2.6807701723649375e-08,
    2.6554173826611863e-08,
    2.6303176334785313e-08,
    2.605468442376845e-08,
    2.580867357720402e-08,
    2.556511959096557e-08,
    2.5323998588031436e-08,
    2.5085287041830482e-08,
    2.4848961793296757e-08,
    2.4615000033889053e-08,
    2.438337927137815e-08,
    2.415407732410147e-08,
    2.3927072341656218e-08,
    2.3702342833634043e-08,
    2.3479867713699317e-08,
    2.325962632947305e-08,
    2.304159842143753e-08,
    2.2825764043745966e-08,
    2.2612103534844523e-08,
    2.2400597536279502e-08,
    2.2191226999456714e-08,
    2.1983973179031688e-08,
    2.1778817630542282e-08,
    2.15757421902987e-08,
    2.137472893472309e-08,
    2.1175760132053932e-08,
    2.097881817321776e-08,
    2.0783885488695747e-08,
    2.0590944486538932e-08,
    2.039997750881651e-08,
    2.021096676510832e-08,
    2.0023894252659705e-08,
    1.9838741725064686e-08,
    1.9655490723611767e-08,
    1.9474122633135858e-08,
    1.9294618730678227e-08,
    1.9116960217088273e-08,
    1.894112823700998e-08,
    1.8767103896418755e-08,
    1.8594868282084553e-08,
    1.8424402482992714e-08,
    1.8255687612725037e-08,
    1.808870483208562e-08,
    1.7923435370318607e-08,
    1.7759860543671012e-08,
    1.7597961772245034e-08,
    1.7437720597449396e-08,
    1.7279118699434683e-08,
    1.7122137909669955e-08,
    1.696676021809708e-08,
    1.681296777564447e-08,
    1.6660742890585366e-08,
    1.6510068027395926e-08,
    1.636092581434923e-08,
    1.62132990457647e-08,
    1.60671706720377e-08,
    1.592252379540525e-08,
    1.577934168150913e-08,
    1.5637607775293718e-08,
    1.549730571114419e-08,
    1.5358419312500493e-08,
    1.5220932580578725e-08,
    1.508482968517295e-08,
    1.4950094969872562e-08,
    1.481671296595714e-08,
    1.4684668400877022e-08,
    1.4553946196986886e-08,
    1.4424531470026814e-08,
    1.4296409537761494e-08,
    1.416956593273514e-08,
    1.4043986401933055e-08,
    1.3919656892706318e-08,
    1.3796563540704158e-08,
    1.3674692664076613e-08,
    1.3554030757382047e-08,
    1.3434564489540934e-08,
    1.3316280713057602e-08,
    1.3199166473424832e-08,
    1.3083209008724275e-08,
    1.296839574341948e-08,
    1.2854714271709076e-08,
    1.2742152331750588e-08,
    1.2630697795670267e-08,
    1.2520338686022528e-08,
    1.2411063193971322e-08,
    1.2302859681413885e-08,
    1.2195716680219906e-08,
    1.2089622892956678e-08,
    1.1984567189146966e-08,
    1.1880538607571721e-08,
    1.1777526360097349e-08,
    1.1675519817375687e-08,
    1.157450848233321e-08,
    1.1474481972621546e-08,
    1.1375430022770346e-08,
    1.1277342498568239e-08,
    1.1180209405438524e-08,
    1.108402088772336e-08,
    1.0988767231069819e-08,
    1.0894438864866417e-08,
    1.0801026357070997e-08,
    1.0708520410608991e-08,
    1.0616911861344351e-08,
    1.0526191669939645e-08,
    1.0436350915256055e-08,
    1.034738079544912e-08,
    1.0259272627552414e-08,
    1.017201784247405e-08,
    1.0085607989307525e-08,
    1.0000034745904212e-08,
    9.915289917150921e-09,
    9.831365425546081e-09,
    9.748253304885518e-09,
    9.665945695515769e-09,
    9.584434841186793e-09,
    9.503713082813506e-09,
    9.423772845963931e-09,
    9.344606634553851e-09,
    9.266207033934527e-09,
    9.188566710890056e-09,
    9.111678412115674e-09,
    9.035534970615217e-09,
    8.960129313747846e-09,
    8.885454465040828e-09,
    8.811503539714961e-09,
    8.738269732261007e-09,
    8.665746303979506e-09,
    8.593926584849704e-09,
    8.522803985030847e-09,
    8.452372001676218e-09,
    8.38262421781924e-09,
    8.313554293214514e-09,
    8.245155950285157e-09,
    8.17742296812933e-09,
    8.110349187905043e-09,
    8.04392852156156e-09,
    7.97815496398866e-09,
    7.913022603697886e-09,
    7.848525617200459e-09,
    7.784658251838979e-09,
    7.721414815111458e-09,
    7.658789672227997e-09,
    7.596777247043897e-09,
    7.535372024718447e-09,
    7.474568554438398e-09,
    7.414361452212374e-09,
    7.354745400333213e-09,
    7.2957151383371874e-09,
    7.237265443566946e-09,
    7.1793911097424786e-09,
    7.122086933827459e-09,
    7.0653477148393645e-09,
    7.009168266610533e-09,
    6.953543427205503e-09,
    6.8984680544556045e-09,
    6.8439370320493764e-09,
    6.78994529156849e-09,
    6.736487824155183e-09,
    6.68355966925891e-09,
    6.6311558943891e-09,
    6.579271587175386e-09,
    6.5279018634827494e-09,
    6.477041879228547e-09,
    6.426686833315951e-09,
    6.376831961584269e-09,
    6.327472537974548e-09,
    6.278603884760966e-09,
    6.230221373783891e-09,
    6.18232041865616e-09,
    6.134896476108926e-09,
    6.087945056508424e-09,
    6.041461721599576e-09,
    5.995442067543442e-09,
    5.9498817189060515e-09,
    5.904776346648573e-09,
    5.860121693718493e-09,
    5.8159135767458564e-09,
    5.7721478617518595e-09,
    5.728820452775108e-09,
    5.685927304712126e-09,
    5.643464428748873e-09,
    5.601427877184548e-09,
    5.559813724385601e-09,
    5.51861806081488e-09,
    5.477837004059459e-09,
    5.437466715642415e-09,
    5.397503412300111e-09,
    5.357943371691316e-09,
    5.3187829285922934e-09,
    5.2800184576136095e-09,
    5.241646355779384e-09,
    5.203663036501629e-09,
    5.166064929263648e-09,
    5.1288484851563585e-09,
    5.092010188312679e-09,
    5.055546557655013e-09,
    5.019454136916809e-09,
    4.983729484558187e-09,
    4.948369169485546e-09,
    4.913369772657205e-09,
    4.878727888691896e-09,
    4.844440129428811e-09,
    4.810503133400325e-09,
    4.776913571391137e-09,
    4.74366814412914e-09,
    4.710763581971562e-09,
    4.678196642556962e-09,
    4.645964096437251e-09,
    4.614062720615959e-09,
    4.582489320027485e-09,
    4.551240757092889e-09,
    4.520313959375447e-09,
    4.489705903261059e-09,
    4.4594135936012715e-09,
    4.429434053306472e-09,
    4.399764322926942e-09,
    4.370401470300833e-09,
    4.341342606278533e-09,
    4.3125848924196634e-09,
    4.284125542691741e-09,
    4.2559618333271354e-09,
    4.228091106679518e-09,
    4.200510746698746e-09,
    4.173218146151403e-09,
    4.146210700113505e-09,
    4.1194858218293325e-09,
    4.09304095866255e-09,
    4.0668735979133835e-09,
    4.040981260358306e-09,
    4.015361487601233e-09,
    3.990011837595334e-09,
    3.96492989662318e-09,
    3.940113297547887e-09,
    3.915559729932663e-09,
    3.8912669419801496e-09,
    3.8672327404617156e-09,
    3.8434549907052746e-09,
    3.819931614540269e-09,
    3.796660581959269e-09,
    3.773639898516043e-09,
    3.750867596838404e-09,
    3.728341736537699e-09,
    3.706060414772641e-09,
    3.6840217833455807e-09,
    3.662224057478531e-09,
    3.640665516236922e-09,
    3.619344500911049e-09,
    3.598259398243473e-09,
    3.5774086169253982e-09,
    3.5567905921427283e-09,
    3.5364038054678904e-09,
    3.5162467763654563e-09,
    3.496318038120322e-09,
    3.4766161401274293e-09,
    3.4571396726041923e-09,
    3.4378872850393124e-09,
    3.418857698384838e-09,
    3.400049722244338e-09,
    3.3814622517361242e-09,
    3.3630942319573573e-09,
    3.3449446380890736e-09,
    3.327012483035847e-09,
    3.3092968061264176e-09,
    3.2917966497221793e-09,
    3.2745110665026313e-09,
    3.2574391461809485e-09,
    3.2405800282668584e-09,
    3.2239328955162217e-09,
    3.2074969597039434e-09,
    3.1912714493846495e-09,
    3.175255604828772e-09,
    3.1594486907671997e-09,
    3.1438500302707015e-09,
    3.1284590398221496e-09,
    3.113275233963185e-09,
    3.0982981901662632e-09,
    3.083527504341338e-09,
    3.0689627662188783e-09,
    3.054603561167716e-09,
    3.04044949152755e-09,
    3.026500195895116e-09,
    3.012755363702704e-09,
    2.999214765181544e-09,
    2.9858782796480808e-09,
    2.9727458894627154e-09,
    2.9598176651106247e-09,
    2.9470937803445078e-09,
    2.934574527796456e-09,
    2.9222602880215122e-09,
    2.9101514844731255e-09,
    2.8982485715265528e-09,
    2.886552041210507e-09,
    2.8750624508861377e-09,
    2.8637804730742792e-09,
    2.852706909689782e-09,
    2.841842661601952e-09,
    2.8311887146862336e-09,
    2.820746138853204e-09,
    2.8105160564925376e-09,
    2.8004996128911006e-09,
    2.7906979913004266e-09,
    2.7811124609377353e-09,
    2.771744428608788e-09,
    2.7625954523211264e-09,
    2.7536672049753925e-09,
    2.7449614488202825e-09,
    2.7364800656147803e-09,
    2.728225097662141e-09,
    2.7201987501998776e-09,
    2.712403370288949e-09,
    2.704841428441644e-09,
    2.6975155030972374e-09,
    2.6904282845099632e-09,
    2.6835826159768897e-09,
    2.6769815272108462e-09,
    2.670628232136788e-09,
    2.6645261385401212e-09,
    2.6586788877311325e-09,
    2.6530903855747395e-09,
    2.6477647858237603e-09,
    2.64270641210961e-09,
    2.6379196708504607e-09,
    2.6334090293637343e-09,
    2.6291790318742844e-09,
    2.6252342946664624e-09,
    2.621579532544992e-09,
    2.6182196748625784e-09,
    2.615159985623344e-09,
    2.6124060720569043e-09,
    2.609963808498292e-09,
    2.6078392769252365e-09,
    2.6060387533139637e-09,
    2.6045687197287248e-09,
    2.6034358971800923e-09,
    2.602647270963577e-09,
    2.602210075996924e-09,
    2.602131791964324e-09,
    2.6024201937120367e-09,
    2.6030833694276564e-09,
    2.6041296679308298e-09,
    2.605567690612719e-09,
    2.6074063451169935e-09,
    2.6096548776293246e-09,
    2.6123228663429684e-09,
    2.6154201826494074e-09,
    2.6189569460833553e-09,
    2.622943503307677e-09,
    2.627390436457683e-09,
    2.6323086606200225e-09,
    2.637709660801134e-09,
    2.6436057028157232e-09,
    2.650009742225728e-09,
    2.6569350596453646e-09,
    2.6643949675255985e-09,
    2.67240277240219e-09,
    2.6809719336767738e-09,
    2.6901163659317574e-09,
    2.699850761079869e-09,
    2.7101907292655e-09,
    2.721152696618351e-09,
    2.7327537620157667e-09,
    2.745011728067079e-09,
    2.7579450931530564e-09,
    2.771572760052348e-09,
    2.7859138046638105e-09,
    2.8009876778975557e-09,
    2.8168145323347566e-09,
    2.8334152346725174e-09,
    2.8508113559078455e-09,
    2.8690255937407138e-09,
    2.8880822007266506e-09,
    2.908006833413552e-09,
    2.9288261159674223e-09,
    2.950567453508624e-09,
    2.973259245830962e-09,
    2.996931330234253e-09,
    3.0216151650528105e-09,
    3.0473435457848037e-09,
    3.074150215524894e-09,
    3.1020694513954566e-09,
    3.131135513770774e-09,
    3.161382478568813e-09,
    3.1928448626078242e-09,
    3.2255583349922037e-09,
    3.259559653448725e-09,
    3.294886144707399e-09,
    3.3315755050248815e-09,
    3.3696658038287055e-09,
    3.4091952273541485e-09,
    3.4502019870720457e-09,
    3.4927248751029726e-09,
    3.5368037909685273e-09,
    3.582479751066989e-09,
    3.629794582357089e-09,
    3.6787904587552386e-09,
    3.729509840225995e-09,
    3.781995740256521e-09,
    3.836291664787878e-09,
    3.892441432126607e-09,
    3.950488685045763e-09,
    4.010475508247863e-09,
    4.072441031307952e-09,
    4.13642179934843e-09,
    4.202454499485884e-09,
    4.270579514321681e-09,
    4.340842480604735e-09,
    4.413292176563187e-09,
    4.4879771333079125e-09,
    4.564945061279433e-09,
    4.644244751562794e-09,
    4.725927645950898e-09,
    4.810048648247752e-09,
    4.896665981103189e-09,
    4.985840175975957e-09,
    5.077633597086435e-09,
    5.172110083526764e-09,
    5.2693338277371365e-09,
    5.3693683631735146e-09,
    5.472275374076834e-09,
    5.578112015216603e-09,
    5.686928519846765e-09,
    5.7987686665154395e-09,
    5.913671759826644e-09,
    6.031673381827868e-09,
    6.152804444639425e-09,
    6.277089881199924e-09,
    6.404548212190655e-09,
    6.535192099346568e-09,
    6.669028979191614e-09,
    6.806061097529924e-09,
    6.9462845094085205e-09,
    7.089686952922298e-09,
    7.236246730919704e-09,
    7.385933407294923e-09,
    7.53870782563087e-09,
    7.69452104920643e-09,
    7.853313295285762e-09,
    8.015012482790966e-09,
    8.17953280252349e-09,
    8.346774922110066e-09,
    8.516629885629824e-09,
    8.688986352109404e-09,
    8.86373554159215e-09,
    9.040770195987196e-09,
    9.219981107127155e-09,
    9.401255650294925e-09,
    9.584479168048616e-09,
    9.769536777416783e-09,
    9.956312339177294e-09,
    1.0144685404859803e-08,
    1.0334529000659862e-08,
    1.052570907016071e-08,
    1.0718085574807527e-08,
    1.0911513625902563e-08,
    1.1105843826135197e-08,
    1.1300923021170614e-08,
    1.1496594287103956e-08,
    1.1692695023045943e-08,
    1.1889055163162538e-08,
    1.2085498162191158e-08,
    1.228184424257009e-08,
    1.247791172693196e-08,
    1.267351545107371e-08,
    1.2868465668896074e-08,
    1.3062567840536377e-08,
    1.3255622211071563e-08,
    1.344742577587733e-08,
    1.3637777960569427e-08,
    1.3826485537834085e-08,
    1.4013363151055011e-08,
    1.4198231974618777e-08,
    1.4380919091085134e-08,
    1.4561256707239728e-08,
    1.4739081195705374e-08,
    1.491423327814067e-08,
    1.5086559209069436e-08,
    1.5255912067485758e-08,
    1.5422152439251e-08,
    1.5585148751991858e-08,
    1.5744778565241016e-08,
    1.5900929703918345e-08,
    1.6053499451394537e-08,
    1.6202393032528895e-08,
    1.6347523328957483e-08,
    1.648881214949646e-08,
    1.6626190689215162e-08,
    1.6759597503445877e-08,
    1.6888976236309423e-08,
    1.7014274846954617e-08,
    1.713544579922649e-08,
    1.7252446369853473e-08,
    1.7365238770922643e-08,
    1.74737905839798e-08,
    1.757807513133958e-08,
    1.7678071103606837e-08,
    1.7773762392285682e-08,
    1.786513881237832e-08,
    1.7952196778063677e-08,
    1.803493909731154e-08,
    1.8113374222299752e-08,
    1.8187515654896108e-08,
    1.825738172236154e-08,
    1.832299543436941e-08,
    1.8384384119213976e-08,
    1.8441579257117796e-08,
    1.8494616804292056e-08,
    1.8543537258855947e-08,
    1.858838504291763e-08,
    1.862920767193718e-08,
    1.8666055184469106e-08,
    1.8698979844368907e-08,
    1.8728035875918086e-08,
    1.8753279260126904e-08,
    1.877476771057839e-08,
    1.8792560712540487e-08,
    1.8806719529546682e-08,
    1.8817307114107366e-08,
    1.88243879364751e-08,
    1.8828027910536708e-08,
    1.882829437556196e-08,
    1.8825255970169687e-08,
    1.8818982393360505e-08,
    1.8809544079862933e-08,
    1.8797011908854077e-08,
    1.8781457044371247e-08,
    1.876295090415355e-08,
    1.8741565295907556e-08,
    1.871737252709173e-08,
    1.869044518324275e-08,
    1.8660855764180642e-08,
    1.8628676460841914e-08,
    1.8593979015427498e-08,
    1.855683469641852e-08,
    1.8517314344373365e-08,
    1.8475488281006888e-08,
    1.8431426205253697e-08,
    1.8385197221066258e-08,
    1.8336869834468718e-08,
    1.8286511876957622e-08,
    1.8234190450377828e-08,
    1.817997182843519e-08,
    1.8123921353674182e-08,
    1.8066103492734085e-08,
    1.8006581914868874e-08,
    1.7945419423404282e-08,
    1.7882677881111288e-08,
    1.781841821232766e-08,
    1.7752700375776923e-08,
    1.7685583319199787e-08,
    1.7617124981175045e-08,
    1.7547382305725346e-08,
    1.7476411277110864e-08,
    1.740426698425118e-08,
    1.7331003636651747e-08,
    1.725667454388783e-08,
    1.7181332154431818e-08,
    1.7105028151070903e-08,
    1.70278135013925e-08,
    1.6949738421254226e-08,
    1.687085235239078e-08,
    1.6791204015685045e-08,
    1.6710841476743705e-08,
    1.6629812180404843e-08,
    1.6548162972794797e-08,
    1.6465940146470318e-08,
    1.6383189420915446e-08,
    1.6299955688616924e-08,
    1.6216282634790242e-08,
    1.6132212482252928e-08,
    1.604778596172011e-08,
    1.5963042550472937e-08,
    1.587802072242504e-08,
    1.5792757872488425e-08,
    1.570729013713947e-08,
    1.5621652365553977e-08,
    1.5535878114766934e-08,
    1.544999962377341e-08,
    1.5364047813121582e-08,
    1.5278052301656603e-08,
    1.5192041451067343e-08,
    1.510604241951286e-08,
    1.5020081185520552e-08,
    1.4934182541427177e-08,
    1.4848370095496083e-08,
    1.4762666332963692e-08,
    1.4677092727246477e-08,
    1.4591669821907301e-08,
    1.4506417242623234e-08,
    1.4421353678205547e-08,
    1.4336496839940447e-08,
    1.4251863378776466e-08,
    1.4167468832164595e-08,
    1.4083327703867534e-08,
    1.399945360593962e-08,
    1.3915859278209141e-08,
    1.383255648488645e-08,
    1.3749555973079078e-08,
    1.3666867554726615e-08,
    1.3584500198921136e-08,
    1.3502462073209024e-08,
    1.3420760544761227e-08,
    1.3339402132506346e-08,
    1.3258392481022035e-08,
    1.3177736444955087e-08,
    1.3097438183066404e-08,
    1.3017501182800636e-08,
    1.2937928313434884e-08,
    1.2858721907127134e-08,
    1.2779883735788012e-08,
    1.2701414889349197e-08,
    1.2623315743018715e-08,
    1.254558608961023e-08,
    1.2468225285070528e-08,
    1.2391232325777513e-08,
    1.231460590470839e-08,
    1.2238344432664127e-08,
    1.2162446042175765e-08,
    1.2086908623628216e-08,
    1.2011729830740439e-08,
    1.1936907027596346e-08,
    1.1862437256709118e-08,
    1.178831725582501e-08,
    1.1714543477426813e-08,
    1.1641112084195838e-08,
    1.1568018961231432e-08,
    1.1495259786051622e-08,
    1.1422830129422103e-08,
    1.1350725545742905e-08,
    1.1278941626420487e-08,
    1.1207474006225482e-08,
    1.1136318350496081e-08,
    1.1065470364616259e-08,
    1.0994925831108231e-08,
    1.092468063910679e-08,
    1.0854730790463564e-08,
    1.0785072395619768e-08,
    1.0715701682274872e-08,
    1.0646615042380012e-08,
    1.0577809083792939e-08,
    1.0509280626253308e-08,
    1.0441026660380296e-08,
    1.0373044331308203e-08,
    1.0305330963924627e-08,
    1.0237884097706776e-08,
    1.017070149440649e-08,
    1.010378112119763e-08,
    1.0037121136452307e-08,
    9.97071989108936e-09,
    9.904575944549227e-09,
    9.83868808023049e-09,
    9.773055306071491e-09,
    9.707676849785628e-09,
    9.642552156968998e-09,
    9.577680887411031e-09,
    9.513062911745658e-09,
    9.448698310948836e-09,
    9.384587374959246e-09,
    9.320730600038427e-09,
    9.25712868574728e-09,
    9.193782531073119e-09,
    9.130693230671165e-09,
    9.067862069089906e-09,
    9.005290510070861e-09,
    8.942980185718986e-09,
    8.880932890225296e-09,
    8.819150573864472e-09,
    8.757635331672035e-09,
    8.696389386831823e-09,
    8.635415074421765e-09,
    8.574714830169162e-09,
    8.514291180055009e-09,
    8.454146726781444e-09,
    8.394284137988321e-09,
    8.33470614117453e-09,
    8.275415522332328e-09,
    8.216415123002615e-09,
    8.157707834751913e-09,
    8.099296589175323e-09,
    8.041184340951872e-09,
    7.98337404893447e-09,
    7.925868665031903e-09,
    7.868671131775358e-09,
    7.811784378151986e-09,
    7.755211310295095e-09,
    7.698954802249697e-09,
    7.643017686320224e-09,
    7.587402743129238e-09,
    7.532112695094078e-09,
    7.477150200820301e-09,
    7.42251784794468e-09,
    7.368218146014867e-09,
    7.314253519188421e-09,
    7.260626299633082e-09,
    7.207338723061047e-09,
    7.154392924131486e-09,
    7.101790930124117e-09,
    7.049534655569056e-09,
    6.997625899735677e-09,
    6.946066345611337e-09,
    6.894857558851091e-09,
    6.844000985241088e-09,
    6.793497946600115e-09,
    6.743349637125323e-09,
    6.693557122482091e-09,
    6.6441213420482876e-09,
    6.59504311240444e-09,
    6.546323129030291e-09,
    6.497961962128089e-09,
    6.449960052870399e-09,
    6.40231772302073e-09,
    6.355035190357063e-09,
    6.308112574245564e-09,
    6.261549894134612e-09,
    6.215347066274459e-09,
    6.169503900767568e-09,
    6.1240201089337216e-09,
    6.078895317638438e-09,
    6.034129072259561e-09,
    5.989720831795563e-09,
    5.9456699751618265e-09,
    5.901975818462577e-09,
    5.858637628330819e-09,
    5.81565462467561e-09,
    5.773025976899936e-09,
    5.7307507994941726e-09,
    5.6888281509897815e-09,
    5.647257036595987e-09,
    5.606036410718985e-09,
    5.565165173793736e-09,
    5.524642164541092e-09,
    5.484466158854552e-09,
    5.444635880011811e-09,
    5.405150013585722e-09,
    5.366007221404081e-09,
    5.32720614690656e-09,
    5.288745402313404e-09,
    5.250623549041992e-09,
    5.2128391019978125e-09,
    5.1753905618807244e-09,
    5.138276446920186e-09,
    5.101495305033547e-09,
    5.065045705406223e-09,
    5.0289262182042075e-09,
    4.9931354049266015e-09,
    4.957671828120262e-09,
    4.922534059514733e-09,
    4.887720685101132e-09,
    4.853230322417511e-09,
    4.819061633084784e-09,
    4.785213320053288e-09,
    4.751684126533778e-09,
    4.718472823516174e-09,
    4.685578151942151e-09,
    4.652998737620083e-09,
    4.6207330302573145e-09,
    4.588779270125096e-09,
    4.5571354615225896e-09,
    4.5257993617494455e-09,
    4.494768490250787e-09,
    4.46404013513547e-09,
    4.433611343434887e-09,
    4.403478930301879e-09,
    4.3736395616218786e-09,
    4.344089879715005e-09,
    4.314826571895991e-09,
    4.285846362808155e-09,
    4.257145989513926e-09,
    4.228722184754547e-09,
    4.200571673931274e-09,
    4.172691195026936e-09,
    4.145077520249365e-09,
    4.11772746047581e-09,
    4.0906378640781975e-09,
    4.063805615891674e-09,
    4.0372276326382604e-09,
    4.010900858566013e-09,
    3.9848222685487355e-09,
    3.958988873106937e-09,
    3.933397707480868e-09,
    3.908045810516491e-09,
    3.8829302218151855e-09,
    3.85804800346898e-09,
    3.833396259598926e-09,
    3.808972134885654e-09,
    3.784772813035388e-09,
    3.760795530403612e-09,
    3.737037584378498e-09,
    3.713496330013688e-09,
    3.6901691815831686e-09,
    3.6670536268324247e-09,
    3.644147242354376e-09,
    3.6214476913131873e-09,
    3.598952711894593e-09,
    3.576660116884206e-09,
    3.554567793409183e-09,
    3.5326736951230758e-09,
    3.510975847922022e-09,
    3.4894723615422957e-09,
    3.4681614189389935e-09,
    3.4470412614557113e-09,
    3.426110198816545e-09,
    3.4053666288985324e-09,
    3.3848090371887236e-09,
    3.364435977894911e-09,
    3.344246069363134e-09,
    3.324238010481343e-09,
    3.3044105857429147e-09,
    3.2847626536256697e-09,
    3.2652931461105754e-09,
    3.2460010833023296e-09,
    3.2268855797411363e-09,
    3.207945828873322e-09,
    3.189181083509479e-09,
    3.170590656771879e-09,
    3.152173936672924e-09,
    3.133930395261282e-09,
    3.115859586890508e-09,
    3.097961135516418e-09,
    3.0802347218825855e-09,
    3.062680085764648e-09,
    3.0452970407715857e-09,
    3.0280854908900637e-09,
    3.0110454390477367e-09,
    2.9941769832955706e-09,
    2.977480311711244e-09,
    2.9609557045547062e-09,
    2.9446035336445133e-09,
    2.928424255975137e-09,
    2.9124184178717343e-09,
    2.8965866762991157e-09,
    2.880929824572298e-09,
    2.865448805669981e-09,
    2.8501447027787248e-09,
    2.835018720037529e-09,
    2.8200721823102922e-09,
    2.805306556990894e-09,
    2.7907234794417964e-09,
    2.7763247739098873e-09,
    2.762112462080118e-09,
    2.7480887427807657e-09,
    2.7342559293954636e-09,
    2.7206163612091697e-09,
    2.7071723354891247e-09,
    2.693926087518788e-09,
    2.6808797994764686e-09,
    2.6680355987138136e-09,
    2.6553955381618137e-09,
    2.642961584192659e-09,
    2.63073561483112e-09,
    2.618719410544781e-09,
    2.606914642201203e-09,
    2.595322870967948e-09,
    2.5839455509533833e-09,
    2.572784021937137e-09,
    2.561839510485591e-09,
    2.5511131792902323e-09,
    2.540606223308998e-09,
    2.530319944626346e-09,
    2.520255772041998e-09,
    2.510415280335406e-09,
    2.5008002389036496e-09,
    2.4914126452281462e-09,
    2.482254729441022e-09,
    2.4733289630516617e-09,
    2.464638089200981e-09,
    2.4561851628707455e-09,
    2.44797353559341e-09,
    2.4400067169290026e-09,
    2.432288173771227e-09,
    2.4248212180083037e-09,
    2.4176090609188192e-09,
    2.4106549735445584e-09,
    2.403962434088329e-09,
    2.3975352261306514e-09,
    2.391377492495063e-09,
    2.385493718068674e-09,
    2.3798886811968444e-09,
    2.3745674330045205e-09,
    2.3695352871764822e-09,
    2.364797824175479e-09,
    2.3603609225904185e-09,
    2.356230768249477e-09,
    2.3524138327354388e-09,
    2.3489168663921117e-09,
    2.345746928535443e-09,
    2.342911419009649e-09,
    2.3404180307033068e-09,
    2.338274680188714e-09,
    2.336489552783685e-09,
    2.335071190321648e-09,
    2.3340284965057442e-09,
    2.3333706786169887e-09,
    2.33310715653374e-09,
    2.3332474532885343e-09,
    2.333801084601139e-09,
    2.3347774840094077e-09,
    2.336186007133079e-09,
    2.3380359225726437e-09,
    2.3403362921979996e-09,
    2.343095824033729e-09,
    2.346322742925621e-09,
    2.3500246310275654e-09,
    2.35420826697931e-09,
    2.3588794477745982e-09,
    2.364042700438844e-09,
    2.3697009728472663e-09,
    2.375855489919726e-09,
    2.3825057146769544e-09,
    2.389649310974245e-09,
    2.397282198736633e-09,
    2.4053985375570065e-09,
    2.413990468304063e-09,
    2.4230481701888426e-09,
    2.4325604940379124e-09,
    2.4425154200834404e-09,
    2.452900056518883e-09,
    2.4637006270606925e-09,
    2.4749024838457964e-09,
    2.4864900689838614e-09,
    2.4984470423041333e-09,
    2.5107564769830272e-09,
    2.523400826312584e-09,
    2.5363617428025032e-09,
    2.5496199132770075e-09,
    2.563154877947307e-09,
    2.576944954264932e-09,
    2.5909674360043235e-09,
    2.605198906866521e-09,
    2.619615424251564e-09,
    2.6341925501660573e-09,
    2.648905386212663e-09,
    2.6637287691139865e-09,
    2.6786375961668755e-09,
    2.693607137661689e-09,
    2.7086133028579632e-09,
    2.7236329767769032e-09,
    2.7386444700045956e-09,
    2.7536279077738172e-09,
    2.7685654321113026e-09,
    2.783441328059665e-09,
    2.798242193340205e-09,
    2.8129570893940636e-09,
    2.827577577572381e-09,
    2.8420976383905214e-09,
    2.856513484997809e-09,
    2.870823273243668e-09,
    2.885026847792253e-09,
    2.8991257983251644e-09,
    2.9131237693138744e-09,
    2.9270265832720685e-09,
    2.9408420043080296e-09,
    2.9545792991715788e-09,
    2.9682486954749812e-09,
    2.9818607786363204e-09,
    2.9954260014736262e-09,
    3.0089544138925714e-09,
    3.022455326299095e-09,
    3.0359366066503943e-09,
    3.0494037845806364e-09,
    3.06285947505362e-09,
    3.0763033851340305e-09,
    3.089732520843468e-09,
    3.1031410842274434e-09,
    3.1165201601272615e-09,
    3.129857623448992e-09,
    3.1431382328381065e-09,
    3.156343726265355e-09,
    3.1694531636196076e-09,
    3.18244360771666e-09,
    3.1952908861397434e-09,
    3.2079703439438345e-09,
    3.2204576170696755e-09,
    3.23272930778724e-09,
    3.2447634828164586e-09,
    3.2565403119900422e-09,
    3.2680431491243094e-09,
    3.279259702063296e-09,
    3.2901828128987496e-09,
    3.3008110799644876e-09,
    3.3111499756493704e-09,
    3.321213440691716e-09,
    3.3310251129003055e-09,
    3.340618786724627e-09,
    3.3500385538112604e-09,
    3.3593389124189396e-09,
    3.3685846529822245e-09,
    3.3778505735256586e-09,
    3.3872211918324403e-09,
    3.3967899883025104e-09,
    3.4066575314514826e-09,
    3.4169285268525124e-09,
    3.427708417010405e-09,
    3.4390998293740444e-09,
    3.451198848911679e-09,
    3.464091196125043e-09,
    3.4778478716941513e-09,
    3.49252039394895e-09,
    3.5081368034341293e-09,
    3.524698776355068e-09,
    3.5421802831765343e-09,
    3.5605289746737294e-09,
    3.579669950470731e-09,
    3.599510489746382e-09,
    3.6199452076562425e-09,
    3.6408614034801095e-09,
    3.6621440992324686e-09,
    3.6836803289547033e-09,
    3.70536222079569e-09,
    3.727088767612846e-09,
    3.748766680663946e-09,
    3.770310673001752e-09,
    3.791643260584482e-09,
    3.812694141168338e-09,
    3.833399343986709e-09,
    3.853700349834584e-09,
    3.873543419466235e-09,
    3.8928792688698675e-09,
    3.911662862141782e-09,
    3.929853193351681e-09,
    3.947413248166848e-09,
    3.964310163280584e-09,
    3.9805154218302265e-09,
    3.996004947319577e-09,
    4.0107590761892665e-09,
    4.0247626289561655e-09,
    4.038005090380299e-09,
    4.050480546505336e-09,
    4.062187277731811e-09,
    4.073127223222388e-09,
    4.083305497036692e-09,
    4.092729996348008e-09,
    4.1014110348736585e-09,
    4.109360966980186e-09,
    4.116593826859418e-09,
    4.123124988971014e-09,
    4.1289708712725136e-09,
    4.134148714440028e-09,
    4.13867641765749e-09,
    4.142572403991499e-09,
    4.14585552962416e-09,
    4.148545041821565e-09,
    4.1506605770541335e-09
]