[
    0.0,
    0.0,
    0.00014856738373643475,
    0.00018338202462753864,
    0.00021682795882768904,
    0.0002489476023189991,
    0.00027978213785063,
    0.0003093715500484073,
    0.00033775465953874757,
    0.0003649691561121586,
    0.00039105163095136663,
    0.000416037607948341,
    0.0004399615741328094,
    0.0004628570092375685,
    0.0004847564144286068,
    0.0005056913402245543,
    0.0005256924136265157,
    0.0005447893644796483,
    0.000563011051089364,
    0.0005803854851134875,
    0.0005969398557480979,
    0.0006127005532272545,
    0.0006276931916595358,
    0.0006419426312189505,
    0.0006554729997043134,
    0.000668307713486345,
    0.0006804694978650035,
    0.0006919804068539954,
    0.0007028618424040478,
    0.0007131345730790634,
    0.0007228187522025852,
    0.0007319339354892544,
    0.0007404990981746638,
    0.0007485326516605447,
    0.0007560524596909273,
    0.0007630758540700556,
    0.0007696196499341587,
    0.0007757001605907819,
    0.0007813332119359886,
    0.0007865341564607847,
    0.0007913178868594207,
    0.0007956988492477677,
    0.0007996910560037637,
    0.0008033080982479114,
    0.0008065631579741073,
    0.0008094690198353303,
    0.0008120380825936456,
    0.000814282370246167,
    0.0008162135428361504,
    0.0008178429069567849,
    0.0008191814259560853,
    0.0008202397298531893,
    0.0008210281249742313,
    0.000821556603314383,
    0.0008218348516343228,
    0.0008218722602963027,
    0.0008216779318461029,
    0.0008212606893534728,
    0.0008206290845184487,
    0.0008197914055450457,
    0.0008187556847888769,
    0.0008175297061873763,
    0.0008161210124785284,
    0.000814536912213828,
    0.0008127844865712936,
    0.0008108705959751901,
    0.0008088018865294744,
    0.0008065847962675217,
    0.0008042255612207903,
    0.0008017302213137474,
    0.0007991046260889082,
    0.0007963544402638879,
    0.0007934851491293671,
    0.0007905020637970642,
    0.0007874103263003339,
    0.0007842149145498668,
    0.0007809206471491401,
    0.0007775321880739006,
    0.0007740540512188013,
    0.0007704906048126396,
    0.0007668460757053358,
    0.0007631245535328216,
    0.0007593299947648879,
    0.0007554662266388635,
    0.0007515369509803158,
    0.0007475457479123837,
    0.0007434960794576222,
    0.0007393912930366795,
    0.0007352346248686031,
    0.0007310292032753841,
    0.0007267780518895133,
    0.0007224840927669351,
    0.0007181501494120215,
    0.0007137789497176731,
    0.0007093731288217271,
    0.0007049352318812703,
    0.0007004677167652029,
    0.0006959729566678012,
    0.0006914532426461999,
    0.0006869107860808536,
    0.0006823477210616789,
    0.0006777661067077348,
    0.0006731679294243826,
    0.0006685551050979938,
    0.0006639294812289906,
    0.0006592928390041621,
    0.0006546468953093997,
    0.0006499933046831955,
    0.0006453336612121487,
    0.000640669500374185,
    0.0006360023008315288,
    0.0006313334861697817,
    0.0006266644265848479,
    0.0006219964405215393,
    0.0006173307962625612,
    0.000612668713467471,
    0.0006080113646632282,
    0.0006033598766888722,
    0.0005987153320991128,
    0.0005940787705294478,
    0.000589451190025268,
    0.0005848335483373961,
    0.0005802267641791926,
    0.0005756317184416667,
    0.0005710492553729031,
    0.0005664801837270946,
    0.0005619252778815628,
    0.0005573852789208892,
    0.000552860895689546,
    0.0005483528058118456,
    0.0005438616566789502,
    0.0005393880664078497,
    0.0005349326247758239,
    0.0005304958941292493,
    0.0005260784102670904,
    0.0005216806833014764,
    0.0005173031984928608,
    0.0005129464170549321,
    0.0005086107769331329,
    0.000504296693562362,
    0.0005000045606023336,
    0.0004957347506506985,
    0.0004914876159339381,
    0.00048726348897434895,
    0.00048306268323938995,
    0.0004788854937797168,
    0.0004747321978513763,
    0.0004706030555169698,
    0.00046649831022511543,
    0.0004624181893675407,
    0.0004583629048206128,
    0.00045433265347869943,
    0.00045032761777178705,
    0.00044634796616030615,
    0.00044239385361334707,
    0.00043846542207762125,
    0.00043456280093761895,
    0.00043068610746219664,
    0.0004268354472339456,
    0.0004230109145628673,
    0.00041921259288703664,
    0.0004154405551623804,
    0.0004116948642437328,
    0.000407975573256406,
    0.0004042827259545242,
    0.00040061635706463124,
    0.00039697649261349167,
    0.0003933631502320206,
    0.00038977633943685275,
    0.00038621606191124093,
    0.00038268231179671634,
    0.0003791750759852174,
    0.0003756943344033639,
    0.0003722400602871541,
    0.00036881222044402755,
    0.00036541077550309315,
    0.00036203568015692126,
    0.0003586868833970843,
    0.00035536432874564144,
    0.00035206795448019596,
    0.0003487976938501253,
    0.00034555347528546985,
    0.0003423352225986888,
    0.0003391428551794759,
    0.0003359762881841046,
    0.0003328354327220024,
    0.0003297201960402855,
    0.00032663048170191605,
    0.00032356618975451664,
    0.0003205272168919579,
    0.00031751345661381475,
    0.00031452479938336083,
    0.0003115611327763077,
    0.00030862234161815487,
    0.00030570830811706037,
    0.0003028189119947522,
    0.0002999540306166497,
    0.00029711353912350815,
    0.00029429731055766217,
    0.0002915052159765981,
    0.00028873712455821976,
    0.0002859929037042783,
    0.0002832724191459105,
    0.0002805755350523191,
    0.00027790211413645594,
    0.0002752520177512369,
    0.00027262510597766043,
    0.00027002123771047935,
    0.00026744027074204947,
    0.00026488206184224533,
    0.0002623464668399132,
    0.0002598333407086252,
    0.0002573425376476838,
    0.0002548739111498988,
    0.0002524273140518693,
    0.00025000259857317164,
    0.0002475996163633453,
    0.00024521821856008307,
    0.0002428582558474582,
    0.00024051957851479203,
    0.00023820203651833997,
    0.00023590547953937613,
    0.00023362975703713324,
    0.0002313747183014343,
    0.0002291402125070998,
    0.00022692608876490324,
    0.0002247321961645462,
    0.00022255838381498368,
    0.00022040450088773914,
    0.00021827039666205364,
    0.0002161559205692746,
    0.00021406092223310146,
    0.00021198525150345913,
    0.00020992875848666628,
    0.00020789129357444669,
    0.00020587270747182349,
    0.00020387285122704522,
    0.00020189157626607115,
    0.00019992873442604763,
    0.00019798417798254966,
    0.00019605775967222744,
    0.00019414933271449746,
    0.00019225875083558918,
    0.00019038586829397464,
    0.00018853053990264382,
    0.00018669262104796956,
    0.00018487196770808085,
    0.00018306843647189345,
    0.0001812818845586987,
    0.00017951216983678618,
    0.00017775915083932474,
    0.0001760226867800917,
    0.0001743026375715054,
    0.00017259886384104746,
    0.00017091122694375133,
    0.00016923958897432264,
    0.00016758381277896128,
    0.0001659437619642779,
    0.00016431930090598,
    0.00016271029475957443,
    0.00016111660947079826,
    0.00015953811178393278,
    0.00015797466924810405,
    0.0001564261502237579,
    0.00015489242389022252,
    0.00015337336024957732,
    0.00015186883012306622,
    0.00015037870514464903,
    0.00014890285775850059,
    0.00014744116122094778,
    0.00014599348960439294,
    0.0001445597178028631,
    0.00014313972153716316,
    0.00014173337735738783,
    0.0001403405626456529,
    0.00013896115562098,
    0.00013759503534404934,
    0.00013624208172204603,
    0.00013490217551387695,
    0.0001335751983315685,
    0.00013226103263773586,
    0.00013095956174519324,
    0.000129670669820385,
    0.00012839424188766148,
    0.0001271301638326124,
    0.00012587832240188072,
    0.00012463860519867703,
    0.00012341090067916063,
    0.000122195098153385,
    0.00012099108778757798,
    0.00011979876060335898,
    0.00011861800847448717,
    0.00011744872412437632,
    0.00011629080112521364,
    0.00011514413389793233,
    0.00011400861771172712,
    0.00011288414868125459,
    0.00011177062376163167,
    0.00011066794074339432,
    0.00010957599824924009,
    0.00010849469573266611,
    0.00010742393347761215,
    0.00010636361259769826,
    0.00010531363503314606,
    0.00010427390354548119,
    0.00010324432171240065,
    0.00010222479392431537,
    0.00010121522538212896,
    0.0001002155220947253,
    9.922559087470387e-05,
    9.82453393329664e-05,
    9.72746758743874e-05,
    9.631350969382302e-05,
    9.536175076807813e-05,
    9.441930984369937e-05,
    9.348609842698502e-05,
    9.256202877853572e-05,
    9.164701390867961e-05,
    9.074096757320843e-05,
    8.98438042704941e-05,
    8.895543923819343e-05,
    8.807578844848823e-05,
    8.720476860312014e-05,
    8.634229712961282e-05,
    8.548829217881418e-05,
    8.46426726225211e-05,
    8.380535804983494e-05,
    8.297626876212714e-05,
    8.215532576814991e-05,
    8.134245078044e-05,
    8.05375662116756e-05,
    7.974059516985328e-05,
    7.895146145344384e-05,
    7.817008954716977e-05,
    7.739640461790685e-05,
    7.663033251039697e-05,
    7.587179974262733e-05,
    7.512073350164186e-05,
    7.437706164007871e-05,
    7.36407126720692e-05,
    7.291161576778157e-05,
    7.218970074797782e-05,
    7.147489807990126e-05,
    7.076713887330239e-05,
    7.006635487544265e-05,
    6.937247846596475e-05,
    6.868544265206795e-05,
    6.800518106341835e-05,
    6.733162794694077e-05,
    6.666471816218919e-05,
    6.60043871771453e-05,
    6.535057106361277e-05,
    6.470320649235218e-05,
    6.406223072918661e-05,
    6.34275816316675e-05,
    6.279919764494782e-05,
    6.217701779728103e-05,
    6.156098169529419e-05,
    6.0951029519306e-05,
    6.03471020189601e-05,
    5.9749140505957414e-05,
    5.9157086843340085e-05,
    5.857088343653367e-05,
    5.799047322788528e-05,
    5.741579969228971e-05,
    5.684680683256411e-05,
    5.6283439174170856e-05,
    5.57256417603608e-05,
    5.517336014907344e-05,
    5.462654041065427e-05,
    5.408512912505229e-05,
    5.3549073378233264e-05,
    5.301832075781191e-05,
    5.249281934804199e-05,
    5.1972517724698754e-05,
    5.145736495051724e-05,
    5.0947310570656186e-05,
    5.0442304607658307e-05,
    4.994229755722894e-05,
    4.94472403852244e-05,
    4.8957084524919737e-05,
    4.847178187442338e-05,
    4.7991284793320445e-05,
    4.7515546097764186e-05,
    4.704451905572827e-05,
    4.6578157383727084e-05,
    4.6116415244081636e-05,
    4.565924724181764e-05,
    4.52066084208101e-05,
    4.4758454259437216e-05,
    4.4314740666913994e-05,
    4.387542398017541e-05,
    4.344046096014098e-05,
    4.300980878762233e-05,
    4.258342505978566e-05,
    4.216126778704009e-05,
    4.1743295389964554e-05,
    4.13294666964076e-05,
    4.091974093863431e-05,
    4.051407775026285e-05,
    4.0112437162992016e-05,
    3.9714779603385056e-05,
    3.932106588931059e-05,
    3.893125722348178e-05,
    3.854531518375115e-05,
    3.816320171466229e-05,
    3.7784879122853625e-05,
    3.7410310074775165e-05,
    3.70394575947206e-05,
    3.66722850618027e-05,
    3.630875620571283e-05,
    3.594883510249215e-05,
    3.559248617142747e-05,
    3.523967417294994e-05,
    3.489036420657358e-05,
    3.454452170774657e-05,
    3.4202112443457766e-05,
    3.386310250813986e-05,
    3.3527458321006736e-05,
    3.3195146624127515e-05,
    3.286613448053272e-05,
    3.254038927277913e-05,
    3.2217878701689e-05,
    3.1898570783697e-05,
    3.158243384665731e-05,
    3.126943652581482e-05,
    3.0959547761080756e-05,
    3.065273679533148e-05,
    3.034897317273666e-05,
    3.004822673597307e-05,
    2.9750467622317572e-05,
    2.945566626047633e-05,
    2.9163793368870368e-05,
    2.8874819953663494e-05,
    2.858871730581483e-05,
    2.8305456998155072e-05,
    2.8025010883059106e-05,
    2.774735109042941e-05,
    2.7472450025417743e-05,
    2.720028036603149e-05,
    2.6930815061057778e-05,
    2.6664027328306126e-05,
    2.6399890653460457e-05,
    2.6138378788388493e-05,
    2.5879465747749823e-05,
    2.5623125806362007e-05,
    2.536933349805723e-05,
    2.51180636131222e-05,
    2.486929119489491e-05,
    2.462299153845346e-05,
    2.4379140190394637e-05,
    2.413771294720279e-05,
    2.3898685853396036e-05,
    2.3662035200035125e-05,
    2.3427737519465947e-05,
    2.3195769575556937e-05,
    2.2966108355142594e-05,
    2.2738731063812658e-05,
    2.2513615124163438e-05,
    2.229073817423356e-05,
    2.2070078065821244e-05,
    2.185161286396445e-05,
    2.163532084695519e-05,
    2.1421180504627626e-05,
    2.1209170535699602e-05,
    2.0999269845609535e-05,
    2.079145754386536e-05,
    2.058571294107006e-05,
    2.0382015546615423e-05,
    2.018034506672425e-05,
    1.9980681402681904e-05,
    1.9783004649256068e-05,
    1.958729509399562e-05,
    1.9393533217423004e-05,
    1.9201699691036204e-05,
    1.9011775372743243e-05,
    1.8823741304186468e-05,
    1.8637578711717942e-05,
    1.8453269008120285e-05,
    1.8270793792116144e-05,
    1.8090134846339655e-05,
    1.7911274136206226e-05,
    1.77341938089838e-05,
    1.755887619148125e-05,
    1.7385303788113247e-05,
    1.721345928076893e-05,
    1.7043325528544925e-05,
    1.687488556590962e-05,
    1.6708122601265664e-05,
    1.654302001755419e-05,
    1.6379561372566813e-05,
    1.6217730397131893e-05,
    1.605751099297972e-05,
    1.589888723195877e-05,
    1.5741843356468032e-05,
    1.5586363778271933e-05,
    1.543243307096544e-05,
    1.528003595775518e-05,
    1.5129157303396719e-05,
    1.4979782112427346e-05,
    1.4831895527163168e-05,
    1.4685482823885476e-05,
    1.4540529411236041e-05,
    1.4397020831096425e-05,
    1.4254942759137427e-05,
    1.4114281004824411e-05,
    1.3975021512744552e-05,
    1.3837150364218558e-05,
    1.3700653776012783e-05,
    1.356551809715323e-05,
    1.3431729807221794e-05,
    1.3299275515511378e-05,
    1.3168141959770682e-05,
    1.3038316005624806e-05,
    1.2909784646682075e-05,
    1.2782535004459395e-05,
    1.2656554326787211e-05,
    1.2531829984893762e-05,
    1.2408349472714333e-05,
    1.2286100408903047e-05,
    1.216507053732719e-05,
    1.2045247724673122e-05,
    1.1926619958966419e-05,
    1.1809175350146863e-05,
    1.1692902129310548e-05,
    1.1577788646604987e-05,
    1.1463823369583685e-05,
    1.1350994881097132e-05,
    1.1239291876716314e-05,
    1.1128703163316213e-05,
    1.1019217659785126e-05,
    1.0910824399905586e-05,
    1.0803512536038946e-05,
    1.0697271341507263e-05,
    1.0592090210213363e-05,
    1.0487958653424731e-05,
    1.0384866296315284e-05,
    1.0282802877686353e-05,
    1.0181758251975656e-05,
    1.0081722389910828e-05,
    9.982685378041373e-06,
    9.884637419399404e-06,
    9.78756883297865e-06,
    9.6914700464002e-06,
    9.596331581602898e-06,
    9.502144041491245e-06,
    9.408898104450877e-06,
    9.316584525851014e-06,
    9.225194140208838e-06,
    9.134717860100203e-06,
    9.045146674246732e-06,
    8.95647164791611e-06,
    8.868683924850386e-06,
    8.781774727821993e-06,
    8.69573535807355e-06,
    8.610557196902825e-06,
    8.526231707927177e-06,
    8.442750436087523e-06,
    8.360105005134463e-06,
    8.278287115998026e-06,
    8.19728854545178e-06,
    8.11710114668176e-06,
    8.037716852120918e-06,
    7.959127675101053e-06,
    7.881325709657187e-06,
    7.804303129710086e-06,
    7.728052187604715e-06,
    7.6525652133079e-06,
    7.577834615269882e-06,
    7.503852882340625e-06,
    7.430612586115754e-06,
    7.35810638272152e-06,
    7.286327013347732e-06,
    7.215267304180914e-06,
    7.144920167458174e-06,
    7.075278602969142e-06,
    7.0063356961225174e-06,
    6.938084613159222e-06,
    6.870518598790322e-06,
    6.803630977461472e-06,
    6.737415155492546e-06,
    6.671864621890819e-06,
    6.606972949332073e-06,
    6.54273379885166e-06,
    6.479140922055756e-06,
    6.416188150142224e-06,
    6.353869374889385e-06,
    6.292178535521108e-06,
    6.2311096153253566e-06,
    6.1706566432669784e-06,
    6.110813696200254e-06,
    6.051574900385159e-06,
    5.992934432707354e-06,
    5.934886522502528e-06,
    5.877425452079148e-06,
    5.820545553948583e-06,
    5.7642412084635364e-06,
    5.708506845835267e-06,
    5.65333695132279e-06,
    5.598726067648346e-06,
    5.54466879083507e-06,
    5.491159765913392e-06,
    5.4381936888443985e-06,
    5.38576531128009e-06,
    5.333869443436223e-06,
    5.282500953233459e-06,
    5.231654763739399e-06,
    5.181325855198876e-06,
    5.131509271942987e-06,
    5.082200124907957e-06,
    5.0333935883301955e-06,
    4.98508490010823e-06,
    4.93726936404477e-06,
    4.889942347773164e-06,
    4.843099284038818e-06,
    4.796735678872665e-06,
    4.750847118387563e-06,
    4.705429272111123e-06,
    4.660477897571152e-06,
    4.6159888477587715e-06,
    4.5719580795704645e-06,
    4.5283816553048105e-06,
    4.485255722902582e-06,
    4.442576479600427e-06,
    4.400340147846509e-06,
    4.35854297213792e-06,
    4.317181218943362e-06,
    4.276251170036891e-06,
    4.235749110173566e-06,
    4.195671314609996e-06,
    4.156014047159266e-06,
    4.116773567885337e-06,
    4.077946136219294e-06,
    4.039528008032241e-06,
    4.001515437409255e-06,
    3.9639046810536034e-06,
    3.926692000968101e-06,
    3.889873673878045e-06,
    3.853446007775281e-06,
    3.817405354706908e-06,
    3.781748110172028e-06,
    3.7464707005611573e-06,
    3.711569580885378e-06,
    3.677041254682402e-06,
    3.6428822938786564e-06,
    3.6090893339635652e-06,
    3.575659052663401e-06,
    3.542588165496466e-06,
    3.509873445768205e-06,
    3.4775117413088776e-06,
    3.445499979973404e-06,
    3.413835177584546e-06,
    3.3825144413296974e-06,
    3.351534963147641e-06,
    3.3208940162897083e-06,
    3.2905889569964687e-06,
    3.2606172344348254e-06,
    3.230976416052822e-06,
    3.2016642139801237e-06,
    3.17267849809804e-06,
    3.1440173096649733e-06,
    3.11567889885701e-06,
    3.087661775807786e-06,
    3.059964742978581e-06,
    3.0325868821381698e-06,
    3.005527470821054e-06,
    2.978785871304191e-06,
    2.9523614799028067e-06,
    2.926253728845907e-06,
    2.90046208414792e-06,
    2.87498602820696e-06,
    2.849825034783837e-06,
    2.824978543367547e-06,
    2.80044593315424e-06,
    2.7762264930551876e-06,
    2.752319392934206e-06,
    2.728723673200007e-06,
    2.7054382510328745e-06,
    2.6824619189385475e-06,
    2.659793353184947e-06,
    2.637431156984915e-06,
    2.615373885185932e-06,
    2.5936199942101996e-06,
    2.5721677742623578e-06,
    2.5510153531509742e-06,
    2.5301607456534734e-06,
    2.5096018647643118e-06,
    2.489336497770724e-06,
    2.469362314365688e-06,
    2.449676909627518e-06,
    2.43027780902658e-06,
    2.4111624052953276e-06,
    2.392327900741807e-06,
    2.373771356285261e-06,
    2.35548984762237e-06,
    2.337480614705493e-06,
    2.3197410973958637e-06,
    2.302268876361996e-06,
    2.285061682679067e-06,
    2.2681175546198717e-06,
    2.251434954440569e-06,
    2.2350126892513566e-06,
    2.2188497579619675e-06,
    2.2029453107017032e-06,
    2.1872987871043004e-06,
    2.1719101758153366e-06,
    2.1567802487702974e-06,
    2.1419106153546974e-06,
    2.1273034460638273e-06,
    2.1129608902976767e-06,
    2.0988845590482588e-06,
    2.0850753694968548e-06,
    2.071533597144245e-06,
    2.058258876423512e-06,
    2.045250161744604e-06,
    2.0325057351942083e-06,
    2.0200231440428156e-06,
    2.0077990047470105e-06,
    1.9958288949233527e-06,
    1.984107403205446e-06,
    1.972628117412518e-06,
    1.9613835529276498e-06,
    1.950365227838779e-06,
    1.9395638975412873e-06,
    1.9289698693708034e-06,
    1.918573358329203e-06,
    1.908364742042964e-06,
    1.8983346125970997e-06,
    1.8884737184233189e-06,
    1.878772961245841e-06,
    1.8692235218407369e-06,
    1.8598169585780448e-06,
    1.8505451721038709e-06,
    1.8414003568009578e-06,
    1.8323749732356693e-06,
    1.823461722729293e-06,
    1.8146535505732292e-06,
    1.8059436729524832e-06,
    1.797325668673763e-06,
    1.7887936269120144e-06,
    1.7803422202509597e-06,
    1.771966648185989e-06,
    1.7636625427997266e-06,
    1.7554259048203911e-06,
    1.7472530372037216e-06,
    1.7391404934532895e-06,
    1.7310850955071625e-06,
    1.7230839687176168e-06,
    1.7151345548980168e-06,
    1.7072346411616638e-06,
    1.699382395931787e-06,
    1.6915763866711837e-06,
    1.6838156145882538e-06,
    1.6760995921852312e-06,
    1.6684283835601193e-06,
    1.6608025779106616e-06,
    1.6532232630241725e-06,
    1.6456918637930933e-06,
    1.6382097458785904e-06,
    1.6307778678737157e-06,
    1.6233966619640464e-06,
    1.6160660015360953e-06,
    1.608785208940968e-06,
    1.6015531608292588e-06,
    1.5943684043227376e-06,
    1.5872291993619365e-06,
    1.5801335762631578e-06,
    1.5730794311985111e-06,
    1.5660645713576072e-06,
    1.559086741423354e-06,
    1.5521436912670484e-06,
    1.5452332318718247e-06,
    1.5383532252707503e-06,
    1.531501561074853e-06,
    1.5246761614995352e-06,
    1.5178749685610424e-06,
    1.5110959259152296e-06,
    1.504337014739191e-06,
    1.4975963362546422e-06,
    1.4908721848458965e-06,
    1.484163054833615e-06,
    1.4774676038151129e-06,
    1.4707846531722218e-06,
    1.4641132086339673e-06,
    1.4574524365435187e-06,
    1.450801645253236e-06,
    1.4441603174149386e-06,
    1.437528135811733e-06,
    1.4309049854141016e-06,
    1.4242909517457612e-06,
    1.4176863078700233e-06,
    1.4110914988444063e-06,
    1.404507124214309e-06,
    1.3979339143169584e-06,
    1.3913726926963174e-06,
    1.3848242854867358e-06,
    1.378289402195354e-06,
    1.3717685552252313e-06,
    1.3652620217596478e-06,
    1.3587698501149226e-06,
    1.3522919118360297e-06,
    1.3458279452791663e-06,
    1.3393775688229965e-06,
    1.3329403005532752e-06,
    1.32651559404928e-06,
    1.3201028652644259e-06,
    1.3137015044112169e-06,
    1.3073108897895213e-06,
    1.3009303978377727e-06,
    1.2945593893711908e-06,
    1.2881971941901987e-06,
    1.2818431301721697e-06,
    1.2754965445899263e-06,
    1.2691568407049737e-06,
    1.262823478684213e-06,
    1.256495961758991e-06,
    1.2501738192171457e-06,
    1.2438566022070144e-06,
    1.2375439034996503e-06,
    1.2312353853489148e-06,
    1.2249307897838349e-06,
    1.2186299333667184e-06,
    1.2123327021440429e-06,
    1.2060390417475797e-06,
    1.1997489428495476e-06,
    1.1934624397659248e-06,
    1.187179620824993e-06,
    1.1809006389526668e-06,
    1.174625717812134e-06,
    1.1683551466307327e-06,
    1.1620892707528201e-06,
    1.1558284972481232e-06,
    1.1495733142492989e-06,
    1.1433243034341252e-06,
    1.1370821369168266e-06,
    1.1308475602123033e-06,
    1.124621353260661e-06,
    1.1184042732293148e-06,
    1.112197006942212e-06,
    1.1060001501497325e-06,
    1.0998142094198503e-06,
    1.0936396164119044e-06,
    1.0874767438873983e-06,
    1.0813259161895644e-06,
    1.0751874145410793e-06,
    1.0690614820401778e-06,
    1.0629483263776213e-06,
    1.056848118306805e-06,
    1.0507609934045669e-06,
    1.0446870579222015e-06,
    1.0386263932998167e-06,
    1.0325790612209465e-06,
    1.026545109252444e-06,
    1.0205245742517829e-06,
    1.0145174878819671e-06,
    1.0085238872563995e-06,
    1.0025438244398084e-06,
    9.965773686556918e-07,
    9.90624603586903e-07,
    9.846856248685046e-07,
    9.78760538527675e-07,
    9.728494608544037e-07,
    9.669525214767246e-07,
    9.610698679580015e-07,
    9.552016685650577e-07,
    9.49348112800875e-07,
    9.435094111798267e-07,
    9.376857949383451e-07,
    9.318775151638875e-07,
    9.260848403598763e-07,
    9.203080546540419e-07,
    9.145474606610599e-07,
    9.088033841165925e-07,
    9.030761751983586e-07,
    8.973662078100403e-07,
    8.916738785107589e-07,
    8.859996015726302e-07,
    8.803437943033621e-07,
    8.747068572421805e-07,
    8.690891629851444e-07,
    8.634910543738726e-07,
    8.579128441682896e-07,
    8.523548171820352e-07,
    8.468172359145596e-07,
    8.41300343929368e-07,
    8.358043663004315e-07,
    8.303295118666513e-07,
    8.248759768229856e-07,
    8.194439466370534e-07,
    8.140335960898031e-07,
    8.0864508831865e-07,
    8.032785742829087e-07,
    7.979341942172959e-07,
    7.926120802550234e-07,
    7.873123579296487e-07,
    7.820351463465743e-07,
    7.767805580564623e-07,
    7.715486995054878e-07,
    7.663396733688278e-07,
    7.611535831121339e-07,
    7.559905374393212e-07,
    7.508506517672542e-07,
    7.457340465106489e-07,
    7.406408432751752e-07,
    7.355711613291854e-07,
    7.305251178844835e-07,
    7.255028311811984e-07,
    7.205044226626891e-07,
    7.155300180707338e-07,
    7.105797476043973e-07,
    7.056537445694673e-07,
    7.007521443193834e-07,
    6.958750847353616e-07,
    6.910227069095159e-07,
    6.861951550001232e-07,
    6.81392575523605e-07,
    6.766151163259764e-07,
    6.718629261961799e-07,
    6.67136156032768e-07,
    6.62434958526615e-07,
    6.577594821978657e-07,
    6.531098629570568e-07,
    6.484862194639193e-07,
    6.438886519388928e-07,
    6.393172421029535e-07,
    6.347720545214891e-07,
    6.302531389312189e-07,
    6.257605324642238e-07,
    6.212942611058227e-07,
    6.168543402652074e-07,
    6.124407751580992e-07,
    6.080535611846895e-07,
    6.036926841393132e-07,
    5.99358121321909e-07,
    5.950498438052313e-07,
    5.907678179963106e-07,
    5.865120055021715e-07,
    5.822823628461153e-07,
    5.780788427480605e-07,
    5.739013960383118e-07,
    5.697499725067652e-07,
    5.656245207567987e-07,
    5.615249874117986e-07,
    5.574513163608809e-07,
    5.534034493238683e-07,
    5.493813269069938e-07,
    5.4538488861009e-07,
    5.414140725764699e-07,
    5.374688159616238e-07,
    5.335490552884907e-07,
    5.296547266618195e-07,
    5.257857662024104e-07,
    5.219421106854012e-07,
    5.181236985891459e-07,
    5.143304708836529e-07,
    5.105623705885909e-07,
    5.068193419189909e-07,
    5.031013301127089e-07,
    4.994082822151798e-07,
    4.957401482596795e-07,
    4.920968816949278e-07,
    4.884784384872294e-07,
    4.848847742628482e-07,
    4.813158402580605e-07,
    4.777715809883187e-07,
    4.742519340693048e-07,
    4.7075683015104784e-07,
    4.672861925654225e-07,
    4.638399374639804e-07,
    4.6041797452013604e-07,
    4.5702020770179566e-07,
    4.5364653592138245e-07,
    4.5029685374979353e-07,
    4.469710521912054e-07,
    4.436690194241541e-07,
    4.403906412503691e-07,
    4.3713580100552744e-07,
    4.339043794694098e-07,
    4.306962554533276e-07,
    4.2751130686278503e-07,
    4.2434941138721825e-07,
    4.2121044642702565e-07,
    4.180942889377911e-07,
    4.150008157568153e-07,
    4.11929903997001e-07,
    4.088814311893493e-07,
    4.0585527549289114e-07,
    4.028513158989023e-07,
    3.9986943190606097e-07,
    3.9690950291082217e-07,
    3.9397140827672535e-07,
    3.910550282696e-07,
    3.8816024481708307e-07,
    3.852869413887899e-07,
    3.82435002459205e-07,
    3.7960431313180575e-07,
    3.7679475912102346e-07,
    3.7400622707416416e-07,
    3.7123860501721605e-07,
    3.68491782720538e-07,
    3.6576565205293715e-07,
    3.6306010778050596e-07,
    3.603750486709412e-07,
    3.577103779316967e-07,
    3.5506600300281387e-07,
    3.524418354919765e-07,
    3.498377906244705e-07,
    3.472537849619955e-07,
    3.44689733420226e-07,
    3.42145547711824e-07,
    3.3962113618310577e-07,
    3.3711640402148353e-07,
    3.3463125363840547e-07,
    3.321655851036444e-07,
    3.2971929638785417e-07,
    3.2729228341771105e-07,
    3.248844402461547e-07,
    3.224956596321931e-07,
    3.2012583366779497e-07,
    3.1777485386307797e-07,
    3.1544261087658594e-07,
    3.1312899442319233e-07,
    3.108338933571881e-07,
    3.0855719563940775e-07,
    3.062987882463512e-07,
    3.040585573049089e-07,
    3.0183638844782694e-07,
    2.9963216738303906e-07,
    2.9744578072711563e-07,
    2.9527711665651105e-07,
    2.931260649422272e-07,
    2.90992516546679e-07,
    2.888763633361751e-07,
    2.867774983406413e-07,
    2.8469581622789487e-07,
    2.826312133426587e-07,
    2.8058358747700997e-07,
    2.7855283796480963e-07,
    2.7653886609699817e-07,
    2.7454157542937224e-07,
    2.725608718784879e-07,
    2.70596663821007e-07,
    2.6864886219799397e-07,
    2.667173806233415e-07,
    2.6480213565421225e-07,
    2.629030471727224e-07,
    2.610200387764235e-07,
    2.591530380220975e-07,
    2.573019758917446e-07,
    2.554667848413778e-07,
    2.5364739626095494e-07,
    2.5184373907902947e-07,
    2.5005573957104987e-07,
    2.482833212146159e-07,
    2.4652640443373667e-07,
    2.4478490676391176e-07,
    2.4305874338734176e-07,
    2.413478275593455e-07,
    2.39652070978794e-07,
    2.3797138420984457e-07,
    2.363056766747314e-07,
    2.3465485643080515e-07,
    2.3301883042636335e-07,
    2.3139750486090858e-07,
    2.2979078527587449e-07,
    2.2819857680467263e-07,
    2.2662078452860387e-07,
    2.2505731356349835e-07,
    2.2350806903757542e-07,
    2.2197295622874117e-07,
    2.2045188086221488e-07,
    2.1894474940828123e-07,
    2.1745146938138507e-07,
    2.1597194974951142e-07,
    2.1450610107502295e-07,
    2.1305383522245346e-07,
    2.116150653923298e-07,
    2.101897066470857e-07,
    2.0877767622420126e-07,
    2.0737889352602213e-07,
    2.05993279890424e-07,
    2.0462075830600925e-07,
    2.0326125379389606e-07,
    2.0191469441007323e-07,
    2.005810117063292e-07,
    1.9926014024968496e-07,
    1.9795201725513522e-07,
    1.9665658318511625e-07,
    1.9537378271031933e-07,
    1.9410356506688062e-07,
    1.928458839130083e-07,
    1.9160069731197521e-07,
    1.9036796802234104e-07,
    1.8914766405092327e-07,
    1.879397593017397e-07,
    1.8674423334258406e-07,
    1.8556106912498854e-07,
    1.8439024973892407e-07,
    1.8323175660463626e-07,
    1.82085569294052e-07,
    1.8095166572013306e-07,
    1.7983002219667278e-07,
    1.787206132928085e-07,
    1.7762341160830276e-07,
    1.765383878069497e-07,
    1.7546551071094645e-07,
    1.744047471843909e-07,
    1.7335606243698056e-07,
    1.723194210512509e-07,
    1.7129478783076472e-07,
    1.7028212802869158e-07,
    1.692814075152696e-07,
    1.6829259286945376e-07,
    1.6731565101138914e-07,
    1.6635054913123022e-07,
    1.6539725547286348e-07,
    1.6445573998869903e-07,
    1.6352597438590894e-07,
    1.6260793209336462e-07,
    1.617015879695555e-07,
    1.6080691765912801e-07,
    1.5992389742941253e-07,
    1.5905250477141317e-07,
    1.581927192042356e-07,
    1.5734452276558607e-07,
    1.56507900078932e-07,
    1.5568283833544741e-07,
    1.5486932746027652e-07,
    1.540673603818557e-07,
    1.5327693321874769e-07,
    1.52498045279166e-07,
    1.5173069906179787e-07,
    1.5097490046009238e-07,
    1.5023065918918854e-07,
    1.4949798956557279e-07,
    1.487769115595984e-07,
    1.4806745182038015e-07,
    1.4736964467868315e-07,
    1.4668353288587734e-07,
    1.460091679540452e-07,
    1.4534661115676386e-07,
    1.446959354871407e-07,
    1.4405722742403018e-07,
    1.4343058838621666e-07,
    1.4281613594535305e-07,
    1.4221400421419904e-07,
    1.416243440236558e-07,
    1.4104732340409032e-07,
    1.404831278032325e-07,
    1.3993196016920822e-07,
    1.3939404201595334e-07,
    1.3886961665445139e-07,
    1.383589526019989e-07,
    1.378623418605506e-07,
    1.373800929502188e-07,
    1.369125253701247e-07,
    1.364599691808462e-07,
    1.3602276780447942e-07,
    1.3560128069919508e-07,
    1.3519588377564076e-07,
    1.3480696935569975e-07,
    1.344349483302162e-07,
    1.3408025331634384e-07,
    1.3374334111800307e-07,
    1.3342469458535564e-07,
    1.331248239857419e-07,
    1.3284426843576972e-07,
    1.3258359806649552e-07,
    1.323434171089741e-07,
    1.3212436771149622e-07,
    1.3192713292461337e-07,
    1.3175243821166004e-07,
    1.316010543637293e-07,
    1.314738046082614e-07,
    1.3137157382533337e-07,
    1.3129531599958609e-07,
    1.312460592172599e-07,
    1.312249090627069e-07,
    1.3123305334257252e-07,
    1.31271771352443e-07,
    1.3134244499977624e-07,
    1.3144656630356807e-07,
    1.31585739677216e-07,
    1.3176168617214715e-07,
    1.3197626252233127e-07,
    1.3223149289921626e-07,
    1.3252959197970418e-07,
    1.3287297297149783e-07,
    1.3326426095902601e-07,
    1.3370632239500119e-07,
    1.3420230325469565e-07,
    1.3475567107372568e-07,
    1.3537025551082881e-07,
    1.3605028205808607e-07,
    1.3680041115700416e-07,
    1.376258063175931e-07,
    1.3853223333327574e-07,
    1.3952617280078285e-07,
    1.4061494357903286e-07,
    1.4180684322648833e-07,
    1.4311130501162022e-07,
    1.4453909399077546e-07,
    1.4610257855056197e-07,
    1.478160950158274e-07,
    1.4969639960392463e-07,
    1.517631669103415e-07,
    1.540395667454803e-07,
    1.5655307060212425e-07,
    1.5933650564218634e-07,
    1.6242928901912544e-07,
    1.6587897377063537e-07,
    1.697433575536805e-07,
    1.7409391086895349e-07,
    1.7902126440342771e-07,
    1.8464264697258372e-07,
    1.9111276771775878e-07,
    1.9864133683035462e-07,
    2.0752203747959802e-07,
    2.1818220260755223e-07,
    2.3126115959938456e-07,
    2.477232949448924e-07,
    2.6899089130847413e-07,
    2.9694296832235255e-07,
    3.3356429189818027e-07,
    3.8055801981323377e-07,
    4.3952948185128335e-07,
    5.124627263115837e-07,
    6.018487842572443e-07,
    7.107953120502848e-07,
    8.434516298096085e-07,
    1.0049039906261466e-06,
    1.2003919494819172e-06,
    1.4350880674315625e-06,
    1.715170110198194e-06,
    2.051338709484739e-06,
    2.4395429004297e-06,
    4.9064008171189286e-06,
    1.2819444359477481e-05,
    2.5392303232024834e-05,
    3.908975103557506e-05,
    5.2454630864768977e-05,
    6.543806887317313e-05,
    7.80330397788466e-05,
    9.025010233164229e-05,
    0.0001020956900426025,
    0.0001135678571839284,
    0.00012467980599777966,
    0.00013547975068765032,
    0.00014603402131686198,
    0.00015642873411550942,
    0.00016686700410546788,
    0.000177828197548651,
    0.00018968394899265188,
    0.00020207482736222978,
    0.00021434250249367508,
    0.00022619378845794563,
    0.0002375891747490083,
    0.00024852998619099133,
    0.0002590273930859257,
    0.00026909701703411846,
    0.00027876095938089414,
    0.0002880559868517902,
    0.0002970415426973002,
    0.00030578009536344996,
    0.00031430958835800823,
    0.0003227185456270835,
    0.0003339727275070638,
    0.000351039177820324,
    0.0003710053001747274,
    0.00039062071451804575,
    0.00040963829014282636,
    0.000428275783983211,
    0.00046369923854805504,
    0.000532121368684918,
    0.0006152243689879549,
    0.0006953950118307716,
    0.0007726233562786513,
    0.0008471282553508592,
    0.0009260017838686005,
    0.0010249855159373345,
    0.0011460654073524115,
    0.001272845748182159,
    0.0013951887191598052,
    0.0015125606379776467,
    0.0016250896798942103,
    0.0017329186047865027,
    0.0018361906221956463,
    0.001935046745451191,
    0.002029625007596656,
    0.002120060031660425,
    0.002206482817132322,
    0.0022890207084315817,
    0.002367797445593755,
    0.0024429332391763263,
    0.0025145448416237833,
    0.0025827456109019384,
    0.0026476455899060954,
    0.0027093516137926934,
    0.002767967430523535,
    0.002823593816546654,
    0.002876328672134302,
    0.002926267097247014,
    0.002973501474402442,
    0.003018121607076321,
    0.003060214969708543,
    0.0030998670577228092,
    0.0031371617334210455,
    0.0031721815447873,
    0.0032050086455039676,
    0.003235728083480795,
    0.003264450040832896,
    0.0032913891298077293,
    0.0033168172047490017,
    0.0033410232039713795,
    0.003364854223874168,
    0.00338894914992633,
    0.003412500407318204,
    0.0034345452419728365,
    0.0034548826678648236,
    0.0034735286795601495,
    0.0034905256732197386,
    0.003505921955151624,
    0.0035197679073743693,
    0.0035321146370863206,
    0.0035430131412567648,
    0.0035525137010737158,
    0.003560665539013223,
    0.00356751664597767,
    0.0035731136955713958,
    0.0035775020048516033,
    0.00358072554068709,
    0.0035828269788550538,
    0.003583847766421418,
    0.003583828147379893,
    0.0035828071782005996,
    0.003580822755237846,
    0.0035779116482236644,
    0.0035741095321987,
    0.0035694510149131085,
    0.0035639696618645984,
    0.003557698021096157,
    0.003550667648258428,
    0.003542909131731909,
    0.003534452117360447,
    0.0035253253331850466,
    0.003515556614725005,
    0.003505172930776103,
    0.0034942004085507282,
    0.0034826643573623644,
    0.0034705892914638115,
    0.003457998952531221,
    0.003444916331944621,
    0.0034313636927658323,
    0.003417362590848318,
    0.0034029338949550427,
    0.003388097806289768,
    0.0033728738777297727,
    0.0033572810328520385,
    0.0033413375844404186,
    0.0033250612521439327,
    0.003308469179570174,
    0.00329157795111014,
    0.0032744036084407908,
    0.00325696166663291,
    0.0032392671297333674,
    0.003221334505744134,
    0.0032031778211499542,
    0.003184810635200506,
    0.00316624605391351,
    0.0031474967435543093,
    0.0031285749436098776,
    0.0031094924794520004,
    0.0030902607746305746,
    0.003070890862750207,
    0.0030513933990882385,
    0.0030317786719185045,
    0.003012056613305009,
    0.002992236809429102,
    0.002972328510830977,
    0.0029523406427482968,
    0.002932281815307661,
    0.0029121603331979237,
    0.0028919842046871043,
    0.0028717611501814485,
    0.0028514986106624777,
    0.002831203756133182,
    0.002810883493957239,
    0.0027905444769557217,
    0.002770193111249624,
    0.002749835563888874,
    0.0027294777702286718,
    0.002709125441032471,
    0.002688784069369762,
    0.0026684589373327586,
    0.002648155122552589,
    0.0026278775045122764,
    0.0026076307706653116,
    0.0025874194223927463,
    0.0025672477808168755,
    0.002547119992449757,
    0.0025270400346675847,
    0.00250701172102368,
    0.0024870387063932993,
    0.0024671244919456737,
    0.002447272429979318,
    0.0024274857286478847,
    0.002407767456559454,
    0.0023881205472225603,
    0.002368547803340309,
    0.002349051900975419,
    0.0023296353935802552,
    0.0023103007158817856,
    0.002291050187660676,
    0.0022718860174521984,
    0.0022528103061487284,
    0.002233825050490237,
    0.0022149321464450485,
    0.002196133392482276,
    0.0021774304927441117,
    0.0021588250601270054,
    0.0021403186192739945,
    0.002121912609481887,
    0.0021036083875268937,
    0.0020854072304054344,
    0.00206731033798952,
    0.0020493188356021964,
    0.002031433776518355,
    0.002013656144392831,
    0.0019959868556150874,
    0.0019784267615943784,
    0.001960976650979648,
    0.0019436372518129026,
    0.0019264092336173148,
    0.0019092932094236128,
    0.001892289737732851,
    0.0018753993244150662,
    0.0018586224245519545,
    0.0018419594442300672,
    0.0018254107422831082,
    0.0018089766319801246,
    0.0017926573826591817,
    0.001776453221309282,
    0.0017603643341050253,
    0.0017443908678981695,
    0.0017285329316672259,
    0.0017127905979228586,
    0.0016971639040674448,
    0.0016816528537104637,
    0.0016662574179442783,
    0.0016509775365830318,
    0.0016358131193627183,
    0.0016207640471025536,
    0.0016058301728311365,
    0.0015910113228779499,
    0.001576307297930458,
    0.0015617178740598508,
    0.0015472428037167194,
    0.0015328818166940007,
    0.0015186346210536428,
    0.001504500904019802,
    0.0014904803328474854,
    0.0014765725556697995,
    0.0014627772023205429,
    0.0014490938851307834,
    0.0014355221997005502,
    0.0014220617256467073,
    0.0014087120273266133,
    0.001395472654537401,
    0.0013823431431926984,
    0.0013693230159776636,
    0.0013564117829826202,
    0.0013436089423172182,
    0.0013309139807058273,
    0.00131832637406308,
    0.001305845588049569,
    0.0012934710786090832,
    0.0012812022924886973,
    0.001269038667742195,
    0.0012569796342172842,
    0.001245024614026528,
    0.001233173022001782,
    0.001221424266133476,
    0.0012097777479955951,
    0.0011982328631561284,
    0.0011867890015736626,
    0.001175445547981043,
    0.0011642018822560992,
    0.0011530573797795757,
    0.0011420114117808877,
    0.0011310633456717313,
    0.0011202125453674502,
    0.001109458371597009,
    0.0010988001822023706,
    0.0010882373324278087,
    0.001077769175199661,
    0.0010673950613962627,
    0.0010571143401077133,
    0.0010469263588860145,
    0.001036830463986497,
    0.0010268260006009086,
    0.001016912313082004,
    0.0010070887451596993,
    0.0009973546401491574,
    0.0009877093411516527,
    0.0009781521912474661,
    0.0009686825336777884,
    0.0009592997120169814,
    0.0009500030703407511,
    0.0009407919533908805,
    0.0009316657067334461,
    0.0009226236769102239,
    0.0009136652115848474,
    0.0009047896596839907,
    0.0008959963715327817,
    0.0008872846989845275,
    0.0008786539955452173,
    0.000870103616492585,
    0.0008616329189899918,
    0.0008532412621955799,
    0.0008449280073663678,
    0.0008366925179577251,
    0.0008285341597191342,
    0.0008204523007853261,
    0.0008124463117623557,
    0.0008045155658106545,
    0.0007966594387254807,
    0.0007888773090127893,
    0.0007811685579606401,
    0.000773532569707601,
    0.0007659687313068113,
    0.0007584764327839504,
    0.000751055067191804,
    0.000743704030664842,
    0.0007364227224725767,
    0.0007292105450692768,
    0.0007220669041401199,
    0.0007149912086448542,
    0.0007079828708595566,
    0.0007010413064166787,
    0.000694165934343176,
    0.000687356177096004,
    0.000680611460594364,
    0.0006739312142489685,
    0.0006673148709890927,
    0.000660761867287685,
    0.0006542716431849046,
    0.0006478436423106626,
    0.0006414773119056288,
    0.0006351721028397698,
    0.0006289274696286746,
    0.0006227428704486318,
    0.0006166177671504177,
    0.0006105516252709498,
    0.0006045439140433574,
    0.0005985941064068347,
    0.0005927016790155215,
    0.0005868661122448561,
    0.000581086890195747,
    0.0005753635006975162,
    0.0005696954353098608,
    0.0005640821893240761,
    0.0005585232617636834,
    0.000553018155384306,
    0.000547566376672531,
    0.000542167435842992,
    0.0005368208468335022,
    0.0005315261272995896,
    0.0005262827986095752,
    0.0005210903858397311,
    0.0005159484177679363,
    0.0005108564268656565,
    0.0005058139492894996,
    0.000500820524872068,
    0.0004958756971114285,
    0.0004909790131599357,
    0.0004861300238128409,
    0.00048132828349641086,
    0.0004765733502558929,
    0.00047186478574335396,
    0.00046720215520439437,
    0.000462585027463755,
    0.0004580129749110761,
    0.00045348557348714915,
    0.0004490024026696596,
    0.00044456304545749934,
    0.0004401670883539676,
    0.0004358141213497079,
    0.00043150373790593565,
    0.0004272355349382057,
    0.000423009112800227,
    0.0004188240752668875,
    0.00041468002951616534,
    0.0004105765861097987,
    0.0004065133589724554,
    0.000402489965369575,
    0.0003985060258849788,
    0.00039456116439975643,
    0.00039065500807274013,
    0.00038678718732113016,
    0.0003829573358002402,
    0.0003791650903828274,
    0.0003754100911386099,
    0.00037169198131387554,
    0.0003680104073109579,
    0.000364365018667968,
    0.00036075546803880035,
    0.00035718141117268063,
    0.00035364250689351104,
    0.00035013841707978515,
    0.0003466688066444499,
    0.0003432333435138194,
    0.00033983169860591153,
    0.00033646354580898927,
    0.00033312856196045243,
    0.0003298264268258333,
    0.00032655682307790887,
    0.0003233194362759398,
    0.000320113954844367,
    0.00031694007005068426,
    0.00031379747598343647,
    0.00031068586953089927,
    0.00030760495036004875,
    0.0003045544208956951,
    0.00030153398629992524,
    0.00029854335445172526,
    0.00029558223592721187,
    0.00029265034398090256,
    0.0002897473945263497,
    0.0002868731061145862,
    0.00028402719991177405,
    0.0002812093996778874,
    0.00027841943174630284,
    0.00027565702500331475,
    0.00027292191086772096,
    0.0002702138232712004,
    0.0002675324986387717,
    0.0002648776758681878,
    0.00026224909630840097,
    0.0002596465037386802,
    0.00025706964434983435,
    0.0002545182667262609,
    0.00025199212182709337,
    0.0002494909629671692,
    0.00024701454579752083,
    0.00024456262828391636,
    0.00024213497068534078,
    0.00023973133553477377,
    0.00023735148762081358,
    0.00023499519396883052,
    0.00023266222382239252,
    0.00023035234862466228,
    0.00022806534199901093,
    0.0002258009797294379,
    0.0002235590397415522,
    0.0002213393020845943,
    0.00021914154891421148,
    0.00021696556447476243,
    0.0002148111350811458,
    0.00021267804910060615,
    0.00021056609693451196,
    0.00020847507100107472,
    0.00020640476571937109,
    0.00020435497749324424,
    0.00020232550469425676,
    0.00020031614764329532,
    0.00019832670858866493,
    0.000196356991681337,
    0.00019440680295312903,
    0.00019247595029970866,
    0.00019056424346440052,
    0.00018867149402087443,
    0.000186797515355933,
    0.0001849421226531344,
    0.0001831051328767222,
    0.00018128636475453478,
    0.00017948563876023487,
    0.0001777027770969637,
    0.00017593760368267295,
    0.00017418994413602467,
    0.00017245962576166942,
    0.00017074647753406234,
    0.00016905033008098022,
    0.00016737101566794517,
    0.00016570836818359053,
    0.00016406222312600305,
    0.00016243241758922332,
    0.0001608187902490628,
    0.00015922118134841903,
    0.00015763943268293017,
    0.0001560733875878409,
    0.00015452289092501864,
    0.00015298778906925014,
    0.000151467929894449,
    0.00014996316275954296,
    0.00014847333849425976,
    0.00014699830938501684,
    0.00014553792916046124,
    0.00014409205297733727,
    0.0001426605374071447,
    0.00014124324042314503,
    0.00013984002138725665,
    0.00013845074103636238,
    0.0001370752614680069,
    0.00013571344612640956,
    0.00013436515979023698,
    0.00013303026856218266,
    0.000131708639858956,
    0.00013040014240096458,
    0.0001291046462011831,
    0.00012782202255343084,
    0.0001265521440210287,
    0.0001252948844258486,
    0.00012405011883778044,
    0.00012281772356359513,
    0.00012159757613415287,
    0.00012038955529171227,
    0.00011919354097863882,
    0.0001180094143267729,
    0.00011683705764695636,
    0.00011567635441872421,
    0.00011452718928016956,
    0.00011338944801770942,
    0.0001122630175563259,
    0.00011114778595233866,
    0.00011004364238739305,
    0.00010895047715993921,
    0.00010786818167589623,
    0.0001067966484398924,
    0.00010573577104038432,
    0.00010468544412481671,
    0.00010364556337404189,
    0.00010261602548593711,
    0.00010159672816533418,
    0.00010058757011291015,
    9.958845101229395e-05,
    9.85992715192795e-05,
    9.761993325481898e-05,
    9.665033879944948e-05,
    9.569039168774512e-05,
    9.473999640276206e-05,
    9.37990583675776e-05,
    9.286748393202537e-05,
    9.194518035798289e-05,
    9.1032055806475e-05,
    9.012801932722174e-05,
    8.923298085131354e-05,
    8.83468511863358e-05,
    8.746954201137312e-05,
    8.660096587048767e-05,
    8.574103616404828e-05,
    8.488966713872052e-05,
    8.404677387844326e-05,
    8.321227229543638e-05,
    8.238607912027283e-05,
    8.156811189399119e-05,
    8.075828896285554e-05,
    7.995652947491119e-05,
    7.916275337841114e-05,
    7.837688141633142e-05,
    7.759883511414492e-05,
    7.682853676751149e-05,
    7.606590943199778e-05,
    7.531087691387656e-05,
    7.45633637626091e-05,
    7.38232952611043e-05,
    7.309059741314236e-05,
    7.236519693303821e-05,
    7.16470212393813e-05,
    7.093599845418893e-05,
    7.023205740524609e-05,
    6.95351276234294e-05,
    6.884513933428686e-05,
    6.816202344906181e-05,
    6.74857115557347e-05,
    6.681613590888986e-05,
    6.615322942204397e-05,
    6.54969256661357e-05,
    6.484715886814796e-05,
    6.420386390373241e-05,
    6.356697628929787e-05,
    6.293643218034385e-05,
    6.231216837363109e-05,
    6.169412230453123e-05,
    6.10822320345048e-05,
    6.047643623608475e-05,
    5.9876674186626266e-05,
    5.9282885768406165e-05,
    5.86950114656803e-05,
    5.811299236057883e-05,
    5.75367701316408e-05,
    5.696628704928741e-05,
    5.6401485968199226e-05,
    5.5842310322955095e-05,
    5.528870412310162e-05,
    5.474061194378886e-05,
    5.41979789197077e-05,
    5.366075074431701e-05,
    5.312887366791393e-05,
    5.2602294495234496e-05,
    5.2080960585248276e-05,
    5.1564819845790794e-05,
    5.1053820711973825e-05,
    5.0547912113946576e-05,
    5.004704345357986e-05,
    4.9551164595249336e-05,
    4.906022586500083e-05,
    4.857417806252509e-05,
    4.809297248540688e-05,
    4.761656094756814e-05,
    4.714489578343795e-05,
    4.667792984830916e-05,
    4.621561651983911e-05,
    4.5757909697933325e-05,
    4.530476379702981e-05,
    4.4856133718242864e-05,
    4.4411974806140185e-05,
    4.3972242817490444e-05,
    4.35368939135152e-05,
    4.3105884662194074e-05,
    4.2679172037746065e-05,
    4.225671341309422e-05,
    4.1838466546620816e-05,
    4.142438957287185e-05,
    4.101444100478263e-05,
    4.060857973948079e-05,
    4.020676505608813e-05,
    3.980895660447366e-05,
    3.941511439235173e-05,
    3.902519877831823e-05,
    3.863917047009854e-05,
    3.8256990523853593e-05,
    3.787862034534976e-05,
    3.750402169460768e-05,
    3.713315669061535e-05,
    3.67659878102522e-05,
    3.6402477883945416e-05,
    3.604259009305816e-05,
    3.568628796655896e-05,
    3.5333535379369014e-05,
    3.49842965571056e-05,
    3.463853608221627e-05,
    3.4296218895138674e-05,
    3.3957310290677166e-05,
    3.362177591363701e-05,
    3.3289581756042034e-05,
    3.2960694155851394e-05,
    3.26350797970904e-05,
    3.23127057091518e-05,
    3.199353926312606e-05,
    3.167754816743815e-05,
    3.136470046427167e-05,
    3.1054964524658735e-05,
    3.074830904160183e-05,
    3.0444703024049046e-05,
    3.0144115794383872e-05,
    2.9846516987932362e-05,
    2.9551876552376018e-05,
    2.9260164747712415e-05,
    2.8971352145481558e-05,
    2.868540962600747e-05,
    2.8402308377494686e-05,
    2.812201989756414e-05,
    2.784451599100231e-05,
    2.7569768765049808e-05,
    2.7297750629580346e-05,
    2.7028434297888287e-05,
    2.6761792781542294e-05,
    2.6497799385352594e-05,
    2.6236427707146024e-05,
    2.597765163874385e-05,
    2.572144536525541e-05,
    2.5467783360471138e-05,
    2.521664038013199e-05,
    2.4967991461092608e-05,
    2.4721811928073246e-05,
    2.4478077400640952e-05,
    2.4236763794841566e-05,
    2.3997847317792638e-05,
    2.376130445388189e-05,
    2.352711194272663e-05,
    2.329524675490182e-05,
    2.306568607354132e-05,
    2.283840728137608e-05,
    2.2613387951087306e-05,
    2.239060584281739e-05,
    2.2170038908438736e-05,
    2.1951665296607654e-05,
    2.173546335304685e-05,
    2.1521411615949136e-05,
    2.130948881262227e-05,
    2.1099673858010626e-05,
    2.0891945849514204e-05,
    2.0686284059969386e-05,
    2.0482667937555846e-05,
    2.028107711326922e-05,
    2.0081491406560056e-05,
    1.98838908241343e-05,
    1.9688255554437673e-05,
    1.9494565961579153e-05,
    1.9302802583646995e-05,
    1.9112946135387622e-05,
    1.8924977508442856e-05,
    1.8738877769747162e-05,
    1.8554628163558257e-05,
    1.8372210113458685e-05,
    1.819160521895792e-05,
    1.8012795250381073e-05,
    1.7835762147392815e-05,
    1.766048802045808e-05,
    1.748695515336746e-05,
    1.731514600732831e-05,
    1.7145043226543207e-05,
    1.697662964133243e-05,
    1.6809888263957266e-05,
    1.66448022806942e-05,
    1.648135504844046e-05,
    1.6319530095177962e-05,
    1.6159311118279382e-05,
    1.6000681982270074e-05,
    1.584362671973953e-05,
    1.568812953271063e-05,
    1.553417479339746e-05,
    1.538174704541554e-05,
    1.5230831003429828e-05,
    1.5081411550797243e-05,
    1.4933473737267882e-05,
    1.4787002778699628e-05,
    1.46419840582533e-05,
    1.4498403125175959e-05,
    1.4356245690262666e-05,
    1.4215497622385801e-05,
    1.407614494894701e-05,
    1.3938173858758508e-05,
    1.3801570704013394e-05,
    1.3666321999492456e-05,
    1.3532414421911301e-05,
    1.3399834807022448e-05,
    1.3268570132923191e-05,
    1.31386074937111e-05,
    1.3009934084510742e-05,
    1.2882537202300462e-05,
    1.2756404247732647e-05,
    1.2631522721706374e-05,
    1.2507880224861987e-05,
    1.2385464464290815e-05,
    1.2264263261173335e-05,
    1.2144264552173566e-05,
    1.202545638512245e-05,
    1.1907826915679278e-05,
    1.1791364406393408e-05,
    1.1676057224383518e-05,
    1.1561893838584723e-05,
    1.1448862819364835e-05,
    1.1336952839536133e-05,
    1.122615267352219e-05,
    1.1116451193368435e-05,
    1.1007837364410892e-05,
    1.0900300244653701e-05,
    1.079382898817516e-05,
    1.0688412848434955e-05,
    1.0584041180987842e-05,
    1.0480703447790924e-05,
    1.0378389220069926e-05,
    1.0277088178078032e-05,
    1.0176790110396899e-05,
    1.0077484913646548e-05,
    9.979162591367752e-06,
    9.88181325090589e-06,
    9.785427099573822e-06,
    9.689994442902346e-06,
    9.595505685673573e-06,
    9.501951333669626e-06,
    9.409321993791105e-06,
    9.31760837373713e-06,
    9.226801283535933e-06,
    9.136891637013123e-06,
    9.047870450984053e-06,
    8.959728843359194e-06,
    8.872458031300861e-06,
    8.786049330850308e-06,
    8.700494159403563e-06,
    8.615784037792712e-06,
    8.53191058917691e-06,
    8.448865537629041e-06,
    8.366640707842988e-06,
    8.285228024215813e-06,
    8.204619509657164e-06,
    8.12480728482198e-06,
    8.045783566735163e-06,
    7.967540667499319e-06,
    7.89007099584239e-06,
    7.813367058429075e-06,
    7.737421451958797e-06,
    7.662226846608469e-06,
    7.58777597175713e-06,
    7.514061609911447e-06,
    7.441076596502031e-06,
    7.368813821079982e-06,
    7.297266228533775e-06,
    7.226426820326359e-06,
    7.156288653997742e-06,
    7.086844841626083e-06,
    7.018088548996569e-06,
    6.950012994782206e-06,
    6.882611449740433e-06,
    6.815877236280497e-06,
    6.749803728742576e-06,
    6.684384356092508e-06,
    6.619612605273977e-06,
    6.5554820214356935e-06,
    6.4919862061060765e-06,
    6.429118816073527e-06,
    6.366873563969405e-06,
    6.305244220179402e-06,
    6.244224614707171e-06,
    6.18380863831987e-06,
    6.123990242672671e-06,
    6.064763439768022e-06,
    6.00612230142367e-06,
    5.948060958110538e-06,
    5.89057359685245e-06,
    5.833654459793616e-06,
    5.777297844682908e-06,
    5.721498105350673e-06,
    5.666249650607434e-06,
    5.611546942235165e-06,
    5.557384492719805e-06,
    5.503756865754749e-06,
    5.45065868094449e-06,
    5.398084618077833e-06,
    5.346029417701764e-06,
    5.29448787930951e-06,
    5.243454860436296e-06,
    5.192925278673439e-06,
    5.142894113649268e-06,
    5.09335640610746e-06,
    5.044307256439156e-06,
    4.99574182411757e-06,
    4.947655325753417e-06,
    4.900043032904901e-06,
    4.852900273016106e-06,
    4.806222431211523e-06,
    4.760004949588494e-06,
    4.714243325984297e-06,
    4.668933114450447e-06,
    4.624069926044007e-06,
    4.579649428280133e-06,
    4.535667344360991e-06,
    4.4921194521724944e-06,
    4.449001578006266e-06,
    4.4063095855036805e-06,
    4.364039369004319e-06,
    4.322186852731271e-06,
    4.280747989406975e-06,
    4.239718757180612e-06,
    4.199095158243312e-06,
    4.158873220546447e-06,
    4.11904900037173e-06,
    4.079618582940077e-06,
    4.040578081623452e-06,
    4.001923638279615e-06,
    3.963651424702516e-06,
    3.9257576432325965e-06,
    3.888238526531599e-06,
    3.851090337636053e-06,
    3.8143093700115137e-06,
    3.777891946786554e-06,
    3.7418344202705837e-06,
    3.7061331739192645e-06,
    3.670784625614677e-06,
    3.6357852295363435e-06,
    3.6011314761223263e-06,
    3.5668198904378773e-06,
    3.532847030305141e-06,
    3.4992094862986263e-06,
    3.4659038827851212e-06,
    3.4329268776451145e-06,
    3.400275161730734e-06,
    3.3679454601243797e-06,
    3.3359345341364653e-06,
    3.3042391824991443e-06,
    3.272856241026495e-06,
    3.2417825817724066e-06,
    3.211015114442961e-06,
    3.180550788296259e-06,
    3.1503865910528397e-06,
    3.1205195465964107e-06,
    3.0909467139483667e-06,
    3.0616651872439106e-06,
    3.0326720954738377e-06,
    3.003964602240323e-06,
    2.9755399074708247e-06,
    2.9473952503511793e-06,
    2.919527910819907e-06,
    2.8919352089228094e-06,
    2.864614503489553e-06,
    2.8375631927992807e-06,
    2.8107787174980266e-06,
    2.7842585628834706e-06,
    2.758000256880567e-06,
    2.7320013603914556e-06,
    2.7062594537821905e-06,
    2.6807721285968875e-06,
    2.6555369853538307e-06,
    2.630551632308286e-06,
    2.6058136839618126e-06,
    2.581320760835684e-06,
    2.5570704912870347e-06,
    2.5330605143667696e-06,
    2.5092884821942994e-06,
    2.485752061332334e-06,
    2.4624489334083244e-06,
    2.4393767949776914e-06,
    2.416533356374673e-06,
    2.393916340824773e-06,
    2.3715234850883934e-06,
    2.3493525403604287e-06,
    2.3274012719063744e-06,
    2.305667457704145e-06,
    2.2841488868628817e-06,
    2.2628433588196726e-06,
    2.2417486847903987e-06,
    2.220862691674587e-06,
    2.200183226385788e-06,
    2.179708157900968e-06,
    2.1594353773116848e-06,
    2.1393627981060622e-06,
    2.119488355734382e-06,
    2.099810005513702e-06,
    2.0803257208097096e-06,
    2.061033491969657e-06,
    2.04193132528185e-06,
    2.0230172428856623e-06,
    2.0042892849811196e-06,
    1.9857455133521033e-06,
    1.967384013434976e-06,
    1.949202894739666e-06,
    1.9312002910277333e-06,
    1.913374360484012e-06,
    1.8957232874141112e-06,
    1.878245284789422e-06,
    1.8609385932745015e-06,
    1.8438014776772056e-06,
    1.8268322251995982e-06,
    1.810029145025865e-06,
    1.793390567706761e-06,
    1.7769148458189755e-06,
    1.7606003565171487e-06,
    1.7444455038533946e-06,
    1.7284487196193334e-06,
    1.712608463580087e-06,
    1.6969232235362522e-06,
    1.6813915143883109e-06,
    1.6660118768281258e-06,
    1.6507828785688284e-06,
    1.6357031172934436e-06,
    1.6207712211765703e-06,
    1.6059858476073584e-06,
    1.5913456819712702e-06,
    1.5768494330691214e-06,
    1.5624958240129244e-06,
    1.5482835844531747e-06,
    1.5342114475807374e-06,
    1.5202781489953167e-06,
    1.5064824253304612e-06,
    1.4928230139459027e-06,
    1.4792986543667584e-06,
    1.4659080899655899e-06,
    1.452650068788026e-06,
    1.4395233443880405e-06,
    1.4265266771116107e-06,
    1.413658835172003e-06,
    1.4009185957374271e-06,
    1.3883047458008782e-06,
    1.3758160828345758e-06,
    1.3634514159019431e-06,
    1.3512095656518454e-06,
    1.339089362736135e-06,
    1.3270896473499514e-06,
    1.3152092708097284e-06,
    1.3034470973698933e-06,
    1.2918020044589624e-06,
    1.2802728817819478e-06,
    1.268858631570605e-06,
    1.2575581692982206e-06,
    1.2463704225588142e-06,
    1.2352943294770357e-06,
    1.2243288380262615e-06,
    1.2134729058040352e-06,
    1.2027255019232918e-06,
    1.1920856105813199e-06,
    1.1815522323261399e-06,
    1.1711243839449105e-06,
    1.160801100762931e-06,
    1.150581439485529e-06,
    1.1404644779948846e-06,
    1.1304493142286982e-06,
    1.120535067283939e-06,
    1.1107208783290193e-06,
    1.1010059098516013e-06,
    1.0913893464721941e-06,
    1.0818703978920206e-06,
    1.0724482991390573e-06,
    1.063122302932078e-06,
    1.0538916671632848e-06,
    1.0447556463516698e-06,
    1.0357134891899285e-06,
    1.0267644387244876e-06,
    1.0179077331062194e-06,
    1.009142605804502e-06,
    1.0004682843906185e-06,
    9.918839881121054e-07,
    9.833889265686497e-07,
    9.74982301022437e-07,
    9.66663306359645e-07,
    9.584311328439771e-07,
    9.50284969165334e-07,
    9.422240049569035e-07,
    9.342474299832941e-07,
    9.263544317654886e-07,
    9.185441944072202e-07,
    9.108158989773408e-07,
    9.031687254997689e-07,
    8.956018559460971e-07,
    8.88114475360647e-07,
    8.807057710855538e-07,
    8.73374933919386e-07,
    8.661211596122376e-07,
    8.58943646163752e-07,
    8.518415897967956e-07,
    8.448141848062545e-07,
    8.378606263531901e-07,
    8.309801119793392e-07,
    8.241718411696073e-07,
    8.174350152444655e-07,
    8.107688375884724e-07,
    8.041725138882305e-07,
    7.976452540224606e-07,
    7.911862756084293e-07,
    7.847948062361617e-07,
    7.784700833957921e-07,
    7.722113554006531e-07,
    7.66017883968839e-07,
    7.598889448322031e-07,
    7.538238253818175e-07,
    7.478218216546256e-07,
    7.418822366389923e-07,
    7.360043812260812e-07,
    7.301875771497785e-07,
    7.244311586123637e-07,
    7.187344716077665e-07,
    7.130968729216782e-07,
    7.075177287995836e-07,
    7.019964132829461e-07,
    6.965323088722971e-07,
    6.911248091950615e-07,
    6.857733213644056e-07,
    6.804772697046733e-07,
    6.752361005267218e-07,
    6.700492832894414e-07,
    6.649163077909612e-07,
    6.598366820609079e-07,
    6.54809934351829e-07,
    6.498356179566983e-07,
    6.449133151781986e-07,
    6.400426362710633e-07,
    6.352232092855517e-07,
    6.304546657409268e-07,
    6.257366315223535e-07,
    6.210687217348575e-07,
    6.164505361178292e-07,
    6.118816580067403e-07,
    6.073616576969468e-07,
    6.028900947756783e-07,
    5.984665153043134e-07,
    5.940904478599744e-07,
    5.89761403680909e-07,
    5.85478881376902e-07,
    5.812423720922309e-07,
    5.770513598054222e-07,
    5.729053190027389e-07,
    5.688037146387701e-07,
    5.647460021189879e-07,
    5.607316257960292e-07,
    5.567600193866153e-07,
    5.528306094259028e-07,
    5.489428194701197e-07,
    5.450960724053313e-07,
    5.412897904996692e-07,
    5.375233947179059e-07,
    5.337963051601192e-07,
    5.301079433410372e-07,
    5.264577348023224e-07,
    5.228451113044883e-07,
    5.192695115344402e-07,
    5.157303792938057e-07,
    5.122271617261598e-07,
    5.08759309361175e-07,
    5.053262765210316e-07,
    5.019275217167507e-07,
    4.985625097449023e-07,
    4.952307147512319e-07,
    4.919316215133485e-07,
    4.886647263260066e-07,
    4.854295388578796e-07,
    4.822255810041864e-07,
    4.790523837844934e-07,
    4.7590948821637316e-07,
    4.7279644812307164e-07,
    4.697128315709675e-07,
    4.6665822320248464e-07,
    4.6363222684130203e-07,
    4.6063446523538613e-07,
    4.5766457825584225e-07,
    4.547222226965047e-07,
    4.518070736463759e-07,
    4.4891882648323135e-07,
    4.4605719918484886e-07,
    4.432219337540712e-07,
    4.404127952663874e-07,
    4.3762956796057094e-07,
    4.34872049890369e-07,
    4.321400497523549e-07,
    4.294333885997874e-07,
    4.2675190493929136e-07,
    4.2409545930518977e-07,
    4.2146393528599067e-07,
    4.188572332514555e-07,
    4.1627525691469427e-07,
    4.1371790091648354e-07,
    4.1118504597821457e-07,
    4.086765602270214e-07,
    4.06192301160722e-07,
    4.0373211543356543e-07,
    4.0129583769230757e-07,
    3.9888328939847273e-07,
    3.9649427924086375e-07,
    3.9412860674386054e-07,
    3.9178606748282547e-07,
    3.89466456717096e-07,
    3.871695692077841e-07,
    3.84895196488265e-07,
    3.8264312572312907e-07,
    3.8041314079310766e-07,
    3.7820502146689916e-07,
    3.760185409838164e-07,
    3.738534665064178e-07,
    3.717095611616385e-07,
    3.695865848039843e-07,
    3.6748429445851055e-07,
    3.6540244539386207e-07,
    3.633407931323232e-07,
    3.6129909638607665e-07,
    3.592771199677747e-07,
    3.5727463642566027e-07,
    3.552914261066117e-07,
    3.533272766008551e-07,
    3.513819821983272e-07,
    3.49455344288006e-07,
    3.475471723886837e-07,
    3.4565728363526526e-07
]