[
    0.0,
    0.0,
    0.000811665914646258,
    0.0008106835025644586,
    0.0008095110721692937,
    0.0008081561422421614,
    0.0008066259982657523,
    0.0008049276992314682,
    0.0008030680842606106,
    0.0008010537790372769,
    0.0007988912020501628,
    0.0007965865706524577,
    0.0007941459069503245,
    0.0007915750435245697,
    0.0007888796289881527,
    0.0007860651333807271,
    0.0007831368534036795,
    0.000780099917502852,
    0.0007769592908058223,
    0.0007737197799204639,
    0.0007703860375976808,
    0.0007669625672549169,
    0.0007634537273635253,
    0.0007598637357105137,
    0.0007561966735377787,
    0.0007524564895593546,
    0.0007486470038632776,
    0.0007447719117041013,
    0.0007408347871879552,
    0.0007368390868495027,
    0.0007327881531235124,
    0.0007286852177142896,
    0.0007245334048623192,
    0.0007203357345148179,
    0.0007160951254115342,
    0.0007118143981015154,
    0.0007074962779013359,
    0.0007031433977486625,
    0.0006987583009043907,
    0.0006943434435516982,
    0.0006899011973481765,
    0.0006854338519342558,
    0.0006809436173933062,
    0.0006764326266372837,
    0.0006719029376941157,
    0.0006673565359183515,
    0.0006627953361517171,
    0.0006582211848313799,
    0.0006536358620198667,
    0.0006490410833605403,
    0.0006444385020140688,
    0.0006398297105693065,
    0.0006352162428762175,
    0.0006305995758122195,
    0.0006259811309934132,
    0.00062136227643705,
    0.0006167443281998139,
    0.0006121285519712583,
    0.0006075161646049655,
    0.0006029083356015907,
    0.0005983061885344075,
    0.0005937108024181514,
    0.000589123213073145,
    0.0005845444145029514,
    0.0005799753602315088,
    0.0005754169645847953,
    0.0005708701039218488,
    0.0005663356177786668,
    0.0005618143099574082,
    0.0005573069496202868,
    0.0005528142723634458,
    0.0005483369812719883,
    0.0005438757479986059,
    0.0005394312138339967,
    0.0005350039907321123,
    0.0005305946623560848,
    0.0005262037851732926,
    0.0005218318894232916,
    0.0005174794798737475,
    0.000513147036582497,
    0.0005088350157206308,
    0.0005045438502957878,
    0.0005002739508165929,
    0.0004960257059951714,
    0.0004917994834715957,
    0.0004875956305618028,
    0.0004834144750348169,
    0.0004792563258342635,
    0.00047512147368235816,
    0.0004710101917142958,
    0.000466922736215959,
    0.0004628593472401559,
    0.0004588202490201025,
    0.0004548056503853689,
    0.000450815745269603,
    0.00044685071324178426,
    0.0004429107200245123,
    0.000438995917978295,
    0.0004351064465534173,
    0.0004312424327391665,
    0.00042740399151337463,
    0.00042359122629697185,
    0.0004198042294090258,
    0.0004160430824750031,
    0.00041230785678236066,
    0.0004085986136410928,
    0.00040491540479062945,
    0.0004012582728543642,
    0.00039762725177114983,
    0.00039402236710018765,
    0.00039044363622915825,
    0.0003868910685992119,
    0.0003833646659630157,
    0.00037986442264950567,
    0.00037639032586770814,
    0.00037294235606279743,
    0.0003695204872349334,
    0.000366124687152577,
    0.00036275491753129716,
    0.0003594111342499722,
    0.00035609328758802976,
    0.00035280132245717714,
    0.000349535178620085,
    0.0003462947909073024,
    0.00034308008944260307,
    0.0003398909998598783,
    0.00033672744349532466,
    0.0003335893375576135,
    0.00033047659529365607,
    0.00032738912616503033,
    0.00032432683602605107,
    0.00032128962729119294,
    0.0003182773990901692,
    0.00031529004740950213,
    0.0003123274652305088,
    0.0003093895426758497,
    0.0003064761671593595,
    0.0003035872235310043,
    0.0003007225942108843,
    0.0002978821593102842,
    0.0002950657967536076,
    0.0002922733824072529,
    0.0002895047902003841,
    0.00028675989222883984,
    0.00028403855885108896,
    0.00028134065878736314,
    0.000278666059221774,
    0.0002760146259012394,
    0.0002733862232297464,
    0.0002707807143583497,
    0.00026819796127114826,
    0.0002656378248675764,
    0.00026310016503919737,
    0.0002605848407435256,
    0.0002580917100786068,
    0.00025562063035420093,
    0.00025317145815948947,
    0.00025074404943108434,
    0.00024833825951781926,
    0.00024595394324261675,
    0.000243590954964617,
    0.0002412491486375528,
    0.00023892837786299823,
    0.0002366284959411733,
    0.00023434935591932175,
    0.00023209081063986056,
    0.0002298527127911199,
    0.00022763491495811594,
    0.00022543726966969856,
    0.00022325962944119005,
    0.00022110184681357485,
    0.00021896377439144195,
    0.00021684526488103682,
    0.00021474617112781112,
    0.000212666346152613,
    0.00021060564318604828,
    0.00020856391570094632,
    0.0002065410174438514,
    0.00020453680246557444,
    0.00020255112514921183,
    0.00020058384023568702,
    0.00019863480284922804,
    0.00019670386852422753,
    0.0001947908932324645,
    0.0001928957334080557,
    0.00019101824596882234,
    0.00018915828833615644,
    0.00018731571845525904,
    0.0001854903948144132,
    0.00018368217646159003,
    0.0001818909230197524,
    0.0001801164947032734,
    0.00017835875233496593,
    0.00017661755736206265,
    0.0001748927718714029,
    0.00017318425860378015,
    0.00017149188096587085,
    0.00016981550304029304,
    0.00016815498959639672,
    0.00016651020610268996,
    0.00016488101873922482,
    0.00016326729440712854,
    0.00016166890073629364,
    0.00016008570609444097,
    0.00015851757959602094,
    0.00015696439111086076,
    0.0001554260112736677,
    0.00015390231148863456,
    0.000152393163927694,
    0.00015089844152998182,
    0.00014941801800609785,
    0.00014795176784382466,
    0.0001464995663116914,
    0.00014506128946228589,
    0.00014363681413953947,
    0.0001422260179865947,
    0.00014082877944824866,
    0.00013944497776967047,
    0.00013807449299504338,
    0.00013671720596621458,
    0.00013537299832025093,
    0.00013404175248655852,
    0.00013272335168615284,
    0.00013141767993263804,
    0.0001301246220324915,
    0.000128844063585306,
    0.00012757589098593818,
    0.00012631999142792197,
    0.0001250762529055115,
    0.00012384456421495358,
    0.00012262481495688374,
    0.00012141689553659017,
    0.00012022069715964751,
    0.00011903611182629218,
    0.0001178630323278109,
    0.00011670135224491266,
    0.00011555096594846599,
    0.00011441176860232671,
    0.00011328365616256903,
    0.00011216652537190082,
    0.00011106027375569084,
    0.00010996479962065492,
    0.00010888000205434654,
    0.00010780578092577133,
    0.0001067420368854807,
    0.00010568867136521578,
    0.00010464558657954236,
    0.00010361268552789715,
    0.00010258987199503869,
    0.00010157705055199254,
    0.00010057412655841471,
    9.958100616470794e-05,
    9.859759631286664e-05,
    9.762380473568278e-05,
    9.665953995468903e-05,
    9.570471127806439e-05,
    9.475922879895142e-05,
    9.382300339377593e-05,
    9.289594672109662e-05,
    9.197797122189271e-05,
    9.106899012081826e-05,
    9.01689174273503e-05,
    8.927766793634831e-05,
    8.839515722912865e-05,
    8.752130167457129e-05,
    8.665601842625945e-05,
    8.579922541658452e-05,
    8.495084135322211e-05,
    8.411078571882572e-05,
    8.327897877025183e-05,
    8.245534153300082e-05,
    8.163979579218555e-05,
    8.083226408582024e-05,
    8.003266970095318e-05,
    7.924093666913194e-05,
    7.845698976015764e-05,
    7.768075447506332e-05,
    7.691215703888965e-05,
    7.615112439210303e-05,
    7.539758417971892e-05,
    7.465146474033746e-05,
    7.391269509654664e-05,
    7.318120494528175e-05,
    7.245692464693973e-05,
    7.173978521247477e-05,
    7.102971828826966e-05,
    7.032665613936124e-05,
    6.963053163125995e-05,
    6.894127821414316e-05,
    6.825882991510456e-05,
    6.758312133229825e-05,
    6.69140876223503e-05,
    6.625166448842297e-05,
    6.559578817120531e-05,
    6.494639543215884e-05,
    6.430342353458114e-05,
    6.36668102374274e-05,
    6.303649380038964e-05,
    6.241241298506414e-05,
    6.17945070417789e-05,
    6.118271569197648e-05,
    6.057697912141594e-05,
    5.9977237985299665e-05,
    5.938343341362236e-05,
    5.87955070066819e-05,
    5.8213400829058767e-05,
    5.763705740943956e-05,
    5.706641974145269e-05,
    5.65014312876916e-05,
    5.594203598892154e-05,
    5.538817827117411e-05,
    5.4839803047447246e-05,
    5.4296855718739625e-05,
    5.375928217759452e-05,
    5.322702881366823e-05,
    5.270004252163401e-05,
    5.217827071642571e-05,
    5.166166136335912e-05,
    5.1150163006619755e-05,
    5.064372476083204e-05,
    5.014229627163667e-05,
    4.964582768449107e-05,
    4.915426963195391e-05,
    4.866757322893068e-05,
    4.8185690074922295e-05,
    4.7708572260091376e-05,
    4.7236172366797274e-05,
    4.676844346760796e-05,
    4.6305339124961916e-05,
    4.584681339079555e-05,
    4.5392820802443816e-05,
    4.49433163775518e-05,
    4.4498255612548956e-05,
    4.405759448137097e-05,
    4.3621289429113124e-05,
    4.318929736277034e-05,
    4.276157564406531e-05,
    4.233808208480122e-05,
    4.191877494181901e-05,
    4.150361291023471e-05,
    4.109255511556578e-05,
    4.06855611054306e-05,
    4.028259084218112e-05,
    3.9883604698259616e-05,
    3.948856345305644e-05,
    3.90974282878017e-05,
    3.8710160778510216e-05,
    3.8326722889502705e-05,
    3.794707696895586e-05,
    3.757118574809309e-05,
    3.7199012342342115e-05,
    3.683052024753272e-05,
    3.646567332976229e-05,
    3.610443581584712e-05,
    3.5746772287864985e-05,
    3.5392647679521664e-05,
    3.504202727273619e-05,
    3.4694876694893395e-05,
    3.435116191672686e-05,
    3.401084924987686e-05,
    3.3673905344137604e-05,
    3.334029718515341e-05,
    3.300999209282064e-05,
    3.268295771992456e-05,
    3.235916205016265e-05,
    3.203857339559152e-05,
    3.1721160394484136e-05,
    3.140689200984876e-05,
    3.109573752790626e-05,
    3.078766655652112e-05,
    3.0482649023852928e-05,
    3.0180655176672002e-05,
    2.988165557887904e-05,
    2.9585621111359616e-05,
    2.9292522972115832e-05,
    2.9002332674943316e-05,
    2.871502204644534e-05,
    2.8430563222825404e-05,
    2.8148928648347445e-05,
    2.7870091075775654e-05,
    2.7594023567627457e-05,
    2.732069949626943e-05,
    2.70500925419401e-05,
    2.678217669008264e-05,
    2.651692622940733e-05,
    2.6254315751537123e-05,
    2.5994320152545048e-05,
    2.5736914635210223e-05,
    2.5482074708752593e-05,
    2.5229776184009086e-05,
    2.497999516830385e-05,
    2.473270806437583e-05,
    2.4487891569947317e-05,
    2.4245522674180466e-05,
    2.400557865538487e-05,
    2.376803708230751e-05,
    2.353287581166272e-05,
    2.330007298117814e-05,
    2.3069607005520537e-05,
    2.2841456573645577e-05,
    2.2615600647257598e-05,
    2.2392018466620186e-05,
    2.2170689556046038e-05,
    2.1951593718573027e-05,
    2.1734711026954313e-05,
    2.1520021815878674e-05,
    2.13075066728924e-05,
    2.1097146430502013e-05,
    2.088892215570275e-05,
    2.0682815131518778e-05,
    2.0478806839233943e-05,
    2.0276878952144913e-05,
    2.0077013340506987e-05,
    1.9879192078610437e-05,
    1.9683397444013577e-05,
    1.948961190173743e-05,
    1.9297818074354415e-05,
    1.9107998714943816e-05,
    1.892013670136123e-05,
    1.8734215051424416e-05,
    1.8550216939082624e-05,
    1.8368125696533356e-05,
    1.8187924811110773e-05,
    1.800959792476022e-05,
    1.7833128829300398e-05,
    1.7658501452156314e-05,
    1.7485699836466087e-05,
    1.7314708125140926e-05,
    1.7145510551893147e-05,
    1.6978091434833293e-05,
    1.68124351675537e-05,
    1.664852620473226e-05,
    1.6486349047395138e-05,
    1.6325888242175244e-05,
    1.6167128407574243e-05,
    1.601005426543937e-05,
    1.585465063566431e-05,
    1.5700902403574146e-05,
    1.5548794498128685e-05,
    1.5398311881626543e-05,
    1.5249439532541335e-05,
    1.5102162424504758e-05,
    1.4956465517963143e-05,
    1.4812333761893872e-05,
    1.4669752096167518e-05,
    1.4528705458313936e-05,
    1.4389178791275703e-05,
    1.4251157048704231e-05,
    1.411462520123188e-05,
    1.3979568239798304e-05,
    1.3845971171731156e-05,
    1.3713819000301098e-05,
    1.3583096707660382e-05,
    1.3453789279686925e-05,
    1.3325881723470404e-05,
    1.3199359019988452e-05,
    1.3074206074491354e-05,
    1.2950407723464216e-05,
    1.2827948760967482e-05,
    1.2706813948452077e-05,
    1.2586988021267151e-05,
    1.2468455706149357e-05,
    1.2351201745436989e-05,
    1.2235210912787857e-05,
    1.2120467998349417e-05,
    1.2006957782904114e-05,
    1.189466504338448e-05,
    1.1783574564028246e-05,
    1.1673671115165883e-05,
    1.156493942044849e-05,
    1.1457364140325891e-05,
    1.1350929872757983e-05,
    1.1245621166291604e-05,
    1.1141422551678796e-05,
    1.1038318592141606e-05,
    1.093629392882573e-05,
    1.0835333286100943e-05,
    1.0735421448014531e-05,
    1.0636543269597939e-05,
    1.0538683717080917e-05,
    1.044182787900981e-05,
    1.034596097115168e-05,
    1.0251068358193606e-05,
    1.0157135558107052e-05,
    1.0064148251298272e-05,
    9.972092321816515e-06,
    9.880953875424335e-06,
    9.790719213973754e-06,
    9.701374820891952e-06,
    9.612907368170212e-06,
    9.525303713238757e-06,
    9.43855089111294e-06,
    9.352636121494306e-06,
    9.267546829402019e-06,
    9.183270664159834e-06,
    9.099795520310398e-06,
    9.017109585014584e-06,
    8.935201376518527e-06,
    8.854059706441807e-06,
    8.773673613015379e-06,
    8.694032360323909e-06,
    8.615125488463802e-06,
    8.536942843475273e-06,
    8.459474559014e-06,
    8.382711016199387e-06,
    8.306642825970214e-06,
    8.23126083170174e-06,
    8.156556094586503e-06,
    8.082519866524e-06,
    8.009143587152844e-06,
    7.936418899332797e-06,
    7.86433766847743e-06,
    7.792892034859827e-06,
    7.722074494910334e-06,
    7.651877953169534e-06,
    7.582295715756599e-06,
    7.513321435157675e-06,
    7.444949021515099e-06,
    7.377172550965099e-06,
    7.3099862110828106e-06,
    7.243384285069791e-06,
    7.1773611462855615e-06,
    7.1119112562012955e-06,
    7.047029168344865e-06,
    6.982709525001372e-06,
    6.918947044798135e-06,
    6.855736518083131e-06,
    6.793072816295172e-06,
    6.730950905684359e-06,
    6.669365850065822e-06,
    6.608312797924283e-06,
    6.547786969863781e-06,
    6.487783661212633e-06,
    6.428298254293877e-06,
    6.369326224210767e-06,
    6.310863133102174e-06,
    6.25290462077738e-06,
    6.195446397313423e-06,
    6.138484241473471e-06,
    6.082014004656192e-06,
    6.026031610164977e-06,
    5.970533046417822e-06,
    5.915514364302728e-06,
    5.860971678236729e-06,
    5.806901164060475e-06,
    5.753299054777825e-06,
    5.700161636227505e-06,
    5.647485244033739e-06,
    5.5952662634352095e-06,
    5.543501129754637e-06,
    5.49218632880099e-06,
    5.441318397292535e-06,
    5.390893920715334e-06,
    5.340909529701441e-06,
    5.291361898671084e-06,
    5.242247745800105e-06,
    5.193563831513983e-06,
    5.145306956035709e-06,
    5.097473956234037e-06,
    5.050061701573868e-06,
    5.003067091219563e-06,
    4.956487052981387e-06,
    4.910318543058354e-06,
    4.864558545492046e-06,
    4.819204069919436e-06,
    4.774252148039039e-06,
    4.72969983080617e-06,
    4.685544187427788e-06,
    4.641782305322232e-06,
    4.598411288977334e-06,
    4.555428256909635e-06,
    4.512830338560269e-06,
    4.4706146738748065e-06,
    4.428778415834659e-06,
    4.387318733105524e-06,
    4.346232809746164e-06,
    4.305517842312757e-06,
    4.265171038090837e-06,
    4.225189615232201e-06,
    4.185570802331753e-06,
    4.146311838040059e-06,
    4.1074099719119365e-06,
    4.068862464701562e-06,
    4.030666587713207e-06,
    3.992819622790119e-06,
    3.955318862741844e-06,
    3.918161611615361e-06,
    3.8813451844225365e-06,
    3.844866905547834e-06,
    3.8087241071951165e-06,
    3.77291412961562e-06,
    3.7374343223333843e-06,
    3.7022820448148866e-06,
    3.6674546663908516e-06,
    3.63294956601025e-06,
    3.5987641310456434e-06,
    3.564895754954019e-06,
    3.5313418363145013e-06,
    3.498099780402832e-06,
    3.4651670015517864e-06,
    3.432540925512317e-06,
    3.4002189920001545e-06,
    3.3681986558914985e-06,
    3.3364773861224565e-06,
    3.30505266422269e-06,
    3.2739219842019935e-06,
    3.243082853012597e-06,
    3.212532790248029e-06,
    3.1822693268976613e-06,
    3.1522900037382525e-06,
    3.12259237049917e-06,
    3.093173986543548e-06,
    3.06403242247814e-06,
    3.0351652617373738e-06,
    3.006570101583081e-06,
    2.978244553713501e-06,
    2.950186244856908e-06,
    2.92239281716941e-06,
    2.894861928620006e-06,
    2.8675912531838864e-06,
    2.8405784803058143e-06,
    2.8138213147168924e-06,
    2.7873174771373936e-06,
    2.761064704085163e-06,
    2.735060746277135e-06,
    2.709303368093546e-06,
    2.683790348783151e-06,
    2.658519482612544e-06,
    2.633488577461982e-06,
    2.6086954536175595e-06,
    2.584137942928796e-06,
    2.559813888814965e-06,
    2.535721148417602e-06,
    2.511857596656526e-06,
    2.4882211296728386e-06,
    2.4648096655701386e-06,
    2.441621143512473e-06,
    2.4186535226830245e-06,
    2.395904781110163e-06,
    2.373372914519998e-06,
    2.351055935372058e-06,
    2.328951871297871e-06,
    2.3070587634136595e-06,
    2.285374666802958e-06,
    2.2638976528083434e-06,
    2.2426258105051236e-06,
    2.2215572464805224e-06,
    2.2006900835689775e-06,
    2.180022459757964e-06,
    2.159552527853173e-06,
    2.1392784560188996e-06,
    2.119198429163949e-06,
    2.0993106498587723e-06,
    2.0796133379410985e-06,
    2.060104729137757e-06,
    2.0407830735730596e-06,
    2.0216466357022476e-06,
    2.0026936953593055e-06,
    1.9839225479513505e-06,
    1.965331504088835e-06,
    1.9469188899016168e-06,
    1.9286830470808165e-06,
    1.910622331704867e-06,
    1.8927351129500876e-06,
    1.8750197730221803e-06,
    1.8574747080137498e-06,
    1.8400983284770784e-06,
    1.8228890597164096e-06,
    1.805845342201868e-06,
    1.788965631586285e-06,
    1.772248398205762e-06,
    1.755692126589521e-06,
    1.7392953154826153e-06,
    1.723056478244438e-06,
    1.7069741426165586e-06,
    1.6910468493757849e-06,
    1.6752731507634326e-06,
    1.6596516100502508e-06,
    1.64418080245458e-06,
    1.6288593164031275e-06,
    1.6136857539176365e-06,
    1.5986587295506118e-06,
    1.5837768694549317e-06,
    1.5690388123714222e-06,
    1.5544432113097231e-06,
    1.5399887340199757e-06,
    1.5256740620511343e-06,
    1.5114978892444318e-06,
    1.497458921062231e-06,
    1.483555875311662e-06,
    1.469787482858647e-06,
    1.456152487187187e-06,
    1.4426496433960831e-06,
    1.429277717100237e-06,
    1.4160354835722279e-06,
    1.40292172812573e-06,
    1.3899352474962909e-06,
    1.3770748506440842e-06,
    1.364339358546458e-06,
    1.3517276036637289e-06,
    1.3392384297406683e-06,
    1.3268706919377115e-06,
    1.314623256417601e-06,
    1.302494999717705e-06,
    1.2904848086698499e-06,
    1.2785915798932466e-06,
    1.266814218969007e-06,
    1.2551516409019198e-06,
    1.2436027714262615e-06,
    1.2321665473403392e-06,
    1.2208419157782536e-06,
    1.2096278338042733e-06,
    1.1985232688507065e-06,
    1.1875271991507953e-06,
    1.1766386135410072e-06,
    1.165856511370049e-06,
    1.155179902931314e-06,
    1.1446078094783854e-06,
    1.1341392627218535e-06,
    1.1237733043300268e-06,
    1.1135089852246305e-06,
    1.1033453647740178e-06,
    1.0932815101939039e-06,
    1.083316496256482e-06,
    1.0734494052021566e-06,
    1.063679326647444e-06,
    1.0540053582171904e-06,
    1.044426606902471e-06,
    1.0349421896938454e-06,
    1.0255512334923082e-06,
    1.0162528749189861e-06,
    1.0070462597073568e-06,
    9.979305425145128e-07,
    9.889048884172591e-07,
    9.79968474531686e-07,
    9.711204893311302e-07,
    9.623601306939545e-07,
    9.536866051038813e-07,
    9.450991276940188e-07,
    9.365969213219804e-07,
    9.281792147654526e-07,
    9.198452418627724e-07,
    9.115942421627891e-07,
    9.034254619141339e-07,
    8.953381545217254e-07,
    8.873315805689778e-07,
    8.794050078425824e-07,
    8.715577115854694e-07,
    8.637889744135811e-07,
    8.560980853149318e-07,
    8.484843387434079e-07,
    8.409470350856282e-07,
    8.334854820781669e-07,
    8.26098995554212e-07,
    8.187868986663437e-07,
    8.11548521344262e-07,
    8.043832013181233e-07,
    7.972902846769073e-07,
    7.902691249704158e-07,
    7.833190822878239e-07,
    7.764395224238366e-07,
    7.69629816278499e-07,
    7.628893406612402e-07,
    7.562174793764455e-07,
    7.49613623037936e-07,
    7.430771684878009e-07,
    7.366075180501774e-07,
    7.302040782122007e-07,
    7.238662590889915e-07,
    7.175934752566049e-07,
    7.113851469037425e-07,
    7.052407001780222e-07,
    6.991595658113754e-07,
    6.931411772603404e-07,
    6.871849708449557e-07,
    6.812903876838747e-07,
    6.754568751050059e-07,
    6.696838870613792e-07,
    6.639708848903938e-07,
    6.583173377899997e-07,
    6.5272272189665e-07,
    6.471865190123746e-07,
    6.417082157600678e-07,
    6.362873031969778e-07,
    6.309232767404765e-07,
    6.256156350635565e-07,
    6.203638782697721e-07,
    6.151675084332023e-07,
    6.100260324301216e-07,
    6.049389636501309e-07,
    5.999058216449344e-07,
    5.94926130675175e-07,
    5.899994185732963e-07,
    5.851252176198516e-07,
    5.803030663930143e-07,
    5.755325101696819e-07,
    5.708130998083507e-07,
    5.66144390191254e-07,
    5.615259385856206e-07,
    5.56957303739025e-07,
    5.524380469864026e-07,
    5.479677338088649e-07,
    5.435459333692804e-07,
    5.391722171962015e-07,
    5.348461582325058e-07,
    5.305673296238059e-07,
    5.263353034562877e-07,
    5.221496501074246e-07,
    5.180099389294825e-07,
    5.139157398736625e-07,
    5.098666244949994e-07,
    5.058621660796839e-07,
    5.019019397855076e-07,
    4.979855235032426e-07,
    4.941124989885227e-07,
    4.902824518319258e-07,
    4.864949702228933e-07,
    4.827496446662386e-07,
    4.790460696703441e-07,
    4.7538384422061813e-07,
    4.717625687351787e-07,
    4.681818424572539e-07,
    4.6464126462241097e-07,
    4.61140436163866e-07,
    4.5767895965191085e-07,
    4.542564400427678e-07,
    4.508724859699938e-07,
    4.475267091978319e-07,
    4.4421872407314433e-07,
    4.409481485907777e-07,
    4.377146049348106e-07,
    4.345177181084237e-07,
    4.31357114538798e-07,
    4.2823242204552327e-07,
    4.251432700871761e-07,
    4.2208929030204126e-07,
    4.190701176299275e-07,
    4.160853905991246e-07,
    4.1313475046911434e-07,
    4.102178400597976e-07,
    4.0733430314258114e-07,
    4.0448378470589677e-07,
    4.01665930929163e-07,
    3.988803882612428e-07,
    3.961268021770838e-07,
    3.934048168176766e-07,
    3.907140764423427e-07,
    3.8805422690299526e-07,
    3.8542491531684115e-07,
    3.8282578943347426e-07,
    3.8025649852521034e-07,
    3.7771669552013265e-07,
    3.752060394799322e-07,
    3.7272419749624145e-07,
    3.702708453682679e-07,
    3.6784566861184605e-07,
    3.65448364120785e-07,
    3.6307863934006137e-07,
    3.6073620922523633e-07,
    3.5842079346601145e-07,
    3.561321139696236e-07,
    3.538698948843383e-07,
    3.516338658568344e-07,
    3.494237637156521e-07,
    3.4723933158252757e-07,
    3.4508031764011344e-07,
    3.429464732094078e-07,
    3.408375507921043e-07,
    3.38753302734314e-07,
    3.3669347952103003e-07,
    3.346578290526968e-07,
    3.326460972550949e-07,
    3.306580276765912e-07,
    3.2869336143598006e-07,
    3.2675183991516646e-07,
    3.248332078250146e-07,
    3.229372142453936e-07,
    3.210636133454832e-07,
    3.1921216580822595e-07,
    3.173826392225318e-07,
    3.155748060262204e-07,
    3.1378843824228414e-07,
    3.1202330321065543e-07,
    3.1027916636868e-07,
    3.085557958324399e-07,
    3.068529609576888e-07,
    3.051704287459757e-07,
    3.035079645276587e-07,
    3.018653348041544e-07,
    3.002423068555409e-07,
    2.9863864617420513e-07,
    2.970541160613533e-07,
    2.954884808666937e-07,
    2.939415110802261e-07,
    2.9241298590067484e-07,
    2.9090269142783397e-07,
    2.8941041664171875e-07,
    2.8793595046071535e-07,
    2.864790824691314e-07,
    2.850396058645168e-07,
    2.83617318945275e-07,
    2.8221202401633145e-07,
    2.8082352517337e-07,
    2.7945162643774684e-07,
    2.78096130241776e-07,
    2.767568362759072e-07,
    2.754335414573667e-07,
    2.7412604215918367e-07,
    2.7283413834002085e-07,
    2.7155763581120083e-07,
    2.702963447346101e-07,
    2.6905007583792607e-07,
    2.67818636994102e-07,
    2.666018347240681e-07,
    2.653994787400261e-07,
    2.6421138270304756e-07,
    2.6303736270253814e-07,
    2.6187723648952924e-07,
    2.607308215636503e-07,
    2.595979332579565e-07,
    2.5847838549116284e-07,
    2.573719934247338e-07,
    2.5627857611799813e-07,
    2.551979572789328e-07,
    2.5412996296666e-07,
    2.530744185335361e-07,
    2.5203114900382255e-07,
    2.5099998288297605e-07,
    2.4998075367068677e-07,
    2.489732971772242e-07,
    2.479774507536964e-07,
    2.4699305634215127e-07,
    2.4601996123529103e-07,
    2.450580142507872e-07,
    2.4410706228525414e-07,
    2.43166951072147e-07,
    2.422375286120235e-07,
    2.4131864745078417e-07,
    2.404101650449263e-07,
    2.3951194451232525e-07,
    2.3862385462826176e-07,
    2.3774576791701348e-07,
    2.3687756065106047e-07,
    2.3601911514058096e-07,
    2.3517031973337844e-07,
    2.3433106576025273e-07,
    2.335012456283315e-07,
    2.3268075474573548e-07,
    2.3186949499146706e-07,
    2.3106737512844947e-07,
    2.3027430660424484e-07,
    2.2949020010629237e-07,
    2.2871496672618996e-07,
    2.2794851835030146e-07,
    2.2719076457509707e-07,
    2.264416111646292e-07,
    2.257009608265933e-07,
    2.249687128218311e-07,
    2.2424476373273723e-07,
    2.2352901211577461e-07,
    2.2282136044613097e-07,
    2.2212171007072144e-07,
    2.214299573187235e-07,
    2.207459950549401e-07,
    2.2006971307483052e-07,
    2.1940099655693754e-07,
    2.1873972723163813e-07,
    2.18085785711428e-07,
    2.1743905187745172e-07,
    2.1679940294375446e-07,
    2.1616670998969255e-07,
    2.1554083644211822e-07,
    2.149216404185628e-07,
    2.1430897744641184e-07,
    2.1370270277205282e-07,
    2.131026747830701e-07,
    2.125087564980727e-07,
    2.1192081476462924e-07,
    2.1133872022081765e-07,
    2.1076234764223187e-07,
    2.1019157628963381e-07,
    2.0962628950971763e-07,
    2.0906637210036128e-07,
    2.0851170880800472e-07,
    2.0796218654913194e-07,
    2.0741769661892228e-07,
    2.0687813356846516e-07,
    2.063433918925452e-07,
    2.0581336312053637e-07,
    2.052879340420981e-07,
    2.0476698676862583e-07,
    2.0425040167878618e-07,
    2.037380606842255e-07,
    2.0322984829494016e-07,
    2.0272565159415445e-07,
    2.022253609192027e-07,
    2.0172887159157144e-07,
    2.0123608457323982e-07,
    2.0074690605402553e-07,
    2.0026124878250812e-07,
    1.99779032358346e-07,
    1.9930017903458298e-07,
    1.988246099124304e-07,
    1.9835224530896804e-07,
    1.978830061509359e-07,
    1.974168143277831e-07,
    1.9695359135491303e-07,
    1.9649325503302402e-07,
    1.9603571749364654e-07,
    1.9558088728793008e-07,
    1.95128674095285e-07,
    1.9467899267854077e-07,
    1.9423176347659969e-07,
    1.9378691122368995e-07,
    1.933443645718721e-07,
    1.9290405637206918e-07,
    1.9246592330169374e-07,
    1.9202990581201261e-07,
    1.915959480855909e-07,
    1.9116399673314695e-07,
    1.907340001400379e-07,
    1.903059087735292e-07,
    1.8987967361316168e-07,
    1.8945524459269644e-07,
    1.89032572470739e-07,
    1.886116109889927e-07,
    1.8819231562103495e-07,
    1.8777464141486858e-07,
    1.8735854389953566e-07,
    1.8694398209428313e-07,
    1.8653091966845936e-07,
    1.8611932339206406e-07,
    1.85709161314906e-07,
    1.853004030429894e-07,
    1.8489302178031482e-07,
    1.844869948814323e-07,
    1.840823020552194e-07,
    1.836789241703922e-07,
    1.8327684324405663e-07,
    1.828760415713268e-07,
    1.824765000025561e-07,
    1.8207819710134807e-07,
    1.8168111002503512e-07,
    1.812852162410174e-07,
    1.8089049464820956e-07,
    1.8049692611418044e-07,
    1.8010449400320406e-07,
    1.7971318442183643e-07,
    1.7932298646321148e-07,
    1.7893389217578235e-07,
    1.7854589515781132e-07,
    1.7815898889425994e-07,
    1.7777316566682725e-07,
    1.7738841520849557e-07,
    1.770047247209541e-07,
    1.7662208131757699e-07,
    1.7624047336640823e-07,
    1.758598888712588e-07,
    1.7548031440013798e-07,
    1.7510173694539922e-07,
    1.7472414602452337e-07,
    1.743475336424561e-07,
    1.7397189346529839e-07,
    1.7359722053107255e-07,
    1.7322351096956054e-07,
    1.728507609537104e-07,
    1.7247896540433832e-07,
    1.7210811850048943e-07,
    1.7173821623013646e-07,
    1.7136925764352585e-07,
    1.7100124355080535e-07,
    1.706341754822628e-07,
    1.7026805592370514e-07,
    1.6990288855251128e-07,
    1.695386779733604e-07,
    1.6917542920938477e-07,
    1.688131481877218e-07,
    1.6845184321018976e-07,
    1.680915244418587e-07,
    1.6773220168003735e-07,
    1.6737388483953708e-07,
    1.6701658639905691e-07,
    1.6666032139023918e-07,
    1.6630510543721532e-07,
    1.6595095378506557e-07,
    1.6559788179361544e-07,
    1.6524590542925927e-07,
    1.6489504030692938e-07,
    1.6454529977877275e-07,
    1.6419669447674003e-07,
    1.638492342480411e-07,
    1.6350293054811342e-07,
    1.63157797149267e-07,
    1.628138487128724e-07,
    1.6247109890265536e-07,
    1.6212955969551829e-07,
    1.6178924140234292e-07,
    1.6145015315395783e-07,
    1.6111230385556382e-07,
    1.607757019694157e-07,
    1.6044035366343002e-07,
    1.6010626143601414e-07,
    1.5977342414507296e-07,
    1.594418374989502e-07,
    1.5911149523401008e-07,
    1.5878239097399512e-07,
    1.5845451915272833e-07,
    1.5812787432301153e-07,
    1.5780245024379333e-07,
    1.5747823988901714e-07,
    1.571552345559294e-07,
    1.568334211760596e-07,
    1.5651278100342966e-07,
    1.5619329145872284e-07,
    1.5587492906747186e-07,
    1.555576716862763e-07,
    1.5524150046912387e-07,
    1.5492640136713835e-07,
    1.5461236485638015e-07,
    1.542993847969711e-07,
    1.5398745775032678e-07,
    1.5367658187781886e-07,
    1.533667545536619e-07,
    1.5305797000174633e-07,
    1.5275021932714997e-07,
    1.524434924843133e-07,
    1.5213777936830417e-07,
    1.5183306960908685e-07,
    1.5152935215346917e-07,
    1.5122661421832574e-07,
    1.5092484025416302e-07,
    1.506240132295778e-07,
    1.5032411653245755e-07,
    1.5002513313756157e-07,
    1.497270443636873e-07,
    1.4942983092311916e-07,
    1.491334743697897e-07,
    1.4883795749831565e-07,
    1.4854326392169785e-07,
    1.4824937684490028e-07,
    1.4795627866017386e-07,
    1.4766395336316033e-07,
    1.4737238914289606e-07,
    1.470815771461187e-07,
    1.467915088571188e-07,
    1.4650217589072804e-07,
    1.4621357019336589e-07,
    1.4592568286677563e-07,
    1.4563850320211969e-07,
    1.4535201850833664e-07,
    1.4506621413683957e-07,
    1.4478107369807202e-07,
    1.444965796591949e-07,
    1.442127139320723e-07,
    1.4392945806791765e-07,
    1.4364679344468624e-07,
    1.433647016379083e-07,
    1.430831644095335e-07,
    1.428021638804292e-07,
    1.4252168400111798e-07,
    1.422417118187418e-07,
    1.4196223688125958e-07,
    1.4168325028012025e-07,
    1.4140474462300384e-07,
    1.411267140122873e-07,
    1.408491540227236e-07,
    1.4057206204191062e-07,
    1.4029543617811138e-07,
    1.400192731066925e-07,
    1.3974356843099123e-07,
    1.394683189933177e-07,
    1.3919352374341505e-07,
    1.3891918371040243e-07,
    1.3864530232715286e-07,
    1.3837188505648299e-07,
    1.3809893867358208e-07,
    1.378264710790672e-07,
    1.3755449025764047e-07,
    1.3728300170489558e-07,
    1.370120063991052e-07,
    1.367415011871942e-07,
    1.3647148069544293e-07,
    1.3620193904057903e-07,
    1.3593287100507527e-07,
    1.3566427235482316e-07,
    1.3539613948011736e-07,
    1.351284698719442e-07,
    1.348612634249875e-07,
    1.34594522572585e-07,
    1.3432825012059006e-07,
    1.3406244677875098e-07,
    1.3379711133196007e-07,
    1.3353224276206777e-07,
    1.3326784169425484e-07,
    1.3300391053311183e-07,
    1.3274045295617987e-07,
    1.3247747373375785e-07,
    1.3221497950760982e-07,
    1.3195297956343061e-07,
    1.3169148532972856e-07,
    1.314305089366109e-07,
    1.3117006273487283e-07,
    1.309101608631442e-07,
    1.3065082065001836e-07,
    1.3039206166490986e-07,
    1.3013390368731513e-07,
    1.2987636546939174e-07,
    1.296194647485072e-07,
    1.2936321888196952e-07,
    1.2910764532450862e-07,
    1.2885276210048482e-07,
    1.285985878103488e-07,
    1.2834514086819425e-07,
    1.2809243935803718e-07,
    1.278405012005732e-07,
    1.2758934309745137e-07,
    1.2733897963132058e-07,
    1.2708942434779854e-07,
    1.2684069158976629e-07,
    1.2659279741058284e-07,
    1.2634575927322693e-07,
    1.26099594695345e-07,
    1.2585432020299614e-07,
    1.2560995134592482e-07,
    1.2536650226185926e-07,
    1.2512398493958464e-07,
    1.248824095346149e-07,
    1.246417848316583e-07,
    1.2440211810379905e-07,
    1.241634154188417e-07,
    1.2392568313542313e-07,
    1.23688929094677e-07,
    1.2345316157692556e-07,
    1.2321838737140265e-07,
    1.2298461148627294e-07,
    1.2275183834041482e-07,
    1.2252007265275118e-07,
    1.2228931914666151e-07,
    1.2205958195963283e-07,
    1.218308646428645e-07,
    1.2160316972275925e-07,
    1.213764978243983e-07,
    1.2115084840426845e-07,
    1.2092622149950927e-07,
    1.20702617867291e-07,
    1.2048003752576916e-07,
    1.2025847888118728e-07,
    1.2003793930577738e-07,
    1.1981841643450699e-07,
    1.1959990916586337e-07,
    1.1938241721824607e-07,
    1.1916593982811992e-07,
    1.1895047546073324e-07,
    1.1873602280915583e-07,
    1.1852258235734885e-07,
    1.1831015751006298e-07,
    1.1809875415505897e-07,
    1.1788837937589422e-07,
    1.1767904130803591e-07,
    1.174707495660353e-07,
    1.1726351411189408e-07,
    1.1705734370259968e-07,
    1.1685224618260081e-07,
    1.1664822948342391e-07,
    1.1644530163209386e-07,
    1.1624347047671756e-07,
    1.1604274397633121e-07,
    1.1584313049095081e-07,
    1.1564463879131446e-07,
    1.1544727835163727e-07,
    1.1525105935961143e-07,
    1.1505599216344397e-07,
    1.1486208756787303e-07,
    1.146693572727254e-07,
    1.1447781276000519e-07,
    1.1428746460278783e-07,
    1.1409832417220557e-07,
    1.1391040577207236e-07,
    1.137237270860404e-07,
    1.1353830821681301e-07,
    1.1335417016134931e-07,
    1.1317133342554829e-07,
    1.1298981719943424e-07,
    1.1280963866679883e-07,
    1.1263081216771378e-07,
    1.1245334864096533e-07,
    1.1227725506066889e-07,
    1.1210253344055394e-07,
    1.1192918126207038e-07,
    1.117571943263669e-07,
    1.1158656889203619e-07,
    1.114173012449627e-07,
    1.1124938669766075e-07,
    1.1108281958557759e-07,
    1.1091759411701278e-07,
    1.107537050801888e-07,
    1.10591147696387e-07,
    1.1042991704530641e-07,
    1.1027000748817004e-07,
    1.1011141237483443e-07,
    1.0995412432132673e-07,
    1.0979813548637736e-07,
    1.09643437275842e-07,
    1.0949002004639966e-07,
    1.0933787352109992e-07,
    1.0918698762988478e-07,
    1.0903735292222221e-07,
    1.0888896027047002e-07,
    1.0874180057364089e-07,
    1.0859586502774424e-07,
    1.0845114539626435e-07,
    1.083076338563905e-07,
    1.0816532298726054e-07,
    1.0802420632570207e-07,
    1.0788427949121236e-07,
    1.0774554103029663e-07,
    1.0760799170419854e-07,
    1.0747163292785761e-07,
    1.0733646577488313e-07,
    1.0720249054644327e-07,
    1.0706970704972323e-07,
    1.0693811559082093e-07,
    1.0680771711680374e-07,
    1.0667851207555165e-07,
    1.0655050027197791e-07,
    1.0642368214993939e-07,
    1.0629805878787813e-07,
    1.0617363046436623e-07,
    1.0605039665525522e-07,
    1.0592835775364941e-07,
    1.0580751593491074e-07,
    1.0568787415605437e-07,
    1.0556943486205094e-07,
    1.0545219983885217e-07,
    1.0533617064358563e-07,
    1.0522134816935962e-07,
    1.0510773191833168e-07,
    1.0499532072090703e-07,
    1.0488411447356711e-07,
    1.0477411530290986e-07,
    1.0466532742700076e-07,
    1.0455775614643183e-07,
    1.0445140727227862e-07,
    1.0434628713516296e-07,
    1.0424240229952807e-07,
    1.0413975942396162e-07,
    1.0403836585782712e-07,
    1.0393822994890089e-07,
    1.0383936061718936e-07,
    1.0374176707247936e-07,
    1.036454585262553e-07,
    1.0355044375435927e-07,
    1.0345673125372421e-07,
    1.0336432924639426e-07,
    1.0327324493331216e-07,
    1.0318348464597927e-07,
    1.0309505535463299e-07,
    1.0300796573669662e-07,
    1.0292222589555679e-07,
    1.0283784631893776e-07,
    1.0275483667056521e-07,
    1.0267320487114576e-07,
    1.0259295678233557e-07,
    1.0251409634855781e-07,
    1.0243662651052558e-07,
    1.0236055027754598e-07,
    1.0228587010173607e-07,
    1.0221258662716247e-07,
    1.0214069913976772e-07,
    1.0207020679686055e-07,
    1.0200110845540653e-07,
    1.0193340124518056e-07,
    1.0186708039090141e-07,
    1.0180214107981782e-07,
    1.01738579867659e-07,
    1.0167639435700165e-07,
    1.0161558255986063e-07,
    1.0155614225353319e-07,
    1.0149807016921679e-07,
    1.0144136245333118e-07,
    1.0138601609344218e-07,
    1.013320293936002e-07,
    1.012794013278821e-07,
    1.012281304014448e-07,
    1.0117821415062149e-07,
    1.0112965010303271e-07,
    1.0108243641846184e-07,
    1.0103657122946431e-07,
    1.0099205280077838e-07,
    1.0094888100691693e-07,
    1.0090705783260166e-07,
    1.0086658622504789e-07,
    1.0082746893767319e-07,
    1.0078970836275461e-07,
    1.0075330736931111e-07,
    1.0071827031858512e-07,
    1.0068460257174274e-07,
    1.0065230915088646e-07,
    1.0062139508692048e-07,
    1.0059186730549428e-07,
    1.0056373568282353e-07,
    1.0053701240279608e-07,
    1.0051171079142829e-07,
    1.00487844130211e-07,
    1.0046542427507872e-07,
    1.0044446130800438e-07,
    1.0042496440984693e-07,
    1.0040694185716877e-07,
    1.0039039977891372e-07,
    1.0037534124936886e-07,
    1.0036176625629262e-07,
    1.003496722030311e-07,
    1.0033905495876e-07,
    1.0032991064948095e-07,
    1.003222367434724e-07,
    1.0031603114542299e-07,
    1.0031129128270397e-07,
    1.0030801483350363e-07,
    1.0030620101942973e-07,
    1.0030585136313103e-07,
    1.00306970088403e-07,
    1.0030956415314717e-07,
    1.0031364121271496e-07,
    1.0031920547809432e-07,
    1.00326255407349e-07,
    1.0033478515739843e-07,
    1.0034478700125071e-07,
    1.0035625263037718e-07,
    1.0036917428879849e-07,
    1.0038354611576828e-07,
    1.0039936395522316e-07,
    1.0041662322084518e-07,
    1.0043531712270605e-07,
    1.0045543721750265e-07,
    1.0047697553567692e-07,
    1.0049992594815153e-07,
    1.0052428417302455e-07,
    1.005500479884133e-07,
    1.0057721804564467e-07,
    1.0060579768958207e-07,
    1.0063579137192344e-07,
    1.0066720345079128e-07,
    1.0070003818988752e-07,
    1.0073429995974359e-07,
    1.007699936475021e-07,
    1.0080712548286073e-07,
    1.0084570263431177e-07,
    1.0088573072049961e-07,
    1.0092721169832072e-07,
    1.0097014486052587e-07,
    1.0101452931714745e-07,
    1.0106036461059512e-07,
    1.0110765028656449e-07,
    1.0115638631286649e-07,
    1.0120657328746088e-07,
    1.012582126584132e-07,
    1.0131130846759566e-07,
    1.0136586934067257e-07,
    1.0142190833088838e-07,
    1.0147944057175517e-07,
    1.0153848133356186e-07,
    1.0159904648552073e-07,
    1.0166115385567455e-07,
    1.017248223657608e-07,
    1.0179006979958883e-07,
    1.0185691280297008e-07,
    1.0192536824532297e-07,
    1.0199545322915466e-07,
    1.020671844106573e-07,
    1.0214057800290914e-07,
    1.0221565095249668e-07,
    1.0229242285173578e-07,
    1.0237091622813432e-07,
    1.0245115397117723e-07,
    1.0253315646223503e-07,
    1.0261694081464572e-07,
    1.0270252130675276e-07,
    1.0278991006985111e-07,
    1.0287911853342073e-07,
    1.0297015864969875e-07,
    1.0306304315273137e-07,
    1.0315778658735221e-07,
    1.0325440660518556e-07,
    1.0335292248097648e-07,
    1.0345335206869108e-07,
    1.0355571153373251e-07,
    1.0366001792889262e-07,
    1.0376629157181924e-07,
    1.038745569112738e-07,
    1.0398484156048267e-07,
    1.040971747795839e-07,
    1.0421158726638936e-07,
    1.0432811093200551e-07,
    1.044467778548532e-07,
    1.0456761920111003e-07,
    1.046906635473458e-07,
    1.0481593544005968e-07,
    1.049434558929065e-07,
    1.0507324431659627e-07,
    1.0520532049819182e-07,
    1.0533970576772085e-07,
    1.0547642333047693e-07,
    1.0561549802572994e-07,
    1.0575695548861107e-07,
    1.0590082189290465e-07,
    1.0604712549211987e-07,
    1.0619589758476431e-07,
    1.0634717075685549e-07,
    1.0650097770761672e-07,
    1.066573522067788e-07,
    1.0681632786369332e-07,
    1.069779349744465e-07,
    1.071422001461276e-07,
    1.07309147495096e-07,
    1.0747879891128377e-07,
    1.076511740002708e-07,
    1.0782628901842486e-07,
    1.0800415545319164e-07,
    1.0818478091999701e-07,
    1.0836817176607634e-07,
    1.0855433403113394e-07,
    1.0874327238500128e-07,
    1.0893498938900012e-07,
    1.0912948436657747e-07,
    1.0932675083321385e-07,
    1.0952677457179094e-07,
    1.0972953271717828e-07,
    1.0993499390263854e-07,
    1.1014312167118696e-07,
    1.1035387976996341e-07,
    1.1056723536872828e-07,
    1.1078316016133968e-07,
    1.1100163075966995e-07,
    1.112226257433381e-07,
    1.1144611816518483e-07,
    1.116720709248242e-07,
    1.1190043997075539e-07,
    1.1213117906397341e-07,
    1.123642415933471e-07,
    1.125995805167235e-07,
    1.1283714792293446e-07,
    1.1307689652477395e-07,
    1.1331878078002716e-07,
    1.135627564905433e-07,
    1.1380878275615166e-07,
    1.1405682315979493e-07,
    1.1430684223782262e-07,
    1.145588023017313e-07,
    1.1481266498843338e-07,
    1.150683936276855e-07,
    1.1532595284396885e-07,
    1.1558530816857859e-07,
    1.1584642645610105e-07,
    1.1610927508449182e-07,
    1.1637382114551465e-07,
    1.1664003309704558e-07,
    1.1690788285611724e-07,
    1.1717734460999764e-07,
    1.1744839278422418e-07,
    1.1772100248857282e-07,
    1.1799515165774402e-07,
    1.1827082280599366e-07,
    1.1854800226226915e-07,
    1.1882667941270908e-07,
    1.1910684980338033e-07,
    1.1938851655694516e-07,
    1.1967168444459077e-07,
    1.1995635474956469e-07,
    1.202425265952165e-07,
    1.2053019782311587e-07,
    1.2081936322951714e-07,
    1.211100127658424e-07,
    1.2140212925406238e-07,
    1.2169568651067408e-07,
    1.2199064969595707e-07,
    1.2228697793631124e-07,
    1.2258462697837226e-07,
    1.228835500495681e-07,
    1.2318369827195913e-07,
    1.234850219959047e-07,
    1.2378747214534668e-07,
    1.240910015840521e-07,
    1.2439556743041475e-07,
    1.2470113200087057e-07,
    1.250076609654915e-07,
    1.253151210160525e-07,
    1.256234779768718e-07,
    1.2593269536465803e-07,
    1.2624273434501813e-07,
    1.265535565311586e-07,
    1.2686512919138726e-07,
    1.27177426696956e-07,
    1.2749042481657135e-07,
    1.2780409495729972e-07,
    1.2811840363428552e-07,
    1.2843331434118325e-07,
    1.2874878991947654e-07,
    1.2906479592300338e-07,
    1.2938130402682615e-07,
    1.2969829402087164e-07,
    1.3001575486448315e-07,
    1.303336857739878e-07,
    1.306520958538603e-07,
    1.309710012546551e-07,
    1.3129042080326267e-07,
    1.3161037207094772e-07,
    1.3193087140826832e-07,
    1.3225193700377874e-07,
    1.325735904645867e-07,
    1.328958558720675e-07,
    1.3321875625409084e-07,
    1.3354231052468003e-07,
    1.338665350304907e-07,
    1.3419144562162595e-07,
    1.3451705556982762e-07,
    1.348433745213972e-07,
    1.3517041377194567e-07,
    1.3549819054469805e-07,
    1.3582672274000842e-07,
    1.3615602039995063e-07,
    1.3648608456468651e-07,
    1.3681691257735166e-07,
    1.3714850128719025e-07,
    1.3748084485469952e-07,
    1.3781393143659112e-07,
    1.3814774201446567e-07,
    1.3848225140988805e-07,
    1.388174320779371e-07,
    1.3915325849441746e-07,
    1.3948970826180437e-07,
    1.3982676100953903e-07,
    1.401643984074766e-07,
    1.405026058704386e-07,
    1.4084137315468816e-07,
    1.4118069213154725e-07,
    1.4152055339017864e-07,
    1.4186094164116797e-07,
    1.4220183336385197e-07,
    1.4254320016809032e-07,
    1.428850104559125e-07,
    1.4322722765149496e-07,
    1.4356981072612e-07,
    1.4391271587824802e-07,
    1.442558993932892e-07,
    1.445993187732158e-07,
    1.4494292571405478e-07,
    1.452866596368701e-07,
    1.4563045229373082e-07,
    1.4597423531824813e-07,
    1.4631794077804142e-07,
    1.4666149879882115e-07,
    1.4700483752207974e-07,
    1.473478836484646e-07,
    1.4769056416720973e-07,
    1.480328110332149e-07,
    1.483745646823523e-07,
    1.487157728614036e-07,
    1.4905638828768845e-07,
    1.493963692544397e-07,
    1.497356808407304e-07,
    1.5007429436821192e-07,
    1.5041218508343112e-07,
    1.5074932686466565e-07,
    1.51085688093676e-07,
    1.5142123463585746e-07,
    1.5175593580227515e-07,
    1.5208976498157563e-07,
    1.5242269670628892e-07,
    1.5275470669438404e-07,
    1.5308577249490027e-07,
    1.534158717520846e-07,
    1.5374498165416144e-07,
    1.5407308016963315e-07,
    1.5440014548958293e-07,
    1.5472615186764838e-07,
    1.550510654499121e-07,
    1.553748449021031e-07,
    1.5569744383394575e-07,
    1.560188114162351e-07,
    1.5633889480194826e-07,
    1.5665764275489379e-07,
    1.569750050731419e-07,
    1.5729093020511632e-07,
    1.5760536586244901e-07,
    1.5791825963274977e-07,
    1.5822955600042824e-07,
    1.5853919397340232e-07,
    1.5884710890034238e-07,
    1.591532342794203e-07,
    1.594575017693268e-07,
    1.5975984180333018e-07,
    1.6006018420477379e-07,
    1.6035845996957173e-07,
    1.6065460539727473e-07,
    1.6094856502258556e-07,
    1.6124029276171257e-07,
    1.6152975129848246e-07,
    1.6181690737818518e-07,
    1.6210172536823417e-07,
    1.623841620220559e-07,
    1.6266416419504058e-07,
    1.629416724080764e-07,
    1.6321662845458927e-07,
    1.6348898061979425e-07,
    1.6375868306648573e-07,
    1.6402569291672212e-07,
    1.642899685178431e-07,
    1.6455146887751068e-07,
    1.6481015653799635e-07,
    1.6506600214607518e-07,
    1.6531898328054866e-07,
    1.655690787233056e-07,
    1.6581626505060346e-07,
    1.6606051666434648e-07,
    1.6630180696342926e-07,
    1.6654010950684665e-07,
    1.6677540140964716e-07,
    1.6700766895704868e-07,
    1.6723690925560108e-07,
    1.6746312515837475e-07,
    1.676863174302409e-07,
    1.6790647974967772e-07,
    1.6812359931620487e-07,
    1.683376585763919e-07,
    1.6854863416258136e-07,
    1.6875649859384526e-07,
    1.6896122747699573e-07,
    1.6916280499188566e-07,
    1.6936122328675778e-07,
    1.695564791473274e-07,
    1.69748572337264e-07,
    1.6993750667535433e-07,
    1.7012329056696207e-07,
    1.7030593482559893e-07,
    1.7048545105442123e-07,
    1.7066185058351778e-07,
    1.7083514124863526e-07,
    1.710053257991474e-07,
    1.7117240247656527e-07,
    1.7133636398272541e-07,
    1.7149719751797633e-07,
    1.716548864250374e-07,
    1.7180941075506066e-07,
    1.719607494020223e-07,
    1.7210888431637655e-07,
    1.722538036174643e-07,
    1.72395504672574e-07,
    1.7253399820216312e-07,
    1.7266930872134297e-07,
    1.7280146823609634e-07,
    1.7293050843381016e-07,
    1.730564581106483e-07,
    1.7317934580122885e-07,
    1.7329920343569926e-07,
    1.7341606739617653e-07,
    1.735299749264692e-07,
    1.736409574684663e-07,
    1.7374903659740622e-07,
    1.7385422715896452e-07,
    1.7395654346451743e-07,
    1.7405600136105283e-07,
    1.741526187516363e-07,
    1.742464176414066e-07,
    1.7433742262138793e-07,
    1.7442565581592388e-07,
    1.745111343932469e-07,
    1.7459387162358496e-07,
    1.746738779320249e-07,
    1.7475115944219042e-07,
    1.7482571553280816e-07,
    1.748975394025676e-07,
    1.7496662210813642e-07,
    1.750329565578399e-07,
    1.7509653898633468e-07,
    1.751573654973178e-07,
    1.752154247238756e-07,
    1.752706959462643e-07,
    1.753231540700921e-07,
    1.7537277019739987e-07,
    1.7541950879146076e-07,
    1.754633311188353e-07,
    1.7550419961081615e-07,
    1.7554207643913987e-07,
    1.7557692257138693e-07,
    1.7560870107716933e-07,
    1.7563737944847517e-07,
    1.756629276929846e-07,
    1.7568531598985454e-07,
    1.7570451514650826e-07,
    1.7572049842316794e-07,
    1.7573324332384381e-07,
    1.7574273245291682e-07,
    1.7574895300056305e-07,
    1.757518966769136e-07,
    1.7575155966299258e-07,
    1.7574793948481234e-07,
    1.757410301846855e-07,
    1.757308206452054e-07,
    1.7571729557453307e-07,
    1.757004343229003e-07,
    1.7568020927282255e-07,
    1.7565658937249382e-07,
    1.7562954530800896e-07,
    1.7559905034302296e-07,
    1.7556507943889906e-07,
    1.7552760964197706e-07,
    1.7548662046816537e-07,
    1.7544209386688355e-07,
    1.7539401458662425e-07,
    1.753423713321166e-07,
    1.7528715670655646e-07,
    1.7522836398739857e-07,
    1.75165984361519e-07,
    1.7510000814496434e-07,
    1.7503042753412517e-07,
    1.7495723850416924e-07,
    1.7488044150958865e-07,
    1.7480004140581025e-07,
    1.7471604887308144e-07,
    1.7462848256564084e-07,
    1.74537368610752e-07,
    1.7444273789928278e-07,
    1.7434462198146093e-07,
    1.7424304832446767e-07,
    1.7413803893889277e-07,
    1.7402961194153329e-07,
    1.7391778200965815e-07,
    1.7380256151798215e-07,
    1.7368396412483882e-07,
    1.7356200722416198e-07,
    1.7343671084933674e-07,
    1.7330809383689817e-07,
    1.7317616906067635e-07,
    1.7304094117537748e-07,
    1.7290241050352927e-07,
    1.7276058018295685e-07,
    1.7261545879564736e-07,
    1.724670579440635e-07,
    1.723153902099757e-07,
    1.7216046848334625e-07,
    1.7200230563464267e-07,
    1.7184091452452977e-07,
    1.7167630738532083e-07,
    1.7150849583091187e-07,
    1.7133749242988696e-07,
    1.7116331100952901e-07,
    1.7098596510478142e-07,
    1.7080546615623612e-07,
    1.7062182266595434e-07,
    1.704350420541418e-07,
    1.7024513394206764e-07,
    1.7005211215554553e-07,
    1.698559954988771e-07,
    1.6965680678923923e-07,
    1.694545696337346e-07,
    1.692493061396737e-07,
    1.6904103834700792e-07,
    1.6882979130173925e-07,
    1.6861559328971707e-07,
    1.683984722268719e-07,
    1.6817845295160068e-07,
    1.679555589042744e-07,
    1.6772981457771937e-07,
    1.6750124446364032e-07,
    1.6726987018900798e-07,
    1.6703570904336765e-07,
    1.6679877385081617e-07,
    1.6655907310721187e-07,
    1.6631661186290675e-07,
    1.660713938182034e-07,
    1.6582342261389257e-07,
    1.6557270160051822e-07,
    1.6531923456757883e-07,
    1.6506302764450307e-07,
    1.6480409018775902e-07,
    1.6454243399729797e-07,
    1.642780720944197e-07,
    1.64011018908517e-07,
    1.6374129204437744e-07,
    1.6346891376603073e-07,
    1.63193911093044e-07,
    1.6291631501329194e-07,
    1.6263615993833439e-07,
    1.623534836133358e-07,
    1.6206832618519712e-07,
    1.617807282427724e-07,
    1.6149072892198712e-07,
    1.611983646982472e-07,
    1.6090366945699403e-07,
    1.6060667559073998e-07,
    1.603074150577488e-07,
    1.600059201953954e-07,
    1.5970222410977425e-07,
    1.5939636026710397e-07,
    1.5908836209217975e-07,
    1.587782633494296e-07,
    1.5846609851636282e-07,
    1.5815190219990935e-07,
    1.5783570781820596e-07,
    1.5751754650816084e-07,
    1.571974471754961e-07,
    1.5687543710078163e-07,
    1.5655154162404667e-07,
    1.5622578364809066e-07,
    1.558981843970043e-07,
    1.5556876433137027e-07,
    1.55237542984555e-07,
    1.5490453879392995e-07,
    1.5456977029551878e-07,
    1.542332579548471e-07,
    1.538950247669802e-07,
    1.535550955043584e-07,
    1.5321349614782314e-07,
    1.5287025415154358e-07,
    1.5252539870363216e-07,
    1.5217896033861057e-07,
    1.5183097055769888e-07,
    1.5148146208908644e-07,
    1.5113046899137362e-07,
    1.5077802613559575e-07,
    1.5042416930456187e-07,
    1.5006893589922804e-07,
    1.4971236472906408e-07,
    1.493544956508011e-07,
    1.4899537039795404e-07,
    1.486350329615111e-07,
    1.4827352836276643e-07,
    1.4791090159646426e-07,
    1.4754719746621743e-07,
    1.4718246028697982e-07,
    1.4681673345201685e-07,
    1.4645005956853894e-07,
    1.4608248128460738e-07,
    1.457140420971364e-07,
    1.4534478686283173e-07,
    1.4497476243252189e-07,
    1.446040175999146e-07,
    1.4423260157236708e-07,
    1.4386056234066082e-07,
    1.4348794628575295e-07,
    1.4311479858989895e-07,
    1.4274116389816256e-07,
    1.4236708709499018e-07,
    1.4199261380642083e-07,
    1.4161779050541344e-07,
    1.412426644879835e-07,
    1.4086728359711445e-07,
    1.4049169544413775e-07,
    1.4011594689595167e-07,
    1.3974008445687154e-07,
    1.3936415464832556e-07,
    1.389882040052262e-07,
    1.3861227882370926e-07,
    1.3823642404663673e-07,
    1.3786068228655477e-07,
    1.3748509446387382e-07,
    1.3710970092883707e-07,
    1.3673454158925138e-07,
    1.3635965530469094e-07,
    1.3598507965057393e-07,
    1.3561085153099013e-07,
    1.3523700814480352e-07,
    1.348635874599479e-07,
    1.3449062737087383e-07,
    1.341181641538999e-07,
    1.3374623189053204e-07,
    1.3337486307947043e-07,
    1.3300408959096512e-07,
    1.3263394313956983e-07,
    1.3226445470256772e-07,
    1.3189565394329572e-07,
    1.315275697996209e-07,
    1.3116023118381828e-07,
    1.307936670976533e-07,
    1.3042790685938582e-07,
    1.3006298055876156e-07,
    1.2969891939676805e-07,
    1.29335755684397e-07,
    1.2897352250228073e-07,
    1.28612252911143e-07,
    1.2825197860415448e-07,
    1.27892728795619e-07,
    1.275345300197076e-07,
    1.2717740682862286e-07,
    1.2682138315560983e-07,
    1.26466483330599e-07,
    1.2611273208279045e-07,
    1.2576015387703968e-07,
    1.254087720356989e-07,
    1.2505860864087406e-07,
    1.2470968543086033e-07,
    1.2436202446886436e-07,
    1.2401564825633116e-07,
    1.236705795192488e-07,
    1.233268405598895e-07,
    1.2298445239248705e-07,
    1.226434343189604e-07,
    1.2230380448894359e-07,
    1.2196558067533241e-07,
    1.216287803917686e-07,
    1.2129342068382536e-07,
    1.2095951792232347e-07,
    1.206270880298016e-07,
    1.2029614713837796e-07,
    1.1996671159753356e-07,
    1.196387971194838e-07,
    1.1931241835820154e-07,
    1.1898758967173421e-07,
    1.1866432598969896e-07,
    1.1834264271483623e-07,
    1.1802255519769218e-07,
    1.1770407853305915e-07,
    1.173872273563377e-07,
    1.1707201564154911e-07,
    1.1675845714143324e-07,
    1.1644656571935468e-07,
    1.1613635504012871e-07,
    1.1582783890136456e-07,
    1.1552103199073318e-07,
    1.1521594957745429e-07,
    1.1491260677984605e-07,
    1.1461101836784647e-07,
    1.1431119856561916e-07,
    1.140131609592982e-07,
    1.137169187241063e-07,
    1.134224845321942e-07,
    1.1312987045950168e-07,
    1.1283908831890823e-07,
    1.1255014978178809e-07,
    1.1226306639295452e-07,
    1.1197785011785496e-07,
    1.1169451357070645e-07,
    1.1141306906972138e-07,
    1.111335277965282e-07,
    1.1085590002040471e-07,
    1.1058019564374697e-07,
    1.1030642453671779e-07,
    1.1003459655260612e-07,
    1.0976472122081413e-07,
    1.0949680743666525e-07,
    1.0923086347069252e-07,
    1.0896689697766808e-07,
    1.0870491457625948e-07,
    1.0844492175082404e-07,
    1.0818692350515246e-07,
    1.0793092469273796e-07,
    1.076769295932695e-07,
    1.074249413797291e-07,
    1.0717496179811185e-07,
    1.0692699116975445e-07,
    1.0668102871729267e-07,
    1.0643707321415345e-07,
    1.0619512363483288e-07,
    1.0595517883280074e-07,
    1.057172366767988e-07,
    1.0548129415994761e-07,
    1.0524734815700786e-07,
    1.0501539542131564e-07,
    1.0478543160453509e-07,
    1.0455745005854095e-07,
    1.0433144128758628e-07,
    1.0410739381037176e-07,
    1.0388529599758121e-07,
    1.0366513725740932e-07,
    1.0344690802786882e-07,
    1.0323059955282315e-07,
    1.0301620409244426e-07,
    1.028037150258072e-07,
    1.0259312630266023e-07,
    1.0238443211384184e-07,
    1.0217762754293991e-07,
    1.0197270900256237e-07,
    1.0176967358170092e-07,
    1.0156851839119798e-07,
    1.0136924056132468e-07,
    1.0117183712911371e-07,
    1.009763047079783e-07,
    1.0078263970508313e-07,
    1.005908389777367e-07,
    1.0040090038330995e-07,
    1.0021282300243103e-07,
    1.0002660703295052e-07,
    9.984225368456832e-08,
    9.965976507548468e-08,
    9.947914402031458e-08,
    9.930039392825486e-08,
    9.912351881189247e-08,
    9.894852307383001e-08,
    9.877541073376237e-08,
    9.860418464942706e-08,
    9.843484673893716e-08,
    9.826739876521649e-08,
    9.810184256473944e-08,
    9.793818005344376e-08,
    9.77764137965478e-08,
    9.761654758200896e-08,
    9.74585865469516e-08,
    9.730253753628006e-08,
    9.714840946700315e-08,
    9.699621243938953e-08,
    9.684595557689486e-08,
    9.669764530186602e-08,
    9.655128555324196e-08,
    9.640687951017788e-08,
    9.626443098424574e-08,
    9.612394454571766e-08,
    9.598542530208033e-08,
    9.584887879027622e-08,
    9.571431027905351e-08,
    9.558172382814807e-08,
    9.545112216504036e-08,
    9.532250727125802e-08,
    9.519588085449712e-08,
    9.507124458640479e-08,
    9.494860034163e-08,
    9.48279501979803e-08,
    9.470929631843131e-08,
    9.459264131914244e-08,
    9.447798900760929e-08,
    9.436534476456892e-08,
    9.425471544266858e-08,
    9.414610926609098e-08,
    9.403953560779297e-08,
    9.393500464432294e-08,
    9.383252775478891e-08,
    9.373211817241824e-08,
    9.363379026309415e-08,
    9.353755791288442e-08,
    9.344343377732131e-08,
    9.335142940504885e-08,
    9.326155523166783e-08,
    9.317382031517726e-08,
    9.308823258441729e-08,
    9.300479987016044e-08,
    9.292353082255026e-08,
    9.284443505911132e-08,
    9.276752318839983e-08,
    9.269280749999359e-08,
    9.262030226268459e-08,
    9.25500226892683e-08,
    9.248198402240467e-08,
    9.241620154866223e-08,
    9.23526908829045e-08,
    9.229146797971388e-08,
    9.223254802891059e-08,
    9.217594376966607e-08,
    9.212166531251811e-08,
    9.206972193150743e-08,
    9.202012432182641e-08,
    9.197288562197237e-08,
    9.19280207335335e-08,
    9.188554504758117e-08,
    9.18454738711747e-08,
    9.180782227337008e-08,
    9.177260462681638e-08,
    9.173983458679033e-08,
    9.170952551275919e-08,
    9.16816902898507e-08,
    9.165634130354673e-08,
    9.16334914892065e-08,
    9.161315477867105e-08,
    9.159534484182635e-08,
    9.158007395665336e-08,
    9.156735294967424e-08,
    9.1557191770771e-08,
    9.154960105276063e-08,
    9.154459387140888e-08,
    9.154218641444642e-08,
    9.154239818941706e-08,
    9.154525224183837e-08,
    9.155077487820761e-08,
    9.155899521736362e-08,
    9.156994507269798e-08,
    9.158365900524097e-08,
    9.160017438211822e-08,
    9.161953126204496e-08,
    9.164177210294056e-08,
    9.16669416422487e-08,
    9.169508639518408e-08,
    9.172625357675494e-08,
    9.176049092152281e-08,
    9.179784743327272e-08,
    9.183837397568837e-08,
    9.18821236997693e-08,
    9.192915229607921e-08,
    9.1979518472293e-08,
    9.203328506483819e-08,
    9.20905202115545e-08,
    9.215129839644993e-08,
    9.221570113650907e-08,
    9.228381685584525e-08,
    9.235574010470789e-08,
    9.243156960232062e-08,
    9.251140524736897e-08,
    9.259534679597968e-08,
    9.268349501022663e-08,
    9.277595212219505e-08,
    9.287282038555314e-08,
    9.297420103731246e-08,
    9.308019442648846e-08,
    9.319090039562474e-08,
    9.330641895069363e-08,
    9.342685096292965e-08,
    9.355229920239441e-08,
    9.368287055647355e-08,
    9.38186772349979e-08,
    9.395983517629624e-08,
    9.410646205867772e-08,
    9.425867725772203e-08,
    9.441660299833405e-08,
    9.458036398487165e-08,
    9.475008475332275e-08,
    9.492588680750865e-08,
    9.510788786407474e-08,
    9.52962040995596e-08,
    9.549095181040323e-08,
    9.569224528098199e-08,
    9.590019527812256e-08,
    9.61149111066145e-08,
    9.633650162502886e-08,
    9.656507366432055e-08,
    9.680073073025739e-08,
    9.704357321831543e-08,
    9.729369988592386e-08,
    9.755120857696823e-08,
    9.781619882955144e-08,
    9.808878133757519e-08,
    9.836908811313048e-08,
    9.865727717781966e-08,
    9.895353110327278e-08,
    9.925804618866576e-08,
    9.95710177486756e-08,
    9.989263159341706e-08,
    1.0022306562672314e-07,
    1.0056250560102099e-07,
    1.0091116662778653e-07,
    1.0126929581016953e-07,
    1.0163715168331588e-07,
    1.0201498411046526e-07,
    1.0240302964192652e-07,
    1.028015162505774e-07,
    1.0321066856956515e-07,
    1.0363071176601178e-07,
    1.0406187170270424e-07,
    1.0450436957118946e-07,
    1.0495841679166744e-07,
    1.0542421526653876e-07,
    1.0590195986612794e-07,
    1.0639183729785294e-07,
    1.0689402180766005e-07,
    1.0740867380464261e-07,
    1.0793594078429482e-07,
    1.0847595495567604e-07,
    1.0902883083876973e-07,
    1.0959466440981909e-07,
    1.1017352761046577e-07,
    1.1076546261068165e-07,
    1.1137048233411424e-07,
    1.1198857302098153e-07,
    1.1261970418410372e-07,
    1.1326385552044029e-07,
    1.1392103732023591e-07,
    1.1459127372037059e-07,
    1.1527456591136652e-07,
    1.1597087118037811e-07,
    1.1668010245031237e-07,
    1.1740213118039564e-07,
    1.1813678151621299e-07,
    1.1888381980859917e-07,
    1.1964295210712907e-07,
    1.2041383123742003e-07,
    1.2119606562334758e-07,
    1.2198923470564022e-07,
    1.2279291461458033e-07,
    1.2360669244024945e-07,
    1.244301614764723e-07,
    1.2526290653213697e-07,
    1.2610447406696465e-07,
    1.2695434450197866e-07,
    1.278119281265428e-07,
    1.2867657138715649e-07,
    1.2954756616262938e-07,
    1.3042417545011445e-07,
    1.3130568242890247e-07,
    1.3219143543645973e-07,
    1.3308084241197195e-07,
    1.3397331541813894e-07,
    1.3486821948837388e-07,
    1.357648600155935e-07,
    1.3666249254326218e-07,
    1.3756033160790335e-07,
    1.3845755381056614e-07,
    1.3935329652392406e-07,
    1.40246664876091e-07,
    1.4113676101677113e-07,
    1.420227087475299e-07,
    1.4290364505338264e-07,
    1.437787083777346e-07,
    1.4464706168661266e-07,
    1.4550793927763135e-07,
    1.4636067903752353e-07,
    1.472047205847393e-07,
    1.4803957307762298e-07,
    1.4886477474164694e-07,
    1.496798757289887e-07,
    1.5048444484401993e-07,
    1.5127808720808178e-07,
    1.5206046409643924e-07,
    1.5283128927426066e-07,
    1.535903039388398e-07,
    1.543372561017928e-07,
    1.5507188448034982e-07,
    1.5579390498643109e-07,
    1.5650300407685198e-07,
    1.5719883316860615e-07,
    1.5788100413640182e-07,
    1.5854908848794294e-07,
    1.5920261846121629e-07,
    1.5984110573064712e-07,
    1.604640790323395e-07,
    1.6107110698983343e-07,
    1.616617969408888e-07,
    1.622357884045013e-07,
    1.627927477543171e-07,
    1.6333236443393563e-07,
    1.6385435021027027e-07,
    1.6435844043438285e-07,
    1.6484439737482108e-07,
    1.6531201526332681e-07,
    1.6576112338188657e-07,
    1.6619158550541152e-07,
    1.6660329503459059e-07,
    1.6699616478984118e-07,
    1.6737012152983116e-07,
    1.677251138678904e-07,
    1.6806112129667917e-07,
    1.683781536907565e-07,
    1.686762483122023e-07,
    1.689554700947632e-07,
    1.6921591238917463e-07,
    1.69457697323658e-07,
    1.6968097651287717e-07,
    1.6988592995131009e-07,
    1.7007276354634102e-07,
    1.70241708116503e-07,
    1.703930194592732e-07,
    1.7052697743444637e-07,
    1.7064388362377415e-07,
    1.707440585274281e-07,
    1.7082783863458945e-07,
    1.7089557338157438e-07,
    1.7094762277639395e-07,
    1.7098435591729315e-07,
    1.7100615060802521e-07,
    1.710133945371309e-07,
    1.710064865410236e-07,
    1.709858367796831e-07,
    1.7095186640116883e-07,
    1.7090500627930951e-07,
    1.708456951009007e-07,
    1.7077437848862113e-07
]