[
    0.0,
    0.0,
    -0.0014678217568034088,
    -0.0016817232498922573,
    -0.0018870595617334306,
    -0.0020840972365518706,
    -0.0022730950588266663,
    -0.0024543042743773013,
    -0.002627968805197241,
    -0.0027943254582112388,
    -0.0029536041281277943,
    -0.0031060279945533554,
    -0.0032518137135301383,
    -0.0033911716036548866,
    -0.0035243058269314297,
    -0.003651414564505633,
    -0.0037726901874271116,
    -0.003888319422577979,
    -0.003998483513904986,
    -0.004103358379087594,
    -0.004203114761770813,
    -0.0042979183794879545,
    -0.004387930067394919,
    -0.004473305917934172,
    -0.004554197416543292,
    -0.004630751573519727,
    -0.004703111052150237,
    -0.00477141429321047,
    -0.0048357956359371,
    -0.004896385435572062,
    -0.004953310177575665,
    -0.0050066925886027005,
    -0.005056651744332914,
    -0.005103303174244623,
    -0.005146758963417742,
    -0.005187127851450125,
    -0.00522451532856872,
    -0.005259023729014705,
    -0.005290752321779628,
    -0.005319797398767315,
    -0.005346252360454272,
    -0.005370207799119154,
    -0.0053917515797100675,
    -0.005410968918416395,
    -0.005427942459009971,
    -0.0054427523470186034,
    -0.005455476301793159,
    -0.005466189686527743,
    -0.005474965576290791,
    -0.0054818748241232725,
    -0.005486986125258588,
    -0.005490366079517248,
    -0.005492079251927929,
    -0.005492188231625073,
    -0.00549075368907167,
    -0.005487834431654564,
    -0.005483487457698305,
    -0.005477768008942222,
    -0.005470729621524172,
    -0.0054624241755131695,
    -0.005452901943031925,
    -0.0054422116350091344,
    -0.005430400446600301,
    -0.005417514101314754,
    -0.00540359689388544,
    -0.005388691731917056,
    -0.00537284017634705,
    -0.005356082480753082,
    -0.005338457629539551,
    -0.005320003375034932,
    -0.005300756273530712,
    -0.005280751720291887,
    -0.00526002398356812,
    -0.005238606237633848,
    -0.005216530594884775,
    -0.005193828137017503,
    -0.005170528945318268,
    -0.0051466621300859956,
    -0.005122255859214192,
    -0.0050973373859554555,
    -0.005071933075891777,
    -0.005046068433133105,
    -0.005019768125766047,
    -0.0049930560105739515,
    -0.004965955157049005,
    -0.004938487870716404,
    -0.004910675715790076,
    -0.0048825395371789315,
    -0.004854099481862013,
    -0.004825375019650485,
    -0.004796384963353807,
    -0.004767147488366989,
    -0.004737680151695344,
    -0.004707999910432689,
    -0.004678123139708502,
    -0.0046480656501190895,
    -0.004617842704657419,
    -0.0045874690351558195,
    -0.004556958858255388,
    -0.004526325890915516,
    -0.004495583365476625,
    -0.00446474404428877,
    -0.0044338202339184556,
    -0.004402823798945628,
    -0.0043717661753624815,
    -0.0043406583835854115,
    -0.004309511041091077,
    -0.004278334374687269,
    -0.004247138232428961,
    -0.004215932095189629,
    -0.004184725087897644,
    -0.004153525990447251,
    -0.004122343248293388,
    -0.004091184982739362,
    -0.0040600590009261,
    -0.004028972805531479,
    -0.003997933604187984,
    -0.003966948318626706,
    -0.003936023593555475,
    -0.003905165805278699,
    -0.003874381070066268,
    -0.003843675252278673,
    -0.0038130539722552857,
    -0.0037825226139725472,
    -0.003752086332478629,
    -0.003721750061110935,
    -0.0036915185185026453,
    -0.0036613962153843197,
    -0.0036313874611864127,
    -0.003601496370448375,
    -0.003571726869039873,
    -0.00354208270019948,
    -0.003512567430396061,
    -0.003483184455017913,
    -0.0034539370038945876,
    -0.0034248281466561824,
    -0.0033958607979347405,
    -0.003367037722412279,
    -0.0033383615397198354,
    -0.003309834729191785,
    -0.00328145963447957,
    -0.003253238468028891,
    -0.0032251733154242683,
    -0.0031972661396047638,
    -0.0031695187849545706,
    -0.003141932981272043,
    -0.003114510347620661,
    -0.003087252396065309,
    -0.0030601605352971683,
    -0.003033236074150427,
    -0.0030064802250139135,
    -0.002979894107140669,
    -0.0029534787498584005,
    -0.0029272350956836505,
    -0.002901164003342445,
    -0.0028752662507001135,
    -0.002849542537602906,
    -0.0028239934886339774,
    -0.002798619655786175,
    -0.002773421521054035,
    -0.0027483994989473256,
    -0.002723553938928394,
    -0.0026988851277755187,
    -0.002674393291874399,
    -0.002650078599439873,
    -0.002625941162669871,
    -0.0026019810398335793,
    -0.0025781982372957038,
    -0.002554592711478681,
    -0.002531164370764651,
    -0.002507913077338911,
    -0.0024848386489765015,
    -0.002461940860773551,
    -0.0024392194468250902,
    -0.0024166741018509068,
    -0.002394304482770924,
    -0.0023721102102315563,
    -0.002350090870084479,
    -0.0023282460148191736,
    -0.0023065751649505553,
    -0.002285077810363093,
    -0.002263753411612758,
    -0.002242601401187916,
    -0.002221621184730204,
    -0.002200812142216677,
    -0.002180173629104498,
    -0.002159704977439212,
    -0.0021394054969276093,
    -0.0021192744759762974,
    -0.002099311182697114,
    -0.0020795148658803494,
    -0.002059884755936504,
    -0.0020404200658071863,
    -0.002021119991846018,
    -0.002001983714670485,
    -0.0019830103999856426,
    -0.0019641991993808255,
    -0.0019455492511005242,
    -0.0019270596807902706,
    -0.0019087296022178074,
    -0.0018905581179697285,
    -0.0018725443201244962,
    -0.0018546872909029092,
    -0.001836986103296643,
    -0.0018194398216758167,
    -0.0018020475023765026,
    -0.0017848081942682553,
    -0.0017677209393022052,
    -0.0017507847730408401,
    -0.0017339987251700681,
    -0.0017173618199941487,
    -0.0017008730769138447,
    -0.0016845315108880974,
    -0.0016683361328808403,
    -0.0016522859502923436,
    -0.001636379967369261,
    -0.0016206171855922922,
    -0.0016049966040503371,
    -0.001589517219805908,
    -0.0015741780282484091,
    -0.0015589780234341161,
    -0.0015439161984136713,
    -0.001528991545546464,
    -0.0015142030568012805,
    -0.0014995497240418581,
    -0.0014850305393011047,
    -0.00147064449505467,
    -0.0014563905844927189,
    -0.0014422678017783196,
    -0.0014282751422962376,
    -0.0014144116028986485,
    -0.0014006761821379972,
    -0.001387067880487422,
    -0.001373585700566113,
    -0.0013602286473740884,
    -0.0013469957285255222,
    -0.0013338859544722314,
    -0.0013208983387126675,
    -0.0013080318979938285,
    -0.0012952856524968452,
    -0.0012826586259401553,
    -0.0012701498455992477,
    -0.0012577583423559718,
    -0.001245483150814437,
    -0.001233323309421391,
    -0.0012212778605684613,
    -0.0012093458506850356,
    -0.00119752633031217,
    -0.0011858183541730708,
    -0.0011742209812821928,
    -0.0011627332750958242,
    -0.0011513543036897561,
    -0.0011400831399438083,
    -0.0011289188616790573,
    -0.0011178605517209402,
    -0.0011069072979408236,
    -0.0010960581933392444,
    -0.0010853123361373683,
    -0.0010746688298149938,
    -0.0010641267831092115,
    -0.0010536853100151615,
    -0.001043343529859226,
    -0.001033100567491349,
    -0.0010229555534976137,
    -0.0010129076243330986,
    -0.0010029559224137802,
    -0.0009930995961849039,
    -0.000983337800126074,
    -0.0009736696947457281,
    -0.0009640944466244591,
    -0.000954611228425064,
    -0.000945219218777238,
    -0.0009359176021140666,
    -0.0009267055686086613,
    -0.0009175823141972993,
    -0.0009085470405558457,
    -0.0008995989550106406,
    -0.0008907372704605998,
    -0.0008819612053257423,
    -0.0008732699834719796,
    -0.0008646628340857058,
    -0.0008561389915678433,
    -0.000847697695533434,
    -0.0008393381908858821,
    -0.0008310597278835029,
    -0.0008228615621804793,
    -0.0008147429548638251,
    -0.0008067031724885655,
    -0.0007987414870999703,
    -0.0007908571762460466,
    -0.0007830495229897306,
    -0.0007753178159192001,
    -0.0007676613491535422,
    -0.0007600794223465068,
    -0.0007525713406876052,
    -0.0007451364148980534,
    -0.0007377739612226314,
    -0.0007304833014183697,
    -0.0007232637627403462,
    -0.0007161146779261455,
    -0.0007090353851793466,
    -0.0007020252281517401,
    -0.0006950835559247884,
    -0.0006882097229898652,
    -0.0006814030892269337,
    -0.0006746630198824903,
    -0.0006679888855469276,
    -0.0006613800621307279,
    -0.0006548359308394399,
    -0.0006483558781480575,
    -0.0006419392957751568,
    -0.000635585580656363,
    -0.0006292941349169275,
    -0.0006230643658438238,
    -0.0006168956858575063,
    -0.0006107875124830926,
    -0.0006047392683210535,
    -0.0005987503810176332,
    -0.0005928202832349973,
    -0.0005869484126210586,
    -0.0005811342117790203,
    -0.0005753771282365536,
    -0.0005696766144145147,
    -0.0005640321275954185,
    -0.0005584431298919091,
    -0.0005529090882151288,
    -0.0005474294742428041,
    -0.0005420037643870582,
    -0.0005366314397621025,
    -0.0005313119861518655,
    -0.0005260448939774821,
    -0.0005208296582646437,
    -0.000515665778610903,
    -0.000510552759152966,
    -0.0005054901085339537,
    -0.0005004773398706486,
    -0.000495513970720736,
    -0.0004905995230500057,
    -0.0004857335231995284,
    -0.0004809155018528854,
    -0.0004761449940034546,
    -0.0004714215389217008,
    -0.00046674468012248584,
    -0.0004621139653324384,
    -0.00045752894645738085,
    -0.0004529891795498175,
    -0.0004484942247764894,
    -0.00044404364638599316,
    -0.00043963701267648523,
    -0.00043527389596348723,
    -0.00043095387254778867,
    -0.00042667652268343773,
    -0.000422441430545828,
    -0.00041824818419989435,
    -0.00041409637556842334,
    -0.0004099856004004835,
    -0.00040591545823997685,
    -0.00040188555239431474,
    -0.00039789548990322085,
    -0.00039394488150766615,
    -0.00039003334161894377,
    -0.00038616048828788693,
    -0.0003823259431742354,
    -0.0003785293315161452,
    -0.00037477028209983955,
    -0.0003710484272294091,
    -0.0003673634026967669,
    -0.00036371484775176246,
    -0.0003601024050724613,
    -0.0003565257207355934,
    -0.0003529844441871627,
    -0.00034947822821322085,
    -0.00034600672891080584,
    -0.00034256960565904855,
    -0.0003391665210904467,
    -0.00033579714106231275,
    -0.00033246113462840346,
    -0.0003291581740107337,
    -0.00032588793457157027,
    -0.00032265009478559935,
    -0.00031944433621227395,
    -0.00031627034346836053,
    -0.00031312780420068495,
    -0.00031001640905905375,
    -0.00030693585166934273,
    -0.00030388582860675715,
    -0.0003008660393692775,
    -0.0002978761863512969,
    -0.00029491597481744864,
    -0.00029198511287661634,
    -0.00028908331145613094,
    -0.0002862102842761551,
    -0.00028336574782425206,
    -0.00028054942133013826,
    -0.000277761026740623,
    -0.0002750002886947392,
    -0.0002722669344990638,
    -0.0002695606941032279,
    -0.0002668813000756034,
    -0.00026422848757915807,
    -0.0002616019943475064,
    -0.000259001560661167,
    -0.00025642692932400406,
    -0.0002538778456398408,
    -0.0002513540573892535,
    -0.00024885531480654864,
    -0.0002463813705569193,
    -0.00024393197971378844,
    -0.00024150689973634636,
    -0.00023910589044727213,
    -0.00023672871401062738,
    -0.00023437513490991708,
    -0.0002320449199263297,
    -0.0002297378381171707,
    -0.00022745366079448493,
    -0.00022519216150384885,
    -0.00022295311600332803,
    -0.0002207363022426081,
    -0.0002185415003422938,
    -0.0002163684925733726,
    -0.00021421706333685098,
    -0.00021208699914357327,
    -0.0002099780885942216,
    -0.0002078901223594832,
    -0.00020582289316038762,
    -0.00020377619574882396,
    -0.00020174982688822516,
    -0.00019974358533441326,
    -0.0001977572718166144,
    -0.00019579068901864687,
    -0.00019384364156027175,
    -0.00019191593597869857,
    -0.00019000738071025524,
    -0.00018811778607223602,
    -0.00018624696424493454,
    -0.00018439472925384372,
    -0.00018256089695198836,
    -0.00018074528500238782,
    -0.00017894771286067437,
    -0.00017716800175787226,
    -0.00017540597468332624,
    -0.0001736614563677771,
    -0.0001719342732665902,
    -0.0001702242535431379,
    -0.00016853122705233313,
    -0.00016685502532431224,
    -0.0001651954815482612,
    -0.00016355243055638852,
    -0.00016192570880804898,
    -0.00016031515437401188,
    -0.0001587206069208679,
    -0.00015714190769557877,
    -0.00015557889951017486,
    -0.00015403142672659436,
    -0.00015249933524166045,
    -0.00015098247247219776,
    -0.00014948068734028572,
    -0.0001479938302586397,
    -0.00014652175311611975,
    -0.0001450643092633722,
    -0.0001436213534986034,
    -0.00014219274205349176,
    -0.00014077833257924966,
    -0.00013937798413283847,
    -0.00013799155716332192,
    -0.000136618913498335,
    -0.00013525991633065414,
    -0.000133914430204878,
    -0.00013258232100422858,
    -0.00013126345593747927,
    -0.00012995770352601386,
    -0.00012866493359101042,
    -0.00012738501724074148,
    -0.0001261178268579869,
    -0.00012486323608756292,
    -0.00012362111982397575,
    -0.0001223913541991967,
    -0.0001211738165705462,
    -0.00011996838550868142,
    -0.00011877494078569209,
    -0.00011759336336331403,
    -0.0001164235353812688,
    -0.00011526534014572555,
    -0.00011411866211786831,
    -0.00011298338690255765,
    -0.00011185940123709929,
    -0.00011074659298013548,
    -0.00010964485110065311,
    -0.00010855406566709718,
    -0.00010747412783658232,
    -0.00010640492984419458,
    -0.0001053463649923866,
    -0.00010429832764047932,
    -0.00010326071319427993,
    -0.00010223341809581049,
    -0.00010121633981312583,
    -0.00010020937683021887,
    -9.92124286370307e-05,
    -9.822539571956558e-05,
    -9.724817955010168e-05,
    -9.628068257750397e-05,
    -9.532280821764237e-05,
    -9.437446084389622e-05,
    -9.343554577773356e-05,
    -9.250596927937072e-05,
    -9.158563853851924e-05,
    -9.06744616652215e-05,
    -8.977234768077593e-05,
    -8.887920650875358e-05,
    -8.79949489661054e-05,
    -8.711948675435615e-05,
    -8.625273245088148e-05,
    -8.53945995002674e-05,
    -8.454500220575382e-05,
    -8.370385572076407e-05,
    -8.287107604051708e-05,
    -8.204657999371768e-05,
    -8.123028523432526e-05,
    -8.042211023340678e-05,
    -7.962197427107339e-05,
    -7.88297974284946e-05,
    -7.804550057998849e-05,
    -7.726900538518884e-05,
    -7.650023428128769e-05,
    -7.573911047535331e-05,
    -7.498555793672394e-05,
    -7.423950138947592e-05,
    -7.350086630496536e-05,
    -7.276957889444385e-05,
    -7.204556610175216e-05,
    -7.132875559608782e-05,
    -7.061907576483785e-05,
    -6.9916455706475e-05,
    -6.922082522352266e-05,
    -6.853211481558956e-05,
    -6.785025567247207e-05,
    -6.717517966732379e-05,
    -6.650681934989219e-05,
    -6.584510793982212e-05,
    -6.518997932002517e-05,
    -6.45413680301143e-05,
    -6.389920925990242e-05,
    -6.326343884296373e-05,
    -6.263399325025821e-05,
    -6.201080958382006e-05,
    -6.139382557050829e-05,
    -6.078297955581782e-05,
    -6.0178210497751275e-05,
    -5.9579457960751935e-05,
    -5.898666210969652e-05,
    -5.8399763703946296e-05,
    -5.7818704091456567e-05,
    -5.7243425202944584e-05,
    -5.66738695461148e-05,
    -5.610998019994058e-05,
    -5.555170080900216e-05,
    -5.4998975577880705e-05,
    -5.445174926560791e-05,
    -5.390996718017018e-05,
    -5.337357517306684e-05,
    -5.2842519633921795e-05,
    -5.2316747485148206e-05,
    -5.179620617666495e-05,
    -5.1280843680665014e-05,
    -5.077060848643541e-05,
    -5.0265449595228296e-05,
    -4.976531651518293e-05,
    -4.927015925629772e-05,
    -4.877992832545211e-05,
    -4.829457472147764e-05,
    -4.781404993027783e-05,
    -4.733830591999622e-05,
    -4.6867295136232345e-05,
    -4.640097049730496e-05,
    -4.593928538956214e-05,
    -4.548219366273767e-05,
    -4.502964962535339e-05,
    -4.458160804016676e-05,
    -4.4138024119663355e-05,
    -4.369885352159367e-05,
    -4.326405234455408e-05,
    -4.2833577123611705e-05,
    -4.240738482597228e-05,
    -4.19854328466907e-05,
    -4.156767900442387e-05,
    -4.11540815372255e-05,
    -4.074459909838279e-05,
    -4.033919075229564e-05,
    -3.993781597039786e-05,
    -3.9540434627118696e-05,
    -3.914700699588343e-05,
    -3.8757493745152695e-05,
    -3.837185593450047e-05,
    -3.799005501073079e-05,
    -3.7612052804033056e-05,
    -3.7237811524175844e-05,
    -3.6867293756738747e-05,
    -3.6500462459381844e-05,
    -3.613728095815158e-05,
    -3.577771294382186e-05,
    -3.542172246826995e-05,
    -3.506927394088776e-05,
    -3.472033212502963e-05,
    -3.437486213449629e-05,
    -3.403282943005323e-05,
    -3.3694199815982384e-05,
    -3.335893943666639e-05,
    -3.302701477320516e-05,
    -3.269839264006631e-05,
    -3.237304018177077e-05,
    -3.205092486961212e-05,
    -3.1732014498409384e-05,
    -3.141627718329254e-05,
    -3.11036813565181e-05,
    -3.079419576431578e-05,
    -3.0487789463769637e-05,
    -3.0184431819734593e-05,
    -2.9884092501786172e-05,
    -2.9586741481197697e-05,
    -2.9292349027941e-05,
    -2.9000885707713633e-05,
    -2.871232237899581e-05,
    -2.84266301901374e-05,
    -2.814378057647451e-05,
    -2.7863745257475067e-05,
    -2.758649623391342e-05,
    -2.7312005785072645e-05,
    -2.7040246465973344e-05,
    -2.6771191104628987e-05,
    -2.6504812799327666e-05,
    -2.6241084915941434e-05,
    -2.597998108526377e-05,
    -2.5721475200373378e-05,
    -2.546554141402409e-05,
    -2.521215413606156e-05,
    -2.4961288030866123e-05,
    -2.4712918014820435e-05,
    -2.446701925380151e-05,
    -2.4223567160699666e-05,
    -2.398253739296467e-05,
    -2.374390585017504e-05,
    -2.3507648671628144e-05,
    -2.3273742233953653e-05,
    -2.304216314875335e-05,
    -2.2812888260268566e-05,
    -2.2585894643073265e-05,
    -2.236115959978773e-05,
    -2.2138660658811194e-05,
    -2.1918375572076347e-05,
    -2.170028231282706e-05,
    -2.1484359073418036e-05,
    -2.1270584263134792e-05,
    -2.1058936506034858e-05,
    -2.084939463881113e-05,
    -2.0641937708676262e-05,
    -2.043654497126789e-05,
    -2.0233195888575395e-05,
    -2.0031870126887513e-05,
    -1.9832547554759782e-05,
    -1.9635208241001056e-05,
    -1.943983245268013e-05,
    -1.9246400653154166e-05,
    -1.9054893500117173e-05,
    -1.8865291843665753e-05,
    -1.867757672438292e-05,
    -1.84917293714431e-05,
    -1.8307731200737643e-05,
    -1.8125563813017297e-05,
    -1.7945208992051497e-05,
    -1.776664870280654e-05,
    -1.758986508964221e-05,
    -1.741484047452516e-05,
    -1.7241557355259703e-05,
    -1.706999840373891e-05,
    -1.6900146464217108e-05,
    -1.6731984551599668e-05,
    -1.6565495849746565e-05,
    -1.640066370978945e-05,
    -1.623747164846407e-05,
    -1.6075903346460756e-05,
    -1.5915942646793047e-05,
    -1.5757573553181896e-05,
    -1.5600780228455313e-05,
    -1.5445546992963855e-05,
    -1.5291858323010173e-05,
    -1.513969884929158e-05,
    -1.4989053355357514e-05,
    -1.4839906776084363e-05,
    -1.4692244196169265e-05,
    -1.4546050848639316e-05,
    -1.4401312113370608e-05,
    -1.4258013515618413e-05,
    -1.4116140724562684e-05,
    -1.3975679551867537e-05,
    -1.3836615950253785e-05,
    -1.369893601208695e-05,
    -1.3562625967980334e-05,
    -1.3427672185411459e-05,
    -1.3294061167348493e-05,
    -1.3161779550885222e-05,
    -1.3030814105899919e-05,
    -1.2901151733748937e-05,
    -1.2772779465976116e-05,
    -1.2645684463020917e-05,
    -1.251985401293121e-05,
    -1.2395275530088837e-05,
    -1.2271936553946526e-05,
    -1.2149824747771429e-05,
    -1.2028927897397821e-05,
    -1.1909233909997272e-05,
    -1.1790730812866944e-05,
    -1.167340675222447e-05,
    -1.155724999200174e-05,
    -1.1442248912653045e-05,
    -1.1328392009990089e-05,
    -1.1215667894022942e-05,
    -1.1104065287789978e-05,
    -1.09935730261883e-05,
    -1.0884180054814863e-05,
    -1.077587542882003e-05,
    -1.0668648311766827e-05,
    -1.0562487974496742e-05,
    -1.0457383794025159e-05,
    -1.0353325252446957e-05,
    -1.0250301935801345e-05,
    -1.0148303532907996e-05,
    -1.0047319834237498e-05,
    -9.947340730902208e-06,
    -9.84835621379143e-06,
    -9.750356372701714e-06,
    -9.653331395355514e-06,
    -9.557271566421164e-06,
    -9.462167266603202e-06,
    -9.368008971703872e-06,
    -9.274787251589796e-06,
    -9.182492769126906e-06,
    -9.091116279180772e-06,
    -9.000648627671663e-06,
    -8.911080750614035e-06,
    -8.822403673148175e-06,
    -8.734608508611753e-06,
    -8.64768645763118e-06,
    -8.561628807141322e-06,
    -8.476426929310252e-06,
    -8.392072280523899e-06,
    -8.308556400502643e-06,
    -8.225870911225105e-06,
    -8.144007515525713e-06,
    -8.062957995797721e-06,
    -7.982714212928974e-06,
    -7.903268105246068e-06,
    -7.82461168745471e-06,
    -7.746737049346699e-06,
    -7.669636354345253e-06,
    -7.593301838984967e-06,
    -7.517725813503499e-06,
    -7.442900662194291e-06,
    -7.3688188431618345e-06,
    -7.295472888090256e-06,
    -7.222855401875412e-06,
    -7.150959061812087e-06,
    -7.079776616498138e-06,
    -7.009300884574069e-06,
    -6.939524753525932e-06,
    -6.870441179114e-06,
    -6.802043185341107e-06,
    -6.73432386398058e-06,
    -6.667276373236178e-06,
    -6.600893936359313e-06,
    -6.535169841123205e-06,
    -6.470097439137804e-06,
    -6.4056701436062335e-06,
    -6.341881426938523e-06,
    -6.278724819554596e-06,
    -6.2161939085431576e-06,
    -6.154282335421414e-06,
    -6.092983793212426e-06,
    -6.0322920222459046e-06,
    -5.972200805195236e-06,
    -5.912703962828401e-06,
    -5.853795349534811e-06,
    -5.795468849194461e-06,
    -5.737718377034905e-06,
    -5.6805378884830894e-06,
    -5.623921389508859e-06,
    -5.56786294543579e-06,
    -5.512356685223553e-06,
    -5.4573967986116205e-06,
    -5.402977530955463e-06,
    -5.349093181845192e-06,
    -5.2957381074446595e-06,
    -5.2429067231681515e-06,
    -5.190593503416034e-06,
    -5.138792977512048e-06,
    -5.0874997239409544e-06,
    -5.036708365174692e-06,
    -4.986413566333419e-06,
    -4.936610040979349e-06,
    -4.8872925554566905e-06,
    -4.838455918645786e-06,
    -4.79009496324316e-06,
    -4.742204533204263e-06,
    -4.694779482959255e-06,
    -4.6478146846965695e-06,
    -4.601305028775474e-06,
    -4.555245409072174e-06,
    -4.50963070194024e-06,
    -4.464455752267677e-06,
    -4.419715389137997e-06,
    -4.375404478463809e-06,
    -4.33151797633143e-06,
    -4.288050949201828e-06,
    -4.244998564694072e-06,
    -4.2023560751367685e-06,
    -4.160118819457151e-06,
    -4.118282245413244e-06,
    -4.0768419276420305e-06,
    -4.035793570030592e-06,
    -3.995132991221292e-06,
    -3.9548561004835165e-06,
    -3.914958884144089e-06,
    -3.875437399201232e-06,
    -3.836287763615255e-06,
    -3.7975061505948595e-06,
    -3.759088784621729e-06,
    -3.721031931826984e-06,
    -3.6833318813926767e-06,
    -3.645984914282629e-06,
    -3.6089872806317063e-06,
    -3.5723352062922925e-06,
    -3.5360248992146194e-06,
    -3.5000525385134237e-06,
    -3.4644142589995947e-06,
    -3.4291061132400694e-06,
    -3.3941240077957144e-06,
    -3.3594636461093895e-06,
    -3.3251205201003146e-06,
    -3.2910900200568795e-06,
    -3.2573676541934167e-06,
    -3.223949218190632e-06,
    -3.190830817660855e-06,
    -3.1580088344719055e-06,
    -3.1254799248890725e-06,
    -3.0932410308644702e-06,
    -3.0612893725160944e-06,
    -3.0296224207052157e-06,
    -2.998237875062295e-06,
    -2.9671336740611235e-06,
    -2.9363080173647984e-06,
    -2.905759359262679e-06,
    -2.8754863585858737e-06,
    -2.8454878028296558e-06,
    -2.8157625486770426e-06,
    -2.7863094986807657e-06,
    -2.757127584096273e-06,
    -2.7282157259250635e-06,
    -2.6995727896438406e-06,
    -2.671197560998537e-06,
    -2.643088741180864e-06,
    -2.6152449550175337e-06,
    -2.5876647589170822e-06,
    -2.5603466158683368e-06,
    -2.5332888590180476e-06,
    -2.5064896882914652e-06,
    -2.4799472019688085e-06,
    -2.453659481310128e-06,
    -2.427624715306131e-06,
    -2.401841282100044e-06,
    -2.376307752580012e-06,
    -2.351022857139093e-06,
    -2.325985452039983e-06,
    -2.3011944833995947e-06,
    -2.2766489463235965e-06,
    -2.252347860070056e-06,
    -2.228290267136742e-06,
    -2.2044752320302994e-06,
    -2.1809018086629358e-06,
    -2.1575689951053334e-06,
    -2.1344757234337285e-06,
    -2.1116208747224504e-06,
    -2.0890032806271435e-06,
    -2.066621711264954e-06,
    -2.0444748695205143e-06,
    -2.02256139330635e-06,
    -2.000879854514988e-06,
    -1.979428753380169e-06,
    -1.9582065063132483e-06,
    -1.9372114314558104e-06,
    -1.9164417511218685e-06,
    -1.8958956084627255e-06,
    -1.875571077897549e-06,
    -1.8554661697782611e-06,
    -1.835578846415186e-06,
    -1.815907064796813e-06,
    -1.7964488323395945e-06,
    -1.7772022336923877e-06,
    -1.758165422750128e-06,
    -1.7393366092359073e-06,
    -1.7207140461770344e-06,
    -1.702296013215382e-06,
    -1.6840808027629507e-06,
    -1.6660667126770417e-06,
    -1.6482520393963195e-06,
    -1.63063506844143e-06,
    -1.6132140675880623e-06,
    -1.595987284040128e-06,
    -1.578952941597042e-06,
    -1.562109238938668e-06,
    -1.545454351579763e-06,
    -1.5289864355434635e-06,
    -1.5127036298899295e-06,
    -1.4966040575635393e-06,
    -1.4806858251628298e-06,
    -1.4649470227385188e-06,
    -1.4493857253023364e-06,
    -1.4339999962039267e-06,
    -1.4187878906368127e-06,
    -1.40374745830698e-06,
    -1.3888767456805442e-06,
    -1.3741737981250692e-06,
    -1.3596366633350816e-06,
    -1.3452633984498012e-06,
    -1.3310520789637052e-06,
    -1.3170008042037716e-06,
    -1.3031076982014533e-06,
    -1.2893709085033517e-06,
    -1.2757886045873368e-06,
    -1.262358976201409e-06,
    -1.249080231951906e-06,
    -1.2359505981694043e-06,
    -1.2229683177087622e-06,
    -1.210131648946404e-06,
    -1.1974388651894796e-06,
    -1.1848882541780324e-06,
    -1.1724781178090938e-06,
    -1.1602067724531911e-06,
    -1.1480725493946825e-06,
    -1.1360737948196626e-06,
    -1.124208869747607e-06,
    -1.11247615046774e-06,
    -1.1008740293505082e-06,
    -1.0894009155925221e-06,
    -1.0780552356628908e-06,
    -1.0668354334070576e-06,
    -1.055739969944837e-06,
    -1.0447673236544823e-06,
    -1.0339159903024259e-06,
    -1.0231844833127342e-06,
    -1.0125713344101207e-06,
    -1.0020750944444206e-06,
    -9.916943337585945e-07,
    -9.814276420139796e-07,
    -9.712736278584705e-07,
    -9.612309186029821e-07,
    -9.512981599184793e-07,
    -9.414740155754576e-07,
    -9.3175716717815e-07,
    -9.221463138934758e-07,
    -9.126401722247818e-07,
    -9.032374757785643e-07,
    -8.939369749988938e-07,
    -8.847374369352146e-07,
    -8.756376450455331e-07,
    -8.666363990106512e-07,
    -8.577325145762179e-07,
    -8.489248234020162e-07,
    -8.402121728820944e-07,
    -8.315934259488357e-07,
    -8.230674608953281e-07,
    -8.146331712238533e-07,
    -8.062894654912873e-07,
    -7.980352671327358e-07,
    -7.898695142865104e-07,
    -7.817911596270911e-07,
    -7.737991701750904e-07,
    -7.658925270931688e-07,
    -7.580702255111971e-07,
    -7.503312743712978e-07,
    -7.426746962527542e-07,
    -7.350995271708702e-07,
    -7.276048163629894e-07,
    -7.201896260704582e-07,
    -7.128530313249013e-07,
    -7.055941197427026e-07,
    -6.984119913260558e-07,
    -6.91305758270879e-07,
    -6.842745447798581e-07,
    -6.773174868758029e-07,
    -6.704337322157663e-07,
    -6.636224399096878e-07,
    -6.568827803435702e-07,
    -6.50213935004034e-07,
    -6.436150963028939e-07,
    -6.370854674035854e-07,
    -6.306242620514124e-07,
    -6.242307044072991e-07,
    -6.179040288831705e-07,
    -6.116434799781247e-07,
    -6.05448312117513e-07,
    -5.993177894968733e-07,
    -5.932511859278032e-07,
    -5.87247784683567e-07,
    -5.813068783473963e-07,
    -5.754277686646405e-07,
    -5.696097663973066e-07,
    -5.638521911814307e-07,
    -5.581543713886321e-07,
    -5.525156439934027e-07,
    -5.469353544448293e-07,
    -5.414128565375346e-07,
    -5.359475122803499e-07,
    -5.305386917658095e-07,
    -5.2518577304222e-07,
    -5.198881419882498e-07,
    -5.146451921898357e-07,
    -5.094563248199213e-07,
    -5.043209485214001e-07,
    -4.992384792923599e-07,
    -4.942083403724838e-07,
    -4.892299621307249e-07,
    -4.843027819556129e-07,
    -4.794262441485557e-07,
    -4.7459979981899064e-07,
    -4.698229067809457e-07,
    -4.650950294519251e-07,
    -4.6041563875460555e-07,
    -4.55784212020359e-07,
    -4.512002328932451e-07,
    -4.466631912344595e-07,
    -4.421725830287927e-07,
    -4.3772791029397123e-07,
    -4.333286809919052e-07,
    -4.2897440894114065e-07,
    -4.2466461373218804e-07,
    -4.20398820648073e-07,
    -4.161765605884073e-07,
    -4.11997369992228e-07,
    -4.0786079075849705e-07,
    -4.0376637016698273e-07,
    -3.99713660800943e-07,
    -3.957022204713155e-07,
    -3.917316121426558e-07,
    -3.8780140386092966e-07,
    -3.8391116868219203e-07,
    -3.800604846018472e-07,
    -3.762489344856706e-07,
    -3.7247610600270656e-07,
    -3.687415915590699e-07,
    -3.6504498823289714e-07,
    -3.6138589771027585e-07,
    -3.577639262209964e-07,
    -3.5417868447462073e-07,
    -3.5062978759865285e-07,
    -3.471168550790945e-07,
    -3.436395107016666e-07,
    -3.4019738249262237e-07,
    -3.367901026613093e-07,
    -3.334173075478735e-07,
    -3.300786375749898e-07,
    -3.2677373719850504e-07,
    -3.2350225485526704e-07,
    -3.202638429107593e-07,
    -3.1705815760806827e-07,
    -3.1388485901751754e-07,
    -3.1074361098677566e-07,
    -3.076340810919148e-07,
    -3.045559405890398e-07,
    -3.01508864366094e-07,
    -2.9849253089705584e-07,
    -2.955066222017259e-07,
    -2.925508238087474e-07,
    -2.896248247161145e-07,
    -2.86728317349269e-07,
    -2.838609975194885e-07,
    -2.810225643820662e-07,
    -2.7821272039379993e-07,
    -2.7543117127011985e-07,
    -2.726776259424646e-07,
    -2.6995179651676083e-07,
    -2.672533982330347e-07,
    -2.645821494266116e-07,
    -2.619377714911303e-07,
    -2.5931998884207736e-07,
    -2.567285288801702e-07,
    -2.541631219547857e-07,
    -2.516235013276429e-07,
    -2.491094031371632e-07,
    -2.4662056636329133e-07,
    -2.441567327923575e-07,
    -2.4171764698200644e-07,
    -2.3930305622642673e-07,
    -2.3691271052211405e-07,
    -2.3454636253343197e-07,
    -2.3220376755822265e-07,
    -2.2988468349521407e-07,
    -2.2758887081279994e-07,
    -2.2531609251820938e-07,
    -2.2306611412875434e-07,
    -2.2083870364723205e-07,
    -2.1863363153947386e-07,
    -2.164506707093936e-07,
    -2.1428959647093588e-07,
    -2.1215018651910924e-07,
    -2.1003222090059387e-07,
    -2.079354819838333e-07,
    -2.0585975442878793e-07,
    -2.0380482515696594e-07,
    -2.0177048332287272e-07,
    -1.997565202872021e-07,
    -1.9776272959091016e-07,
    -1.9578890692914505e-07,
    -1.938348501247771e-07,
    -1.9190035910229447e-07,
    -1.8998523586273e-07,
    -1.8808928445920148e-07,
    -1.8621231097272042e-07,
    -1.8435412348877476e-07,
    -1.8251453207475665e-07,
    -1.8069334875769252e-07,
    -1.7889038750219618e-07,
    -1.771054641888539e-07,
    -1.7533839659303692e-07,
    -1.7358900436416217e-07,
    -1.718571090055236e-07,
    -1.7014253385459234e-07,
    -1.684451040635482e-07,
    -1.667646465800725e-07,
    -1.651009901284975e-07,
    -1.634539651911909e-07,
    -1.6182340399012515e-07,
    -1.6020914046871945e-07,
    -1.5861101027372433e-07,
    -1.5702885073632845e-07,
    -1.5546250085221282e-07,
    -1.5391180126197205e-07,
    -1.5237659423321326e-07,
    -1.5085672364388616e-07,
    -1.4935203496594088e-07,
    -1.4786237524900086e-07,
    -1.463875931041281e-07,
    -1.4492753868786866e-07,
    -1.434820636867565e-07,
    -1.4205102130218547e-07,
    -1.406342662352337e-07,
    -1.392316546713625e-07,
    -1.3784304426528053e-07,
    -1.364682941260283e-07,
    -1.3510726480218917e-07,
    -1.3375981826721709e-07,
    -1.3242581790489093e-07,
    -1.311051284949295e-07,
    -1.2979761619872475e-07,
    -1.2850314854520197e-07,
    -1.2722159441683472e-07,
    -1.2595282403551134e-07,
    -1.2469670894819832e-07,
    -1.2345312201269473e-07,
    -1.222219373834655e-07,
    -1.2100303049759302e-07,
    -1.1979627806077035e-07,
    -1.1860155803278047e-07,
    -1.174187496126736e-07,
    -1.1624773322441339e-07,
    -1.1508839050330758e-07,
    -1.1394060428458398e-07,
    -1.1280425859507263e-07,
    -1.1167923864529095e-07,
    -1.1056543081903288e-07,
    -1.0946272266134939e-07,
    -1.0837100286662026e-07,
    -1.0729016126668756e-07,
    -1.0622008881925094e-07,
    -1.0516067759682653e-07,
    -1.0411182077562964e-07,
    -1.0307341262454979e-07,
    -1.0204534849450226e-07,
    -1.0102752480698493e-07,
    -1.000198390415517e-07,
    -9.902218972406918e-08,
    -9.803447641662345e-08,
    -9.705659970796558e-08,
    -9.608846120375813e-08,
    -9.512996351569776e-08,
    -9.418101024895317e-08,
    -9.32415059894931e-08,
    -9.231135629263586e-08,
    -9.139046767204919e-08,
    -9.04787475873975e-08,
    -8.957610443127628e-08,
    -8.868244751850178e-08,
    -8.77976870774132e-08,
    -8.692173424063387e-08,
    -8.605450103474699e-08,
    -8.519590036930227e-08,
    -8.434584602613937e-08,
    -8.350425264823947e-08,
    -8.267103572704e-08,
    -8.184611159240722e-08,
    -8.102939740969093e-08,
    -8.022081118121848e-08,
    -7.942027174556012e-08,
    -7.862769877193023e-08,
    -7.784301275224923e-08,
    -7.70661349926943e-08,
    -7.62969876044272e-08,
    -7.553549349319832e-08,
    -7.478157634896271e-08,
    -7.403516063752272e-08,
    -7.329617159336145e-08,
    -7.256453521081538e-08,
    -7.184017823415859e-08,
    -7.112302814917291e-08,
    -7.041301317479396e-08,
    -6.971006225202536e-08,
    -6.901410503214012e-08,
    -6.832507186755514e-08,
    -6.764289380477976e-08,
    -6.696750257745296e-08,
    -6.629883059891706e-08,
    -6.563681095380479e-08,
    -6.498137738947063e-08,
    -6.433246430941914e-08,
    -6.369000676709436e-08,
    -6.305394045736906e-08,
    -6.242420170840496e-08,
    -6.180072747648728e-08,
    -6.118345533988795e-08,
    -6.057232348894617e-08,
    -5.996727071603056e-08,
    -5.936823640741216e-08,
    -5.877516053571294e-08,
    -5.818798365239309e-08,
    -5.760664688226366e-08,
    -5.7031091925022065e-08,
    -5.646126106229259e-08,
    -5.589709716040076e-08,
    -5.533854366615386e-08,
    -5.478554460016636e-08,
    -5.423804454950705e-08,
    -5.3695988660425695e-08,
    -5.315932263165948e-08,
    -5.2627992707093864e-08,
    -5.210194566779691e-08,
    -5.1581128825136806e-08,
    -5.106549001568235e-08,
    -5.05549775966518e-08,
    -5.0049540440709284e-08,
    -4.954912792942349e-08,
    -4.9053689946354344e-08,
    -4.8563176872582173e-08,
    -4.8077539582551374e-08,
    -4.759672943556946e-08,
    -4.7120698266020576e-08,
    -4.6649398377383086e-08,
    -4.618278253861078e-08,
    -4.5720803980312215e-08,
    -4.5263416390961384e-08,
    -4.4810573912684674e-08,
    -4.4362231135931584e-08,
    -4.391834309394417e-08,
    -4.347886525655053e-08,
    -4.304375352255966e-08,
    -4.261296421351132e-08,
    -4.218645407042249e-08,
    -4.17641802505286e-08,
    -4.1346100321655584e-08,
    -4.093217225533796e-08,
    -4.052235442030074e-08,
    -4.011660557877479e-08,
    -3.97148848897823e-08,
    -3.9317151916993394e-08,
    -3.8923366631803895e-08,
    -3.853348940966049e-08,
    -3.8147481025218376e-08,
    -3.776530264832253e-08,
    -3.7386915840066795e-08,
    -3.7012282548931624e-08,
    -3.664136510643926e-08,
    -3.6274126222300725e-08,
    -3.591052897985947e-08,
    -3.5550536832130954e-08,
    -3.519411359847636e-08,
    -3.4841223460741615e-08,
    -3.4491830957304945e-08,
    -3.4145900976105834e-08,
    -3.380339874841666e-08,
    -3.346428984405194e-08,
    -3.3128540168452014e-08,
    -3.27961159587685e-08,
    -3.2466983776897726e-08,
    -3.2141110502976606e-08,
    -3.181846333142217e-08,
    -3.1499009769073586e-08,
    -3.118271763341738e-08,
    -3.0869555047934056e-08,
    -3.055949043622528e-08,
    -3.025249251786902e-08,
    -2.9948530305782535e-08,
    -2.964757310278498e-08,
    -2.934959049518077e-08,
    -2.905455234433566e-08,
    -2.8762428779077056e-08,
    -2.8473190189421906e-08,
    -2.8186807223767292e-08,
    -2.7903250798241764e-08,
    -2.7622492116638365e-08,
    -2.7344502685204518e-08,
    -2.7069254316048322e-08,
    -2.6796719121668194e-08,
    -2.6526869504335e-08,
    -2.625967814923141e-08,
    -2.5995118025750162e-08,
    -2.573316239148201e-08,
    -2.5473784791991255e-08,
    -2.5216959055895814e-08,
    -2.496265928906263e-08,
    -2.471085986838482e-08,
    -2.4461535434494585e-08,
    -2.4214660886090695e-08,
    -2.397021137816704e-08,
    -2.372816232167434e-08,
    -2.3488489379624006e-08,
    -2.3251168460072836e-08,
    -2.3016175711021133e-08,
    -2.278348751816521e-08,
    -2.2553080503431513e-08,
    -2.2324931521041727e-08,
    -2.2099017648346653e-08,
    -2.187531617524123e-08,
    -2.1653804597242035e-08,
    -2.1434460611714628e-08,
    -2.1217262113921188e-08,
    -2.100218719295039e-08,
    -2.078921412941397e-08,
    -2.057832139105878e-08,
    -2.036948762414967e-08,
    -2.016269164321067e-08,
    -1.9957912419969587e-08,
    -1.9755129074772553e-08,
    -1.955432087989079e-08,
    -1.9355467286794633e-08,
    -1.9158547969442785e-08,
    -1.896354285256355e-08,
    -1.8770432115769393e-08,
    -1.85791961919455e-08,
    -1.8389815766641294e-08,
    -1.8202271773316067e-08,
    -1.8016545385425745e-08,
    -1.7832618006334184e-08,
    -1.7650471256961275e-08,
    -1.7470086968405937e-08,
    -1.729144718595035e-08,
    -1.7114534177874902e-08,
    -1.6939330440347028e-08,
    -1.676581869958136e-08,
    -1.659398190925982e-08,
    -1.6423803238035858e-08,
    -1.6255266053031063e-08,
    -1.6088353902261502e-08,
    -1.592305049607683e-08,
    -1.5759339701449584e-08,
    -1.5597205551588004e-08,
    -1.54366322489081e-08,
    -1.5277604150318602e-08,
    -1.5120105748202535e-08,
    -1.4964121655846176e-08,
    -1.4809636593883123e-08,
    -1.4656635379818571e-08,
    -1.4505102922695812e-08,
    -1.435502422535022e-08,
    -1.4206384394783194e-08,
    -1.4059168640805633e-08,
    -1.3913362251919943e-08,
    -1.376895056760485e-08,
    -1.3625918961380638e-08,
    -1.3484252831133589e-08,
    -1.3343937586150337e-08,
    -1.3204958644834233e-08,
    -1.3067301491358377e-08,
    -1.2930951779887125e-08,
    -1.2795895406028013e-08,
    -1.2662118525214827e-08,
    -1.2529607562747954e-08,
    -1.2398349226610629e-08,
    -1.2268330494174341e-08,
    -1.213953857927767e-08,
    -1.2011960918926994e-08,
    -1.1885585180864192e-08,
    -1.1760399274228264e-08,
    -1.1636391354887796e-08,
    -1.1513549807799746e-08,
    -1.1391863208324841e-08,
    -1.127132029368272e-08,
    -1.1151909959773776e-08,
    -1.1033621263671569e-08,
    -1.091644340812583e-08,
    -1.0800365722747042e-08,
    -1.068537766608664e-08,
    -1.0571468833859063e-08,
    -1.0458628951900968e-08,
    -1.0346847850169028e-08,
    -1.023611542653825e-08,
    -1.0126421631832795e-08,
    -1.0017756492738927e-08,
    -9.910110138471745e-09,
    -9.803472789208356e-09,
    -9.69783470823543e-09,
    -9.593186159270217e-09,
    -9.489517392107757e-09,
    -9.38681864079282e-09,
    -9.285080124774988e-09,
    -9.184292056637748e-09,
    -9.084444649856379e-09,
    -8.985528101909203e-09,
    -8.887532537144003e-09,
    -8.790447953879197e-09,
    -8.694264215300229e-09,
    -8.59897107232194e-09,
    -8.504558240881477e-09,
    -8.411015530085504e-09,
    -8.318332939638097e-09,
    -8.22650069277437e-09,
    -8.135509235234582e-09,
    -8.045349225948721e-09,
    -7.956011522898476e-09,
    -7.867487176858494e-09,
    -7.779767454794832e-09,
    -7.692843868409158e-09,
    -7.606708177717871e-09,
    -7.521352363579366e-09,
    -7.4367685721511975e-09,
    -7.352949089215575e-09,
    -7.2698863680533485e-09,
    -7.187573034936774e-09,
    -7.106001848675249e-09,
    -7.0251656637104615e-09,
    -6.9450574156450265e-09,
    -6.865670125424707e-09,
    -6.786996908389167e-09,
    -6.7090309642448995e-09,
    -6.6317655571784975e-09,
    -6.555194010120052e-09,
    -6.479309703648031e-09,
    -6.4041060648919134e-09,
    -6.329576546053813e-09,
    -6.2557145769361845e-09,
    -6.18251348546866e-09,
    -6.109966435928573e-09,
    -6.038066410448984e-09,
    -5.966806183131634e-09,
    -5.896178286832705e-09,
    -5.826175019878272e-09,
    -5.756788467544192e-09,
    -5.688010490076337e-09,
    -5.6198326634015316e-09,
    -5.552246255968934e-09,
    -5.48524239806281e-09,
    -5.418812376250373e-09,
    -5.352947797391362e-09,
    -5.287640567649528e-09,
    -5.22288283301887e-09,
    -5.158666986819327e-09,
    -5.094985729676344e-09,
    -5.031832099033323e-09,
    -4.969199425381449e-09,
    -4.9070812724130435e-09,
    -4.8454714296452915e-09,
    -4.784363939437505e-09,
    -4.723753117921289e-09,
    -4.663633547575535e-09,
    -4.6040000327965626e-09,
    -4.544847568672791e-09,
    -4.486171345405733e-09,
    -4.427966744920224e-09,
    -4.370229337378597e-09,
    -4.312954877198919e-09,
    -4.256139236973481e-09,
    -4.199778308662212e-09,
    -4.143867948729512e-09,
    -4.088403952729799e-09,
    -4.03338202083686e-09,
    -3.9787976977651495e-09,
    -3.924646318357462e-09,
    -3.870922990893068e-09,
    -3.817622553178855e-09,
    -3.7647394839683594e-09,
    -3.7122678683758568e-09,
    -3.660201462544083e-09,
    -3.6085337947324627e-09,
    -3.5572582087441726e-09,
    -3.5063678099895905e-09,
    -3.4558553896642466e-09,
    -3.405713398634943e-09,
    -3.3559339169300318e-09,
    -3.3065086610190206e-09,
    -3.257429204769046e-09,
    -3.2086873209636154e-09,
    -3.160275152600443e-09,
    -3.1121851754755667e-09,
    -3.0644101595547755e-09,
    -3.016943284340971e-09,
    -2.9697783063357175e-09,
    -2.922909621144296e-09,
    -2.8763322699179794e-09,
    -2.830041955324001e-09,
    -2.7840350065002813e-09,
    -2.7383082413718123e-09,
    -2.6928588345969856e-09,
    -2.6476843172413207e-09,
    -2.6027825869062996e-09,
    -2.558151815453667e-09,
    -2.513790366869099e-09,
    -2.469696789877729e-09,
    -2.4258698489777176e-09,
    -2.382308555737325e-09,
    -2.3390121077423568e-09,
    -2.2959797199315204e-09,
    -2.2532105326901212e-09,
    -2.2107036784574977e-09,
    -2.168458294784683e-09,
    -2.126473347544421e-09,
    -2.084747422781324e-09,
    -2.043278649791659e-09,
    -2.0020647450551117e-09,
    -1.961103125886451e-09,
    -1.9203910262687993e-09,
    -1.8799255014367626e-09,
    -1.8397033023457138e-09,
    -1.7997207001952377e-09,
    -1.7599733158178426e-09,
    -1.7204559821651717e-09,
    -1.6811626705540746e-09,
    -1.642086547414265e-09,
    -1.6032201563709302e-09,
    -1.5645556274327478e-09,
    -1.5260849879585832e-09,
    -1.4878006171527912e-09,
    -1.4496956158710945e-09,
    -1.4117639426974776e-09,
    -1.374000380421671e-09,
    -1.3364004986595437e-09,
    -1.2989606656179157e-09,
    -1.261678001732521e-09,
    -1.2245503489568874e-09,
    -1.1875763301753076e-09,
    -1.1507553500063813e-09,
    -1.1140875363220057e-09,
    -1.0775737165447823e-09,
    -1.0412153713715115e-09,
    -1.0050144881087156e-09,
    -9.689733518889915e-10,
    -9.330944514680252e-10,
    -8.973805800722174e-10,
    -8.618349756843094e-10,
    -8.264613822412785e-10,
    -7.912640308642503e-10,
    -7.562474828089336e-10,
    -7.214163555000361e-10,
    -6.867750900484958e-10,
    -6.523278187792329e-10,
    -6.180783691926016e-10,
    -5.84030402487614e-10,
    -5.501874933308104e-10,
    -5.165531126228812e-10,
    -4.831306670233691e-10,
    -4.4992353800470345e-10,
    -4.1693496904233293e-10,
    -3.841678409322481e-10,
    -3.516244684993891e-10,
    -3.1930641768829414e-10,
    -2.8721432153972216e-10,
    -2.553478046358035e-10,
    -2.2370545784568563e-10,
    -1.9228473050734036e-10,
    -1.6108190857572879e-10,
    -1.3009231423649879e-10,
    -9.931050380948765e-11,
    -6.873019209597468e-11,
    -3.834413133517212e-11,
    -8.144548768121664e-12,
    2.1875967245107776e-11,
    5.172390843880331e-11,
    8.14047589953032e-11,
    1.109229672321006e-10,
    1.4028185571064624e-10,
    1.694835974821266e-10,
    1.9852932647429846e-10,
    2.2741936330012026e-10,
    2.561535131826961e-10,
    2.847313252288113e-10,
    3.1315217915483125e-10,
    3.414152406824543e-10,
    3.695194606934533e-10,
    3.974636628063195e-10,
    4.252465869524666e-10,
    4.528668666081638e-10,
    4.803230504224635e-10,
    5.07613623877771e-10,
    5.347369866203755e-10,
    5.616914965022649e-10,
    5.884755581137164e-10,
    6.150876890179159e-10,
    6.415266746518752e-10,
    6.677917018145435e-10,
    6.938822049904575e-10,
    7.197976685580768e-10,
    7.455377396080558e-10,
    7.711024974056987e-10,
    7.964926141481555e-10,
    8.217094523768884e-10,
    8.467552571611387e-10,
    8.716333106701638e-10,
    8.963478684871101e-10,
    9.209040557971453e-10,
    9.453079766477226e-10,
    9.695667590634786e-10,
    9.936878830383158e-10,
    1.0176780670001404e-09,
    1.0415426654313254e-09,
    1.0652856072259467e-09,
    1.0889094365607225e-09,
    1.1124154379796156e-09,
    1.135803794933557e-09,
    1.159073552417505e-09,
    1.182222431790834e-09,
    1.2052468031835673e-09,
    1.228141867709493e-09,
    1.2509018203077163e-09,
    1.273519891313664e-09,
    1.2959884172601046e-09,
    1.318299062612735e-09,
    1.3404430393700137e-09,
    1.3624111295971991e-09,
    1.3841935444198e-09,
    1.4057798178861154e-09,
    1.4271588740037556e-09,
    1.4483191877559385e-09,
    1.4692489837537653e-09,
    1.4899365519429334e-09,
    1.5103705227964177e-09,
    1.5305398548560402e-09,
    1.550433738711722e-09,
    1.5700417238338865e-09,
    1.589353895852353e-09,
    1.6083608879075437e-09,
    1.6270538334666296e-09,
    1.6454243582308053e-09,
    1.663464689803764e-09,
    1.681167906495219e-09,
    1.6985281141664893e-09,
    1.7155404129371364e-09,
    1.7322007547922503e-09,
    1.7485058566394091e-09,
    1.7644532241302093e-09,
    1.7800411744876869e-09,
    1.7952687854990968e-09,
    1.8101358334588495e-09,
    1.824642722664223e-09,
    1.8387904057428513e-09,
    1.8525803752909607e-09,
    1.866014735333221e-09,
    1.8790962067975873e-09,
    1.891827818605725e-09,
    1.904212375434977e-09,
    1.9162521735113158e-09,
    1.927949051877613e-09,
    1.9393044576185e-09,
    1.9503194497028202e-09,
    1.9609947506309698e-09,
    1.971330820123179e-09,
    1.9813279672840688e-09,
    1.9909865297968986e-09,
    2.0003069979125477e-09,
    2.0092900347766878e-09,
    2.017936454212064e-09,
    2.026247180893445e-09,
    2.0342231955159265e-09,
    2.0418654762071406e-09,
    2.0491749809865995e-09,
    2.0561527018782147e-09,
    2.0627997481871165e-09,
    2.0691174047616904e-09,
    2.075107159349654e-09,
    2.080770703302066e-09,
    2.086109901459689e-09,
    2.091126770856835e-09,
    2.095823496587838e-09,
    2.1002024392741175e-09,
    2.1042661267459845e-09,
    2.108017296289001e-09,
    2.1114589824906306e-09,
    2.1145945591502265e-09,
    2.1174277155359167e-09,
    2.1199624219660063e-09,
    2.1222029094423995e-09,
    2.124153677746097e-09,
    2.125819534877862e-09,
    2.127205628420836e-09,
    2.1283174439717525e-09,
    2.12916077935153e-09,
    2.129741701999343e-09,
    2.1300664810885787e-09,
    2.1301414764168346e-09,
    2.129972985965261e-09,
    2.1295670963776326e-09,
    2.128929601471998e-09,
    2.1280660037243406e-09,
    2.1269815527602555e-09,
    2.1256812866328838e-09,
    2.124170053775361e-09,
    2.1224524995845992e-09,
    2.1205330538053373e-09,
    2.1184159483696235e-09,
    2.1161052389271893e-09,
    2.113604821061636e-09,
    2.1109184572580147e-09,
    2.1080497986786736e-09,
    2.1050023868226237e-09,
    2.1017796655677422e-09,
    2.0983850104386362e-09,
    2.0948217319269715e-09,
    2.0910930676923277e-09,
    2.0872022177333328e-09,
    2.0831523932231786e-09,
    2.078946826556787e-09,
    2.0745887614028895e-09,
    2.070081455185766e-09,
    2.0654281956317103e-09,
    2.060632315821528e-09,
    2.0556971886066237e-09,
    2.0506262076328306e-09,
    2.0454227827739375e-09,
    2.040090364084534e-09,
    2.034632476617615e-09,
    2.0290527281194108e-09,
    2.0233547844672896e-09,
    2.0175423443622306e-09,
    2.0116191345725913e-09,
    2.0055889241292315e-09,
    1.9994555402887258e-09,
    1.99322287495892e-09,
    1.9868948824243024e-09,
    1.9804755517891466e-09,
    1.973968833768276e-09,
    1.9673785513865e-09,
    1.9607083419232024e-09,
    1.9539616330148014e-09,
    1.9471416448374683e-09,
    1.9402514149344567e-09,
    1.9332938223491744e-09,
    1.926271593223208e-09,
    1.9191872911160403e-09,
    1.912043310178259e-09,
    1.904841894999135e-09,
    1.897585177887159e-09,
    1.8902751998159895e-09,
    1.8829139158898973e-09,
    1.875503205534215e-09,
    1.8680448838752083e-09,
    1.8605407044052352e-09,
    1.8529923599002521e-09,
    1.8454014968707424e-09,
    1.8377697406934636e-09,
    1.8300987113084072e-09,
    1.8223900245921714e-09,
    1.8146452880180947e-09,
    1.8068660940514094e-09,
    1.7990540153308868e-09,
    1.791210608907323e-09,
    1.7833374261655121e-09,
    1.7754360169610456e-09,
    1.7675079284090195e-09,
    1.7595547014280339e-09,
    1.7515778652092738e-09,
    1.743578938087024e-09,
    1.7355594351573422e-09,
    1.7275208717441568e-09,
    1.7194647592206737e-09,
    1.7113925899847677e-09,
    1.7033058014681375e-09,
    1.6952057304670992e-09,
    1.6870935905815924e-09,
    1.6789704803517564e-09,
    1.6708374025432938e-09,
    1.6626952819051243e-09,
    1.6545449811483637e-09,
    1.6463873140641771e-09,
    1.6382230520395692e-09,
    1.630052925395072e-09,
    1.621877624619372e-09,
    1.6136978068105629e-09,
    1.6055141073740772e-09,
    1.5973271494881806e-09,
    1.589137549335084e-09,
    1.5809459216723892e-09,
    1.5727528850461301e-09,
    1.5645590640245074e-09,
    1.5563650907881566e-09,
    1.5481716083088234e-09,
    1.5399792735671448e-09,
    1.531788759060009e-09,
    1.5236007535010351e-09,
    1.5154159629743665e-09,
    1.5072351113968893e-09,
    1.4990589390819127e-09,
    1.4908882006528774e-09,
    1.4827236642517652e-09,
    1.4745661120681497e-09,
    1.4664163404670676e-09,
    1.4582751585497348e-09,
    1.4501433858035756e-09,
    1.4420218503602104e-09,
    1.4339113881885665e-09,
    1.4258128422700097e-09,
    1.4177270613018555e-09,
    1.4096548982125366e-09,
    1.4015972086996927e-09,
    1.3935548497317425e-09,
    1.3855286781791656e-09,
    1.3775195500920971e-09,
    1.3695283206325523e-09,
    1.361555843977664e-09,
    1.3536029726797626e-09,
    1.3456705564036112e-09,
    1.3377594400440858e-09,
    1.3298704618615965e-09,
    1.3220044526580042e-09,
    1.3141622357025781e-09,
    1.3063446262666068e-09,
    1.2985524305094811e-09,
    1.290786444012946e-09,
    1.2830474499511172e-09,
    1.27533621748721e-09,
    1.26765350116937e-09,
    1.2600000401940284e-09,
    1.252376556263629e-09,
    1.2447837510653336e-09,
    1.2372223048343517e-09,
    1.229692875593216e-09,
    1.22219609767026e-09,
    1.214732579489494e-09,
    1.2073029021954904e-09,
    1.1999076202131539e-09,
    1.1925472621099502e-09,
    1.185222329560202e-09,
    1.1779332962480302e-09,
    1.1706806085713838e-09,
    1.1634646861583942e-09,
    1.1562859217754129e-09,
    1.1491446822688518e-09,
    1.1420413101653118e-09,
    1.1349761247713002e-09,
    1.1279494223890725e-09,
    1.1209614763089977e-09,
    1.1140125384416195e-09,
    1.1071028430033785e-09,
    1.100232609891684e-09,
    1.0934020462715312e-09,
    1.0866113470474585e-09,
    1.0798606943954554e-09,
    1.0731502575229149e-09,
    1.066480192027127e-09,
    1.0598506317120063e-09,
    1.05326167387171e-09,
    1.0467133717306268e-09,
    1.0402057366334557e-09,
    1.0337387402218345e-09,
    1.0273123150286944e-09,
    1.0209263585106764e-09,
    1.014580738884401e-09,
    1.0082752967128621e-09,
    1.0020098429022708e-09,
    9.957841597069392e-10,
    9.895980067850476e-10,
    9.834511278032327e-10,
    9.773432538910827e-10,
    9.71274104940877e-10,
    9.652433911874538e-10,
    9.592508150544659e-10,
    9.53296072373531e-10,
    9.473788540809168e-10,
    9.414988486264318e-10,
    9.356557441983785e-10,
    9.298492312691425e-10,
    9.240790049280355e-10,
    9.183447662229787e-10,
    9.12646223566305e-10,
    9.069830949442054e-10,
    9.013551101548336e-10,
    8.957620118746591e-10,
    8.902035560923887e-10,
    8.846795133770873e-10,
    8.791896702691701e-10,
    8.737338289438894e-10,
    8.683118059003919e-10,
    8.629234320133523e-10,
    8.575685537023323e-10,
    8.522470331550437e-10,
    8.469587474004054e-10,
    8.417035871622969e-10,
    8.364814557237017e-10,
    8.312922684862365e-10,
    8.261359532304412e-10,
    8.210124504049687e-10,
    8.159217143953443e-10,
    8.108637158136563e-10,
    8.058384415507842e-10,
    8.008458886975681e-10,
    7.958860542375855e-10,
    7.909589280495201e-10,
    7.86064491766174e-10,
    7.812027188198744e-10,
    7.763735725291306e-10,
    7.715770039330199e-10,
    7.668129511416854e-10,
    7.620813400181565e-10,
    7.573820854718384e-10,
    7.527150918343254e-10,
    7.480802523040514e-10,
    7.43477448734263e-10,
    7.38906552288779e-10,
    7.343674249666671e-10,
    7.298599201765171e-10,
    7.253838833904704e-10,
    7.209391554518528e-10,
    7.165255746429341e-10,
    7.12142975191189e-10,
    7.077911855838736e-10,
    7.034700279792254e-10,
    6.991793194402878e-10,
    6.949188754481411e-10,
    6.906885131300553e-10,
    6.864880527002661e-10,
    6.823173176516539e-10,
    6.781761351911633e-10,
    6.740643381249622e-10,
    6.699817662324361e-10,
    6.65928265466547e-10,
    6.619036871760832e-10,
    6.579078899325468e-10,
    6.539407436441221e-10,
    6.50002133576745e-10,
    6.460919622304778e-10,
    6.422101496029581e-10,
    6.383566319067137e-10,
    6.345313551389454e-10,
    6.307342651338507e-10,
    6.269653020310034e-10,
    6.232243999936752e-10,
    6.195114867062923e-10,
    6.158264813076724e-10,
    6.121692934522725e-10,
    6.085398247996465e-10,
    6.049379719877666e-10,
    6.013636303827525e-10,
    5.978166977204208e-10,
    5.942970759292184e-10,
    5.908046713911484e-10,
    5.873393949606175e-10,
    5.83901161117993e-10,
    5.804898871141654e-10,
    5.771054942133711e-10,
    5.737479093260605e-10,
    5.704170651426253e-10,
    5.671129000480743e-10,
    5.638353588691766e-10,
    5.60584394242798e-10,
    5.573599675688456e-10,
    5.54162048932688e-10,
    5.509906176713657e-10,
    5.478456640092702e-10,
    5.447271888525743e-10,
    5.416352017334311e-10,
    5.3856972107683e-10,
    5.355307774490131e-10,
    5.325184156224097e-10,
    5.295326939739911e-10,
    5.265736839410974e-10,
    5.236414695090507e-10,
    5.207361438923208e-10,
    5.178578041793469e-10,
    5.15006547594436e-10,
    5.121824707532253e-10,
    5.093856695478091e-10,
    5.066162376609545e-10,
    5.038742659657877e-10,
    5.011598449197743e-10,
    4.984730677396243e-10,
    4.958140325307742e-10,
    4.931828440470624e-10,
    4.905796148096582e-10,
    4.880044655648308e-10,
    4.854575257812933e-10,
    4.829389334322976e-10,
    4.804488335154317e-10,
    4.779873733787072e-10,
    4.755546936342983e-10,
    4.731509205280502e-10,
    4.707761643694839e-10,
    4.684305200428676e-10,
    4.661140656701246e-10,
    4.6382686129731824e-10,
    4.615689495385031e-10,
    4.593403565742435e-10,
    4.5714109324974787e-10,
    4.549711579545609e-10,
    4.528305404525683e-10,
    4.507192252490669e-10,
    4.4863719389711753e-10,
    4.46584423925074e-10,
    4.445608860656602e-10,
    4.425665452075511e-10,
    4.406013636514236e-10,
    4.386653032385792e-10,
    4.367583277787505e-10,
    4.3488040663045627e-10,
    4.3303151770206067e-10,
    4.312116484289103e-10,
    4.294207958752028e-10,
    4.2765896710690015e-10,
    4.25926178959231e-10,
    4.2422245836121377e-10,
    4.225478446865011e-10,
    4.2090239151244667e-10,
    4.1928616661203143e-10,
    4.176992531305777e-10,
    4.1614175227502106e-10,
    4.1461378639068415e-10,
    4.1311550340421867e-10,
    4.1164708084721543e-10,
    4.1020872633989216e-10,
    4.0880067661037805e-10,
    4.074231998149087e-10,
    4.0607659833433433e-10,
    4.047612022924615e-10,
    4.0347735514612067e-10,
    4.0222540381501887e-10,
    4.010056967951955e-10,
    3.998185844877866e-10,
    3.9866441676506794e-10,
    3.975435371444251e-10,
    3.9645627993642297e-10,
    3.9540297339401697e-10,
    3.9438394426945387e-10,
    3.933995237139316e-10,
    3.9245005459493473e-10,
    3.9153589413541215e-10,
    3.906574090488058e-10,
    3.8981496738017996e-10,
    3.89008934400581e-10,
    3.882396760606519e-10,
    3.8750756323902936e-10,
    3.868129685400737e-10,
    3.861562608019421e-10,
    3.8553780697887063e-10,
    3.849579788330179e-10,
    3.8441715689466624e-10,
    3.839157307431685e-10,
    3.834540988217845e-10,
    3.830326689372202e-10,
    3.8265185680252826e-10,
    3.8231208171187613e-10,
    3.8201376548309765e-10,
    3.817573394832923e-10,
    3.8154325318711316e-10,
    3.813719783870439e-10,
    3.8124401327447934e-10,
    3.8115988955117545e-10,
    3.8112018221074694e-10,
    3.811255196064289e-10,
    3.8117659015382874e-10,
    3.8127414907968293e-10,
    3.8141902896846083e-10,
    3.816121419970804e-10,
    3.818544497465365e-10,
    3.82146906732005e-10,
    3.8249042384267074e-10,
    3.828858676489875e-10,
    3.8333406798554373e-10,
    3.8383581811622145e-10,
    3.843918727816709e-10,
    3.850029518299002e-10,
    3.85669744379784e-10,
    3.863929036169999e-10,
    3.871730369108433e-10,
    3.8801070122087273e-10,
    3.889064110837026e-10,
    3.898606575462618e-10,
    3.9087391914818466e-10,
    3.9194665011397013e-10,
    3.9307926066178354e-10,
    3.9427211186563165e-10,
    3.955255192616148e-10,
    3.9683975524983294e-10,
    3.982150540053875e-10,
    3.9965161701434073e-10,
    4.011496216439114e-10,
    4.027092327423077e-10,
    4.043306021846764e-10,
    4.060138620882818e-10,
    4.0775913362346395e-10,
    4.0956655061572874e-10,
    4.11436287829642e-10,
    4.133685819480462e-10,
    4.153637318870039e-10,
    4.174220865137927e-10,
    4.195440391659743e-10,
    4.2173003778416525e-10,
    4.239806013415276e-10,
    4.2629633229283e-10,
    4.2867793646204025e-10,
    4.311262599732848e-10,
    4.336423108551628e-10,
    4.3622719935677757e-10,
    4.3888200357996077e-10,
    4.4160765788707503e-10,
    4.4440490097890895e-10,
    4.472742580934197e-10,
    4.5021605170549314e-10,
    4.5323042523453727e-10,
    4.5631736246915265e-10,
    4.594767057321679e-10,
    4.6270817614426415e-10,
    4.660113837495128e-10,
    4.693858102899236e-10,
    4.728307833648022e-10,
    4.76345491788155e-10,
    4.799290489321925e-10,
    4.835805246627658e-10,
    4.872989006596526e-10,
    4.910830243315937e-10,
    4.949316052845267e-10,
    4.988432162447871e-10,
    5.028162946465272e-10,
    5.068491631797747e-10,
    5.109400512530944e-10,
    5.150871128109008e-10,
    5.1928847331779e-10,
    5.235422922184197e-10,
    5.278467935913211e-10,
    5.322002834637641e-10,
    5.366011920042624e-10,
    5.410481120610857e-10,
    5.455397948748422e-10,
    5.50075126365087e-10,
    5.546531281508008e-10,
    5.59272989349531e-10,
    5.639340999446228e-10,
    5.686360654508651e-10,
    5.73378712612144e-10,
    5.78162090785268e-10,
    5.829864798776592e-10,
    5.878524329117252e-10,
    5.92760781913505e-10,
    5.977124848438153e-10,
    6.027083883150621e-10,
    6.077490682763134e-10,
    6.128347612360562e-10,
    6.17965340768408e-10,
    6.231403187254189e-10,
    6.283588729943097e-10,
    6.336199090128167e-10,
    6.38922098985051e-10,
    6.44263840631442e-10,
    6.496431906786422e-10,
    6.550578817297724e-10,
    6.605054240132048e-10,
    6.659831896776444e-10,
    6.714884337969519e-10,
    6.770183029559483e-10,
    6.825698763180441e-10,
    6.881402196499797e-10,
    6.937264071091636e-10,
    6.993255109038581e-10,
    7.049345847842561e-10,
    7.105506479284833e-10,
    7.161707007682794e-10,
    7.217917848598316e-10,
    7.274110169826919e-10,
    7.33025566522619e-10,
    7.386326518128315e-10,
    7.442295986318681e-10,
    7.498138796652259e-10,
    7.553830858586737e-10,
    7.609349103303171e-10,
    7.664671755078768e-10,
    7.719778420866433e-10,
    7.774650119255302e-10,
    7.829269793674962e-10,
    7.88362306668784e-10,
    7.937698757768276e-10,
    7.991488570160756e-10,
    8.044985041468576e-10,
    8.098178592349956e-10,
    8.151055904168327e-10,
    8.203599936691777e-10,
    8.255790442552597e-10,
    8.307604372824045e-10,
    8.359016111862521e-10,
    8.40999794864051e-10,
    8.460521003293401e-10,
    8.510555902247488e-10,
    8.560072698614717e-10,
    8.609040628902106e-10,
    8.657428053733876e-10,
    8.705202408900551e-10,
    8.752330632012219e-10,
    8.798780038193402e-10,
    8.844518639371907e-10,
    8.889514934702077e-10,
    8.933737954685086e-10,
    8.977157496936811e-10,
    9.019744156583565e-10,
    9.061469257280121e-10,
    9.102305050595937e-10,
    9.142225332011675e-10,
    9.18120613355381e-10,
    9.219225817454725e-10,
    9.256264538578278e-10,
    9.292303975472662e-10,
    9.327327670766543e-10,
    9.361321235784798e-10,
    9.394272082971744e-10,
    9.426169244697698e-10,
    9.457003532667416e-10,
    9.486767724468242e-10,
    9.515456701115604e-10,
    9.543067646240894e-10,
    9.569600107025084e-10,
    9.5950558594113e-10,
    9.619438886381479e-10,
    9.64275546753877e-10,
    9.665014245826797e-10,
    9.686226369942954e-10,
    9.706405744778113e-10,
    9.725569266897836e-10,
    9.743736772529595e-10,
    9.760930578750117e-10,
    9.777174674453086e-10,
    9.792493669698436e-10,
    9.80691195461478e-10,
    9.820453278081662e-10,
    9.833140589105313e-10,
    9.844996172442025e-10,
    9.85604188897786e-10,
    9.866299329366221e-10,
    9.875790066318518e-10,
    9.88453594085395e-10,
    9.892559065351827e-10,
    9.899881604854608e-10,
    9.906525748701433e-10,
    9.91251393853829e-10,
    9.91786891098624e-10,
    9.922613302905333e-10,
    9.926769140606913e-10,
    9.93035756917419e-10,
    9.93339870277856e-10,
    9.935911381698215e-10,
    9.937913001230368e-10,
    9.9394195439738e-10,
    9.94044553798506e-10,
    9.941003915260738e-10,
    9.941105933861734e-10,
    9.940760958602856e-10,
    9.939976228038342e-10,
    9.938756965678142e-10,
    9.93710672868019e-10,
    9.935027829297684e-10,
    9.932521656919667e-10,
    9.929588691346719e-10,
    9.926228337761877e-10,
    9.922438957282595e-10,
    9.918218320578337e-10,
    9.913564173613025e-10,
    9.908474399094422e-10,
    9.902946809241957e-10,
    9.896979014313965e-10,
    9.890568663978148e-10,
    9.883713975536983e-10,
    9.876414182164148e-10,
    9.86866950611531e-10,
    9.860480511436464e-10,
    9.851847320795998e-10,
    9.842769318327409e-10,
    9.833245274645185e-10,
    9.82327362464251e-10,
    9.812852823047168e-10,
    9.801981613495092e-10,
    9.790659147613047e-10,
    9.778885110453805e-10,
    9.766659927310623e-10,
    9.753984935191178e-10,
    9.740862388524456e-10,
    9.727295343030672e-10,
    9.7132876235649e-10,
    9.698843937891248e-10,
    9.683969937491183e-10,
    9.66867215076797e-10,
    9.65295795546859e-10,
    9.636835630740468e-10,
    9.620314290543851e-10,
    9.603403659858672e-10,
    9.586113923483933e-10,
    9.568455708095809e-10,
    9.550440087899625e-10,
    9.532078616702407e-10,
    9.51338342494503e-10,
    9.494367338254155e-10,
    9.47504392990656e-10,
    9.455427533712013e-10
]