[
    0.0,
    0.0,
    -0.010839502973687156,
    -0.011826759110550191,
    -0.012773343578592966,
    -0.013680530035127165,
    -0.014549554986401706,
    -0.015381618846781084,
    -0.01617788696796169,
    -0.016939490639071415,
    -0.017667528058474005,
    -0.018363065278076383,
    -0.019027137120914788,
    -0.019660748072773723,
    -0.02026487314857045,
    -0.0208404587342165,
    -0.021388423404648145,
    -0.021909658718698738,
    -0.02240502999146615,
    -0.02287537704481045,
    -0.023321514936598873,
    -0.023744234669298182,
    -0.024144303878497177,
    -0.024522467501925743,
    -0.024879448429520883,
    -0.025215948135074887,
    -0.025532647289985277,
    -0.025830206359611772,
    -0.026109266182730947,
    -0.026370448534566104,
    -0.026614356673855904,
    -0.026841575874412472,
    -0.027052673941606955,
    -0.027248201714207866,
    -0.027428693551986023,
    -0.027594667809487935,
    -0.027746627296368186,
    -0.02788505972466042,
    -0.028010438143355604,
    -0.02812322136064615,
    -0.02822385435418445,
    -0.028312768669694427,
    -0.02839038280826479,
    -0.02845710260264353,
    -0.028513321582844635,
    -0.02855942133136883,
    -0.028595771828331975,
    -0.028622731786786124,
    -0.02864064897851041,
    -0.028649860550541046,
    -0.028650693332702138,
    -0.028643464136391586,
    -0.028628480044869377,
    -0.02860603869528839,
    -0.02857642855270119,
    -0.028539929176269605,
    -0.028496811477897323,
    -0.02844733797349972,
    -0.028391763027119172,
    -0.02833033308808809,
    -0.02826328692143642,
    -0.028190855831734585,
    -0.028113263880557585,
    -0.02803072809775051,
    -0.027943458686670926,
    -0.0278516592235785,
    -0.027755526851337434,
    -0.02765525246759255,
    -0.02755102090757556,
    -0.027443011121693478,
    -0.02733139634804667,
    -0.027216344280019903,
    -0.027098017229086096,
    -0.026976572282958168,
    -0.02685216145922082,
    -0.026724931854570123,
    -0.02659502578978535,
    -0.0264625809505537,
    -0.026327730524265444,
    -0.026190603332893733,
    -0.02605132396207001,
    -0.025910012886462996,
    -0.02576678659156588,
    -0.025621757691993173,
    -0.025475035046386183,
    -0.025326723869023238,
    -0.025176925838228115,
    -0.02502573920166741,
    -0.024873258878625168,
    -0.02471957655934038,
    -0.024564780801490677,
    -0.02440895712390321,
    -0.024252188097571296,
    -0.024094553434053364,
    -0.02393613007132871,
    -0.023776992257182352,
    -0.0236172116301887,
    -0.02345685729836172,
    -0.02329599591553796,
    -0.02313469175555726,
    -0.02297300678430379,
    -0.022811000729668105,
    -0.022648731149489162,
    -0.022486253497533283,
    -0.022323621187566006,
    -0.022160885655571165,
    -0.02199809642017018,
    -0.021835301141293166,
    -0.021672545677151583,
    -0.021509874139560025,
    -0.02134732894765334,
    -0.02118495088004487,
    -0.021022779125470757,
    -0.020860851331963744,
    -0.020699203654597688,
    -0.020537870801843414,
    -0.02037688608057571,
    -0.020216281439769623,
    -0.02005608751292338,
    -0.019896333659244567,
    -0.01973704800363415,
    -0.019578257475501064,
    -0.019419987846440806,
    -0.0192622637668131,
    -0.019105108801253757,
    -0.018948545463149433,
    -0.018792595248099397,
    -0.018637278666394475,
    -0.01848261527454502,
    -0.018328623705878407,
    -0.018175321700225663,
    -0.018022726132728664,
    -0.017870853041803254,
    -0.017719717656282895,
    -0.017569334421753156,
    -0.01741971702608882,
    -0.01727087842420394,
    -0.0171228308620165,
    -0.016975585899634334,
    -0.016829154433781874,
    -0.016683546719530564,
    -0.0165387723913722,
    -0.016394840483567208,
    -0.016251759449755345,
    -0.016109537181755326,
    -0.015968181027286883,
    -0.0158276978068787,
    -0.015688093830692293,
    -0.015549374914694854,
    -0.015411546395361506,
    -0.015274613145496593,
    -0.015138579593860283,
    -0.015003449744220215,
    -0.014869227181998755,
    -0.014735915050356992,
    -0.01460351595488859,
    -0.014472031594936544,
    -0.014341460230187284,
    -0.014166362441823222,
    -0.013903031734328598,
    -0.013600316094349007,
    -0.01330523390991353,
    -0.013017585341322345,
    -0.012737170859608295,
    -0.012463795746851126,
    -0.012197270473091326,
    -0.01193741065078948,
    -0.011684036924922711,
    -0.011436974848177604,
    -0.011196054702437775,
    -0.010961111173955047,
    -0.01073198260551566,
    -0.010508508236899812,
    -0.010267207161778358,
    -0.009969842031440967,
    -0.009626286315621168,
    -0.00927736360593611,
    -0.008939035431672798,
    -0.008611000385094363,
    -0.008292962203374232,
    -0.007984632267000382,
    -0.007685729878762885,
    -0.007395982148687537,
    -0.0071151237035780735,
    -0.006842895956402134,
    -0.00657903950901057,
    -0.006297519497242414,
    -0.0059733042355011095,
    -0.0056338884832498985,
    -0.005305729600544972,
    -0.004988497861371805,
    -0.004681869749167191,
    -0.0043855303589255944,
    -0.004099173608703623,
    -0.0038225020165039,
    -0.0035552263514269213,
    -0.0032970647553547798,
    -0.003047729023912621,
    -0.0027809733348055014,
    -0.002471575803040071,
    -0.0021472147776507495,
    -0.0018345173405137864,
    -0.0015331337985034093,
    -0.001242721861389662,
    -0.0009629484932043772,
    -0.000693490009428906,
    -0.0004340318701010376,
    -0.00018426839170795502,
    5.6097707482603184e-05,
    0.00028735684938999584,
    0.0005653661814704467,
    0.0009438664101324506,
    0.0013633869176150357,
    0.0017666705081904577,
    0.0021542036870546583,
    0.0025264717519360726,
    0.002883947182501778,
    0.0032270891195405505,
    0.0035563435373197547,
    0.0038721435780321224,
    0.00417490997880583,
    0.004465051719861419,
    0.004742968099235377,
    0.005059718988117067,
    0.005464426498917989,
    0.00590298511757671,
    0.006323310246228175,
    0.006725963320207019,
    0.007111498295961902,
    0.007480454042521938,
    0.007833353967657882,
    0.00817070632098285,
    0.008493004611825321,
    0.008800728018608196,
    0.009094341815487465,
    0.009374297879910577,
    0.009641035425598347,
    0.009894983007112789,
    0.010196809933579713,
    0.010604883227491427,
    0.011054824542472096,
    0.01148465924679397,
    0.01189501494168872,
    0.012286511654834267,
    0.012659752426665156,
    0.01301532304986678,
    0.013353792343816182,
    0.013675712564550337,
    0.013981619939092724,
    0.01427203550805556,
    0.01454746755903645,
    0.0148529413497135,
    0.01525349335896689,
    0.015722609571259125,
    0.01619130587011555,
    0.016637736449395507,
    0.01706261567806939,
    0.017466638965532355,
    0.017850481623243278,
    0.018214799069425695,
    0.018560227440194622,
    0.01888738429509615,
    0.01919686916663084,
    0.019489264064858087,
    0.01976513416678946,
    0.02002502917824838,
    0.020269487700943917,
    0.020507476352737385,
    0.020802654067174093,
    0.021199367024909783,
    0.02163017947833344,
    0.022038636480621706,
    0.022425464650488974,
    0.022791372642944237,
    0.023137048955286395,
    0.023463161967618988,
    0.023770360405173566,
    0.024059274004854993,
    0.024330514573714854,
    0.024584682645024628,
    0.02485959431103138,
    0.025191616631392647,
    0.025541255944295533,
    0.025870511532242204,
    0.02618006011918059,
    0.026470559773910995,
    0.026742649399209326,
    0.026996949127816673,
    0.027234060766957682,
    0.027454568262114207,
    0.027659038137300418,
    0.027848019915406936,
    0.02802204662299372,
    0.02818163536773828,
    0.028327287929263305,
    0.028459491624758783,
    0.02857872294693199,
    0.02876340830515281,
    0.029088990314257886,
    0.029472088333473055,
    0.029832444593608683,
    0.030170807309220043,
    0.03048791205941952,
    0.0307844737811037,
    0.031061186438762427,
    0.031318723453081114,
    0.031557738284413675,
    0.031778865114026264,
    0.031982719773136,
    0.03216990206851281,
    0.03238694692129589,
    0.032719394703729206,
    0.03315761445689418,
    0.03361075466103301,
    0.03403734052674613,
    0.03443825035955664,
    0.03481434097173999,
    0.03516644518643093,
    0.03549537158563833,
    0.03580190481241242,
    0.03608680615648906,
    0.03635081436723283,
    0.036594647084138496,
    0.036819038845303874,
    0.03705444434650612,
    0.03733008901354485,
    0.03761459449657633,
    0.037877799682291706,
    0.038120432850305044,
    0.038343202935005274,
    0.038546798498334506,
    0.03873188790333884,
    0.0388991198832359,
    0.03904912509953885,
    0.039182526824860085,
    0.03937263845336747,
    0.03968997386595857,
    0.04005692246177866,
    0.04039877980685572,
    0.040716383478882685,
    0.041010559784854975,
    0.04128211192331006,
    0.041531819461263886,
    0.04176043881066267,
    0.041968703854933564,
    0.04215732669613714,
    0.042326999100863204,
    0.04248098864485474,
    0.042675826372876695,
    0.04296070014530027,
    0.04327614282251776,
    0.04356752331175681,
    0.04383566872255091,
    0.044081382477575495,
    0.04430544417839121,
    0.0445086101448708,
    0.04469161402284065,
    0.044855167400223654,
    0.044999960439729744,
    0.04512666254245155,
    0.04523592308618785,
    0.045328372351688656,
    0.04540462347265536,
    0.04552186275441043,
    0.04578009133989339,
    0.04616230632773718,
    0.04656212835797041,
    0.046933782985351544,
    0.04727822783901729,
    0.04759639707604049,
    0.04788920894562852,
    0.048176452169489827,
    0.048477156193389256,
    0.0487718272361488,
    0.04904169994362436,
    0.049287623025494845,
    0.04951043004913787,
    0.04971093162885987,
    0.04988991482459491,
    0.050048143304849566,
    0.050186357843023055,
    0.05030527695241493,
    0.05040559755754702,
    0.050487995774719206,
    0.050553128099646696,
    0.0506016350398164,
    0.05069679734554003,
    0.05091516340225108,
    0.05120503205621178,
    0.0514852758644667,
    0.05174049362829451,
    0.05197155592546668,
    0.05217931063344918,
    0.05236458094380876,
    0.052528165501317316,
    0.05267083889738159,
    0.052793352334737496,
    0.052896434336542286,
    0.0529807915546812,
    0.05304711026865045,
    0.053107196104387015,
    0.0532437251243966,
    0.05351394340602504,
    0.05383025910762479,
    0.054119520286357414,
    0.05438266800283011,
    0.05462061615219928,
    0.0548342513688608,
    0.05502443364436948,
    0.05519199704531948,
    0.055337750440901896,
    0.055462478220046976,
    0.055566940992658284,
    0.055651876273127586,
    0.05571799914565475,
    0.055766002911395704,
    0.05579655971769683,
    0.05581032116978505,
    0.05580791892524918,
    0.055789965271656486,
    0.055757053687740026,
    0.0557097593886373,
    0.05564863985564111,
    0.05557423535089734,
    0.055487069417470045,
    0.055387649365182756,
    0.05527646674263666,
    0.0551539977957939,
    0.055020703913500495,
    0.05487703206031868,
    0.05472341519703214,
    0.05456027268917145,
    0.05438801070389433,
    0.054207022595548056,
    0.05401768928023404,
    0.05382037959968593,
    0.053615450674764094,
    0.05340324824886007,
    0.05318410702149647,
    0.05295835097239995,
    0.05272629367631685,
    0.052488238608833164,
    0.05224447944345297,
    0.051995300340183376,
    0.05174097622586695,
    0.05148177306649528,
    0.05121794813173039,
    0.05094975025185422,
    0.050677420067360965,
    0.0504011902714008,
    0.0501212858452775,
    0.04983792428719661,
    0.04955131583445536,
    0.04926166367926031,
    0.048969164178353466,
    0.048674007056622115,
    0.04837637560486316,
    0.04807644687186772,
    0.047774391850987204,
    0.04747037566133733,
    0.047164557723791946,
    0.046857091931914605,
    0.046548126817971526,
    0.0462378057141656,
    0.04592626690922689,
    0.045613643800491516,
    0.045300065041597094,
    0.04498565468591917,
    0.04467053232586951,
    0.04435481322817401,
    0.044038608465244024,
    0.043722025042752515,
    0.04340516602352261,
    0.04308813064783362,
    0.04277101445024621,
    0.04245390937304565,
    0.04213690387639943,
    0.04182008304532261,
    0.0415035286935417,
    0.0411873194643454,
    0.04087153092850783,
    0.040556235679367614,
    0.04024150342514392,
    0.03992740107856797,
    0.0396139928439065,
    0.03930134030145152,
    0.0389895024895485,
    0.038678535984233195,
    0.03836849497654524,
    0.038059431347584834,
    0.03775139474137676,
    0.03744443263560435,
    0.03713859041027415,
    0.036833911414370354,
    0.03653043703055638,
    0.03622820673797931,
    0.03592725817323143,
    0.03562762718952153,
    0.03532934791410699,
    0.03503245280403656,
    0.034736972700251986,
    0.03444293688009548,
    0.03415037310826857,
    0.033859307686286734,
    0.03356976550047282,
    0.033281770068531114,
    0.0329953435847427,
    0.03271050696382165,
    0.03242727988347033,
    0.03214568082567125,
    0.031865727116751584,
    0.03158743496625556,
    0.031310819504659096,
    0.03103589481995967,
    0.030762673993173992,
    0.030491169132774616,
    0.030221391408096168,
    0.02995335108174072,
    0.02968705754101108,
    0.029422519328400093,
    0.029159744171162988,
    0.028898739009999286,
    0.028639510026869874,
    0.028382062671974156,
    0.028126401689911543,
    0.02787253114505076,
    0.027620454446129903,
    0.02737017437010941,
    0.02712169308529952,
    0.026875012173783238,
    0.026630132653155142,
    0.026387054997595846,
    0.026145779158301328,
    0.025906304583285807,
    0.025668630236576347,
    0.025432754616816773,
    0.025198675775298145,
    0.024966391333432335,
    0.02473589849968491,
    0.024507194085983057,
    0.024280274523613785,
    0.024055135878627246,
    0.023831773866759585,
    0.023610183867889316,
    0.02339036094004082,
    0.0231722998329482,
    0.02295599500119229,
    0.022741440616923295,
    0.022528630582181207,
    0.022317558540825684,
    0.02210821789008692,
    0.021900601791748506,
    0.021694703182973247,
    0.021490514786782232,
    0.021288029122197454,
    0.0210872385140578,
    0.02088813510251806,
    0.02069071085224026,
    0.020494957561286435,
    0.020300866869721587,
    0.02010843026793539,
    0.019917639104690972,
    0.01972848459490888,
    0.019540957827194002,
    0.019355049771113138,
    0.019170751284230528,
    0.01898805311890858,
    0.018806945928880745,
    0.01862742027560334,
    0.01844946663439291,
    0.018273075400355537,
    0.018098236894114245,
    0.017924941367340623,
    0.01775317900809654,
    0.017582939945991617,
    0.017414214257161952,
    0.01724699196907542,
    0.017081263065168807,
    0.016917017489322003,
    0.01675424515017427,
    0.01659293592528703,
    0.0164330796651578,
    0.016274666197089914,
    0.01611768532892259,
    0.01596212685262559,
    0.015807980547762415,
    0.01565523618482631,
    0.015503883528453066,
    0.01535391234051417,
    0.015205312383093928,
    0.01505807342135437,
    0.01491218522629174,
    0.01476763757738824,
    0.01462442026516222,
    0.014482523093619857,
    0.01434193588261216,
    0.014202648470101603,
    0.014064650714342177,
    0.013927932495976379,
    0.013792483720053766,
    0.013658294317977387,
    0.013525354249384575,
    0.013393653503966707,
    0.013263182103231439,
    0.01313393010222055,
    0.013005887591211228,
    0.01287904469745543,
    0.012753391587052076,
    0.012628918467066059,
    0.012505615588108938,
    0.012383473247913484,
    0.0122624817971297,
    0.012142631650405938,
    0.012023913312737538,
    0.011906317466398378,
    0.011789835382743944,
    0.011674461722031062,
    0.011653475515187098,
    0.011904869114438825,
    0.01241325433350622,
    0.012987204323928612,
    0.01353580000848919,
    0.014059845468608534,
    0.014560122435858448,
    0.015037389877309121,
    0.01549238455550694,
    0.015925821666716636,
    0.016338395407550006,
    0.016730779575557346,
    0.01710362820825946,
    0.01745757621414948,
    0.017793240016985647,
    0.018111218306127785,
    0.018412092753473382,
    0.018696428626736313,
    0.0189647774764906,
    0.019217688080900658,
    0.019473151011837532,
    0.0197484579242501,
    0.020025322506990302,
    0.020397746861191265,
    0.020973617363418316,
    0.02163348277462101,
    0.02226235727282151,
    0.022861228639663337,
    0.023462549033555033,
    0.024097528350864796,
    0.024733242082653983,
    0.025417255039275322,
    0.026226782589052217,
    0.027077591183318643,
    0.02788862427653814,
    0.028661154473575753,
    0.02939642104690011,
    0.030095627506526945,
    0.030759942176179805,
    0.03139049909909675,
    0.03198839898243231,
    0.03255471016690433,
    0.03309046975074481,
    0.03359668503516756,
    0.03407433521955798,
    0.03452437482410883,
    0.03496612342495991,
    0.0354181650767956,
    0.03586158626632612,
    0.03627818985913657,
    0.036668870152891185,
    0.03703449746434046,
    0.03737591714682111,
    0.03769395023513937,
    0.03798939250254803,
    0.038263016675732495,
    0.03851558202239054,
    0.038755441545448625,
    0.03902286231809333,
    0.03934134948079288,
    0.039669027046970215,
    0.03997321769681067,
    0.040260533662621785,
    0.04053732904962997,
    0.040798105823573884,
    0.041037584876209086,
    0.04125650200941729,
    0.04145557322648465,
    0.0416354934000388,
    0.04179693654641582,
    0.04194055636750399,
    0.04206698686720737,
    0.04217684292934027,
    0.042270720851035906,
    0.04234919886933555,
    0.04241283767835521,
    0.04246218092974488,
    0.042497755720710774,
    0.04252007307124629,
    0.04252962838915726,
    0.04252690192466801,
    0.04251235921733242,
    0.042486451538541595,
    0.042449616336047345,
    0.042402277683603974,
    0.042344846736530335,
    0.04227772217473515,
    0.04220129069879243,
    0.042115928042822784,
    0.04202200359673538,
    0.04195634186981843,
    0.04198029560265658,
    0.04207995286735847,
    0.04219004356010596,
    0.042351907401818906,
    0.04263122624692313,
    0.04295576053325835,
    0.0432559977545836,
    0.04370937625163138,
    0.04448658242025035,
    0.04539854693702399,
    0.046263304289672486,
    0.04708238913079619,
    0.047857299934010444,
    0.04858949853886459,
    0.049569545625424254,
    0.05107694069453368,
    0.05280217463264636,
    0.054447370728275296,
    0.056036408437253084,
    0.05765801474014767,
    0.05935494460819729,
    0.06103686192490154,
    0.06263812677606627,
    0.06426682902054619,
    0.06602697189693574,
    0.06802023528440464,
    0.0703646604146631,
    0.07285393375589738,
    0.07524893516856594,
    0.07753225476893083,
    0.07975425565177752,
    0.08212546045399396,
    0.08475481502866292,
    0.08742298495076425,
    0.08996570628611977,
    0.09238701121548551,
    0.0946908225197054,
    0.09696564137769972,
    0.09929662493570829,
    0.10159630774626738,
    0.10379824140750554,
    0.10618002185614388,
    0.10897328549295629,
    0.11188716166266181,
    0.11465945098050365,
    0.11729473353035606,
    0.11993268813639435,
    0.12270792320829388,
    0.12547947712258267,
    0.12822642343100865,
    0.13110005730165156,
    0.1340158577319526,
    0.1368200621950521,
    0.13950047357872683,
    0.1420815862269602,
    0.14454582173605557,
    0.14687631324030298,
    0.14907746461264348,
    0.15136243570096913,
    0.1539363269242998,
    0.1565786365392327,
    0.15907712258053655,
    0.16143649228673612,
    0.16366135156038442,
    0.16587595547569442,
    0.16836556147462886,
    0.17117464175978955,
    0.1740715921677202,
    0.1769340408560345,
    0.1796957982338599,
    0.1825417593133917,
    0.1857068004258501,
    0.18893897114476005,
    0.19199588814601837,
    0.1948833229175718,
    0.1976068786297455,
    0.2001719931360299,
    0.20258394410371994,
    0.20484786006170239,
    0.20721250317054324,
    0.20991721978533237,
    0.2127046841720614,
    0.21532727967404008,
    0.21799385301232785,
    0.22090551738332415,
    0.22384903558829883,
    0.22661874540267282,
    0.22922016232551476,
    0.2316589138962291,
    0.23394047506114635,
    0.23610814689527526,
    0.238203622781592,
    0.24019106481402192,
    0.24203601398279534,
    0.2437433529862837,
    0.2455452138470352,
    0.24766494343599094,
    0.24986257609202497,
    0.25190712229608775,
    0.25380374830303903,
    0.2557247016507826,
    0.25783570845728104,
    0.25996178281213855,
    0.26193455690451506,
    0.26375927466546667,
    0.2654410288961301,
    0.26698476347052036,
    0.26846117328489916,
    0.2699419833030488,
    0.2713644013923973,
    0.27266064412779334,
    0.2738314300066225,
    0.27488119840858316,
    0.2758145624898535,
    0.2766361562773734,
    0.2773503480186322,
    0.2782103001213244,
    0.27945887036283795,
    0.28083119203770035,
    0.28207288073493086,
    0.283188528959764,
    0.28418259586494127,
    0.2851002797840267,
    0.28598895383127365,
    0.28681246289860135,
    0.28752830471040947,
    0.2881364811725201,
    0.2886408905430101,
    0.28904531716038667,
    0.2893534386601607,
    0.28956887509799767,
    0.2896951561339384,
    0.28973696559164175,
    0.2897095494389703,
    0.28962491129748064,
    0.28947309690762174,
    0.2892459113308966,
    0.28894627115430466,
    0.2885872602482238,
    0.28818147744678496,
    0.2877205471024682,
    0.28719642309012194,
    0.2866116374961061,
    0.28596864845651243,
    0.28526983802879197,
    0.28451751422102883,
    0.2837139132997915,
    0.2828612023926253,
    0.28196148542316524,
    0.28111267890269864,
    0.28040897790109903,
    0.27974921723768964,
    0.27903609632006404,
    0.27830169192084864,
    0.2775767607712038,
    0.2768312759358761,
    0.2760364109615742,
    0.2751942555026664,
    0.27430683503717423,
    0.2733761117630865,
    0.272403986936168,
    0.271392308738678,
    0.2703429455998606,
    0.26925769923567844,
    0.26813815591188417,
    0.26698585270131614,
    0.26586309119012574,
    0.2648298027119683,
    0.26382215094609285,
    0.2627787030214509,
    0.26170109932730995,
    0.2605909409389795,
    0.2594965724823526,
    0.2584756739750849,
    0.2574901343646667,
    0.25648091936897055,
    0.25543802469799837,
    0.2543630139731659,
    0.25325740606739633,
    0.2521226946232267,
    0.25101260341783277,
    0.24998034053376117,
    0.24899284589518328,
    0.24801519823953083,
    0.24702541618548818,
    0.2460038841079892,
    0.2449520641956999,
    0.24387139197459468,
    0.24276326036061108,
    0.24162901834012712,
    0.24046997153975608,
    0.23928738329576904,
    0.23808247593668108,
    0.23685643213455038,
    0.23561039557789637,
    0.23434547142197265,
    0.2330627279137657,
    0.2317631982201646,
    0.23044788144543765,
    0.22911774345591657,
    0.2277737177963045,
    0.22641670662068114,
    0.22504758161245944,
    0.22366718488492826,
    0.22227632985641943,
    0.22087580210130053,
    0.21946636018299387,
    0.21804873646848175,
    0.2166236379157741,
    0.21519174683381734,
    0.2137537216254714,
    0.21231019751538924,
    0.2108617872559253,
    0.20940908181884987,
    0.20795265109792999,
    0.206493044647222,
    0.20503079241281713,
    0.20356640532509068,
    0.20210037633679465,
    0.20063632274242874,
    0.199219069001105,
    0.1978854455328371,
    0.1965881734987545,
    0.19528489320790918,
    0.19397619583603148,
    0.192662654922737,
    0.191367270648354,
    0.1901122472159169,
    0.18887404645721367,
    0.18762985319880954,
    0.186380160615092,
    0.18513950976408533,
    0.18392189900613173,
    0.1827128236470618,
    0.18149830411352352,
    0.18027887360234288,
    0.17905505800349558,
    0.17782736594221735,
    0.17659628949990328,
    0.17540080100528965,
    0.17428287351081084,
    0.17320587586196534,
    0.17212557747060134,
    0.17103791664256993,
    0.1699434742849041,
    0.1688428129032777,
    0.16773647598433572,
    0.1666249883278276,
    0.16550885657095826,
    0.16438856999346446,
    0.16326460267893292,
    0.16217364153657282,
    0.16116988765404625,
    0.16023300959045317,
    0.15930559813545628,
    0.15836863881707486,
    0.1574227550950541,
    0.15646855520835137,
    0.15550664009659004,
    0.15458763086976743,
    0.1537603960951638,
    0.15297186678771565,
    0.15217057759356684,
    0.15135700039270783,
    0.1505317936757237,
    0.14969562557018348,
    0.1488491456134527,
    0.1479929834276905,
    0.14712774915328342,
    0.1462540365047169,
    0.14537243269097122,
    0.14448406439908365,
    0.14364196987317535,
    0.14289603607462534,
    0.14219028103121262,
    0.14147139009180623,
    0.14074005372761345,
    0.13999694506137855,
    0.13924271667864238,
    0.138478000181457,
    0.13770340647555468,
    0.1369195262461331,
    0.1361269304966763,
    0.13532617110440515,
    0.1345177813743215,
    0.1337022765837071,
    0.13288015451459476,
    0.13205189597344943,
    0.13121796529721455,
    0.13037881084536668,
    0.1295348654781033,
    0.12868654702097274,
    0.1278342587162871,
    0.12697838966164346,
    0.12611931523588982,
    0.12525739751287718,
    0.12439298566332725,
    0.12352641634513548,
    0.12265801408242806,
    0.12178809163368348,
    0.12091695034922396,
    0.1200448805183836,
    0.11917216170664655,
    0.11829906308303176,
    0.11742584373800796,
    0.11655275299222106,
    0.11568003069629147,
    0.11480790752192441,
    0.11393660524457605,
    0.11306633701791577,
    0.11219730764031795,
    0.1113297138136112,
    0.1104637443943052,
    0.10959958063751005,
    0.10873739643375747,
    0.10787735853892613,
    0.10701962679746703,
    0.10616435435911935,
    0.10531168788930265,
    0.10446176777336577,
    0.1036147283148666,
    0.10277069792805292,
    0.10192979932471237,
    0.10109214969555232,
    0.10025786088626419,
    0.09942703956842353,
    0.09859978740537366,
    0.09777620121323677,
    0.09695637311719098,
    0.0961403907031491,
    0.09532833716497002,
    0.09452029144733076,
    0.09371632838438348,
    0.09291651883431809,
    0.09212092980994728,
    0.09132962460542801,
    0.09054266291922983,
    0.0897601009734582,
    0.08898199162963773,
    0.08820838450105636,
    0.08743932606176934,
    0.08667485975235835,
    0.08591502608253918,
    0.08515986273070802,
    0.084409404640515,
    0.0836636841145495,
    0.08292273090522131,
    0.08218657230291743,
    0.08145523322151306,
    0.08072873628131336,
    0.08000710188949921,
    0.07929034831814963,
    0.07857849177991014,
    0.07787154650137518,
    0.07716952479425027,
    0.07647243712435836,
    0.07578029217855274,
    0.07509309692959665,
    0.07441085669906833,
    0.0737335752183486,
    0.0730612546877464,
    0.07239389583381611,
    0.07173149796491929,
    0.07107405902508136,
    0.07042157564619304,
    0.06977404319860409,
    0.06913145584015626,
    0.06849380656370072,
    0.06786108724314391,
    0.06723328867806497,
    0.06661040063694576,
    0.06599241189905448,
    0.06537931029502139,
    0.06477108274614538,
    0.06416771530246786,
    0.06356919317965032,
    0.06297550079469029,
    0.06238662180050975,
    0.061802539119448836,
    0.06122323497569701,
    0.060648690926692624,
    0.06007888789352141,
    0.05951380619034294,
    0.05895342555287386,
    0.05839772516595539,
    0.05784668369023219,
    0.05730027928796854,
    0.05675848964802746,
    0.05622129201003723,
    0.05568866318776946,
    0.055160579591751926,
    0.054637017251138724,
    0.05411795183485989,
    0.0536033586720716,
    0.05309321277192775,
    0.0525874888426931,
    0.05208616131021741,
    0.051589204335789986,
    0.051096591833392595,
    0.05060829748636901,
    0.050124294763528345,
    0.04964455693469925,
    0.04916905708575128,
    0.04869776813309941,
    0.04823066283770731,
    0.04776771381860416,
    0.04730889356592998,
    0.04685417445352326,
    0.046403528751065064,
    0.04595692863579273,
    0.04551434620379629,
    0.045075753480910155,
    0.04464112243321233,
    0.044210424977143184,
    0.0437836329892551,
    0.043360718315604535,
    0.0429416527807972,
    0.04252640819669701,
    0.04211495637080895,
    0.04170726911434608,
    0.04130331824999009,
    0.04090307561935509,
    0.04050651309016372,
    0.04011360256314435,
    0.0397243159786581,
    0.03933862532306398,
    0.0389565026348303,
    0.03857792001040025,
    0.03820284960981922,
    0.03783126366213141,
    0.03746313447055284,
    0.03709843441742789,
    0.036737135968976035,
    0.03637921167983556,
    0.0360246341974105,
    0.035673376266027096,
    0.03532541073090584,
    0.03498071054195492,
    0.034639248757390766,
    0.03430099854719131,
    0.03396593319638718,
    0.03363402610819615,
    0.03330525080700579,
    0.03297958094120941,
    0.03265699028589976,
    0.03233745274542545,
    0.032020942355814264,
    0.03170743328706798,
    0.03139689984533279,
    0.031089316474949384,
    0.030784657760386813,
    0.030482898428063843,
    0.030184013348061617,
    0.029887977535731275,
    0.02959476615320001,
    0.02930435451077898,
    0.02901671806827646,
    0.028731832436219348,
    0.028449673376986236,
    0.02817021680585504,
    0.0278934387919681,
    0.027619315559217667,
    0.027347823487054536,
    0.027078939111222434,
    0.02681263912442086,
    0.0265489003768988,
    0.026287699876981784,
    0.026029014791534792,
    0.025772822446363156,
    0.025519100326553773,
    0.02526782607675871,
    0.025018977501423435,
    0.02477253256496153,
    0.024528469391878017,
    0.02428676626684312,
    0.02404740163471826,
    0.023810354100536234,
    0.023575602429437202,
    0.023343125546562295,
    0.02311290253690638,
    0.02288491264513162,
    0.022659135275343262,
    0.022435549990829327,
    0.022214136513765498,
    0.021994874724886575,
    0.02177774466312601,
    0.021562726525224667,
    0.021349800665310212,
    0.0211389475944483,
    0.02093014798016674,
    0.020723382645953796,
    0.020518632570731762,
    0.020315878888306865,
    0.020115102886796615,
    0.019916286008035567,
    0.01971940984696048,
    0.019524456150975845,
    0.01933140681930067,
    0.01914024390229748,
    0.01895094960078427,
    0.018763506265330354,
    0.018577896395536857,
    0.018394102639302683,
    0.01821210779207673,
    0.018031894796096973,
    0.017853446739617248,
    0.01767674685612233,
    0.017501778523532057,
    0.017328525263395102,
    0.017156970740072948,
    0.016987098759914734,
    0.016818893270423525,
    0.016652338359414584,
    0.01648741825416615,
    0.016324117320563332,
    0.016162420062235443,
    0.01600231111968745,
    0.015843775269425885,
    0.015686797423079768,
    0.015531362626516882,
    0.015377456058955888,
    0.015225063032074672,
    0.015074168989115275,
    0.01492475950398587,
    0.014776820280360186,
    0.01463033715077467,
    0.014485296075723627,
    0.014341683142752719,
    0.01419948456555122,
    0.014058686683043383,
    0.013919275958479034,
    0.013781238978523591,
    0.01364456245234786,
    0.013509233210718057,
    0.01337523820508637,
    0.013242564506682182,
    0.013111199305604188,
    0.012981129909913694,
    0.012852343744729237,
    0.012724828351322399,
    0.012598571386215028,
    0.012473560620278448,
    0.01234978393783509,
    0.01222722933576268,
    0.012105884922601087,
    0.011985738917661718,
    0.011866779650139627,
    0.011748995558228654,
    0.011632375188239983,
    0.011516907193724358,
    0.011402580334598058,
    0.011289383476272827,
    0.01117730558878981,
    0.011066335745957674,
    0.010956463124495676,
    0.010847677003182605,
    0.01073996676201204,
    0.010633321881354081,
    0.010527731941123985,
    0.010423186619959592,
    0.010319675694410616,
    0.010217189038141304,
    0.010115716621148102,
    0.010015248509001323,
    0.009915774862125271,
    0.009817285935128643,
    0.009719772076200266,
    0.009623223726600745,
    0.009527631420313484,
    0.009432985783971127,
    0.009339277537228755,
    0.00924649749381276,
    0.009154636563716796,
    0.009063685758052527,
    0.008973636199361033,
    0.008884479141217292,
    0.00879620601628238,
    0.008708808615185089,
    0.008622280148835789,
    0.00858111893241276,
    0.008696593212596727,
    0.008986719054046459,
    0.00933188173404514,
    0.009727151213609049,
    0.010236167711113301,
    0.010788756132481602,
    0.011317416531295456,
    0.011822903078495667,
    0.012305950037280812,
    0.012767270596927418,
    0.013207557250057369,
    0.013627482305673403,
    0.01402769841668337,
    0.014408839109600526,
    0.01477151931000924,
    0.015116335862485791,
    0.01544386804214384,
    0.015754678054633126,
    0.016049311522994186,
    0.016328297961082577,
    0.01659215123387977,
    0.016841370005078075,
    0.017076438172228252,
    0.017297825289671824,
    0.01750598697950994,
    0.017701365330938863,
    0.017884389288298105,
    0.01805547502815747,
    0.018215026325749777,
    0.018363434911028466,
    0.018501080814622182,
    0.01862833270397276,
    0.01874554820994596,
    0.018853074244187622,
    0.018951247307481357,
    0.019040393789359514,
    0.01912083025921411,
    0.019192863749144404,
    0.019256792028773548,
    0.019312903872263573,
    0.019361479317749127,
    0.01940278991940343,
    0.01943709899234485,
    0.019464661850586845,
    0.01948572603822732,
    0.019500531554067942,
    0.019509311069849555,
    0.019512290142284387,
    0.019509687419059753,
    0.01950171483898321,
    0.019488577826434768,
    0.019470475480287047,
    0.01944760075745003,
    0.019420140651192425,
    0.01938827636438728,
    0.019352183477825108,
    0.01931203211373419,
    0.01926798709464337,
    0.019220208097719006,
    0.019168849804704235,
    0.01911406204758495,
    0.01905598995010261,
    0.018994774065231375,
    0.01893055050873493,
    0.01886345108891421,
    0.018793603432653152,
    0.01872113110786697,
    0.018646153742454662,
    0.01856878713985477,
    0.018489143391300582,
    0.01840733098486842,
    0.018323454911409603,
    0.018237616767454314,
    0.01814991485517285,
    0.018060444279477474,
    0.01796929704234603,
    0.01787656213444642,
    0.01778232562413841,
    0.017686670743926804,
    0.01758967797443836,
    0.017491425125992395,
    0.017391987417833217,
    0.01729143755509083,
    0.01718984580353414,
    0.017087280062178984,
    0.016983805933811793,
    0.016879486793488527,
    0.016774383855066428,
    0.01666855623582425,
    0.016562061019225006,
    0.016454953315873797,
    0.01634728632272202,
    0.016239111380567394,
    0.016130478029898265,
    0.016021434065129556,
    0.015912025587276245,
    0.01580229705510853,
    0.015692291334831746,
    0.015582049748332749,
    0.015471612120033148,
    0.015361016822389165,
    0.015250300820077042,
    0.015139499712901485,
    0.01502864777746327,
    0.014917778007621124,
    0.014806922153781972,
    0.014696110761052648,
    0.014585373206285522,
    0.014474737734049939,
    0.01436423149156032,
    0.014253880562590455,
    0.014143710000402281,
    0.014033743859716985,
    0.013924005227756296,
    0.013814516254380868,
    0.013705298181350993,
    0.013596371370734314,
    0.013487755332485293,
    0.01337946875122024,
    0.013271529512210126,
    0.01316395472661342,
    0.013056760755971447,
    0.012949963235987613,
    0.012843577099610462,
    0.012737616599439904,
    0.012632095329475661,
    0.012527026246226897,
    0.012422421689202035,
    0.012318293400797039,
    0.012214652545599173,
    0.012111509729122522,
    0.012008875015991152,
    0.011906757947585741,
    0.011805167559169157,
    0.011704112396506249,
    0.011603600531991954,
    0.011503639580300352,
    0.01140423671356797,
    0.011305398676127346,
    0.011207131798805649,
    0.011109442012799809,
    0.01101233486313869,
    0.010915815521743744,
    0.01081988880010051,
    0.010724559161551368,
    0.010629830733217145,
    0.010535707317559168,
    0.010442192403597329,
    0.010349289177794638,
    0.010257000534615448,
    0.010165329086767396,
    0.01007427717513788,
    0.00998384687843315,
    0.009894040022528064,
    0.009804858189534301,
    0.009716302726588882,
    0.009628374754368459,
    0.009541075175348817,
    0.00945440468182655,
    0.009368363763705347,
    0.009282952716048981,
    0.00919817164640829,
    0.009114020481914993,
    0.009030498976137292,
    0.008947606715735256,
    0.008865343126959224,
    0.008783707481995272,
    0.008702698905148288,
    0.008622316378877391,
    0.008542558749706053,
    0.00846342473392908,
    0.008384912923050799,
    0.008307021789174567,
    0.008229749690533283,
    0.008153094876965057,
    0.008077055495251095,
    0.008001629594832294,
    0.00792681513508201,
    0.007852609996194455,
    0.0077790120000343944,
    0.0077060189668434285,
    0.00763362891225485,
    0.007561841155199749,
    0.007496224085973948,
    0.007442140945953954,
    0.007393610349616266,
    0.007344856845224715,
    0.007295891666071147,
    0.007246735446287871,
    0.007197408778551916,
    0.007147931726473161,
    0.007098323726776617,
    0.007048603565688782,
    0.006998789378139358,
    0.006948898652621778,
    0.006898948240966553,
    0.006848954375689193,
    0.006798932690318068,
    0.0067488982381176945,
    0.006698865509607496,
    0.006648848449661081,
    0.006598860473753616,
    0.006548914483315031,
    0.006499022880830307,
    0.006449197585057234,
    0.006399450046088709,
    0.006349791259925309,
    0.006300231782479848,
    0.006250781743118757,
    0.006201450857862643,
    0.006152248442240696,
    0.006103183423762336,
    0.006054264354007898,
    0.006005499420328013,
    0.005956896457197978,
    0.005908462957320346,
    0.005860206082480648,
    0.00581213267409586,
    0.005764249263433857,
    0.005716562081526144,
    0.005669077068791634,
    0.005621799884361512,
    0.005574735915092284,
    0.0055278902842973016,
    0.005481267860253862,
    0.005434873264499981,
    0.005388710879896293,
    0.005342784858443178,
    0.005297099128862602,
    0.0052516574039463155,
    0.0052064631876611225,
    0.005161519782033725,
    0.005116830293859795,
    0.005072397641241185,
    0.005028224559937216,
    0.004984313609529497,
    0.004940667179382517,
    0.004897287494385784,
    0.004854176620516091,
    0.0048113364702692405,
    0.004768768807956927,
    0.0047264752548528775,
    0.004684457294197999,
    0.00464271627605029,
    0.0046012534219422325,
    0.004560069829366363,
    0.004519166476160196,
    0.004478544224812546,
    0.004438203826680107,
    0.004398145926097035,
    0.00435837106429091,
    0.004318879683068003,
    0.004279672128409797,
    0.004240748654085381,
    0.004202109425217648,
    0.0041637545218513455,
    0.00412568394266563,
    0.0040878976085413545,
    0.0040503953654347676,
    0.004013176986712145,
    0.003976242175851337,
    0.003939590569969388,
    0.003903221743817468,
    0.003867135214583005,
    0.003831330448106486,
    0.00379580686400598,
    0.0037605638365506575,
    0.003725600694159492,
    0.0036909167208749854,
    0.0036565111558795067,
    0.0036223831911898563,
    0.0035885319794364307,
    0.003554956663997119,
    0.0035216564653213042,
    0.0034886310897326027,
    0.0034558877747558046,
    0.0034257864914911534,
    0.003400604409154502,
    0.0033778245487603533,
    0.0033549868810294112,
    0.0033320760520120694,
    0.0033090996399387307,
    0.0032860661842810416,
    0.0032629841175151326,
    0.003239861579934884,
    0.0032167064203986904,
    0.003193526235697594,
    0.003170328380790349,
    0.003147119964691681,
    0.0031239078479611713,
    0.003100698643664035,
    0.0030774987200433133,
    0.0030543142050381026,
    0.00303115099322356,
    0.003008014753582539,
    0.002984910936505555,
    0.0029618447800251664,
    0.0029388213158267626,
    0.0029158453750790323,
    0.0028929215939884384,
    0.00287005441930114,
    0.0028472481139927746,
    0.002824506763055256,
    0.0028018342791480185,
    0.002779234408025759,
    0.0027567107337675067,
    0.002734266683840857,
    0.0027119055340221205,
    0.0026896304131794144,
    0.0026674443079226923,
    0.00264535006711579,
    0.0026233504062419108,
    0.002601447911639878,
    0.0025796450446384724,
    0.0025579441455919074,
    0.0025363474378042143,
    0.0025148570313353936,
    0.002493474926688859,
    0.002472203018386423,
    0.0024510430984424464,
    0.002429996859740343,
    0.002409065899306965,
    0.0023882517214868612,
    0.0023675557410206063,
    0.0023469792860277097,
    0.002326523600899269,
    0.0023061898491093568,
    0.0022859791159488135,
    0.00226589241118186,
    0.0022459306716239563,
    0.002226094763637381,
    0.0022063854855473835,
    0.002186803569986112,
    0.002167349686166376,
    0.002148024442086953,
    0.002128828386675343,
    0.0021097620118717716,
    0.0020908257546529566,
    0.0020720199989927406,
    0.0020533450777610062,
    0.0020348012745644685,
    0.0020163888255289447,
    0.0019981079210245447,
    0.00197995870734033,
    0.0019619412883118345,
    0.001944055726901422,
    0.0019263020467312378,
    0.0019086802335683782,
    0.0018911902367640516,
    0.0018738319706474039,
    0.0018566053158721055,
    0.0018395101207187654,
    0.0018225462023598244,
    0.0018057133480889709,
    0.0017890113165136081,
    0.0017724398387098123,
    0.0017559986193405523,
    0.001739687337738677,
    0.0017235056489561726,
    0.0017074531847798132,
    0.0016915295547129837,
    0.0016757343469259763,
    0.0016600671291780102,
    0.001644527449711606,
    0.0016291148381187134,
    0.0016138288061789277,
    0.0015986688486709097,
    0.0015836344441582195,
    0.0015687250557497403,
    0.0015539401318340582,
    0.001539279106788919,
    0.0015247414016684826,
    0.0015103264248698025,
    0.0014960335727784045,
    0.0014818622303928038,
    0.0014678117719284375,
    0.0014538815614016458,
    0.0014400709531936344,
    0.0014263792925948615,
    0.0014128059163317724,
    0.001399350153076823,
    0.0013860113239414318,
    0.0013727887429525636,
    0.0013596817175136893,
    0.0013466895488493105,
    0.0013338115324333416,
    0.0013210469584035778,
    0.0013083951119631106,
    0.0012958552737679413,
    0.001283426720300931,
    0.0012711087242326669,
    0.001258900554768981,
    0.0012468014779855939,
    0.0012348107571516368,
    0.0012229276530426618,
    0.0012111514242427414,
    0.0011994813274356882,
    0.0011879166176852014,
    0.0011764565487041548,
    0.0011651003731142037,
    0.0011538473426965245,
    0.0011426967086338954,
    0.0011316477217440555,
    0.0011206996327038834,
    0.001109851692264008,
    0.0010991031514547085,
    0.0010884532617847424,
    0.0010779012754334526,
    0.0010674464454355017,
    0.0010570880258582457,
    0.0010468252719719343,
    0.0010366574404126047,
    0.001026583789338204,
    0.0010166035785787915,
    0.0010067160697808002,
    0.0009969205265453322,
    0.0009872162145609545,
    0.0009776024017308937,
    0.0009680783582939078,
    0.000958643356939122,
    0.0009492966729165319,
    0.0009400375841438651,
    0.0009308653713087993,
    0.0009217793179660085,
    0.000912778710629406,
    0.0009038628388596788,
    0.0008950309953473704,
    0.0008862824759923924,
    0.0008776165799803034,
    0.0008690326098549064,
    0.000860529871587093,
    0.000852107674640288,
    0.0008437653320322561,
    0.0008355021603926479,
    0.0008273174800168536,
    0.0008192106149173818,
    0.000811180892872956,
    0.00080322764547499,
    0.0007953502081712409,
    0.0007875479203065776,
    0.0007798201251610163,
    0.0007721661699850328,
    0.000764585406031907,
    0.0007570771885873473,
    0.0007496408769972596,
    0.0007422758346940081,
    0.0007349814292207173,
    0.0007277570322533903,
    0.0007206020196209807,
    0.0007135157713234252,
    0.0007064976715477468,
    0.000699547108682436,
    0.0006926634753298905,
    0.0006858461683167841,
    0.0006790945887028304,
    0.0006724081417883222,
    0.0006657862371204339,
    0.0006592282884982757,
    0.0006527337139767422,
    0.0006463019358690379,
    0.0006399323807477553,
    0.0006336244794444648,
    0.0006273776670477892,
    0.0006211913829002509,
    0.0006150650705943753,
    0.0006089981779680859,
    0.0006029901570990253,
    0.0005970404642976875,
    0.0005911485600996692,
    0.0005853139092570804,
    0.0005795359807287621,
    0.0005738142476694474,
    0.0005681481874184535,
    0.000562537281488054,
    0.0005569810155512339,
    0.0005514788794286377,
    0.0005460303670746828,
    0.0005406349765627648,
    0.0005352922100697034,
    0.000530001573859857,
    0.0005247625782689926,
    0.0005195747376876892,
    0.0005144375705442033,
    0.0005093505992867325,
    0.0005043133503649722,
    0.0004993253542111332,
    0.000494386145220705,
    0.0004894952617330477,
    0.0004846522460117619,
    0.0004798566442247121,
    0.0004751080064235773,
    0.0004704058865228787,
    0.000465749842278557,
    0.0004611394352663484,
    0.00045657423086017024,
    0.00045205379821047065,
    0.0004475777102223188,
    0.00044314554353313087,
    0.00043875687849004893,
    0.0004344112991270382,
    0.0004301083931418626,
    0.0004258477518730336,
    0.0004216289702766854,
    0.0004174516469032842,
    0.0004133153838740345,
    0.0004092197868570339,
    0.0004051644650434733,
    0.0004011490311240009,
    0.0003971731012650794,
    0.00039323629508521076,
    0.00038933823563100996,
    0.00038547854935306973,
    0.00038165686608164604,
    0.00037787281900240525,
    0.00037412604463232937,
    0.00037041618279553244,
    0.00036674287659885555,
    0.00036310577240750397,
    0.0003595045198209275,
    0.00035593877164872645,
    0.0003524081838863143,
    0.0003489124156904698,
    0.0003454511293551076,
    0.0003420239902873251,
    0.00033863066698352687,
    0.0003352708310053918,
    0.0003319441569556551,
    0.0003286503224539768,
    0.00032538900811306343,
    0.0003221598975149753,
    0.0003189626771876172,
    0.0003157970365813778,
    0.0003126626680457802,
    0.0003095592668060508,
    0.00030648653093954425,
    0.00030344416135211227,
    0.0003004318617546597,
    0.00029744933863997406,
    0.0002944963012598139,
    0.000291572461602226,
    0.0002886775343689329,
    0.0002858112369526918,
    0.0002829732894147204,
    0.0002801634144621856,
    0.0002773813374256789,
    0.00027462678623680763,
    0.000271899491406038,
    0.00026919918600076104,
    0.0002665256056235064,
    0.0002638784883902456,
    0.00026125757490881807,
    0.0002586626082575405,
    0.00025609333396385867,
    0.00025354949998287064,
    0.00025103085667586275,
    0.000248537156789135,
    0.00024606815543313186,
    0.00024362361006173024,
    0.00024120328045164552,
    0.00023880692868199268,
    0.0002364343191139951,
    0.00023408521837076882,
    0.00023175939531710989,
    0.00022945662103933466,
    0.00022717666882530292,
    0.00022491931414464993,
    0.00022268433462918762,
    0.00022047151005350607,
    0.0002182806223158027,
    0.0002161114554188514,
    0.0002139637954510183,
    0.00021183743056730548,
    0.00020973215097038823,
    0.00020764774889172477,
    0.00020558401857295017,
    0.00020354075624755985,
    0.00020151776012272763,
    0.0001995148303611958,
    0.00019753176906320624,
    0.00019556838024852187,
    0.00019362446983868964,
    0.00019169984563956373,
    0.00018979431732396733,
    0.00018790769641445525,
    0.00018603979626622587,
    0.00018419043205014624,
    0.000182359420735781,
    0.00018054658107447057,
    0.00017875173358262628,
    0.0001769747005252906,
    0.0001752153058998857,
    0.00017347337542005312,
    0.00017174873649949924,
    0.0001700412182359004,
    0.00016835065139503145,
    0.00016667686839516002,
    0.00016501970329162803,
    0.00016337899176154094,
    0.00016175457108848343,
    0.00016014628014722937,
    0.00015855395938854842,
    0.00015697745082425232,
    0.00015541659801247395,
    0.00015387124604308134,
    0.0001523412415231694,
    0.0001508264325625865,
    0.0001493266687595248,
    0.00014784180118628676,
    0.00014637168237527847,
    0.00014491616630519504,
    0.00014347510838731776,
    0.00014204836545179077,
    0.00014063579573388242,
    0.00013923725886044082,
    0.00013785261583663637,
    0.00013648172903288228,
    0.0001351244621718206,
    0.00013378068031528385,
    0.00013245024985127424,
    0.00013113303848115513,
    0.00012982891520711053,
    0.00012853775031974966,
    0.0001272594153857913,
    0.0001259937832358082,
    0.00012474072795197477,
    0.0001235001248558691,
    0.00012227185049646793,
    0.0001210557826383382,
    0.0001198518002499644,
    0.00011865978349216823,
    0.00011747961370653191,
    0.00011631117340383794,
    0.0001151543462526739,
    0.0001140090170682482,
    0.00011287507180134565,
    0.00011175239752739442,
    0.00011064088243561042,
    0.00010954041581812643,
    0.00010845088805913822,
    0.00010737219062423352,
    0.00010630421604993022,
    0.00010524685793332553,
    0.0001042000109218593,
    0.00010316357070323142,
    0.00010213743399537653,
    0.00010112149853636495,
    0.00010011566307429427,
    9.911982735737029e-05,
    9.813389212422413e-05,
    9.715775909436425e-05,
    9.619133095869938e-05,
    9.523451137011471e-05,
    9.428720493410549e-05,
    9.334931719952032e-05,
    9.242075464940927e-05,
    9.150142469186318e-05,
    9.059123565084016e-05,
    8.969009675710541e-05,
    8.879791813933847e-05,
    8.791461081539756e-05,
    8.704008668370909e-05,
    8.61742585147515e-05,
    8.531703994259907e-05,
    8.446834545644086e-05,
    8.36280903920838e-05,
    8.279619092359135e-05,
    8.197256405511564e-05,
    8.115712761284176e-05,
    8.034980023698929e-05,
    7.955050137385336e-05,
    7.875915126784755e-05,
    7.797567095355099e-05,
    7.71999822478559e-05,
    7.643200774230815e-05,
    7.567167079562364e-05,
    7.491889552628381e-05,
    7.41736068051167e-05,
    7.343573024780525e-05,
    7.27051922073974e-05,
    7.198191976700606e-05,
    7.126584073273548e-05,
    7.055688362668383e-05,
    6.98549776798989e-05,
    6.916005282528176e-05,
    6.847203969055109e-05,
    6.779086959138418e-05,
    6.711647452472915e-05,
    6.644878716223295e-05,
    6.57877408437313e-05,
    6.513326957074374e-05,
    6.448530799999061e-05,
    6.384379143695268e-05,
    6.320865582946187e-05,
    6.257983776135557e-05,
    6.19572744461769e-05,
    6.13409037208507e-05,
    6.073066403939153e-05,
    6.0126494466792544e-05,
    5.952833467308148e-05,
    5.893612492733103e-05,
    5.8349806091569084e-05,
    5.7769319614834946e-05,
    5.719460752749612e-05,
    5.662561243564757e-05,
    5.606227751545764e-05,
    5.550454650745313e-05,
    5.495236371081727e-05,
    5.4405673977854454e-05,
    5.3864422708661664e-05,
    5.33285558459023e-05,
    5.279801986961544e-05,
    5.227276179200188e-05,
    5.1752729152103274e-05,
    5.123787001043483e-05,
    5.072813294375963e-05,
    5.022346704005867e-05,
    4.9723821893639774e-05,
    4.922914760030456e-05,
    4.873939475236599e-05,
    4.8254514433477576e-05,
    4.777445821356833e-05,
    4.7299178144073436e-05,
    4.682862675340535e-05,
    4.636275704247676e-05,
    4.5901522480017265e-05,
    4.5444876997705116e-05,
    4.4992774985493286e-05,
    4.454517128731717e-05,
    4.4102021197023316e-05,
    4.366328045426912e-05,
    4.32289052400047e-05,
    4.2798852171514695e-05,
    4.2373078297657436e-05,
    4.19515410946096e-05,
    4.153419846189213e-05,
    4.112100871856378e-05,
    4.071193059936827e-05,
    4.03069232503935e-05,
    3.990594622438856e-05,
    3.950895947648779e-05,
    3.911592336046106e-05,
    3.8726798625124875e-05,
    3.834154641077762e-05,
    3.796012824509682e-05,
    3.758250603829871e-05,
    3.7208642078545755e-05,
    3.683849902789453e-05,
    3.6472039918344935e-05,
    3.610922814829491e-05,
    3.575002747961528e-05,
    3.539440203443423e-05,
    3.5042316290416615e-05,
    3.469373507519047e-05,
    3.434862356190424e-05,
    3.400694726622055e-05,
    3.3668672043758984e-05,
    3.3333764087176994e-05,
    3.3002189922383925e-05,
    3.267391640457582e-05,
    3.2348910715220016e-05,
    3.2027140359402313e-05,
    3.170857316181105e-05,
    3.1393177261340334e-05,
    3.1080921106339355e-05,
    3.077177345158812e-05,
    3.046570335620761e-05,
    3.0162680181662167e-05,
    2.986267358970144e-05,
    2.9565653540538702e-05,
    2.9271590291511158e-05,
    2.898045439515756e-05,
    2.8692216694968734e-05,
    2.8406848319640776e-05,
    2.8124320678823597e-05,
    2.7844605461189485e-05,
    2.7567674633224748e-05,
    2.7293500437725908e-05,
    2.7022055391986252e-05,
    2.6753312285798986e-05,
    2.648724417959135e-05,
    2.622382440255899e-05,
    2.5963026549511394e-05,
    2.570482447630664e-05,
    2.5449192296006456e-05,
    2.5196104376742157e-05,
    2.4945535340303523e-05,
    2.469746006080291e-05,
    2.445185366333867e-05,
    2.4208691522485842e-05,
    2.3967949260673395e-05,
    2.3729602746363687e-05,
    2.3493628091297827e-05,
    2.326000164707472e-05,
    2.302870000254725e-05,
    2.279969998199002e-05,
    2.2572978642972375e-05,
    2.2348513273909066e-05,
    2.212628139097092e-05,
    2.1906260734305765e-05,
    2.1688429265202184e-05,
    2.1472765164621744e-05,
    2.125924683179561e-05,
    2.1047852882691944e-05,
    2.083856214865973e-05,
    2.063135367448963e-05,
    2.042620671534681e-05,
    2.022310073346836e-05,
    2.0022015395787922e-05,
    1.982293057249747e-05,
    1.9625826335883267e-05,
    1.9430682959087418e-05,
    1.9237480914805736e-05,
    1.9046200873593265e-05,
    1.8856823701121996e-05,
    1.8669330454816723e-05,
    1.848370238114488e-05,
    1.8299920913895064e-05,
    1.8117967672930402e-05,
    1.7937824462905666e-05,
    1.7759473271567305e-05,
    1.7582896267465533e-05,
    1.7408075797352773e-05,
    1.723499438390726e-05,
    1.7063634724115324e-05,
    1.6893979688135472e-05,
    1.672601231819904e-05,
    1.6559715827273083e-05,
    1.63950735975574e-05,
    1.623206917857826e-05,
    1.607068628485016e-05,
    1.5910908793900274e-05,
    1.5752720744989764e-05,
    1.559610633810559e-05,
    1.5441049932767536e-05,
    1.5287536046185634e-05,
    1.513554935090943e-05,
    1.4985074672925493e-05,
    1.4836096990655563e-05,
    1.468860143405371e-05,
    1.4542573282606722e-05,
    1.4397997962449714e-05,
    1.4254861044241742e-05,
    1.4113148242336114e-05,
    1.3972845414264178e-05,
    1.3833938559974326e-05,
    1.3696413820667755e-05,
    1.3560257476947475e-05,
    1.3425455946854266e-05,
    1.3291995784665554e-05,
    1.3159863680094325e-05,
    1.3029046457436881e-05,
    1.2899531074742945e-05,
    1.277130462229573e-05,
    1.2644354320253336e-05,
    1.2518667516772184e-05,
    1.2394231687091645e-05,
    1.227103443303241e-05,
    1.2149063482793663e-05,
    1.2028306690789756e-05,
    1.1908752036557726e-05,
    1.1790387622598821e-05,
    1.1673201672840386e-05,
    1.1557182532698755e-05,
    1.1442318669685939e-05,
    1.1328598673321396e-05,
    1.121601125330135e-05,
    1.1104545236595875e-05,
    1.0994189566337928e-05,
    1.0884933302856632e-05,
    1.0776765624276615e-05,
    1.066967582538736e-05,
    1.0563653315824235e-05,
    1.0458687619283843e-05,
    1.0354768373134285e-05,
    1.0251885325948271e-05,
    1.0150028333483603e-05,
    1.0049187355972845e-05,
    9.949352457637841e-06,
    9.85051380783868e-06,
    9.75266168172197e-06,
    9.655786456213875e-06,
    9.55987860143343e-06,
    9.46492867380248e-06,
    9.370927314359581e-06,
    9.277865249670085e-06,
    9.18573329315896e-06,
    9.094522347090692e-06,
    9.00422340461737e-06,
    8.914827549712174e-06,
    8.826325951771643e-06,
    8.738709855204179e-06,
    8.651970570830061e-06,
    8.56609947437075e-06,
    8.481088009310853e-06,
    8.396927689698295e-06,
    8.313610104372814e-06,
    8.231126921190429e-06,
    8.14946987949602e-06,
    8.068630770811298e-06,
    7.988601428069448e-06,
    7.909373731302668e-06,
    7.83093961520123e-06,
    7.753291070684033e-06,
    7.676420148311998e-06,
    7.6003189643009505e-06,
    7.524979695276363e-06,
    7.450394562025256e-06,
    7.376555821906656e-06,
    7.303455774825047e-06,
    7.231086772590748e-06,
    7.159441229099305e-06,
    7.0885116320058545e-06,
    7.018290549714883e-06,
    6.94877062622476e-06,
    6.879944568898971e-06,
    6.811805143493768e-06,
    6.744345179423731e-06,
    6.677557577292373e-06,
    6.611435314833025e-06,
    6.545971452100273e-06,
    6.481159135201144e-06,
    6.416991595805294e-06,
    6.353462145895288e-06,
    6.2905641724526015e-06,
    6.228291136934315e-06,
    6.166636577904371e-06,
    6.105594113216429e-06,
    6.045157441065887e-06,
    5.985320340009916e-06,
    5.926076668693954e-06,
    5.8674203651838434e-06,
    5.809345444098197e-06,
    5.7518459925820435e-06,
    5.69491616818239e-06,
    5.638550198669455e-06,
    5.582742382138555e-06,
    5.527487086915986e-06,
    5.472778751245161e-06,
    5.418611881797784e-06,
    5.364981050177928e-06,
    5.311880889056977e-06,
    5.259306090337433e-06,
    5.20725140514894e-06,
    5.155711644134221e-06,
    5.104681677207555e-06,
    5.054156432466052e-06,
    5.0041308942296185e-06,
    4.954600100578164e-06,
    4.905559141274685e-06,
    4.857003156974752e-06,
    4.808927339551627e-06,
    4.761326932293146e-06,
    4.714197228872831e-06,
    4.667533571336678e-06,
    4.621331348373412e-06,
    4.575585994690982e-06,
    4.53029299136577e-06,
    4.485447866456375e-06,
    4.441046194831664e-06,
    4.397083596696929e-06,
    4.353555735885743e-06,
    4.310458319290438e-06,
    4.267787097140944e-06,
    4.225537863122998e-06,
    4.183706454026949e-06,
    4.142288748806629e-06,
    4.101280667233956e-06,
    4.060678168989463e-06,
    4.0204772535862555e-06,
    3.980673960698062e-06,
    3.941264370036401e-06,
    3.9022446001597975e-06,
    3.863610807025125e-06,
    3.8253591834521814e-06,
    3.78748595920164e-06,
    3.7499874009697635e-06,
    3.712859812412809e-06,
    3.6760995342062725e-06,
    3.6397029435938186e-06,
    3.6036664534858175e-06,
    3.567986511778283e-06,
    3.5326596010612832e-06,
    3.4976822386056317e-06,
    3.4630509764832357e-06,
    3.428762401371264e-06,
    3.394813133723705e-06,
    3.361199826569934e-06,
    3.3279191646468625e-06,
    3.2949678643509326e-06,
    3.2623426741795173e-06,
    3.2300403750401477e-06,
    3.198057780130192e-06,
    3.1663917342296685e-06,
    3.135039112720863e-06,
    3.1039968210642547e-06,
    3.0732617948467517e-06,
    3.0428309999945253e-06,
    3.0127014326839538e-06,
    2.9828701185832433e-06,
    2.9533341118508263e-06,
    2.9240904946679576e-06,
    2.8951363772727405e-06,
    2.8664688981237084e-06,
    2.838085224072633e-06,
    2.809982550337241e-06,
    2.782158100064855e-06,
    2.7546091236024196e-06,
    2.7273328978785023e-06,
    2.70032672620323e-06,
    2.67358793832768e-06,
    2.647113890454323e-06,
    2.620901965076814e-06,
    2.5949495705277616e-06,
    2.569254140315056e-06,
    2.543813132647402e-06,
    2.518624030311801e-06,
    2.4936843407316335e-06,
    2.468991596034897e-06,
    2.4445433530886395e-06,
    2.4203371934105413e-06,
    2.3963707227577895e-06,
    2.3726415705319686e-06,
    2.3491473894485628e-06,
    2.325885855554944e-06,
    2.3028546682740383e-06,
    2.2800515503230086e-06,
    2.257474247648067e-06,
    2.235120529332154e-06,
    2.2129881871999e-06,
    2.19107503522646e-06,
    2.169378909169623e-06,
    2.1478976664598703e-06,
    2.1266291861228302e-06,
    2.105571368676978e-06,
    2.0847221360738024e-06,
    2.064079431638385e-06,
    2.043641219724548e-06,
    2.0234054850705505e-06,
    2.0033702323894113e-06,
    1.98353348645045e-06,
    1.9638932922755726e-06,
    1.944447715147708e-06,
    1.9251948404477058e-06,
    1.9061327732702722e-06,
    1.8872596378908169e-06,
    1.8685735774355083e-06,
    1.8500727537747366e-06,
    1.8317553472947813e-06,
    1.8136195565460731e-06,
    1.795663598030214e-06,
    1.7778857060523479e-06,
    1.7602841323709282e-06,
    1.742857145715097e-06,
    1.7256030314923529e-06,
    1.7085200917684446e-06,
    1.691606645340543e-06,
    1.6748610276724633e-06,
    1.6582815905518047e-06,
    1.6418667016867639e-06,
    1.6256147445486644e-06,
    1.6095241183410786e-06,
    1.5935932378801958e-06,
    1.577820533502124e-06,
    1.562204451032058e-06,
    1.5467434515279168e-06,
    1.531436010864241e-06,
    1.5162806195784186e-06,
    1.5012757829138405e-06,
    1.4864200207957509e-06,
    1.4717118677625566e-06,
    1.4571498727452036e-06,
    1.4427325986629478e-06,
    1.4284586222076935e-06,
    1.4143265339431426e-06,
    1.4003349383996861e-06,
    1.3864824540180938e-06,
    1.3727677129597347e-06,
    1.3591893606481979e-06,
    1.3457460552136399e-06,
    1.3324364673196867e-06,
    1.3192592803770625e-06,
    1.3062131908164126e-06,
    1.2932969082469692e-06,
    1.2805091553136338e-06,
    1.2678486671603194e-06,
    1.255314190861849e-06,
    1.2429044852396168e-06,
    1.2306183209871812e-06,
    1.2184544808551428e-06,
    1.206411759688637e-06,
    1.1944889640310505e-06,
    1.1826849114551156e-06,
    1.1709984302394718e-06,
    1.1594283594553958e-06,
    1.1479735490957396e-06,
    1.1366328600945331e-06,
    1.1254051640218885e-06,
    1.114289342478041e-06,
    1.1032842867572481e-06,
    1.0923888979849284e-06,
    1.0816020873519231e-06,
    1.0709227762519462e-06,
    1.0603498964623692e-06,
    1.0498823903128346e-06,
    1.039519210459477e-06,
    1.0292593192396919e-06,
    1.0191016881124037e-06,
    1.0090452975714477e-06,
    9.990891374655947e-07,
    9.892322073604217e-07,
    9.794735165542458e-07,
    9.698120835800078e-07,
    9.602469355243545e-07,
    9.50777107700119e-07,
    9.414016437464603e-07,
    9.321195959329356e-07,
    9.229300254982434e-07,
    9.13832002929645e-07,
    9.048246080574608e-07,
    8.959069297360945e-07,
    8.870780652629265e-07,
    8.783371200390042e-07,
    8.696832076253377e-07,
    8.611154500247169e-07,
    8.526329779894651e-07,
    8.44234931113752e-07,
    8.359204574817387e-07,
    8.276887130230634e-07,
    8.195388611547319e-07,
    8.114700729470713e-07,
    8.034815275424626e-07,
    7.955724125689725e-07,
    7.87741924405217e-07,
    7.799892681803396e-07,
    7.72313657402285e-07,
    7.647143133858509e-07,
    7.571904649429105e-07,
    7.49741348485881e-07,
    7.423662083141871e-07,
    7.350642968826159e-07,
    7.278348749526771e-07,
    7.206772115096618e-07,
    7.135905833227432e-07,
    7.065742743445276e-07,
    6.996275754178674e-07,
    6.927497844074535e-07,
    6.859402064802341e-07,
    6.79198154278187e-07,
    6.72522947862974e-07,
    6.659139144345481e-07,
    6.593703879978911e-07,
    6.528917092136772e-07,
    6.464772254116655e-07,
    6.401262906126795e-07,
    6.338382655803583e-07,
    6.276125178340229e-07,
    6.214484214096945e-07,
    6.153453564838655e-07,
    6.093027092225572e-07,
    6.03319871929808e-07,
    5.973962432715498e-07,
    5.915312284098041e-07,
    5.857242390525217e-07,
    5.799746934263673e-07,
    5.742820160885691e-07,
    5.686456376069554e-07,
    5.630649943309423e-07,
    5.575395284028217e-07,
    5.520686879186264e-07,
    5.466519270506056e-07,
    5.412887060956549e-07,
    5.359784914923098e-07,
    5.30720755666118e-07,
    5.255149766837079e-07,
    5.20360638041802e-07,
    5.152572287347763e-07,
    5.102042433972232e-07,
    5.052011823719994e-07,
    5.002475517078806e-07,
    4.95342863090797e-07,
    4.904866336613491e-07,
    4.856783857629701e-07,
    4.809176467790874e-07,
    4.762039491305016e-07,
    4.7153683041258645e-07,
    4.6691583352412194e-07,
    4.623405065366129e-07,
    4.578104023555921e-07,
    4.533250784834388e-07,
    4.4888409702799843e-07,
    4.444870249070778e-07,
    4.401334341121263e-07,
    4.3582290183058265e-07,
    4.3155501025610495e-07,
    4.2732934621346137e-07,
    4.23145500971661e-07,
    4.1900307031328255e-07,
    4.149016546419637e-07,
    4.108408590385488e-07,
    4.0682029317860684e-07,
    4.028395710799314e-07,
    3.988983109414551e-07,
    3.9499613525206116e-07,
    3.911326709605022e-07,
    3.8730754943123066e-07,
    3.835204062572709e-07,
    3.7977088119910535e-07,
    3.7605861829493805e-07,
    3.72383266062103e-07,
    3.687444776894479e-07,
    3.6514191095429553e-07,
    3.615752278499808e-07,
    3.5804409438156354e-07,
    3.545481806811225e-07,
    3.510871610416678e-07,
    3.476607137171118e-07,
    3.4426852067942236e-07,
    3.4091026725660505e-07,
    3.375856416558958e-07,
    3.3429433478980466e-07,
    3.3103604050862816e-07,
    3.2781045591407325e-07,
    3.246172814672878e-07,
    3.214562206960062e-07,
    3.1832697967590187e-07,
    3.1522926675218774e-07,
    3.121627925471265e-07,
    3.0912727007194694e-07,
    3.061224149435166e-07,
    3.031479455917205e-07,
    3.002035832560221e-07,
    2.972890516443626e-07,
    2.944040763457406e-07,
    2.915483844439337e-07,
    2.8872170462269224e-07,
    2.859237675786169e-07,
    2.831543064181186e-07,
    2.804130569271517e-07,
    2.7769975771417104e-07,
    2.7501414996838163e-07,
    2.7235597684020025e-07,
    2.697249830372631e-07,
    2.6712091496092315e-07,
    2.645435211420656e-07,
    2.6199255261714394e-07,
    2.594677630186194e-07,
    2.5696890820016316e-07,
    2.5449574542938004e-07,
    2.5204803266023597e-07,
    2.49625528405267e-07,
    2.4722799215123937e-07,
    2.4485518484601633e-07,
    2.4250686898399864e-07,
    2.4018280795602374e-07,
    2.3788276503605878e-07,
    2.3560650298556507e-07,
    2.333537844233913e-07,
    2.311243723659472e-07,
    2.2891803070330412e-07,
    2.267345244937237e-07,
    2.2457362010177435e-07,
    2.2243508545546972e-07,
    2.2031869002084896e-07,
    2.182242040104326e-07,
    2.1615139746608395e-07,
    2.141000400685028e-07,
    2.1206990173360312e-07,
    2.1006075341259922e-07,
    2.0807236749629386e-07,
    2.0610451800312675e-07,
    2.0415698092047007e-07,
    2.0222953424887946e-07,
    2.0032195756176444e-07,
    1.9843403167957532e-07,
    1.9656553868309775e-07,
    1.9471626222640384e-07,
    1.9288598814552056e-07,
    1.910745050618186e-07,
    1.8928160461078408e-07,
    1.875070810069516e-07,
    1.8575073013602667e-07,
    1.8401234891337716e-07,
    1.8229173523618428e-07,
    1.8058868840961193e-07,
    1.7890300996138142e-07,
    1.772345045462051e-07,
    1.7558298033377608e-07,
    1.739482483302872e-07,
    1.723301210103078e-07,
    1.7072841163909726e-07,
    1.6914293492966903e-07,
    1.6757350820181429e-07,
    1.6601995216795698e-07,
    1.64482091290609e-07,
    1.6295975376369772e-07,
    1.614527708944175e-07,
    1.5996097619632805e-07,
    1.5848420502980866e-07,
    1.5702229494499204e-07,
    1.555750862174105e-07,
    1.5414242208072417e-07,
    1.5272414827063448e-07,
    1.5132011215068506e-07,
    1.4993016230382116e-07,
    1.4855414884256554e-07,
    1.4719192394092978e-07,
    1.4584334229421934e-07,
    1.4450826122184739e-07,
    1.431865399388809e-07,
    1.4187803845144167e-07,
    1.4058261710003837e-07,
    1.3930013680753885e-07,
    1.3803045963906873e-07,
    1.3677344932140733e-07,
    1.3552897088110116e-07,
    1.3429688948059953e-07,
    1.3307706986414763e-07,
    1.318693767419695e-07,
    1.3067367535084368e-07,
    1.2948983196762474e-07,
    1.2831771443494006e-07,
    1.271571924917914e-07,
    1.2600813745210687e-07,
    1.248704213428529e-07,
    1.2374391644289266e-07,
    1.226284955791929e-07,
    1.2152403269372994e-07,
    1.2043040335667446e-07,
    1.193474852531229e-07,
    1.1827515846041054e-07,
    1.1721330507669039e-07,
    1.1616180844053128e-07,
    1.1512055274458565e-07,
    1.1408942325806927e-07,
    1.130683068187084e-07,
    1.120570921528587e-07,
    1.1105566956475992e-07,
    1.1006393010092793e-07,
    1.0908176501485663e-07,
    1.0810906601907409e-07,
    1.071457258339438e-07,
    1.0619163847674208e-07,
    1.0524669937259024e-07,
    1.04310805239058e-07,
    1.0338385362555825e-07,
    1.0246574264670844e-07,
    1.0155637120098445e-07,
    1.006556392630061e-07,
    9.976344813301017e-08,
    9.887970086672544e-08,
    9.800430260082431e-08,
    9.713716018105221e-08,
    9.627818129362218e-08,
    9.542727394733725e-08,
    9.45843466178956e-08,
    9.374930872849447e-08,
    9.292207114889031e-08,
    9.210254656932673e-08,
    9.129064950904051e-08,
    9.04862957092857e-08,
    8.96894013182294e-08,
    8.88998826742666e-08,
    8.811765673792829e-08,
    8.734264155754358e-08,
    8.65747565006674e-08,
    8.581392244694448e-08,
    8.506006206303674e-08,
    8.431309999954888e-08,
    8.3572962729562e-08,
    8.283957807084301e-08,
    8.21128748560705e-08,
    8.139278296463031e-08,
    8.067923353066776e-08,
    7.997215919667788e-08,
    7.92714943360531e-08,
    7.857717510405374e-08,
    7.788913920165637e-08,
    7.720732546583519e-08,
    7.653167359726876e-08,
    7.586212415289197e-08,
    7.519861869493335e-08,
    7.454109997501984e-08,
    7.388951208609747e-08,
    7.32438005636813e-08,
    7.260391238890084e-08,
    7.196979579582054e-08,
    7.134139999445973e-08,
    7.071867506862745e-08,
    7.010157200121708e-08,
    6.94900426793146e-08,
    6.88840399885284e-08,
    6.828351807365839e-08,
    6.768843253732424e-08,
    6.709874026783372e-08,
    6.651439903985626e-08,
    6.593536733667725e-08,
    6.536160446701883e-08,
    6.479307072151647e-08,
    6.422972734738047e-08,
    6.367153634217074e-08,
    6.311846030757291e-08,
    6.25704624786289e-08,
    6.202750676404162e-08,
    6.148955759288271e-08,
    6.09565795941563e-08,
    6.042853737065599e-08,
    5.990539549553596e-08,
    5.938711865623262e-08,
    5.887367189925973e-08,
    5.836502084847811e-08,
    5.786113164631314e-08,
    5.7361970652727055e-08,
    5.6867504219444165e-08,
    5.6377698672529866e-08,
    5.589252044745089e-08,
    5.5411936319410446e-08,
    5.493591359713405e-08,
    5.446442005950251e-08,
    5.399742364856697e-08,
    5.3534892292897536e-08,
    5.307679404575892e-08,
    5.262309732293796e-08,
    5.217377106076392e-08,
    5.172878472537069e-08,
    5.128810806643633e-08,
    5.0851710728333354e-08,
    5.041956205077086e-08,
    4.999163109952665e-08,
    4.95678867774898e-08,
    4.9148298031879164e-08,
    4.8732834137689775e-08,
    4.8321464883646e-08,
    4.791416050204727e-08,
    4.7510891404140035e-08,
    4.7111627954298674e-08,
    4.6716340406289844e-08,
    4.632499903470319e-08,
    4.593757445814874e-08,
    4.555403797359615e-08,
    4.5174361648333845e-08,
    4.479851804130679e-08,
    4.442647973072124e-08,
    4.405821905947297e-08,
    4.369370820100229e-08,
    4.33329193341815e-08,
    4.297582486672646e-08,
    4.26223976813531e-08,
    4.22726112805561e-08,
    4.192643979689736e-08,
    4.158385781622131e-08,
    4.1244840017967956e-08,
    4.0909360946476536e-08,
    4.05773951122917e-08,
    4.0248917216436633e-08,
    3.9923902184610754e-08,
    3.960232486104312e-08,
    3.928415959460283e-08,
    3.8969380058992356e-08,
    3.865795928773835e-08,
    3.8349869808340956e-08,
    3.8045083863940014e-08,
    3.774357362667207e-08,
    3.744531123467256e-08,
    3.715026852590284e-08,
    3.6858416661743615e-08,
    3.656972599600346e-08,
    3.6284166163701904e-08,
    3.60017061904715e-08,
    3.572231458852081e-08,
    3.544595952595356e-08,
    3.5172608946026364e-08,
    3.490223015775411e-08
]