[
    0.0,
    0.0,
    0.009170678680331064,
    0.008356028494070335,
    0.007569861866838541,
    0.006811321362874936,
    0.006079574247310651,
    0.005373811784969531,
    0.004693248558972138,
    0.004037121808584833,
    0.0034046907857591567,
    0.00279523612982928,
    0.002208059259879535,
    0.0016424817842926737,
    0.0010978449269807436,
    0.000573508969830099,
    6.885271090762535e-05,
    -0.0004167270620257339,
    -0.0008838160831312401,
    -0.0013329831056566202,
    -0.001764780385052016,
    -0.002179744148432283,
    -0.00257839505078016,
    -0.0029612386182642013,
    -0.0033287656790148873,
    -0.0036814527817048068,
    -0.004019762602288116,
    -0.004344144339240791,
    -0.004655034097626119,
    -0.004952855262297606,
    -0.005238018860542961,
    -0.005510923914467889,
    -0.0057719577834107316,
    -0.006021496496670675,
    -0.006259905076824938,
    -0.006487537853902132,
    -0.006704738770671141,
    -0.006911841679292386,
    -0.007109170629565493,
    -0.007297040149008152,
    -0.007475755515003525,
    -0.007645613019244544,
    -0.007806900224690853,
    -0.007959896215249309,
    -0.008104871838388292,
    -0.008242089940884805,
    -0.00837180559789027,
    -0.00849426633550129,
    -0.008609712347020711,
    -0.008718376703085652,
    -0.008820485555835245,
    -0.00891625833728999,
    -0.00900590795211261,
    -0.009089640964916861,
    -0.009167657782273457,
    -0.009240152829545422,
    -0.00930731472269607,
    -0.009369326435220548,
    -0.009426365460334657,
    -0.009478603968546783,
    -0.009526208960745384,
    -0.009569342416942708,
    -0.00960816144081741,
    -0.009642818400164881,
    -0.009673461063333019,
    -0.00970023273174898,
    -0.009723272368658956,
    -0.009742714724181928,
    -0.009758690456782959,
    -0.009771326251283222,
    -0.009780744933523225,
    -0.009787065581761909,
    -0.009790403634832495,
    -0.0097908709971132,
    -0.009788576140432341,
    -0.00978362420296009,
    -0.009776117085066365,
    -0.009766153542155504,
    -0.009753829274536215,
    -0.009739237014279142,
    -0.009722466608844875,
    -0.009703605101270801,
    -0.009682736806646733,
    -0.009659943384187616,
    -0.009635303903554968,
    -0.00960889490363008,
    -0.00958079044050017,
    -0.009551062114606265,
    -0.009519779054492252,
    -0.009487007820313297,
    -0.00945281215278734,
    -0.009417252359645224,
    -0.00938038374990157,
    -0.009342251563063437,
    -0.00930286146442066,
    -0.009057413276301263,
    -0.00800078928691042,
    -0.005960408703958871,
    -0.003586568262733681,
    -0.0010909817443429887,
    0.0019740738983852054,
    0.00562082897165129,
    0.009374300267969565,
    0.013010797045287101,
    0.017090744699050968,
    0.02210415248624846,
    0.02745701517541612,
    0.032892246133741435,
    0.038695020200307226,
    0.044560427200867565,
    0.05052680856622866,
    0.056920254069486365,
    0.06413666288026316,
    0.07255595146617427,
    0.08138309440106624,
    0.0898536893207033,
    0.09797863075008319,
    0.10576868921048585,
    0.11323434324539074,
    0.12038577147158022,
    0.12723285747785767,
    0.13378519704894956,
    0.14005210591264838,
    0.14604262752946412,
    0.15176554076482363,
    0.1572293673894884,
    0.16244237939020412,
    0.1674126060854523,
    0.17214784104666367,
    0.17665564882745627,
    0.1809433715045337,
    0.18501813503470838,
    0.18888685543293124,
    0.1925562447761517,
    0.19603281703763434,
    0.19932289375632886,
    0.2024326095458875,
    0.2053679174477871,
    0.20813459413288365,
    0.21073824495565105,
    0.2131843088652565,
    0.21547806317749685,
    0.2176246282115062,
    0.21962897179504187,
    0.22149591364206395,
    0.22323012960621086,
    0.22483615581366306,
    0.2263183926787943,
    0.22768110880592324,
    0.22892844478038285,
    0.23006441685203344,
    0.23109292051425298,
    0.23201773398135142,
    0.23284252156727478,
    0.23357083696839026,
    0.23420612645306196,
    0.23475173196064952,
    0.23521089411248813,
    0.23558675513733937,
    0.23588236171372728,
    0.2361006677315043,
    0.23624453697493047,
    0.2363167457294867,
    0.23631998531457438,
    0.23625686454419442,
    0.23612991211763965,
    0.23594157894218148,
    0.23569424038967868,
    0.23539019848897308,
    0.23503168405588074,
    0.23462085876254304,
    0.23415981714785844,
    0.2336505885706617,
    0.23309513910726667,
    0.23249537339494383,
    0.23185313642286415,
    0.23117021527199616,
    0.2304483408053984,
    0.22968918931030846,
    0.22889438409339444,
    0.228065497030494,
    0.22720405007213051,
    0.22631151670605704,
    0.2253893233780444,
    0.22443885087209214,
    0.2234614356512105,
    0.22245837115989467,
    0.2214309090893752,
    0.22038026060669455,
    0.21930759754863863,
    0.21821405358152,
    0.2171007253277774,
    0.2159686734603355,
    0.21481892376563663,
    0.21365246817622532,
    0.2124702657737499,
    0.2112732437632316,
    0.2100622984194193,
    0.20883829600601456,
    0.20760207366854044,
    0.20635444030160724,
    0.2050961773912914,
    0.2038280398333388,
    0.20255075672790862,
    0.20126503215153776,
    0.19997154590696437,
    0.19867095425146128,
    0.19736389060433718,
    0.19605096623423177,
    0.1947327709268078,
    0.1934098736334633,
    0.1920828231017669,
    0.1907521484883635,
    0.18941835995508505,
    0.18808194924920763,
    0.18674339026914138,
    0.18540313961752813,
    0.18406163714517637,
    0.18271930649093726,
    0.18137655562672067,
    0.1800337774301215,
    0.17869135034049743,
    0.17734963923305247,
    0.1760089968844343,
    0.1746697674565895,
    0.1733322994392082,
    0.17199704169422136,
    0.17149543472348827,
    0.1726290657376474,
    0.17459259164454674,
    0.17679390405106404,
    0.17932321001657991,
    0.1818956541809676,
    0.1843217409057412,
    0.18660556292358937,
    0.1887516739994499,
    0.19138598323566466,
    0.1951163534962648,
    0.19928464452927813,
    0.2032455869918903,
    0.20699976868445977,
    0.21055390286476433,
    0.21391454894453643,
    0.21708808084670855,
    0.22008068659940985,
    0.22289837203246382,
    0.22554696535034688,
    0.2280321219297938,
    0.23035932913657198,
    0.23253391107666632,
    0.2345610332442107,
    0.236445707052823,
    0.23819279424725662,
    0.23980701119491613,
    0.24129293305878152,
    0.24265499785412772,
    0.24389751039135674,
    0.24502464610765035,
    0.24604045479041545,
    0.24694886419545548,
    0.2477536835627356,
    0.24845860703253844,
    0.2490672169647783,
    0.24958298716417077,
    0.2500092860138494,
    0.2503493795200181,
    0.25060643427017415,
    0.25078352030730217,
    0.250883613922377,
    0.2509096003674994,
    0.2508642764919119,
    0.2507503533030631,
    0.25057045845483555,
    0.2503271386649954,
    0.2500228620638627,
    0.24966002047614377,
    0.24924093163780944,
    0.2487678413498561,
    0.24824292557074154,
    0.24766829244922833,
    0.24704598429931787,
    0.2463779795189125,
    0.24566619445379578,
    0.2449124852084763,
    0.24411864940539646,
    0.24328642789397,
    0.242417506410868,
    0.24151351719292824,
    0.24057604054402593,
    0.2396066063572112,
    0.23860669559338346,
    0.23757774171773086,
    0.23652113209512862,
    0.23543820934565762,
    0.23433027266137382,
    0.23319857908542546,
    0.23204434475458516,
    0.2308687461062351,
    0.22967292105080894,
    0.2284579701106655,
    0.22722495752634803,
    0.22597491233115563,
    0.22470882939492284,
    0.22342767043787962,
    0.22213236501543812,
    0.22082381147473285,
    0.21950287788371411,
    0.2181704029335709,
    0.21682719681524004,
    0.21547404207073867,
    0.21411169442003405,
    0.21274088356414403,
    0.21136231396514266,
    0.20997666560372374,
    0.20858459471496055,
    0.20718673450288178,
    0.20578369583446263,
    0.20437606791361573,
    0.20296441893575398,
    0.2015492967234759,
    0.20013122934390695,
    0.19871072570821618,
    0.19728827615381883,
    0.1958643530097576,
    0.19443941114573543,
    0.1930138885052654,
    0.1915882066233937,
    0.19016277112943483,
    0.1887379722351396,
    0.18731418520871368,
    0.18589177083509106,
    0.18447107586285014,
    0.1830524334381488,
    0.1816361635260528,
    0.1802225733196185,
    0.17881195763707786,
    0.17740459930746538,
    0.17600076954501723,
    0.17460072831266144,
    0.17320472467491027,
    0.17181299714045484,
    0.1704257739947523,
    0.16904327362289026,
    0.16766570482301188,
    0.1662932671105773,
    0.16492615101372032,
    0.16356453835995452,
    0.16220860255447686,
    0.16085850885030903,
    0.15951441461050678,
    0.15817646956265896,
    0.15684481604590114,
    0.1555195892506663,
    0.15420091745138886,
    0.15288892223236145,
    0.15158371870692672,
    0.1502854157301987,
    0.14899411610551533,
    0.14770991678479953,
    0.14643290906303105,
    0.14516317876704707,
    0.1439008064388082,
    0.1426458675132382,
    0.14139843249081596,
    0.14015856710517186,
    0.13892633248596759,
    0.1377017853172273,
    0.1364849779912274,
    0.1352759587580754,
    0.13407477187124456,
    0.13288145772971857,
    0.13169605301723808,
    0.13051859083899664,
    0.12934910085697987,
    0.12818760942553903,
    0.12703413972964336,
    0.1258887119303313,
    0.12475134332265657,
    0.12362204851891165,
    0.1225008397024581,
    0.12138772705908589,
    0.12028271958783066,
    0.11918582675148516,
    0.11809706237776366,
    0.11701645724013102,
    0.11594413742028309,
    0.11499764149879044,
    0.11429106570974026,
    0.11369983836357297,
    0.11329812819539015,
    0.1132828946546828,
    0.11345202635807902,
    0.11359282709203078,
    0.11369685850226813,
    0.11376548691796351,
    0.11387224067998156,
    0.11418778856192605,
    0.11473366636534393,
    0.11533203027503684,
    0.11588323767686498,
    0.11639516836524554,
    0.11704960873811987,
    0.11800970170755927,
    0.1190798661215704,
    0.12014904801386077,
    0.12128753312852872,
    0.12242103914093835,
    0.12347800153962743,
    0.12446076105036628,
    0.1253718774880975,
    0.1262138570571838,
    0.12698919293648156,
    0.12770068150706776,
    0.1283624487580474,
    0.12902687516919753,
    0.1297215074557001,
    0.1303941044739076,
    0.13100545419464704,
    0.1315573508079162,
    0.13205180989650817,
    0.13249082433513654,
    0.13287630819052618,
    0.1332101036283211,
    0.1334940175050911,
    0.13372982555069934,
    0.13391926223095962,
    0.13406401777303403,
    0.1341657359357841,
    0.13422601281206098,
    0.13424639709315037,
    0.13422839084917643,
    0.13417345049476043,
    0.13408298791105477,
    0.1339583716728737,
    0.13380092831322182,
    0.13361194354204697,
    0.13339266338766165,
    0.13314429530543692,
    0.13286800928203385,
    0.1325649389172001,
    0.13223618246982186,
    0.13188280387236398,
    0.13150583372157884,
    0.13110627024825716,
    0.13068508026173065,
    0.13024320006575768,
    0.12978153634841672,
    0.129300967049849,
    0.12880234220492562,
    0.1282864847558174,
    0.12775419133875593,
    0.12720623305294884,
    0.1266433562122396,
    0.12606628307674556,
    0.12547571256378595,
    0.12487232093723455,
    0.12425676247378357,
    0.12362967010781582,
    0.1229916560600059,
    0.1223433124519304,
    0.12168521190360787,
    0.12101790811048707,
    0.12034193640112317,
    0.11965781428007206,
    0.1189660419593202,
    0.11826710287732398,
    0.11756146420167954,
    0.11684957731654694,
    0.11613187829777286,
    0.1154087883710091,
    0.11468071435121927,
    0.11394804907291436,
    0.1132111718161567,
    0.11247044871972131,
    0.11172623317739805,
    0.11097886623096359,
    0.11022867696635354,
    0.1094759828930072,
    0.10872109028943058,
    0.10796429452228344,
    0.10720588034193276,
    0.10644612216591329,
    0.1056852843926497,
    0.1049236217451919,
    0.10416137957277935,
    0.10339879410487102,
    0.10263609278464056,
    0.10187349470544126,
    0.1011112109861494,
    0.10034944511829666,
    0.0995883934677041,
    0.098828245626866,
    0.09806918434603201,
    0.09731138593277258,
    0.0965550221991445,
    0.09580026392735898,
    0.09504728859062489,
    0.09429631994224567,
    0.09354792839670265,
    0.09280453756923562,
    0.0920747152206243,
    0.09137124474244901,
    0.09069300421401473,
    0.09002398779551643,
    0.08935541585426107,
    0.08868724015610227,
    0.0880195758567593,
    0.08735256095878216,
    0.0866863398739234,
    0.0860210590183492,
    0.08535686285720319,
    0.08469389202752958,
    0.08403228283222938,
    0.08337216701940846,
    0.08271367149596796,
    0.08205691815904853,
    0.08140202398334884,
    0.0807491012181669,
    0.08009825754050533,
    0.07944959614359176,
    0.07880321581015198,
    0.07815921102269126,
    0.0775176721101849,
    0.07687868539098452,
    0.07624233328529044,
    0.07560869441736852,
    0.07497784374606674,
    0.07434985271470615,
    0.07372478938597753,
    0.07310271856190247,
    0.07248370190438409,
    0.07186779807064085,
    0.0712550628820996,
    0.07064554950973011,
    0.07003930869743599,
    0.06943638917305713,
    0.06883683831849496,
    0.06824070309498141,
    0.06764803237190845,
    0.06705888820954908,
    0.06647342535569184,
    0.06590418022621905,
    0.06539884453231808,
    0.06497858360057558,
    0.0645921746074555,
    0.06420248800129727,
    0.06380960470287542,
    0.06341372800779714,
    0.06301507290623304,
    0.06261385166476785,
    0.06221027101969675,
    0.061804531403782566,
    0.0613968268004984,
    0.060987344785711925,
    0.06057626661322981,
    0.060163767322710816,
    0.059750015865498426,
    0.05933517524396373,
    0.058919402660953316,
    0.058502849678272364,
    0.05808566237920412,
    0.057667981529687294,
    0.05724994273596964,
    0.05683167659757633,
    0.05641330885543144,
    0.05599496053576478,
    0.05557674809090061,
    0.055158783537619244,
    0.05474117459241348,
    0.0543240248028915,
    0.053907433675471725,
    0.05349149679944055,
    0.05307630596739089,
    0.05266194929252555,
    0.05224851132302164,
    0.051836073153196174,
    0.05142471253125948,
    0.051014503963650475,
    0.050605518816297976,
    0.05019782541318061,
    0.04979148913219894,
    0.049386572498249626,
    0.04898313527350398,
    0.04858123454500935,
    0.04818092480979042,
    0.04778225805754843,
    0.047385283850943594,
    0.04699004940345085,
    0.04659659965490194,
    0.04620497734488184,
    0.045815223084029424,
    0.04542737542323133,
    0.04504147092076102,
    0.04465754420741476,
    0.04427562804967535,
    0.043895753410990515,
    0.04351794951127583,
    0.04314224388469136,
    0.042768662435704236,
    0.04239722949346562,
    0.04202796786456598,
    0.04166089888423939,
    0.0412960424660559,
    0.04093341715013549,
    0.04057304014991983,
    0.04021492739752645,
    0.03985909358773461,
    0.03950555222067123,
    0.03915431564323401,
    0.038805395089267176,
    0.03845880071851728,
    0.03811454165440925,
    0.037772626020688586,
    0.037433060976968816,
    0.037095852753210354,
    0.036761006683151846,
    0.03642852723671674,
    0.03609841805143149,
    0.03577068196289897,
    0.035445321034353446,
    0.03512233658531308,
    0.03480172921935337,
    0.03448349885102654,
    0.034167644731947354,
    0.033854165476073096,
    0.03354305908421309,
    0.03323432296779268,
    0.03292795397188648,
    0.03262394839753477,
    0.03232230202336023,
    0.03202301012650916,
    0.03172606750294582,
    0.03143146848711903,
    0.03113920697101489,
    0.030849276422612523,
    0.03056166990375899,
    0.03027638008747656,
    0.029993399274721846,
    0.029712719410620203,
    0.0294343321001911,
    0.02915822862357388,
    0.028884399950765357,
    0.028612836755882,
    0.028343529430962418,
    0.028076468099329736,
    0.027811642628529573,
    0.027549042642852066,
    0.02728865753544565,
    0.027030476480034225,
    0.02677448844225175,
    0.026520682190608165,
    0.026269046307097966,
    0.02601956919745976,
    0.02577223910109462,
    0.025527044100653727,
    0.025283972131307574,
    0.02504301098970767,
    0.02480414834264908,
    0.02456737173544058,
    0.024332668599990063,
    0.02410002626261639,
    0.023869431951597662,
    0.023640872804461734,
    0.023414335875024027,
    0.023189808140180984,
    0.022967276506469052,
    0.022746727816396087,
    0.022528148854550904,
    0.022311526353499016,
    0.022096846999470572,
    0.021884097437843548,
    0.02167326427842875,
    0.021464334100567046,
    0.0212572934580448,
    0.02105212888382924,
    0.02084882689462923,
    0.02064737399528927,
    0.02044775668302213,
    0.0202499614514845,
    0.020053974794700072,
    0.01985978321083299,
    0.01966737320581462,
    0.019476731296829544,
    0.019287844015667972,
    0.01910069791194932,
    0.01891527955621869,
    0.01873157554291773,
    0.018549572493235314,
    0.018369257057845166,
    0.018190615919534157,
    0.018013635795721628,
    0.01783830344087106,
    0.017664605648798556,
    0.017492529254884606,
    0.017322061138192457,
    0.017153188223493977,
    0.016985897483204535,
    0.01682017593923047,
    0.01665601066473359,
    0.01649338878581579,
    0.01633229748312589,
    0.016172723993390366,
    0.016014655610868025,
    0.015858079688731843,
    0.015702983640383413,
    0.015549354940702517,
    0.01539718112723328,
    0.01524644980130803,
    0.015097148629108175,
    0.014949265342664666,
    0.014802787740803652,
    0.014657703690040227,
    0.014514001125421104,
    0.014371668051317161,
    0.014230692542166322,
    0.014091062743166695,
    0.013952766870920532,
    0.013815793214032892,
    0.013680130133669633,
    0.013545766064076488,
    0.013412689513059285,
    0.013280889062424625,
    0.013150353368379504,
    0.013021071161892335,
    0.012893031249022259,
    0.012766222511219756,
    0.01264063390559493,
    0.012516254465150142,
    0.012393073298980466,
    0.012271079592448119,
    0.012150262607330497,
    0.012030611681938034,
    0.011912116231204183,
    0.011794765746753342,
    0.011678549796947992,
    0.011563458026912311,
    0.01144948015852987,
    0.011336605990417824,
    0.011224825397882774,
    0.011114128332859644,
    0.011004504823834013,
    0.010895944975747729,
    0.01078843896988307,
    0.010681977063725095,
    0.010576549590809876,
    0.010472146960561972,
    0.010368759658116745,
    0.01026637824412406,
    0.01016499335453626,
    0.010064595700385936,
    0.009965176067555714,
    0.00986672531653571,
    0.009769234382162012,
    0.009672694273340334,
    0.009577096072766175,
    0.009482430936643482,
    0.009388690094397318,
    0.009295864848375548,
    0.00920394657353265,
    0.009112926717097881,
    0.00902279679824164,
    0.008933548407744352,
    0.008845173207660663,
    0.00875766293097779,
    0.008671009381266229,
    0.008585204432312232,
    0.008500240027736668,
    0.008416108180621381,
    0.008332800973147682,
    0.008250310556237355,
    0.008168629149190478,
    0.008087749039313339,
    0.008007662581526614,
    0.007928362197961713,
    0.007849840377574134,
    0.007772089675781099,
    0.007695102714107068,
    0.007618872179837212,
    0.007543390825670085,
    0.007468651469337108,
    0.007394646993195232,
    0.007321370343840738,
    0.0072488145317729305,
    0.007176972631101529,
    0.007105837779277595,
    0.007035403176857407,
    0.006965662087312186,
    0.006896607836811148,
    0.006828233813922297,
    0.006760533469328996,
    0.00669350031569285,
    0.006627127927712669,
    0.006561409942379853,
    0.006496340059515323,
    0.006431912042665811,
    0.0063681197200669455,
    0.006304956985530956,
    0.006242417799840512,
    0.006180496193238683,
    0.0061191862694017106,
    0.006058482211642328,
    0.0059983782926687195,
    0.005938868889486475,
    0.00587994850433669,
    0.005821611794546271,
    0.005763853620919051,
    0.005706669130074086,
    0.005650053902131645,
    0.005594004254483909,
    0.005538517929491043,
    0.0054835957979153934,
    0.005429247473110509,
    0.0053755245628756086,
    0.005324475390003549,
    0.005309012186167596,
    0.005534670730305117,
    0.00626974952989958,
    0.007419007442904544,
    0.008656829464635505,
    0.009847318414916886,
    0.011127777332276701,
    0.012630126866003673,
    0.014209538748439048,
    0.015726663721653985,
    0.017422768531374994,
    0.019538384746714425,
    0.021829246253126815,
    0.024078539363968227,
    0.02631114532207113,
    0.028489307408514998,
    0.03057889070225769,
    0.03258214621390521,
    0.03467432749684675,
    0.037180765165501714,
    0.04006938785598156,
    0.042995935847605485,
    0.04589520893971881,
    0.04892835223642508,
    0.05206393389601035,
    0.05526174801195479,
    0.05860113608811335,
    0.061975962557496427,
    0.06523248717668631,
    0.06834775737166546,
    0.07132608110480254,
    0.07417175637287021,
    0.07688898629919551,
    0.07948186115443928,
    0.08195435524652425,
    0.08431032814444908,
    0.08655352699850045,
    0.08868758928464018,
    0.0907160457261637,
    0.09264232324056815,
    0.09446974784852476,
    0.09620154752240224,
    0.09784085496506262,
    0.09939071031548971,
    0.10085406378392484,
    0.10223377821928417,
    0.10353263160716826,
    0.10475331949801034,
    0.10589845736751713,
    0.10697058291121667,
    0.10797215827458781,
    0.10890557222041994,
    0.10977314223507963,
    0.11057711657510684,
    0.11131967625575043,
    0.11200293698326048,
    0.11262895103250323,
    0.11319970907137501,
    0.11371714193342301,
    0.11418312234015582,
    0.11459946657467676,
    0.11496793610801799,
    0.11529023917929815,
    0.11556803233092294,
    0.11580292190018195,
    0.11599646546855204,
    0.11615017326988984,
    0.11626550955862966,
    0.11634389393911133,
    0.11638670265713934,
    0.11639526985483215,
    0.11637088878980215,
    0.11631481301967202,
    0.11622825755290794,
    0.1161123999669271,
    0.11596838149439702,
    0.11579730807861077,
    0.11560025139879694,
    0.11537824986621667,
    0.11513230959190764,
    0.11486340532689193,
    0.11457248137559194,
    0.11426045248319038,
    0.11392820469769782,
    0.11357659620746445,
    0.11320645815481818,
    0.11281859542649401,
    0.11241378742151321,
    0.1119927887971511,
    0.11155633019362114,
    0.11110511893807587,
    0.1106398397284942,
    0.11016115529802963,
    0.10966970706038245,
    0.1091661157367337,
    0.10865098196476917,
    0.10812488689029309,
    0.10758839274191112,
    0.10704204338925612,
    0.10648636488522631,
    0.10592186599273001,
    0.10534903869640501,
    0.10476835869968426,
    0.10418028590758205,
    0.1035852648956271,
    0.10298372536536282,
    0.10237608258681274,
    0.1017627378282617,
    0.10114407877371552,
    0.10052047992841598,
    0.09989230301269623,
    0.09925989734445198,
    0.0986236002106117,
    0.09798373722797092,
    0.09734062269363832,
    0.09669455992534405,
    0.0960458415919486,
    0.09539475003446418,
    0.0947415575777753,
    0.09408652683344856,
    0.09342991099421745,
    0.09277195412020249,
    0.09211289141659161,
    0.0914529495028719,
    0.09079234667430529,
    0.090131293156516,
    0.08946999135298508,
    0.08880863608471523,
    0.08814741482239942,
    0.087486507912346,
    0.08682608879714815,
    0.08616632423112935,
    0.08550737449018772,
    0.08484939357502261,
    0.08419252940846045,
    0.08353692403126625,
    0.08288271379767313,
    0.08223002956825495,
    0.08157899690049875,
    0.0809297362387225,
    0.0802823631093982,
    0.0796369883350013,
    0.07899371827116682,
    0.07835265506820151,
    0.07771389697406891,
    0.07707753877717577,
    0.07644367268951811,
    0.07581239017645555,
    0.0751837861731138,
    0.07455796887296985,
    0.07393508931894299,
    0.07332700434955713,
    0.07279555659539805,
    0.07237682427524082,
    0.07200448811222107,
    0.07162636671877984,
    0.07124277285166683,
    0.07085406947738607,
    0.07046053720372665,
    0.07007197472230475,
    0.06969854416961384,
    0.06933137011262927,
    0.06896068544144018,
    0.06858566143958128,
    0.06820593469560046,
    0.06782166965002367,
    0.06743317939347822,
    0.06704091158838937,
    0.06671273973960712,
    0.0665138704772616,
    0.06637202273548473,
    0.0662173623286762,
    0.06605016949158678,
    0.0658709278045847,
    0.0656801427823651,
    0.06547830819571743,
    0.06526589649845332,
    0.06504336637180924,
    0.06481117906008899,
    0.06456979935048768,
    0.06431967047300383,
    0.0640612102563084,
    0.063794879675026,
    0.06352154262967877,
    0.06327805890652642,
    0.06310455757209514,
    0.0629777572152878,
    0.06287440379052137,
    0.06278768978401936,
    0.0626970093469656,
    0.0625925508146122,
    0.06247462779818588,
    0.062343721562405134,
    0.06220033122459841,
    0.062044954527238586,
    0.0618780810448485,
    0.06170018845337709,
    0.06151174101267333,
    0.061313189164291335,
    0.061104969619659825,
    0.06088750562192854,
    0.06066120724486952,
    0.060426471701667483,
    0.060183683659315,
    0.05993321556301634,
    0.05967542797283695,
    0.05941066990218224,
    0.05913927914857348,
    0.05886158261474175,
    0.058577896621829495,
    0.05828852721681386,
    0.05799377047324601,
    0.0576939127832659,
    0.05738923114120803,
    0.0570799934200518,
    0.05676645864070794,
    0.05644887723361443,
    0.056127491292645305,
    0.055802534821806735,
    0.05547423397519184,
    0.055142807290287796,
    0.05480846591458128,
    0.05447141382555992,
    0.05413184804439282,
    0.05378995884363627,
    0.05344592994914455,
    0.0530999387361921,
    0.052752156419835786,
    0.05240274823975186,
    0.05205187363988337,
    0.051699686443034694,
    0.051346335020404484,
    0.050991962456149155,
    0.05063670670719441,
    0.05028070075849836,
    0.04992407277387903,
    0.04956694624249848,
    0.049209440121109685,
    0.048851668972161665,
    0.048493743097882056,
    0.048135768670485024,
    0.04777784785863772,
    0.047420078950286826,
    0.04706255647192361,
    0.04670537130438967,
    0.046348610795336254,
    0.04599235886841155,
    0.045636696129265984,
    0.045281699968499185,
    0.04492744466163064,
    0.04457400146614815,
    0.04422143871571957,
    0.04386982191167023,
    0.04351921381180591,
    0.043169674516640624,
    0.04282126155309032,
    0.042474029955713685,
    0.04212803234558753,
    0.04178331900688495,
    0.041439937961209775,
    0.04109793503974253,
    0.0407573539532661,
    0.040418236360145285,
    0.04008062193231922,
    0.03974454841935044,
    0.03941005171057821,
    0.039077165895436555,
    0.038745923322000685,
    0.038416354653810596,
    0.03808848892501234,
    0.037762353593868266,
    0.03743797459469064,
    0.03711537638824007,
    0.03679458201062431,
    0.0364756131207422,
    0.036158490046322024,
    0.035843231828595515,
    0.035529856265641604,
    0.035218379954435455,
    0.03490881833164125,
    0.03460118571318928,
    0.034295495332672774,
    0.03399175937859449,
    0.033689989030491904,
    0.03339019449397617,
    0.03309238503472231,
    0.032796569011441006,
    0.03250275390785485,
    0.03221094636370592,
    0.031921152204828294,
    0.03163337647231416,
    0.031347623450793886,
    0.03106389669585533,
    0.03078219906063252,
    0.030502532721588684,
    0.030224899203512925,
    0.029949299403750414,
    0.029675733615690036,
    0.029404201551534885,
    0.029134702364375098,
    0.028867234669579536,
    0.028601796565528175,
    0.028338385653708376,
    0.028076999058191075,
    0.027817633444500552,
    0.027560285037897016,
    0.027304949641093115,
    0.027051622651420908,
    0.026800299077461762,
    0.026550973555154497,
    0.026303640363399293,
    0.026058293439171862,
    0.025814926392159793,
    0.025573532518936667,
    0.025334104816690434,
    0.02509663599651854,
    0.024861118496299777,
    0.024627544493151944,
    0.024395905915488618,
    0.02416619445469254,
    0.02393840157641707,
    0.0237125185315211,
    0.02348853636664779,
    0.023266445934462372,
    0.023046237903559075,
    0.022827902768042516,
    0.022611430856794026,
    0.022396812342435943,
    0.022184037250002654,
    0.02197309546532484,
    0.021763976743133746,
    0.021556670714894394,
    0.021351166896380117,
    0.02114745469499538,
    0.020945523416848064,
    0.020745362273579024,
    0.02054696038896304,
    0.020350306805290517,
    0.020155390489532448,
    0.01996220033929057,
    0.019770725188539576,
    0.019580953813171917,
    0.019392874936352444,
    0.0192064772336845,
    0.019021749338193065,
    0.01883867984513251,
    0.018657257316619998,
    0.018477470286101607,
    0.01829930726266618,
    0.018122756735208523,
    0.01794780717643678,
    0.01777444704673463,
    0.017602664797888582,
    0.017432448876674306,
    0.01726378772830283,
    0.017096669799748856,
    0.01693108354297678,
    0.016767017418054572,
    0.016604459896137267,
    0.016443399462324766,
    0.016283824618424182,
    0.016125723885641655,
    0.015969085807200512,
    0.015813898950854444,
    0.01566015191128322,
    0.015507833312416166,
    0.015356931809740031,
    0.015207436092598604,
    0.015059334886435315,
    0.014912616954963525,
    0.01476727110235917,
    0.014623286175560878,
    0.014480651066694205,
    0.014339354715671056,
    0.014199386112959057,
    0.014060734302522557,
    0.013923388385190496,
    0.013787337522765614,
    0.013652570943265756,
    0.013519077948086915,
    0.013386847922132362,
    0.01325587034826075,
    0.013126134828880141,
    0.012997631119961784,
    0.012870349184442723,
    0.012744279275618105,
    0.012619412078806248,
    0.012495739007297418,
    0.012373252944356303,
    0.012251950332095916,
    0.01213183794414669,
    0.012012964000287727,
    0.01211779100085325,
    0.01276412696922328,
    0.01381276494776661,
    0.014921864498313502,
    0.01598487984804954,
    0.01700321677692638,
    0.017978268799026736,
    0.018911395424905216,
    0.01980391882682224,
    0.020657123572763076,
    0.021472257213176783,
    0.022250531110676083,
    0.022993121342467563,
    0.023701169629473884,
    0.024375784269109347,
    0.02501804105930051,
    0.025628984207476842,
    0.02620962722071212,
    0.02676095377456882,
    0.027283918559656492,
    0.027779448106161564,
    0.028248441586481862,
    0.028691771595875902,
    0.029110284911711543,
    0.02950480323186063,
    0.02987612389234964,
    0.03022502056472778,
    0.030552243933985736,
    0.030858522357563825,
    0.031144562505696662,
    0.03141104998356131,
    0.031658649935906086,
    0.03188800763465482,
    0.03209974904982482,
    0.03229448140421553,
    0.03247279371239989,
    0.032635257304482995,
    0.03278242633505744,
    0.03291483827775321,
    0.03303301440573641,
    0.03313746025853897,
    0.033228666095634955,
    0.03330710733715035,
    0.03337324499205707,
    0.03342752607420303,
    0.033470384006535236,
    0.033502239013850715,
    0.033523498504392596,
    0.03353455744060645,
    0.03353579869936037,
    0.03352759342191924,
    0.03351030135396549,
    0.03348427117595742,
    0.03344984082409969,
    0.033407337802189324
]