[
    0.0,
    0.0,
    -0.0003733739288473984,
    -0.00036026411027216293,
    -0.0003475493309961174,
    -0.0003352182069081043,
    -0.0003232596770783104,
    -0.0003116629945990878,
    -0.0003004177176815007,
    -0.00028951370100467003,
    -0.00027894108731171694,
    -0.0002686902992467063,
    -0.00025875203142818455,
    -0.00024911724275213657,
    -0.00023977714891638762,
    -0.00023072321515904868,
    -0.0002219471492043828,
    -0.00021344089441212123,
    -0.00020519662312264928,
    -0.0001972067301868592,
    -0.00018946382667727499,
    -0.00018196073378040663,
    -0.000174690476864397,
    -0.0001676462797129156,
    -0.0001608215589167629,
    -0.0001542099184231616,
    -0.00014780514424317403,
    -0.0001416011993065321,
    -0.00013559221846093874,
    -0.00012977250361775097,
    -0.0001241365190316417,
    -0.00011867888670179241,
    -0.00011339438190464076,
    -0.00010827792888254145,
    -0.00010332459667313951,
    -9.852959502670668e-05,
    -9.388827041081956e-05,
    -8.939610214695318e-05,
    -8.504869868013298e-05,
    -8.084179394967912e-05,
    -7.67712438477036e-05,
    -7.283302276981258e-05,
    -6.90232202682518e-05,
    -6.533803780838207e-05,
    -6.17737856114056e-05,
    -5.832687958340271e-05,
    -5.4993838348018536e-05,
    -5.177128036085299e-05,
    -4.865592108120934e-05,
    -4.564457022819477e-05,
    -4.2734129136138605e-05,
    -3.9921588182332056e-05,
    -3.720402426630048e-05,
    -3.45785983427875e-05,
    -3.204255302394215e-05,
    -2.959321027384253e-05,
    -2.7227969205560354e-05,
    -2.4944303971111272e-05,
    -2.2739761714381156e-05,
    -2.0611960525100602e-05,
    -1.8558587372035403e-05,
    -1.657739609115598e-05,
    -1.4666205489357689e-05,
    -1.2822897514026676e-05,
    -1.1045415434541277e-05,
    -9.331762087538738e-06,
    -7.679998225823917e-06,
    -6.088240910793786e-06,
    -4.554661921077283e-06,
    -3.077486205794094e-06,
    -1.6549903699510087e-06,
    -2.8550118518806976e-07,
    1.0326058319023918e-06,
    2.3009077686734552e-06,
    3.520935653967461e-06,
    4.69417580284882e-06,
    5.822071097385362e-06,
    6.906022164517562e-06,
    7.94738851920568e-06,
    8.947489753507932e-06,
    9.907606767243365e-06,
    1.0828982961433432e-05,
    1.1712825321499018e-05,
    1.2560305425129734e-05,
    1.3372560465928964e-05,
    1.4150694270910397e-05,
    1.4895778245375842e-05,
    1.560885227433005e-05,
    1.6290925625731687e-05,
    1.694297785557812e-05,
    1.756595969300013e-05,
    1.8160793873621655e-05,
    1.8728375927902584e-05,
    1.9269574962886392e-05,
    1.978523442213541e-05,
    2.027617277306571e-05,
    2.0743184150045247e-05,
    2.1187039045913793e-05,
    2.160848505928192e-05,
    2.200824761983698e-05,
    2.238703066242799e-05,
    2.274551726671814e-05,
    2.30843702642017e-05,
    2.340423280527016e-05,
    2.3705728893154293e-05,
    2.398946391295332e-05,
    2.4256025172804013e-05,
    2.450598245086164e-05,
    2.4739888537980946e-05,
    2.49582797670406e-05,
    2.5161676517276334e-05,
    2.5350583687260454e-05,
    2.5525491149573855e-05,
    2.568687419210255e-05,
    2.5835193935828174e-05,
    2.597089773727857e-05,
    2.6094419577026796e-05,
    2.6206180422100677e-05,
    2.630658859478073e-05,
    2.639604018267027e-05,
    2.6474919443227833e-05,
    2.654359914999608e-05,
    2.660244090301872e-05,
    2.665179543995672e-05,
    2.6692002952263174e-05,
    2.6723393399570567e-05,
    2.6746286816540266e-05,
    2.6760993605231432e-05,
    2.676781480086912e-05,
    2.6767042315828714e-05,
    2.675895919345576e-05,
    2.6743839880190235e-05,
    2.6721950488865976e-05,
    2.669354904158929e-05,
    2.6658885703480882e-05,
    2.6618203008274547e-05,
    2.657173607430181e-05,
    2.6519712821053412e-05,
    2.646235418859921e-05,
    2.6399874350949535e-05,
    2.6332480914961023e-05,
    2.6260375104919716e-05,
    2.61837519447191e-05,
    2.610280044021199e-05,
    2.6017703751431535e-05,
    2.5928639358658213e-05,
    2.5835779231570544e-05,
    2.5739289993207838e-05,
    2.5639333070766927e-05,
    2.5536064841400526e-05,
    2.5429636779828933e-05,
    2.532019560257235e-05,
    2.5207883402989694e-05,
    2.5092837777549255e-05,
    2.4975191949596047e-05,
    2.4855074897571982e-05,
    2.473261148436042e-05,
    2.4607922581483624e-05,
    2.4481125190651192e-05,
    2.4352332561651916e-05,
    2.4221654301713725e-05,
    2.4089196480853637e-05,
    2.395506173712677e-05,
    2.3819349377601906e-05,
    2.3682155474746434e-05,
    2.3543572960853328e-05,
    2.340369171745112e-05,
    2.3262598658627122e-05,
    2.3120377813359983e-05,
    2.2977110408842727e-05,
    2.2832874952536706e-05,
    2.2687747311512783e-05,
    2.2541800789468695e-05,
    2.239510620261308e-05,
    2.2247731953524733e-05,
    2.209974410166371e-05,
    2.1951206432264126e-05,
    2.180218052417058e-05,
    2.165272581443697e-05,
    2.1502899660320344e-05,
    2.135275740000066e-05,
    2.1202352410120445e-05,
    2.1051736160899606e-05,
    2.0900958272015856e-05,
    2.0750066568672778e-05,
    2.059910713576106e-05,
    2.0448124369633727e-05,
    2.0297161027822135e-05,
    2.0146258276982666e-05,
    1.9995455738969672e-05,
    1.984479153510783e-05,
    1.9694302329432697e-05,
    1.954402337161557e-05,
    1.939398853938517e-05,
    1.9244230380259677e-05,
    1.9094780152430403e-05,
    1.894566786368281e-05,
    1.879692230811703e-05,
    1.864857110188434e-05,
    1.8500640718444127e-05,
    1.8353156523030362e-05,
    1.8206142806054845e-05,
    1.805962281535693e-05,
    1.7913618787636903e-05,
    1.7768151979252327e-05,
    1.7623242696259855e-05,
    1.7478910324066078e-05,
    1.733517335696581e-05,
    1.719204942728237e-05,
    1.704955533337276e-05,
    1.6907707065629373e-05,
    1.676651983089874e-05,
    1.6626008076550994e-05,
    1.6486185514458356e-05,
    1.634706514466774e-05,
    1.62086592786988e-05,
    1.6070979562218513e-05,
    1.5934036996958655e-05,
    1.5797841961993318e-05,
    1.56624042345057e-05,
    1.5527733010153303e-05,
    1.539383692313778e-05,
    1.5260724065921667e-05,
    1.5128402008272532e-05,
    1.4996877815635937e-05,
    1.486615806703012e-05,
    1.4736248871948551e-05,
    1.4607155886183186e-05,
    1.447888432772111e-05,
    1.435143899277773e-05,
    1.4224824271014313e-05,
    1.4099044160723514e-05,
    1.3974102284760355e-05,
    1.385000190582621e-05,
    1.3726745939748925e-05,
    1.3604336966893676e-05,
    1.3482777242824462e-05,
    1.3362068709653722e-05,
    1.3242213008307556e-05,
    1.3123211490246834e-05,
    1.300506522801552e-05,
    1.2887775025174114e-05,
    1.2771341425833095e-05,
    1.2655764724253158e-05,
    1.2541044974538151e-05,
    1.2427181999780652e-05,
    1.2314175400879169e-05,
    1.2202024565030175e-05,
    1.2090728672834248e-05,
    1.1980286704713061e-05,
    1.1870697448985597e-05,
    1.1761959511085228e-05,
    1.1654071320973157e-05,
    1.1547031138282372e-05,
    1.1440837057524125e-05,
    1.1335487014641982e-05,
    1.1230978793987863e-05,
    1.112731003457691e-05,
    1.1024478235515426e-05,
    1.0922480761137421e-05,
    1.0821314846113882e-05,
    1.0720977600116716e-05,
    1.0621466011696236e-05,
    1.0522776951846301e-05,
    1.0424907177755405e-05,
    1.0327853336818287e-05,
    1.0231611971018058e-05,
    1.0136179521245624e-05,
    1.0041552330912538e-05,
    9.947726649135589e-06,
    9.85469863402409e-06,
    9.762464356209157e-06,
    9.671019802348357e-06,
    9.58036087822726e-06,
    9.490483411471543e-06,
    9.401383154091788e-06,
    9.313055785490895e-06,
    9.225496916593257e-06,
    9.138702094965295e-06,
    9.052666810438643e-06,
    8.967386499452472e-06,
    8.882856546290695e-06,
    8.79907228346996e-06,
    8.716028994144799e-06,
    8.63372191630123e-06,
    8.552146248248702e-06,
    8.471297153629367e-06,
    8.391169763255247e-06,
    8.311759174072948e-06,
    8.233060448163746e-06,
    8.15506861566493e-06,
    8.077778681837193e-06,
    8.00118563287122e-06,
    7.925284438297852e-06,
    7.850070052981254e-06,
    7.775537418593022e-06,
    7.701681462815302e-06,
    7.628497097953172e-06,
    7.555979221869311e-06,
    7.484122722148627e-06,
    7.412922481051771e-06,
    7.3423733782869815e-06,
    7.272470291503639e-06,
    7.2032080951933795e-06,
    7.134581658759657e-06,
    7.066585845690166e-06,
    6.999215516148976e-06,
    6.932465532606491e-06,
    6.866330764686147e-06,
    6.800806092804391e-06,
    6.735886412451142e-06,
    6.6715666372393925e-06,
    6.607841700006774e-06,
    6.544706552789555e-06,
    6.4821561640070915e-06,
    6.420185514082602e-06,
    6.358789594792786e-06,
    6.2979634131699765e-06,
    6.237701995952328e-06,
    6.178000392837832e-06,
    6.118853678641562e-06,
    6.060256954158405e-06,
    6.002205347309819e-06,
    5.9446940162422086e-06,
    5.8877181524860675e-06,
    5.831272981973918e-06,
    5.7753537659172695e-06,
    5.719955802847014e-06,
    5.6650744290977125e-06,
    5.610705017473756e-06,
    5.556842977009825e-06,
    5.5034837541136515e-06,
    5.450622833981996e-06,
    5.398255742499446e-06,
    5.346378047838007e-06,
    5.29498536022899e-06,
    5.244073330629378e-06,
    5.193637650504546e-06,
    5.143674053325172e-06,
    5.094178315797871e-06,
    5.045146257452863e-06,
    4.996573740247211e-06,
    4.948456669273298e-06,
    4.900790993128567e-06,
    4.853572703430905e-06,
    4.806797834508412e-06,
    4.760462463501253e-06,
    4.714562710372976e-06,
    4.669094737579285e-06,
    4.624054749446502e-06,
    4.579438991574181e-06,
    4.535243750482107e-06,
    4.491465353354067e-06,
    4.448100167762416e-06,
    4.405144601302515e-06,
    4.362595101020463e-06,
    4.320448152926458e-06,
    4.278700281847341e-06,
    4.237348051224545e-06,
    4.196388062652414e-06,
    4.155816955462325e-06,
    4.115631406540795e-06,
    4.075828130174706e-06,
    4.036403877491937e-06,
    3.997355435478055e-06,
    3.95867962603395e-06,
    3.920373305661089e-06,
    3.882433365998692e-06,
    3.844856734418825e-06,
    3.8076403737217017e-06,
    3.7707812810078703e-06,
    3.7342764865000053e-06,
    3.698123052762865e-06,
    3.662318074121604e-06,
    3.626858676068364e-06,
    3.591742014535235e-06,
    3.556965274994143e-06,
    3.5225256716073288e-06,
    3.48842044645862e-06,
    3.4546468688255574e-06,
    3.421202234752041e-06,
    3.388083867152422e-06,
    3.3552891161855296e-06,
    3.3228153592123453e-06,
    3.2906600000193863e-06,
    3.258820467672293e-06,
    3.2272942155048984e-06,
    3.196078720432849e-06,
    3.165171482468233e-06,
    3.1345700243641273e-06,
    3.104271891481212e-06,
    3.0742746518838094e-06,
    3.0445758964013245e-06,
    3.0151732382948137e-06,
    2.986064312558368e-06,
    2.9572467752532664e-06,
    2.9287183032589393e-06,
    2.9004765941002993e-06,
    2.8725193647361423e-06,
    2.8448443499321726e-06,
    2.8174493020444906e-06,
    2.790331990820894e-06,
    2.763490201220964e-06,
    2.7369217316405887e-06,
    2.710624394909178e-06,
    2.684596020291638e-06,
    2.658834454123172e-06,
    2.6333375590249187e-06,
    2.608103212985364e-06,
    2.583129308193572e-06,
    2.5584137492219465e-06,
    2.5339544529733317e-06,
    2.5097493515465097e-06,
    2.4857963943030555e-06,
    2.4620935460742282e-06,
    2.438638783598569e-06,
    2.4154300932178183e-06,
    2.3924654701914975e-06,
    2.369742919398086e-06,
    2.3472604565898467e-06,
    2.325016108014781e-06,
    2.3030079081243136e-06,
    2.281233898707618e-06,
    2.259692132644129e-06,
    2.238380679007472e-06,
    2.217297622955565e-06,
    2.196441062475716e-06,
    2.175809110117329e-06,
    2.1553998988137937e-06,
    2.1352115820831433e-06,
    2.115242326301625e-06,
    2.0954903026496686e-06,
    2.0759536843405532e-06,
    2.056630648200984e-06,
    2.0375193752193778e-06,
    2.018618049462377e-06,
    1.9999248608096094e-06,
    1.9814380085351957e-06,
    1.9631556992776977e-06,
    1.9450761435936547e-06,
    1.9271975578342032e-06,
    1.9095181690052116e-06,
    1.8920362148948383e-06,
    1.874749939825255e-06,
    1.8576575939428333e-06,
    1.8407574386888036e-06,
    1.8240477542901732e-06,
    1.8075268404284979e-06,
    1.7911930044743623e-06,
    1.7750445472416368e-06,
    1.759079759806393e-06,
    1.7432969288225003e-06,
    1.7276943404396798e-06,
    1.712270280004626e-06,
    1.6970230308940436e-06,
    1.6819508761374724e-06,
    1.6670521001115184e-06,
    1.6523249884527066e-06,
    1.6377678299758079e-06,
    1.6233789186600318e-06,
    1.60915655070025e-06,
    1.5950990225272319e-06,
    1.5812046391022112e-06,
    1.5674717245985297e-06,
    1.5538986251392495e-06,
    1.5404837085142567e-06,
    1.5272253627550482e-06,
    1.5141219913541403e-06,
    1.5011720082727118e-06,
    1.4883738349513952e-06,
    1.4757259017467086e-06,
    1.4632266528338302e-06,
    1.450874548973207e-06,
    1.4386680645087488e-06,
    1.4266056747151682e-06,
    1.414685841522381e-06,
    1.4029070107843434e-06,
    1.3912676179379203e-06,
    1.3797660963296298e-06,
    1.3684008820557313e-06,
    1.3571704139979148e-06,
    1.3460731388870786e-06,
    1.3351075164156332e-06,
    1.324272014319255e-06,
    1.3135650969685881e-06,
    1.3029852149959007e-06,
    1.292530806326117e-06,
    1.2822003075288464e-06,
    1.271992158839911e-06,
    1.2619048027832768e-06,
    1.2519366931971993e-06,
    1.242086310832479e-06,
    1.2323521673140329e-06,
    1.222732798669952e-06,
    1.2132267601138058e-06,
    1.2038326273579522e-06,
    1.194549001887711e-06,
    1.1853745109779406e-06,
    1.1763077984206973e-06,
    1.1673475125110027e-06,
    1.158492303264886e-06,
    1.1497408302818719e-06,
    1.1410917652956453e-06,
    1.1325437853827378e-06,
    1.1240955741848393e-06,
    1.1157458338455188e-06,
    1.107493290274112e-06,
    1.0993366903842488e-06,
    1.091274802016144e-06,
    1.0833064098246816e-06,
    1.075430304441564e-06,
    1.0676452796874663e-06,
    1.0599501405349741e-06,
    1.0523437137655055e-06,
    1.0448248519132048e-06,
    1.0373924237762148e-06,
    1.0300453035904779e-06,
    1.0227823723060107e-06,
    1.0156025282704988e-06,
    1.008504696569999e-06,
    1.001487826296023e-06,
    9.945508838052094e-07,
    9.876928567392266e-07,
    9.809127620954313e-07,
    9.742096476188165e-07,
    9.675825892040497e-07,
    9.610306883279433e-07,
    9.545530654561931e-07,
    9.481488507478387e-07,
    9.418171841867536e-07,
    9.355572278850681e-07,
    9.293681743884228e-07,
    9.232492374171676e-07,
    9.17199637145559e-07,
    9.112185921803403e-07,
    9.053053128334869e-07,
    8.994589970854949e-07,
    8.936788333475659e-07,
    8.879640100463062e-07,
    8.823137279395191e-07,
    8.76727200142576e-07,
    8.712036425876496e-07,
    8.657422726595847e-07,
    8.603423146445936e-07,
    8.550030065316727e-07,
    8.497236068074786e-07,
    8.445033957946422e-07,
    8.393416701700712e-07,
    8.342377374820374e-07,
    8.291909174913141e-07,
    8.24200543507711e-07,
    8.192659582543133e-07,
    8.14386511087638e-07,
    8.095615579399379e-07,
    8.047904585104476e-07,
    8.000725652230986e-07,
    7.954072121693415e-07,
    7.907937191023069e-07,
    7.862314049867417e-07,
    7.817196001304862e-07,
    7.772576528109246e-07,
    7.728449277023104e-07,
    7.68480800223392e-07,
    7.641646536213889e-07,
    7.598958842162439e-07,
    7.556739066388691e-07,
    7.514981427721911e-07,
    7.47368005283242e-07,
    7.432828974559762e-07,
    7.392422238523459e-07,
    7.352453968671439e-07,
    7.312918351498592e-07,
    7.273809512658518e-07,
    7.235121327198322e-07,
    7.196847338635619e-07,
    7.158980879544511e-07,
    7.121515323878174e-07,
    7.084444349212204e-07,
    7.04776206386941e-07,
    7.011462948705384e-07,
    6.975541760529114e-07,
    6.939993515648728e-07,
    6.904813421927186e-07,
    6.869996693973552e-07,
    6.835538486787311e-07,
    6.80143403818303e-07,
    6.767678797492645e-07,
    6.734268359186764e-07,
    6.701198228888095e-07,
    6.668463668314083e-07,
    6.636059760490464e-07,
    6.603981513224366e-07,
    6.572223922857726e-07,
    6.540782049946853e-07,
    6.509651068616237e-07,
    6.478826302483571e-07,
    6.44830322259836e-07,
    6.418077357581225e-07,
    6.388144217216439e-07,
    6.358499316780049e-07,
    6.329138275575321e-07,
    6.300056914263217e-07,
    6.271251240218916e-07,
    6.242717334666258e-07,
    6.21445130228731e-07,
    6.186449307114499e-07,
    6.158707571648442e-07,
    6.131222315255251e-07,
    6.103989693321895e-07,
    6.077005749384584e-07,
    6.050266391915799e-07,
    6.023767431086728e-07,
    5.9975046741753e-07,
    5.971474054514357e-07,
    5.945671723038801e-07,
    5.920094033226781e-07,
    5.894737479717835e-07,
    5.869598695888543e-07,
    5.844674509388e-07,
    5.819961939942658e-07,
    5.795458094421467e-07,
    5.771160097415237e-07,
    5.747065136447098e-07,
    5.723170540697185e-07,
    5.699473824996567e-07,
    5.675972688559148e-07,
    5.652664969220727e-07,
    5.629548576024845e-07,
    5.60662144485891e-07,
    5.583881538996656e-07,
    5.561326893904725e-07,
    5.538955650700297e-07,
    5.516766012251287e-07,
    5.494756199492541e-07,
    5.472924462989037e-07,
    5.451269072563302e-07,
    5.429788285021688e-07,
    5.408480312143517e-07,
    5.387343288815549e-07,
    5.366375306135748e-07,
    5.345574508822072e-07,
    5.324939148611561e-07,
    5.30446749771879e-07,
    5.284157688082475e-07,
    5.264007648104499e-07,
    5.244015146541726e-07,
    5.224177867499601e-07,
    5.204493505245139e-07,
    5.184959847074853e-07,
    5.16557482350618e-07,
    5.146336516298325e-07,
    5.127243125022186e-07,
    5.108292985652807e-07,
    5.089484640865123e-07,
    5.070816817656783e-07,
    5.052288343829345e-07,
    5.03389813699727e-07,
    5.015645224655176e-07,
    4.997528713390412e-07,
    4.979547727922801e-07,
    4.961701391161454e-07,
    4.943988834907241e-07,
    4.926409170086596e-07,
    4.908961477239011e-07,
    4.891644847537339e-07,
    4.87445837330512e-07,
    4.857401118360685e-07,
    4.840472138690558e-07,
    4.823670493029564e-07,
    4.806995253247634e-07,
    4.790445544647178e-07,
    4.774020526324734e-07,
    4.7577193217795543e-07,
    4.7415409697472515e-07,
    4.7254843654109796e-07,
    4.7095482118080033e-07,
    4.693731050523513e-07,
    4.6780313805849916e-07,
    4.662447786016507e-07,
    4.646978935032551e-07,
    4.631623481449833e-07,
    4.616380025346355e-07,
    4.6012471227941416e-07,
    4.58622327611152e-07,
    4.57130691454963e-07,
    4.5564963752219485e-07,
    4.541789912895522e-07,
    4.5271857478171915e-07,
    4.512682093985385e-07,
    4.4982771491275325e-07,
    4.4839691035140504e-07,
    4.4697561768559745e-07,
    4.455636626769097e-07,
    4.441608710711653e-07,
    4.4276706392933207e-07,
    4.413820603746694e-07,
    4.4000568763583545e-07,
    4.386377827641939e-07,
    4.3727818161900493e-07,
    4.359267116218836e-07,
    4.345831972210668e-07,
    4.332474661930716e-07,
    4.319193460657481e-07,
    4.305986570571662e-07,
    4.292852139162873e-07,
    4.2797883734111855e-07,
    4.2667935913809603e-07,
    4.253866151768204e-07,
    4.2410044017575425e-07,
    4.228206669053755e-07,
    4.2154712708498633e-07,
    4.2027965813910015e-07,
    4.190181073414122e-07,
    4.177623275377395e-07,
    4.165121721250806e-07,
    4.152674893620687e-07,
    4.1402811356392684e-07,
    4.127938621558763e-07,
    4.115645416787699e-07,
    4.1033995208947473e-07,
    4.091198900876776e-07,
    4.079041585825839e-07,
    4.0669257282065185e-07,
    4.0548495630602054e-07,
    4.0428113528484633e-07,
    4.0308093719571834e-07,
    4.0188419142308174e-07,
    4.006907322392135e-07,
    3.995004023944826e-07,
    3.983130515222994e-07,
    3.971285288128977e-07,
    3.959466794643603e-07,
    3.947673483621356e-07,
    3.93590383663231e-07,
    3.9241563814536464e-07,
    3.912429705034525e-07,
    3.900722459232716e-07,
    3.889033352891691e-07,
    3.8773611375232427e-07,
    3.8657046065986336e-07,
    3.854062608038336e-07,
    3.842434043452627e-07,
    3.830817860850507e-07,
    3.819213091517574e-07,
    3.80761892330714e-07,
    3.796034722091604e-07,
    3.7844599969117867e-07,
    3.772894378468469e-07,
    3.761337604792517e-07,
    3.74978948361573e-07,
    3.738249844144973e-07,
    3.726718502136468e-07,
    3.715195260950213e-07,
    3.70367993580384e-07,
    3.6921723545265334e-07,
    3.6806723298314463e-07,
    3.6691796324675904e-07,
    3.6576939819506566e-07,
    3.646215070509985e-07,
    3.6347426134697605e-07,
    3.623276392426868e-07,
    3.6118162648227174e-07,
    3.6003621413079493e-07,
    3.5889139637236176e-07,
    3.577471684062556e-07,
    3.566035223638404e-07,
    3.554604433596217e-07,
    3.54317908210252e-07,
    3.531758881830066e-07,
    3.520343541220187e-07,
    3.5089327942976167e-07,
    3.4975264001656957e-07,
    3.48612412342509e-07,
    3.474725724522111e-07,
    3.4633309877693824e-07,
    3.4519397530821555e-07,
    3.4405519234624743e-07,
    3.42916744964202e-07,
    3.4177862974324434e-07,
    3.406408425089267e-07,
    3.3950337748788755e-07,
    3.383662265026919e-07,
    3.37229379046992e-07,
    3.360928244594155e-07,
    3.349565552610914e-07,
    3.3382056830659983e-07,
    3.326848630212301e-07,
    3.3154943930252756e-07,
    3.304142959207444e-07,
    3.292794301578539e-07,
    3.2814484017196453e-07,
    3.270105284211362e-07,
    3.25876502674233e-07,
    3.2474277434521975e-07,
    3.236093576169255e-07,
    3.224762700818436e-07,
    3.213435322848481e-07,
    3.202111662060319e-07,
    3.1907919346689505e-07,
    3.1794763430036006e-07,
    3.168165089708845e-07,
    3.1568584016671497e-07,
    3.145556542770021e-07,
    3.134259812831298e-07,
    3.1229685399221204e-07,
    3.1116830730581913e-07,
    3.100403772063701e-07,
    3.089130991585248e-07,
    3.0778650626974713e-07,
    3.066606287571169e-07,
    3.0553549497502167e-07,
    3.0441113240226356e-07,
    3.032875685740649e-07,
    3.0216483081737107e-07,
    3.0104294339112645e-07,
    2.999219255892262e-07,
    2.988017938907743e-07,
    2.976825651516709e-07,
    2.965642574423113e-07,
    2.9544688946845295e-07,
    2.9433048028480234e-07,
    2.9321504903021723e-07,
    2.9210061415746166e-07,
    2.9098719320297056e-07,
    2.898748040847109e-07,
    2.8876346684061903e-07,
    2.876532050211305e-07,
    2.8654404628673403e-07,
    2.8543602083108576e-07,
    2.843291586868284e-07,
    2.8322348809942093e-07,
    2.8211903491371157e-07,
    2.810158231160366e-07,
    2.799138764699855e-07,
    2.7881321941898847e-07,
    2.777138770605397e-07,
    2.766158753305594e-07,
    2.75519240768933e-07,
    2.7442399926131146e-07,
    2.7333017484197613e-07,
    2.7223778976589596e-07,
    2.7114686557574677e-07,
    2.700574239217941e-07,
    2.689694869443789e-07,
    2.678830776331523e-07,
    2.667982201640656e-07,
    2.6571494093513527e-07,
    2.6463326991493795e-07,
    2.635532403253531e-07,
    2.624748874430614e-07,
    2.613982484972304e-07,
    2.6032336275911094e-07,
    2.5925027045831293e-07,
    2.58179011417758e-07,
    2.571096248958001e-07,
    2.5604214993396687e-07,
    2.549766245917126e-07,
    2.5391308505182973e-07,
    2.5285156600074376e-07,
    2.517921017453465e-07,
    2.507347275586694e-07,
    2.4967947980232847e-07,
    2.486263941676782e-07,
    2.475755048390839e-07,
    2.4652684566566955e-07,
    2.454804511450219e-07,
    2.44436356266134e-07,
    2.4339459608819096e-07,
    2.4235520547726477e-07,
    2.413182186068007e-07,
    2.4028366810881684e-07,
    2.3925158439771776e-07,
    2.382219958890202e-07,
    2.3719493005521727e-07,
    2.3617041419174335e-07,
    2.3514847543257e-07,
    2.3412914098311583e-07,
    2.3311243868597257e-07,
    2.3209839678243252e-07,
    2.3108704334477172e-07,
    2.3007840649483924e-07,
    2.290725147267239e-07,
    2.2806939678902187e-07,
    2.2706908136877264e-07,
    2.26071596294471e-07,
    2.250769676778034e-07,
    2.240852203701429e-07,
    2.2309637937056167e-07,
    2.2211047030766217e-07,
    2.21127518853499e-07,
    2.201475502567139e-07,
    2.191705892682904e-07,
    2.1819666007375705e-07,
    2.172257859657389e-07,
    2.162579889438444e-07,
    2.152932898445444e-07,
    2.143317093059916e-07,
    2.1337326918197276e-07,
    2.1241799339483064e-07,
    2.114659074495171e-07,
    2.1051703740230286e-07,
    2.095714096650745e-07,
    2.0862905145033074e-07,
    2.0768999089029213e-07,
    2.0675425684273865e-07,
    2.058218787064384e-07,
    2.0489288609881372e-07,
    2.0396730854487572e-07,
    2.0304517554158953e-07,
    2.0212651655280137e-07,
    2.0121136057614725e-07,
    2.0029973593253878e-07,
    1.9939167055220263e-07,
    1.9848719231945493e-07,
    1.975863294703108e-07,
    1.966891110454972e-07,
    1.957955667949913e-07,
    1.9490572655060267e-07,
    1.9401961974918392e-07,
    1.9313727516838185e-07,
    1.9225872086283595e-07,
    1.9138398429602768e-07,
    1.9051309214766608e-07,
    1.8964606992935077e-07,
    1.8878294211376415e-07,
    1.8792373251418663e-07,
    1.8706846415205788e-07,
    1.8621715893449214e-07,
    1.853698380198326e-07,
    1.8452652261240623e-07,
    1.836872343743642e-07,
    1.8285199540041824e-07,
    1.82020828009978e-07,
    1.8119375466518292e-07,
    1.8037079813624732e-07,
    1.795519816063721e-07,
    1.787373287165455e-07,
    1.7792686349103274e-07,
    1.7712060983981548e-07,
    1.763185909422734e-07,
    1.7552082899686258e-07,
    1.7472734563833142e-07,
    1.7393816277967735e-07,
    1.7315330284829053e-07,
    1.7237278817356844e-07,
    1.7159664031363848e-07,
    1.7082487992811876e-07,
    1.7005752713761178e-07,
    1.6929460170118705e-07,
    1.6853612276693043e-07,
    1.6778210874412533e-07,
    1.670325776663803e-07,
    1.6628754774292025e-07,
    1.6554703748332192e-07,
    1.648110652055281e-07,
    1.640796487278307e-07,
    1.6335280599443492e-07,
    1.6263055577072822e-07,
    1.6191291715468245e-07,
    1.611999085174154e-07,
    1.6049154731698498e-07,
    1.5978785054279868e-07,
    1.5908883465386492e-07,
    1.5839451506740225e-07,
    1.5770490589692406e-07,
    1.570200202040452e-07,
    1.5633987051443502e-07,
    1.5566446888230339e-07,
    1.549938262978801e-07,
    1.5432795228410387e-07,
    1.5366685508281663e-07,
    1.5301054197666342e-07,
    1.5235901948261853e-07,
    1.517122932100181e-07,
    1.510703675131818e-07,
    1.50433245685356e-07,
    1.4980093049671798e-07,
    1.4917342425926258e-07,
    1.4855072875736348e-07,
    1.479328455956553e-07,
    1.4731977655257693e-07,
    1.4671152344865065e-07,
    1.4610808787341733e-07,
    1.4550947119199452e-07,
    1.449156746227417e-07,
    1.4432669931792385e-07,
    1.4374254637321832e-07,
    1.4316321647386127e-07,
    1.4258870946214645e-07,
    1.4201902418953448e-07,
    1.4145415858669648e-07,
    1.4089410988342216e-07,
    1.403388748322778e-07,
    1.397884497114845e-07,
    1.3924283002636678e-07,
    1.3870201005400415e-07,
    1.3816598268465097e-07,
    1.376347397946701e-07,
    1.3710827270125285e-07,
    1.3658657239437583e-07,
    1.360696297737394e-07,
    1.3555743588955545e-07,
    1.350499819533733e-07,
    1.345472591933762e-07,
    1.340492588658585e-07,
    1.335559724249197e-07,
    1.330673915359454e-07,
    1.325835077703889e-07,
    1.321043124578653e-07,
    1.3162979734196848e-07,
    1.3115995524414667e-07,
    1.3069477976542067e-07,
    1.3023426490613483e-07,
    1.2977840533501662e-07,
    1.2932719674481968e-07,
    1.2888063580142922e-07,
    1.2843871967706802e-07,
    1.2800144574459345e-07,
    1.275688118544093e-07,
    1.2714081661498087e-07,
    1.267174593406529e-07,
    1.2629873991389123e-07,
    1.2588465838538503e-07,
    1.2547521422003622e-07,
    1.2507040578856595e-07,
    1.2467023045819014e-07,
    1.2427468494631996e-07,
    1.238837656808597e-07,
    1.234974690781545e-07,
    1.2311579146823824e-07,
    1.227387285696065e-07,
    1.2236627522582e-07,
    1.2199842595098e-07,
    1.216351753903637e-07,
    1.2127651824239857e-07,
    1.2092244945720492e-07,
    1.2057296480753483e-07,
    1.202280613788781e-07,
    1.1988773760190425e-07,
    1.1955199262834827e-07,
    1.1922082569616723e-07,
    1.1889423585937551e-07,
    1.1857222199870552e-07,
    1.1825478321715995e-07,
    1.1794191924226546e-07,
    1.176336306441713e-07,
    1.1732991915831595e-07,
    1.170307879165471e-07,
    1.1673624098745372e-07,
    1.1644628240788612e-07,
    1.1616091569501404e-07,
    1.1588014394980668e-07,
    1.1560397006336982e-07,
    1.1533239692768859e-07,
    1.1506542733859272e-07,
    1.1480306368943107e-07,
    1.1454530818162372e-07,
    1.1429216303409063e-07,
    1.1404362984665511e-07,
    1.1379970916565181e-07,
    1.1356040100362018e-07,
    1.1332570536748106e-07,
    1.1309562247479386e-07,
    1.1287015297544893e-07,
    1.1264929829108704e-07,
    1.1243306130062702e-07,
    1.1222144681742806e-07,
    1.1201446117544963e-07,
    1.1181211158046418e-07,
    1.1161440578586918e-07,
    1.1142135187303183e-07,
    1.1123295837825398e-07,
    1.1104923453681712e-07,
    1.1087018957742994e-07,
    1.1069583176098432e-07,
    1.1052616884303211e-07,
    1.1036120952085955e-07,
    1.1020096480756969e-07,
    1.1004544895809817e-07,
    1.0989467891809758e-07,
    1.0974867223814259e-07,
    1.096074453018408e-07,
    1.0947101316587192e-07,
    1.0933939056124519e-07,
    1.0921259292752952e-07,
    1.0909063722415609e-07,
    1.0897354263965341e-07,
    1.088613303718653e-07,
    1.0875402216514401e-07,
    1.0865163935474363e-07,
    1.0855420355265237e-07,
    1.0846173734703847e-07,
    1.0837426388459036e-07,
    1.0829180673675587e-07,
    1.0821439123081524e-07,
    1.081420458270058e-07,
    1.0807480175157548e-07,
    1.0801269171265947e-07,
    1.0795574901758993e-07,
    1.0790400695318193e-07,
    1.0785749765071042e-07,
    1.0781625041433622e-07,
    1.0778029144021667e-07,
    1.0774964547852318e-07,
    1.0772433689050868e-07,
    1.0770438925045338e-07,
    1.0768982545195421e-07,
    1.0768066884603364e-07,
    1.076769440779284e-07,
    1.0767867762158882e-07,
    1.0768589870228837e-07,
    1.0769864008138841e-07,
    1.0771693777444426e-07,
    1.077408296385729e-07,
    1.0777035446833308e-07,
    1.0780555237829799e-07,
    1.0784646519635557e-07,
    1.0789313689090529e-07,
    1.0794561482707327e-07,
    1.0800395129514843e-07,
    1.0806820388193213e-07,
    1.0813843398074662e-07,
    1.0821470523532691e-07,
    1.0829708361896883e-07,
    1.0838563816228848e-07,
    1.0848044128068423e-07,
    1.0858156889957811e-07,
    1.0868910035255864e-07,
    1.0880311804032849e-07,
    1.089237073083879e-07,
    1.0905095630614389e-07,
    1.0918495559003404e-07,
    1.093257976952949e-07,
    1.094735761499945e-07,
    1.0962838416531552e-07,
    1.0979031538672336e-07,
    1.0995946656348186e-07,
    1.101359376011087e-07,
    1.1031982942421079e-07,
    1.1051124398891799e-07,
    1.1071028422877594e-07,
    1.1091705133183675e-07,
    1.1113164276705143e-07,
    1.113541538639747e-07,
    1.115846813638977e-07,
    1.1182332495698954e-07,
    1.1207018569720433e-07,
    1.1232536568513574e-07,
    1.125889703964518e-07,
    1.1286110977137154e-07,
    1.1314189873828885e-07,
    1.1343145883350725e-07,
    1.1372991771434151e-07,
    1.1403740719816689e-07,
    1.143540622729717e-07,
    1.1468001961362628e-07,
    1.1501541640860508e-07,
    1.1536038986361105e-07,
    1.1571507626014972e-07,
    1.1607961165065921e-07,
    1.1645413429214746e-07,
    1.1683878683493158e-07,
    1.1723371734427173e-07,
    1.1763907858422878e-07,
    1.1805502680255508e-07,
    1.1848172087537923e-07,
    1.1891932137768133e-07,
    1.1936799108711523e-07,
    1.1982789701293414e-07,
    1.2029921049350414e-07,
    1.2078210577596224e-07,
    1.2127676173992816e-07,
    1.217833658962705e-07,
    1.223021153226927e-07,
    1.228332137028769e-07,
    1.233768681455889e-07,
    1.2393328810667587e-07,
    1.2450268290763156e-07,
    1.2508525530919303e-07,
    1.2568119783390478e-07,
    1.2629069457719856e-07,
    1.269139211039006e-07,
    1.2755104172603606e-07,
    1.2820221078515477e-07,
    1.2886757896501356e-07,
    1.29547300081757e-07,
    1.302415347496747e-07,
    1.3095045061725494e-07,
    1.3167421956364465e-07,
    1.324130123379257e-07,
    1.3316699360301815e-07,
    1.3393632065770678e-07,
    1.3472114366058887e-07,
    1.355216033439226e-07,
    1.3633782863340515e-07,
    1.3716993760816017e-07,
    1.3801803849405485e-07,
    1.3888222712867893e-07,
    1.397625852722306e-07,
    1.406591854144113e-07,
    1.4157209873061695e-07,
    1.4250140068421136e-07,
    1.43447174085088e-07,
    1.4440950831591502e-07,
    1.453884923735156e-07,
    1.4638420647697527e-07,
    1.473967216369662e-07,
    1.484261055561599e-07,
    1.4947242561418622e-07,
    1.5053574878743113e-07,
    1.5161614386921993e-07,
    1.5271369194469512e-07,
    1.5382849858705045e-07,
    1.5496069016639808e-07,
    1.5611040049075435e-07,
    1.5727776642826845e-07,
    1.5846293060044428e-07,
    1.5966603909030184e-07,
    1.6088722994441584e-07,
    1.6212662502276414e-07,
    1.6338433736810253e-07,
    1.6466048159743054e-07,
    1.6595517675569115e-07,
    1.6726854660017198e-07,
    1.6860071116896722e-07,
    1.6995177362584605e-07,
    1.7132182413040885e-07,
    1.7271094965698431e-07,
    1.7411922453981335e-07,
    1.7554669450456107e-07,
    1.7699337711295229e-07,
    1.78459273296136e-07,
    1.7994437303858647e-07,
    1.8144864826231154e-07,
    1.8297203874552302e-07,
    1.845144492793128e-07,
    1.8607576374546845e-07,
    1.876558580909798e-07,
    1.8925460884881975e-07,
    1.908719038724625e-07,
    1.925076445283523e-07,
    1.941617390171519e-07,
    1.958340972317578e-07,
    1.9752462531101936e-07,
    1.9923322188920016e-07,
    2.009597837838994e-07,
    2.0270421578077244e-07,
    2.0446643102383747e-07,
    2.0624634155040672e-07,
    2.080438463572672e-07,
    2.0985881267259867e-07,
    2.1169105649020312e-07,
    2.1354034745371493e-07,
    2.1540643280896342e-07,
    2.1728904951089443e-07,
    2.1918792190299067e-07,
    2.211027571682419e-07,
    2.230332406190844e-07,
    2.2497903753932702e-07,
    2.2693980402158827e-07,
    2.289151913581757e-07,
    2.3090483241037692e-07,
    2.3290832536871257e-07,
    2.3492523320411754e-07,
    2.3695509003970774e-07,
    2.389974125128176e-07,
    2.4105172328094517e-07,
    2.4311755361036436e-07,
    2.4519439825427474e-07,
    2.472816670821914e-07,
    2.493786768451846e-07,
    2.514846695977158e-07,
    2.5359884375967725e-07,
    2.5572038806206146e-07,
    2.5784849633781505e-07,
    2.5998236294046303e-07,
    2.6212116836809354e-07,
    2.642640623991997e-07,
    2.6641016193153683e-07,
    2.685585562342626e-07,
    2.707083000442055e-07,
    2.7285841165092484e-07,
    2.750078930353313e-07,
    2.7715575239211296e-07,
    2.7930100951446693e-07,
    2.8144268904152e-07,
    2.835798017859898e-07,
    2.8571130718491546e-07,
    2.878360836166947e-07,
    2.8995294463605267e-07,
    2.920606905347789e-07,
    2.9415814480583387e-07,
    2.9624415247015245e-07,
    2.983175736734015e-07,
    3.003772957789993e-07,
    3.0242224295514036e-07,
    3.04451369765457e-07,
    3.064636417021428e-07,
    3.084580120067842e-07,
    3.104334167310359e-07,
    3.123887916866596e-07,
    3.143230868056172e-07,
    3.162352631558648e-07,
    3.1812427976506896e-07,
    3.1998908118412267e-07,
    3.218285919118098e-07,
    3.2364171346939524e-07,
    3.2542732191755987e-07,
    3.2718428468341093e-07,
    3.2891149361657637e-07,
    3.306078777815311e-07,
    3.3227239350244453e-07,
    3.3390401511239857e-07,
    3.355017351362503e-07,
    3.3706457468718973e-07,
    3.385915948880928e-07,
    3.400818977635234e-07,
    3.415346191286864e-07,
    3.4294892806683054e-07,
    3.443240370289073e-07,
    3.456592054476014e-07,
    3.46953727414923e-07,
    3.4820691362856477e-07,
    3.494180806266467e-07,
    3.5058655438149285e-07,
    3.517116839954475e-07,
    3.5279285183430637e-07,
    3.5382947547418354e-07,
    3.5482101045677137e-07,
    3.557669582592663e-07,
    3.5666687640075027e-07,
    3.5752038616036654e-07,
    3.5832717039176524e-07,
    3.5908696456034095e-07,
    3.597995540952736e-07,
    3.604647774018097e-07,
    3.6108252825654543e-07,
    3.616527599596987e-07,
    3.621754887783245e-07,
    3.626507906160934e-07,
    3.630787947782181e-07,
    3.6345967906131857e-07,
    3.637936633671737e-07,
    3.6408100264319605e-07,
    3.643219843013795e-07,
    3.6451693067404284e-07,
    3.6466620162640684e-07,
    3.64770193331525e-07,
    3.6482933228587063e-07,
    3.648440678842602e-07,
    3.6481487069287785e-07,
    3.6474223750591413e-07,
    3.646266969765555e-07,
    3.6446881080602936e-07,
    3.6426917071981143e-07,
    3.640283955618648e-07,
    3.6374712979734517e-07,
    3.634260412991083e-07,
    3.6306581883587006e-07,
    3.626671704010565e-07,
    3.6223082191849245e-07,
    3.617575165571297e-07,
    3.6124801521652754e-07,
    3.6070309591147066e-07,
    3.601235503287724e-07,
    3.595101805051096e-07,
    3.5886379739194844e-07,
    3.581852202243898e-07,
    3.574752771257227e-07,
    3.567348060786151e-07,
    3.5596465255090245e-07,
    3.5516566347481227e-07,
    3.5433868192328133e-07,
    3.534845452139378e-07,
    3.526040862059856e-07,
    3.516981354070294e-07,
    3.507675201929699e-07,
    3.4981306150774016e-07,
    3.4883557082220675e-07,
    3.4783584687188255e-07,
    3.4681467240025523e-07,
    3.457728128160746e-07,
    3.447110148524985e-07,
    3.436300035918529e-07,
    3.425304795578371e-07,
    3.414131156973059e-07,
    3.402785547294936e-07,
    3.3912740934139014e-07,
    3.3796026421961896e-07,
    3.367776765459029e-07,
    3.3558017358911955e-07,
    3.3436824913744883e-07,
    3.33142361025183e-07,
    3.31902930529543e-07,
    3.306503436546813e-07,
    3.293849526860075e-07,
    3.281070763181265e-07,
    3.268170001036206e-07,
    3.255149788608506e-07,
    3.242012392239512e-07,
    3.2287598157636126e-07,
    3.215393825294328e-07,
    3.201915981535301e-07,
    3.1883276845714864e-07,
    3.1746302350409805e-07,
    3.160824899680323e-07,
    3.146912971660375e-07,
    3.132895826937427e-07,
    3.118774980509787e-07,
    3.104552145707543e-07,
    3.090229295308129e-07,
    3.075808721386354e-07,
    3.0612930950169045e-07,
    3.046685526778954e-07,
    3.031989622636886e-07,
    3.017209530883567e-07,
    3.002349984529013e-07,
    2.9874163412374356e-07,
    2.9724146123133146e-07,
    2.957351476588186e-07,
    2.9422342845314785e-07,
    2.927071051874599e-07,
    2.91187044049688e-07,
    2.896641724424134e-07,
    2.8813947217553914e-07,
    2.866139677675546e-07,
    2.8508871089614143e-07,
    2.835647618459975e-07,
    2.820431685533873e-07,
    2.805249453717403e-07,
    2.790110521857141e-07,
    2.7750237296244745e-07,
    2.7599969732763017e-07,
    2.745037122557555e-07,
    2.730150036409178e-07,
    2.7153405830372796e-07,
    2.700612613755399e-07,
    2.685968930942695e-07,
    2.6714112846797073e-07,
    2.6569403643881486e-07,
    2.6425557358663574e-07,
    2.6282558056671876e-07,
    2.614037941410648e-07,
    2.5998986795241944e-07,
    2.585833904264885e-07,
    2.5718390384043975e-07,
    2.557909307643057e-07,
    2.5440400742595855e-07,
    2.5302271867773026e-07,
    2.516467272230214e-07,
    2.502758049738759e-07,
    2.48909890561257e-07,
    2.4754918501366653e-07,
    2.461942812270408e-07,
    2.4484632013944673e-07,
    2.4350716657897124e-07,
    2.4217960225021565e-07,
    2.4086752498928634e-07,
    2.3957611770133436e-07,
    2.3831194687840608e-07,
    2.3708297403601274e-07,
    2.3589847168421728e-07,
    2.3476881668427686e-07,
    2.337051032814514e-07,
    2.327185111923689e-07,
    2.318194808593206e-07,
    2.3101690869299103e-07,
    2.3031751511447317e-07,
    2.29725405764684e-07,
    2.2924188800336566e-07,
    2.2886560836418127e-07,
    2.2859294206331118e-07,
    2.2841848261267876e-07,
    2.283355329650961e-07,
    2.2833655631929039e-07,
    2.284135376784473e-07,
    2.2855823903529083e-07,
    2.28762376244085e-07,
    2.29017749146868e-07,
    2.2931634398089545e-07,
    2.2965042194739596e-07,
    2.3001259969970796e-07,
    2.303959087848535e-07,
    2.3079383561440663e-07,
    2.3120035761271174e-07,
    2.3160996748147339e-07,
    2.3201768280247583e-07,
    2.3241905936042458e-07,
    2.3281020301949685e-07,
    2.3318776191970352e-07,
    2.3354890558068513e-07,
    2.338913001273232e-07,
    2.3421307451731435e-07,
    2.345127759353001e-07,
    2.3478932032082757e-07,
    2.3504194573923052e-07,
    2.3527017027166813e-07,
    2.3547374988127047e-07,
    2.3565263784383636e-07,
    2.3580695013222284e-07,
    2.35936934396309e-07,
    2.3604294115012303e-07,
    2.3612539969079965e-07,
    2.3618479796820654e-07,
    2.3622166484780301e-07,
    2.3623655765118515e-07,
    2.362300579267412e-07,
    2.362027725125333e-07,
    2.3615533445325194e-07,
    2.3608840470955164e-07
]