[
    0.0,
    0.0,
    0.0023302701418601987,
    0.0002616505745964865,
    -0.0017287678872135932,
    -0.003643386401385968,
    -0.005484536514259512,
    -0.007254482141216387,
    -0.008955421491217606,
    -0.010589488936932914,
    -0.0121587568319995,
    -0.01366523727690079,
    -0.015110883834914539,
    -0.016497593199538734,
    -0.01782720681476386,
    -0.01910151244952154,
    -0.020322245727602092,
    -0.021491091614297374,
    -0.02260968586098967,
    -0.023679616408872863,
    -0.024702424752958987,
    -0.025679607267490474,
    -0.026612616493847052,
    -0.02750286239200539,
    -0.028351713556579877,
    -0.02916049839844392,
    -0.029930506292902857,
    -0.030662988695362426,
    -0.03135916022541004,
    -0.03202019972020025,
    -0.032647251258010615,
    -0.03324142515280975,
    -0.03380379892065562,
    -0.034335418218719146,
    -0.03483729775770587,
    -0.03531042218842658,
    -0.035755746963246356,
    -0.03617419917312136,
    -0.03656667836091221,
    -0.036934057311643835,
    -0.03727718282036264,
    -0.03759687643822347,
    -0.03789393519742107,
    -0.03816913231556312,
    -0.03842321788006553,
    -0.03865691951313385,
    -0.03887094301787934,
    -0.03906597300610215,
    -0.03924267350825976,
    -0.039401688566123416,
    -0.039543642808611446,
    -0.03966914201127481,
    -0.03977877363989643,
    -0.039873107378653384,
    -0.039952695643277934,
    -0.040018074079640975,
    -0.04006976204816984,
    -0.040108263094500815,
    -0.04013406540675479,
    -0.040147642259814154,
    -0.040149452446968395,
    -0.040139940699285684,
    -0.04011953809305623,
    -0.0400886624456442,
    -0.04004771870007563,
    -0.03999709929868064,
    -0.039937184546098264,
    -0.03986834296194284,
    -0.03979093162342247,
    -0.03970529649819113,
    -0.03961177276770649,
    -0.03951068514135657,
    -0.039402348161604095,
    -0.03928706650037249,
    -0.03916513524687569,
    -0.03903684018705948,
    -0.03890245807469021,
    -0.03876225689384942,
    -0.038616496111872685,
    -0.03846542691960918,
    -0.03830929245009454,
    -0.03814832793650763,
    -0.03798276040651244,
    -0.03746065730382036,
    -0.03624348273023109,
    -0.03464764476766207,
    -0.03289505581638914,
    -0.030971842396703794,
    -0.02903001820783745,
    -0.027153503395711105,
    -0.02534036305507714,
    -0.02337427506101758,
    -0.020928510076489035,
    -0.01811771099886814,
    -0.015289553803337828,
    -0.012564124833367243,
    -0.009938301464895051,
    -0.007409050854400032,
    -0.0049734277601874,
    -0.0026285721142793117,
    -0.0003717066182604998,
    0.0017998656040802714,
    0.003888763291320395,
    0.005897529265831978,
    0.00782863259306165,
    0.009684470680056644,
    0.0114673713148025,
    0.013179594647975287,
    0.014823335118698568,
    0.016400723325872918,
    0.017913827846607434,
    0.019364657003238646,
    0.020755160580382737,
    0.022087231493428214,
    0.0233627074098374,
    0.024583372324587127,
    0.025750958091041984,
    0.0268671459085167,
    0.02793356776774906,
    0.02895180785547063,
    0.029923403919229395,
    0.030849848593585708,
    0.03173259068877141,
    0.03257303644287115,
    0.03337255073855506,
    0.03413245828536322,
    0.03485404476851382,
    0.035538557965179914,
    0.03618720882915255,
    0.03680117254478273,
    0.03738158955106905,
    0.037929566536733766,
    0.038446177407106014,
    0.03893246422360805,
    0.03938943811661768,
    0.03981808017245871,
    0.04021934229524966,
    0.040594148044320384,
    0.040943393447886556,
    0.041267947793652095,
    0.04156865439699111,
    0.04184633134734241,
    0.04210177223343176,
    0.04233574684791974,
    0.04254900187205628,
    0.042742261540906365,
    0.04291622828969583,
    0.043071583381810136,
    0.04320898751896464,
    0.04332908143404988,
    0.043432486467141165,
    0.04351980512514825,
    0.043591621625567054,
    0.043648502424782853,
    0.04369099673136109,
    0.043719637004750206,
    0.04373493943980878,
    0.04373740443755726,
    0.04372751706254393,
    0.043705747487203156,
    0.043672551423573715,
    0.04362837054273437,
    0.04357363288230401,
    0.04350875324234367,
    0.043434133569988424,
    0.043350163333127675,
    0.043257219883443616,
    0.04315566880910869,
    0.04304586427743455,
    0.042928149367756574,
    0.0428028563948303,
    0.04267030722300805,
    0.04253081357145652,
    0.0423846773106689,
    0.042232190750517734,
    0.042073636920087885,
    0.041909289839522204,
    0.041739414784105984,
    0.041564268540809905,
    0.04138409965750464,
    0.04119914868505499,
    0.041009648412494853,
    0.04081582409547899,
    0.04061789367820188,
    0.04041606800896871,
    0.04021055104959833,
    0.04000154007883282,
    0.03978922588992337,
    0.03957379298255784,
    0.03935541974928987,
    0.039134278656625644,
    0.038910536420919364,
    0.03868435417922497,
    0.038455887655247004,
    0.03822528732052956,
    0.03799269855101827,
    0.03775826177912639,
    0.03752211264143269,
    0.037284382122135126,
    0.03704519669238109,
    0.03680467844559152,
    0.036562945228892516,
    0.036320110770764476,
    0.03607628480501649,
    0.03583157319119173,
    0.03558607803150504,
    0.03533989778441162,
    0.035093127374904484,
    0.034845858301637805,
    0.03459817874096991,
    0.034350173648014404,
    0.034101924854788045,
    0.03385351116555228,
    0.03360500844945201,
    0.03335648973056747,
    0.033108025275504854,
    0.03285968267864103,
    0.032611526945256764,
    0.03236362057337293,
    0.03211602363626033,
    0.03186879386939525,
    0.03162198677591614,
    0.03137565585914621,
    0.031169942596301025,
    0.031114843195922774,
    0.03123596926563374,
    0.031415143143185026,
    0.031578732444911745,
    0.03172728074675177,
    0.03186131545621357,
    0.031981348141249685,
    0.032087874957226856,
    0.032181377080987526,
    0.03226232113797162,
    0.0323311596196221,
    0.03238833129019647,
    0.03243426158261302,
    0.03246936298332355,
    0.03249403540639922,
    0.032508666557088665,
    0.03251363228505788,
    0.03250929692750673,
    0.03249601364250139,
    0.0324741247329303,
    0.03244396196135152,
    0.032405846855892394,
    0.03236009100739365,
    0.03230699635804522,
    0.032246855481804136,
    0.03217995185687016,
    0.032106560130427,
    0.032026946375838326,
    0.03194136834250893,
    0.031850075698622936,
    0.0317533102669602,
    0.031651306253983186,
    0.0315442904723823,
    0.03143248255726401,
    0.03131609517616903,
    0.031195334233107205,
    0.031070399066775462,
    0.03094148264310931,
    0.030808771742326387,
    0.030672447140628754,
    0.03053268378671962,
    0.030389650973277924,
    0.03024351250353103,
    0.030094426853061688,
    0.02994254732698251,
    0.029788022212610215,
    0.029630994927767603,
    0.029471604164837746,
    0.02930998403069372,
    0.029146264182620837,
    0.02898056996034321,
    0.028813022514264347,
    0.028643738930029382,
    0.028472832349513436,
    0.028300412088336138,
    0.028126583750000645,
    0.027951449336754874,
    0.027775107357268247,
    0.02759765293121323,
    0.027419177890839423,
    0.02723977087962552,
    0.027059517448092325,
    0.02687850014685864,
    0.026696798617017774,
    0.026514489677908756,
    0.02633164741235615,
    0.026148343249451825,
    0.025964646044948934,
    0.025780622159335388,
    0.025596335533652217,
    0.025411847763120575,
    0.025227218168640736,
    0.025042503866223767,
    0.024857759834413955,
    0.02467303897975881,
    0.024488392200381858,
    0.024303868447712523,
    0.024119514786426308,
    0.023935376452646352,
    0.023751496910455396,
    0.02356791790676555,
    0.02338467952459285,
    0.0232018202347822,
    0.023019376946227237,
    0.022837385054627964,
    0.022655878489827724,
    0.022474889761769826,
    0.022294450005112973,
    0.022114589022543686,
    0.02193533532682307,
    0.021756716181604248,
    0.02157875764105561,
    0.021401484588323763,
    0.02122492077286928,
    0.02104908884670741,
    0.02087401039958496,
    0.02069970599312381,
    0.020526195193960785,
    0.02035349660591251,
    0.02018162790119291,
    0.020010605850710732,
    0.019840446353473408,
    0.019671164465122556,
    0.019502774425625966,
    0.01933528968615052,
    0.019168722935139538,
    0.019003086123617185,
    0.018838390489741903,
    0.01867464658263052,
    0.018511864285474102,
    0.018350052837965848,
    0.018189220858060615,
    0.01802937636308534,
    0.017870526790218944,
    0.017712679016359978,
    0.0175558393773996,
    0.017400013686917,
    0.017245207254313735,
    0.01709142490240309,
    0.016938670984470217,
    0.016786949400818398,
    0.0166362636148163,
    0.016486616668460477,
    0.016338011197467105,
    0.01619044944590644,
    0.016043933280393226,
    0.015898464203846028,
    0.015754043368827988,
    0.015610671590480955,
    0.015468349359064682,
    0.01532707685211256,
    0.01518685394621514,
    0.015047680228442094,
    0.014909555007413033,
    0.01477247732402753,
    0.014636445961864152,
    0.014501459457258111,
    0.014367516109066945,
    0.014234613988133332,
    0.014102750946453815,
    0.013971924626061826,
    0.013842132467633385,
    0.013713371718823681,
    0.013585639442342451,
    0.013458932523775606,
    0.013333247679160477,
    0.013208581462321877,
    0.013084930271976086,
    0.012962290358609503,
    0.012840657831138538,
    0.012720028663357202,
    0.012600398700178652,
    0.0124817636636766,
    0.012364119158932584,
    0.012247460679694774,
    0.012131783613853987,
    0.012017083248742195,
    0.01190335477625871,
    0.011790593297829121,
    0.011678793829202143,
    0.011567951305088937,
    0.011458060583649564,
    0.011349116450831332,
    0.011241113624563514,
    0.011134046758812244,
    0.011027910447499794,
    0.010922699228292693,
    0.010818407586262338,
    0.010715029957421558,
    0.010612560732141531,
    0.010510994258453046,
    0.010410324845234827,
    0.010310546765291894,
    0.010211654258327728,
    0.010113641533813066,
    0.010016502773754057,
    0.009920232135364023,
    0.009824823753643122,
    0.009730271743868542,
    0.009636570203996945,
    0.009543713216978963,
    0.009451694852985856,
    0.00936050917155419,
    0.00927015022365706,
    0.00918061205370532,
    0.009091888701473438,
    0.009003974203938614,
    0.008916862597033894,
    0.008830547917333259,
    0.008745024203680972,
    0.008660285498763211,
    0.008576325850620486,
    0.008493139314096211,
    0.008410719952200777,
    0.008329061837396397,
    0.008248159052855916,
    0.008168005693723886,
    0.008088595868356148,
    0.008009923699514926,
    0.007931983325514928,
    0.007854768901318417,
    0.0077782745995707975,
    0.007702494611564609,
    0.007627423148147191,
    0.00755305444060945,
    0.007479382741557069,
    0.007406402325733398,
    0.007334107490784279,
    0.007262492557982722,
    0.007191551872928558,
    0.007121279806217468,
    0.00705167075407066,
    0.006982719138931724,
    0.006914419410039581,
    0.00684676604397574,
    0.006779753545180822,
    0.0067133764464385424,
    0.006647629309330838,
    0.006582506724670494,
    0.006518003312912548,
    0.0064541137245419196,
    0.006390832640436549,
    0.006328154772207408,
    0.006266074862516256,
    0.006204587685371548,
    0.0061436880464040035,
    0.006083370783124199,
    0.006023630765162945,
    0.0059644628944938004,
    0.005905862105637568,
    0.005847823365849263,
    0.005790341675288577,
    0.005733412067175164,
    0.005677029607929485,
    0.005621189397299346,
    0.005565886568472212,
    0.005511116288173813,
    0.005456873756753505,
    0.0054031542082566214,
    0.005349952910484416,
    0.005297265165042599,
    0.005245086307379039,
    0.005193411706810664,
    0.005142236766539743,
    0.005091556923659956,
    0.005041367649152611,
    0.00499166444787349,
    0.004942442858530844,
    0.004893698453654749,
    0.004845426839558054,
    0.004797623656289432,
    0.004750284577578881,
    0.0047034053107757635,
    0.004656981596779638,
    0.004611009209964387,
    0.0045654839580959875,
    0.004520401682244107,
    0.004475758256687686,
    0.00443154958881468,
    0.004387771619016236,
    0.004344420320575689,
    0.004301491699552644,
    0.004258981794662285,
    0.004216886677150063,
    0.0041752024506618995,
    0.004133925251110171,
    0.004093051246535777,
    0.004052576636966527,
    0.004012497654271921,
    0.003972810562014488,
    0.0039335116552978,
    0.00389459726061134,
    0.0038560637356724976,
    0.0038179074692658477,
    0.003780124881079834,
    0.0037427124215409606,
    0.0037056665716455736,
    0.003668983842789394,
    0.003632660776595024,
    0.003596693944737557,
    0.0035610799487683104,
    0.0035258154199368096,
    0.0034908970190112116,
    0.0034563214360972677,
    0.0034220853904558843,
    0.0033881856303193893,
    0.003354618932706644,
    0.0033213821032371527,
    0.0032884719759442155,
    0.0032558854130871413,
    0.003223619304962628,
    0.003191670569715468,
    0.003160036153148663,
    0.0031287130285329533,
    0.00309769819641581,
    0.0030669886844299724,
    0.003036581547101664,
    0.0030064738656585613,
    0.0029766627478375923,
    0.002947145327692564,
    0.0029179187654016477,
    0.002888980247074783,
    0.002860326984561128,
    0.0028319562152566086,
    0.002803865201911605,
    0.00277605123243881,
    0.002748511619721268,
    0.0027212437014206494,
    0.00269424483978586,
    0.0026675124214620553,
    0.0026410438573000535,
    0.002614836582166158,
    0.002588888054752445,
    0.0025631957573875124,
    0.0025377571958477316,
    0.002512569899169078,
    0.002487631419459607,
    0.0024629393317125844,
    0.00243849123362027,
    0.0024142847453883535,
    0.002390317509551065,
    0.002366587190787039,
    0.002343091475735954,
    0.002319828072815936,
    0.0022967947120417546,
    0.0022739891448438614,
    0.002251409143888294,
    0.0022290525028974334,
    0.0022069170364716266,
    0.002185000579911725,
    0.002163300989042551,
    0.0021418161400373124,
    0.002120543929242953,
    0.0020994822730064314,
    0.002078629107501927,
    0.002057982388559025,
    0.0020375400914919408,
    0.0020173002109297746,
    0.0019972607606477764,
    0.0019774197733995764,
    0.001957775300750423,
    0.0019383254129114718,
    0.0019190681985751619,
    0.0019000017647516456,
    0.0018811242366062657,
    0.0018624337572980905,
    0.0018439284878195002,
    0.0018256066068368256,
    0.0018074663105320688,
    0.0017895058124457333,
    0.0017717233433207544,
    0.0017541171509475114,
    0.0017366855000099232,
    0.001719426671932603,
    0.0017023389647290775,
    0.0016854206928511102,
    0.0016686701870391439,
    0.0016520857941738497,
    0.0016356658771287686,
    0.0016194088146240225,
    0.0016033130010811023,
    0.0015873768464787648,
    0.001571598776210038,
    0.0015559772309402965,
    0.0015405106664664082,
    0.0015251975535769857,
    0.0015100363779137246,
    0.0014950256398338119,
    0.001480163854273408,
    0.0014654495506122387,
    0.0014508812725392895,
    0.0014364575779195693,
    0.0014221770386619347,
    0.0014080382405879455,
    0.001394039783301765,
    0.0013801802800611422,
    0.0013664583576494718,
    0.0013528726562489065,
    0.001339421829314518,
    0.0013261045434494769,
    0.0013129194782812614,
    0.0012998653263389143,
    0.0012869407929313446,
    0.0012741445960266573,
    0.0012614754661325047,
    0.0012489321461774507,
    0.0012365133913933121,
    0.0012242179691984833,
    0.001212044659082281,
    0.0011999922524903184,
    0.001188059552710866,
    0.001176245374762188,
    0.0011645485452808555,
    0.0011529679024110285,
    0.0011415022956946673,
    0.0011301505859626802,
    0.00111891164522704,
    0.001107784356573876,
    0.0010967676140575119,
    0.0010858603225954253,
    0.0010750613978641218,
    0.0010643697661959482,
    0.0010537843644768342,
    0.0010433041400449328,
    0.0010329280505901475,
    0.0010226550640545689,
    0.0010124841585338268,
    0.0010024143221793388,
    0.0009924445531014421,
    0.0009825738592733801,
    0.0009728012584361447,
    0.0009631257780041902,
    0.0009535464549720184,
    0.0009440623358215942,
    0.0009346724764305715,
    0.0009253759419813766,
    0.0009161718068711613,
    0.0009070591546225538,
    0.0008980370777951812,
    0.000889104677898033,
    0.0008802610653026861,
    0.0008715053591573425,
    0.0008628366873016399,
    0.0008542541861822115,
    0.00084575700076901,
    0.0008373442844724407,
    0.0008290151990613036,
    0.0008207689145815136,
    0.0008126046092755696,
    0.0008045214695027686,
    0.0007965186896601526,
    0.0007885954721041624,
    0.0007807510270729968,
    0.0007729845726097254,
    0.000765295334486162,
    0.0007576825461274715,
    0.0007501454485374752,
    0.0007426832902246107,
    0.0007352953271285549,
    0.0007279808225475655,
    0.0007207390470665269,
    0.0007135692784856304,
    0.0007064708017497003,
    0.0006994429088782226,
    0.000692484898896102,
    0.0006855960777651137,
    0.0006787757583159862,
    0.0006720232601810615,
    0.000665337909727535,
    0.00065871903999135,
    0.0006521659906117991,
    0.0006456781077668099,
    0.0006392547441088645,
    0.000632895258701518,
    0.0006265990169564866,
    0.0006203653905712396,
    0.0006141937574671176,
    0.0006080835017281145,
    0.0006020340135403626,
    0.000596044689132235,
    0.0005901149307150315,
    0.0005842441464242126,
    0.0005784317502610801,
    0.0005726771620349235,
    0.0005669798073057969,
    0.0005613391173279631,
    0.0005557545289939287,
    0.0005502254847790089,
    0.0005447514326864049,
    0.0005393318261928482,
    0.0005339661241948205,
    0.0005286537909552176,
    0.0005233942960503428,
    0.0005181871143173486,
    0.0005130317258023094,
    0.0005079276157089308,
    0.0005028742743477508,
    0.0004978711970857142,
    0.0004929178842961547,
    0.0004880138413093179,
    0.00048315857836346543,
    0.00047835161055646076,
    0.0004735924577977138,
    0.0004688806447605208,
    0.00046421570083494956,
    0.0004595971600812777,
    0.00045502456118390853,
    0.00045049744740574733,
    0.00044601536654302143,
    0.00044157787088051605,
    0.0004371845171471682,
    0.00043283486647198574,
    0.00042852848434043534,
    0.0004242649405514104,
    0.0004200438091747159,
    0.0004158646685089846,
    0.000411727101039991,
    0.00040763069339934773,
    0.00040357503632353835,
    0.0003995597246132062,
    0.00039558435709276956,
    0.0003916485365705592,
    0.00038775186979946946,
    0.0003838939674379898,
    0.0003800744440116227,
    0.00037629291787474346,
    0.0003725490111728763,
    0.0003688423498052863,
    0.0003651725633877573,
    0.00036153928521556137,
    0.0003579421522268356,
    0.0003543808049665403,
    0.00035085488755095043,
    0.0003473640476325072,
    0.0003439079363648756,
    0.0003404862083680969,
    0.0003370985216939272,
    0.00033374453779166815,
    0.00033042392147459703,
    0.00032713634088677227,
    0.0003238814674699546,
    0.00032065897593067935,
    0.00031746854420776864,
    0.0003143098534403394,
    0.00031118258793616245,
    0.00030808643514027066,
    0.0003050210856036381,
    0.0003019862329519604,
    0.00029898157385494525,
    0.00029600680799628395,
    0.0002930616380441174,
    0.00029014576962177306,
    0.00028725891127858794,
    0.00028440077446077175,
    0.0002815710734823463,
    0.0002787695254963388,
    0.000275995850466557,
    0.0002732497711399618,
    0.0002705310130193567,
    0.00026783930433624205,
    0.00026517437602384137,
    0.00026253596169042146,
    0.00025992379759296304,
    0.00025733762261096014,
    0.00025477717822014527,
    0.00025224220846635774,
    0.0002497324599399506,
    0.0002472476817507602,
    0.00024478762550332714,
    0.00024235204527222866,
    0.00023994069757765749,
    0.0002375533413613467,
    0.00023518973796273979,
    0.0002328496510951749,
    0.00023053284682205137,
    0.0002282390935332766,
    0.00022596816192218682,
    0.00022371982496276354,
    0.00022149385788683776,
    0.00021929003816129668,
    0.0002171081454656356,
    0.0002149479616699517,
    0.00021280927081326662,
    0.00021069185908212317,
    0.00020859551478924243,
    0.00020652002835214677,
    0.00020446519227207194,
    0.00020243080111335767,
    0.0002004166514831788,
    0.00019842254201153165,
    0.0001964482733314606,
    0.00019449364805941948,
    0.0001925584707757504,
    0.0001906425480052599,
    0.00018874568819767944,
    0.00018686770170811846,
    0.00018500840077794595,
    0.00018316759951622554,
    0.0001813451138815131,
    0.00017954076166382867,
    0.0001777543624668238,
    0.0001759857376902191,
    0.00017423471051228575,
    0.00017250110587206107,
    0.0001707847504515338,
    0.00016908547265837666,
    0.00016740310260924862,
    0.00016573747211333817,
    0.0001640884146561282,
    0.00016245576538331843,
    0.0001608393610844725,
    0.00015923904017644863,
    0.00015765464268717726,
    0.0001560860102395135,
    0.0001545329860349179,
    0.00015299541483771668,
    0.0001514731429598737,
    0.00014996601824527115,
    0.0001484738900535723,
    0.0001469966092446501,
    0.00014553402816394248,
    0.0001440860006283108,
    0.00014265238191190965,
    0.00014123302873221907,
    0.00013982779923653183,
    0.00013843655298780217,
    0.00013705915094921865,
    0.00013569545546924492,
    0.00013434533026794623,
    0.0001330086404236495,
    0.0001316852523602494,
    0.00013037503383616023,
    0.00012907785393452692,
    0.00012779358305270417,
    0.00012652209288852305,
    0.0001252632564239416,
    0.00012401694791001154,
    0.0001227830428545733,
    0.00012156141801175247,
    0.00012035195137395255,
    0.00011915452216606832,
    0.00011796901083996519,
    0.0001167952990694691,
    0.00011563326975029184,
    0.00011448280700642018,
    0.0001133437961930859,
    0.00011221612389135589,
    0.00011109967790869896,
    0.00010999434730099102,
    0.00010890002242191346,
    0.000107816594993164,
    0.00010674395817419234,
    0.0001056820066360151,
    0.00010463063667666506,
    0.00010358974641624717,
    0.0001025592361671178,
    0.00010153900905563568,
    0.00010052897170536667,
    9.952903474995056e-05,
    9.85391133271843e-05,
    9.755912774887991e-05,
    9.658900435814573e-05,
    9.562867682804305e-05,
    9.467808837625215e-05,
    9.373719573756091e-05,
    9.280597705555669e-05,
    9.188444203253495e-05,
    9.097262675111532e-05,
    9.007055550473975e-05,
    8.917818803864011e-05,
    8.829539227449637e-05,
    8.742196139563751e-05,
    8.655765940710545e-05,
    8.570226094008669e-05,
    8.48555678299488e-05,
    8.401741007410761e-05,
    8.318764145622528e-05,
    8.236613423176246e-05,
    8.155277471757314e-05,
    8.074745977984826e-05,
    7.995009354936822e-05,
    7.916058473127757e-05,
    7.837884513733011e-05,
    7.760478916372109e-05,
    7.68383336110109e-05,
    7.607939763301027e-05,
    7.532790274962683e-05,
    7.45837727192518e-05,
    7.384693319698922e-05,
    7.311731130838082e-05,
    7.239483529720669e-05,
    7.167943439028998e-05,
    7.09710388385918e-05,
    7.026957992377541e-05,
    6.957498982443446e-05,
    6.888720144229224e-05,
    6.820614833216886e-05,
    6.753176474023768e-05,
    6.686398566027986e-05,
    6.620274685816337e-05,
    6.554798487108093e-05,
    6.489963699508745e-05,
    6.425764126254149e-05,
    6.362193640784576e-05,
    6.29924618240622e-05,
    6.236915752405241e-05,
    6.175196411917525e-05,
    6.114082281009687e-05,
    6.0535675379748244e-05,
    5.9936464185990084e-05,
    5.934313215308098e-05,
    5.8755622762791e-05,
    5.817388004622895e-05,
    5.759784857468488e-05,
    5.702747344940883e-05,
    5.646270029253639e-05,
    5.590347523875973e-05,
    5.534974492561967e-05,
    5.4801456483500406e-05,
    5.425855752815043e-05,
    5.3720996156066835e-05,
    5.318872094131642e-05,
    5.266168093239475e-05,
    5.2139825648387445e-05,
    5.1623105074713264e-05,
    5.111146965878545e-05,
    5.060487030535852e-05,
    5.010325837139336e-05,
    4.960658566098251e-05,
    4.911480442101646e-05,
    4.8627867337653895e-05,
    4.814572753331216e-05,
    4.766833856351929e-05,
    4.719565441287777e-05,
    4.672762949043207e-05,
    4.6264218625510215e-05,
    4.5805377064545466e-05,
    4.535106046842716e-05,
    4.4901224909690016e-05,
    4.445582686941815e-05,
    4.401482323404936e-05,
    4.357817129189713e-05,
    4.3145828729257223e-05,
    4.271775362664441e-05,
    4.229390445558786e-05,
    4.1874240075609064e-05,
    4.1458719731072065e-05,
    4.104730304807074e-05,
    4.063995003143563e-05,
    4.0236621061766094e-05,
    3.9837276892417244e-05,
    3.944187864644235e-05,
    3.9050387813486525e-05,
    3.8662766246583345e-05,
    3.8278976158960544e-05,
    3.789898012101216e-05,
    3.752274105722623e-05,
    3.715022224287166e-05,
    3.67813873007303e-05,
    3.6416200198106395e-05,
    3.605462524398753e-05,
    3.569662708621169e-05,
    3.534217070859714e-05,
    3.499122142804378e-05,
    3.4643744891654476e-05,
    3.429970707387313e-05,
    3.3959074273537764e-05,
    3.3621813110860905e-05,
    3.328789052448909e-05,
    3.295727376867078e-05,
    3.262993041050345e-05,
    3.2305828327242785e-05,
    3.198493570354402e-05,
    3.166722102859536e-05,
    3.135265309331266e-05,
    3.104120098767189e-05,
    3.073283409809553e-05,
    3.0427522104862394e-05,
    3.0125234979552154e-05,
    2.98259429824823e-05,
    2.9529616660121856e-05,
    2.9236226842508135e-05,
    2.894574464064295e-05,
    2.8658141443874837e-05,
    2.837338891734182e-05,
    2.809145899947737e-05,
    2.781232389955474e-05,
    2.7535956095270425e-05,
    2.7262328330332958e-05,
    2.6991413612046278e-05,
    2.6723185208915114e-05,
    2.645761664827776e-05,
    2.6194681713957274e-05,
    2.5934354443928613e-05,
    2.5676609128002e-05,
    2.542142030552299e-05,
    2.516876276307298e-05,
    2.4918611532133893e-05,
    2.4670941886722838e-05,
    2.442572934106888e-05,
    2.4182949647391475e-05,
    2.394257879375496e-05,
    2.370459300191803e-05,
    2.3468968725157335e-05,
    2.323568264611327e-05,
    2.3004711674651897e-05,
    2.2776032945687777e-05,
    2.2549623816996625e-05,
    2.2325461867102178e-05,
    2.2103524893235357e-05,
    2.1883790909316166e-05,
    2.1666238143927574e-05,
    2.1450845038243342e-05,
    2.123759024393722e-05,
    2.1026452621161042e-05,
    2.0817411236598676e-05,
    2.0610445361548338e-05,
    2.0405534470020947e-05,
    2.020265823685062e-05,
    2.00017965358134e-05,
    1.9802929437772268e-05,
    1.960603720884841e-05,
    1.9411100308575554e-05,
    1.921809938801386e-05,
    1.902701528786639e-05,
    1.8837829036645282e-05,
    1.865052184888731e-05,
    1.8465075123407122e-05,
    1.8281470441572403e-05,
    1.809968956558111e-05,
    1.7919714436750827e-05,
    1.7741527173840282e-05,
    1.7565110071377094e-05,
    1.7390445597946746e-05,
    1.721751639446768e-05,
    1.7046305272515233e-05,
    1.687679521269722e-05,
    1.6708969363038186e-05,
    1.6542811037339815e-05,
    1.6378303713535053e-05,
    1.621543103208934e-05,
    1.605417679445683e-05,
    1.5894524961551287e-05,
    1.573645965221844e-05,
    1.557996514172747e-05,
    1.5425025860288946e-05,
    1.527162639158321e-05,
    1.511975147125732e-05,
    1.4969385985387295e-05,
    1.482051496897971e-05,
    1.4673123604549529e-05,
    1.452719722073765e-05,
    1.4382721290922417e-05,
    1.4239681431776181e-05,
    1.4098063401777483e-05,
    1.39578530997608e-05,
    1.3819036563528387e-05,
    1.368159996848826e-05,
    1.3545529626314652e-05,
    1.3410811983638339e-05,
    1.32774336207566e-05,
    1.3145381250364416e-05,
    1.3014641716301424e-05,
    1.2885201992302444e-05,
    1.2757049180771284e-05,
    1.263017051155405e-05,
    1.2504553340611191e-05,
    1.2380185148623075e-05,
    1.2257053539705668e-05,
    1.2135146240243722e-05,
    1.2014451097732699e-05,
    1.1894956079632752e-05,
    1.17766492722483e-05,
    1.1659518879592465e-05,
    1.1543553222250885e-05,
    1.1428740736290796e-05,
    1.1315069972178124e-05,
    1.120252959365165e-05,
    1.1091108376620476e-05,
    1.0980795208138246e-05,
    1.0871579085379077e-05,
    1.0763449114577752e-05,
    1.0656394509995482e-05,
    1.055040459292452e-05,
    1.044546879064878e-05,
    1.0341576635297476e-05,
    1.0238717762674707e-05,
    1.0136881911192013e-05,
    1.0036058920901307e-05,
    9.936238732558896e-06,
    9.837411386647718e-06,
    9.739567022277397e-06,
    9.642695876003444e-06,
    9.546788280719955e-06,
    9.45183466468388e-06,
    9.357825550600546e-06,
    9.264751554704202e-06,
    9.172603385849881e-06,
    9.081371844655339e-06,
    8.991047822666438e-06,
    8.901622301506585e-06,
    8.813086352002719e-06,
    8.725431133250518e-06,
    8.638647891562846e-06,
    8.552727959363376e-06,
    8.467662754180402e-06
]