[
    0.0,
    0.0,
    0.0004282086767497104,
    0.00040787451408651594,
    0.0003881954540563816,
    0.00036915222406932265,
    0.0003507261025762141,
    0.00033289890346539655,
    0.0003156529608999671,
    0.00029897111458359964,
    0.00028283669544260857,
    0.0002672335117120063,
    0.0002521458354139509,
    0.0002375583892177556,
    0.0002234563336708743,
    0.00020982525479028372,
    0.0001966511520039265,
    0.00018392042643233618,
    0.0001716198695010238,
    0.0001597366518744278,
    0.00014825831270217705,
    0.00013717274916876833,
    0.00012646820633840887,
    0.00011613326728663866,
    0.00010615684351015928,
    9.652816560711816e-05,
    8.723677422091565e-05,
    7.827251124032042e-05,
    6.96255112480426e-05,
    6.128619321040339e-05,
    5.3245252401718974e-05,
    4.549365255689286e-05,
    3.802261824552153e-05,
    3.08236274616005e-05,
    2.3888404423114368e-05,
    1.7208912575152227e-05,
    1.0777347790239406e-05,
    4.58613176062134e-06,
    -1.3720944218890915e-06,
    -7.104476504706515e-06,
    -1.2617953139938574e-05,
    -1.791926178100768e-05,
    -2.301494441195641e-05,
    -2.791135311297067e-05,
    -3.261465546715594e-05,
    -3.7130839814366566e-05,
    -4.146572035790663e-05,
    -4.562494212758745e-05,
    -4.961398580063306e-05,
    -5.3438172381562616e-05,
    -5.710266774547845e-05,
    -6.061248705486921e-05,
    -6.397249905937946e-05,
    -6.718743027959981e-05,
    -7.026186907114928e-05,
    -7.320026956988873e-05,
    -7.600695552407313e-05,
    -7.868612401686222e-05,
    -8.124184907999413e-05,
    -8.367808520551661e-05,
    -8.599867076389083e-05,
    -8.820733132761446e-05,
    -9.03076828963701e-05,
    -9.230323502355204e-05,
    -9.419739385180747e-05,
    -9.599346506925264e-05,
    -9.769465678603878e-05,
    -9.930408232589683e-05,
    -0.0001008247629400569,
    -0.00010225963045046286,
    -0.00010361152981703506,
    -0.00010488322162675756,
    -0.00010607738450900446,
    -0.00010719661748001357,
    -0.0001082434422226987,
    -0.00010922030530859163,
    -0.00011012958035850643,
    -0.00011097357013481278,
    -0.00011175450856817672,
    -0.00011247456272922907,
    -0.00011313583474962197,
    -0.00011374036369121299,
    -0.00011429012736544491,
    -0.00011478704410419885,
    -0.00011523297447785266,
    -0.00011562972295835387,
    -0.00011597903953140698,
    -0.00011628262126267651,
    -0.00011654211382211228,
    -0.00011675911296837758,
    -0.00011693516598944339,
    -0.00011707177309843982,
    -0.00011717038879169959,
    -0.00011723242317101629,
    -0.00011725924322774515,
    -0.0001172521740920943,
    -0.00011721250024989418,
    -0.00011714146672366588,
    -0.00011704028021656003,
    -0.00011691011022114472,
    -0.00011675209009770185,
    -0.00011656731812582928,
    -0.00011635685852634163,
    -0.00011612174245016189,
    -0.00011586296893826874,
    -0.000115581505856365,
    -0.00011527829080257571,
    -0.00011495423198912066,
    -0.00011461020910126594,
    -0.00011424707413250818,
    -0.0001138656521943027,
    -0.00011346674230100254,
    -0.00011305111813119305,
    -0.00011261952876848957,
    -0.00011217269942406086,
    -0.00011171133213875072,
    -0.00011123610646330145,
    -0.00011074768011853152,
    -0.00011024668963680037,
    -0.00010973375098498407,
    -0.00010920946016976907,
    -0.00010867439382602254,
    -0.0001081291097885067,
    -0.0001075741476471327,
    -0.00010701002928577795,
    -0.0001064372594051206,
    -0.00010585632603079639,
    -0.00010526770100771643,
    -0.00010467184048035892,
    -0.00010406918535905392,
    -0.00010346016177283261,
    -0.00010284518150918323,
    -0.00010222464244089423,
    -0.00010159892894061063,
    -0.00010096841228385289,
    -0.00010033345104070815,
    -9.969439145620653e-05,
    -9.905156781968283e-05,
    -9.840530282344018e-05,
    -9.775590791098045e-05,
    -9.71036836152162e-05,
    -9.644891988701073e-05,
    -9.579189641427413e-05,
    -9.513288293195476e-05,
    -9.447213952319894e-05,
    -9.380991691177589e-05,
    -9.314645674591827e-05,
    -9.248199187389615e-05,
    -9.181674661170801e-05,
    -9.115093700310645e-05,
    -9.048477107206625e-05,
    -8.98184490679196e-05,
    -8.915216370340825e-05,
    -8.848610038585591e-05,
    -8.782043744169578e-05,
    -8.715534633453179e-05,
    -8.649099187681857e-05,
    -8.582753243532809e-05,
    -8.516512013066537e-05,
    -8.450390103102724e-05,
    -8.384401534032891e-05,
    -8.318559758085451e-05,
    -8.252877677061054e-05,
    -8.187367659552144e-05,
    -8.122041557658577e-05,
    -8.05691072321443e-05,
    -7.991986023541179e-05,
    -7.927277856740854e-05,
    -7.862796166544171e-05,
    -7.798550456725977e-05,
    -7.73454980509825e-05,
    -7.670802877093172e-05,
    -7.607317938947468e-05,
    -7.544102870497374e-05,
    -7.481165177594708e-05,
    -7.41851200415581e-05,
    -7.35615014385905e-05,
    -7.29408605150428e-05,
    -7.232325854037802e-05,
    -7.170875361246922e-05,
    -7.109740076136404e-05,
    -7.048925205000535e-05,
    -6.988435667199245e-05,
    -6.928276104641105e-05,
    -6.868450890983717e-05,
    -6.80896414057058e-05,
    -6.749819717105e-05,
    -6.691021242051895e-05,
    -6.632572102781642e-05,
    -6.574475460480812e-05,
    -6.516734257833291e-05,
    -6.459351226458676e-05,
    -6.402328894118732e-05,
    -6.345669591733373e-05,
    -6.289375460221468e-05,
    -6.233448457132065e-05,
    -6.177890363041571e-05,
    -6.122702787746064e-05,
    -6.0678871762771255e-05,
    -6.013444814737835e-05,
    -5.959376835965036e-05,
    -5.9056842250228876e-05,
    -5.8523678245275015e-05,
    -5.7994283398069464e-05,
    -5.746866343885329e-05,
    -5.694682282306813e-05,
    -5.642876477841552e-05,
    -5.591449135064046e-05,
    -5.5404003447735295e-05,
    -5.489730088275933e-05,
    -5.439438241540735e-05,
    -5.389524579205744e-05,
    -5.339988778457301e-05,
    -5.290830422846338e-05,
    -5.242049005999402e-05,
    -5.1936439351635e-05,
    -5.145614534629672e-05,
    -5.097960049059613e-05,
    -5.0506796466857996e-05,
    -5.003772422436458e-05,
    -4.957237401029589e-05,
    -4.911073539964677e-05,
    -4.865279732362037e-05,
    -4.819854809693135e-05,
    -4.7747975444418e-05,
    -4.73010665268774e-05,
    -4.685780796589149e-05,
    -4.641818586767428e-05,
    -4.59821858461183e-05,
    -4.554979304520992e-05,
    -4.512099216110905e-05,
    -4.469576746385956e-05,
    -4.427410281835114e-05,
    -4.385598170438295e-05,
    -4.3441387235830586e-05,
    -4.303030217898778e-05,
    -4.2622708970308614e-05,
    -4.22185897336645e-05,
    -4.181792629692111e-05,
    -4.142070020780453e-05,
    -4.10268927494847e-05,
    -4.06364849560609e-05,
    -4.024945762761948e-05,
    -3.986579134457766e-05,
    -3.948546648125697e-05,
    -3.9108463218883084e-05,
    -3.873476155828029e-05,
    -3.836434133221515e-05,
    -3.799718221729989e-05,
    -3.7633263745513504e-05,
    -3.727256531540868e-05,
    -3.691506620298607e-05,
    -3.656074557209136e-05,
    -3.6209582484357506e-05,
    -3.58615559088586e-05,
    -3.551664473147949e-05,
    -3.517482776390767e-05,
    -3.483608375223414e-05,
    -3.450039138527209e-05,
    -3.416772930269883e-05,
    -3.3838076102932526e-05,
    -3.351141035060186e-05,
    -3.318771058370877e-05,
    -3.2866955320635614e-05,
    -3.254912306696573e-05,
    -3.223419232203352e-05,
    -3.192214158518109e-05,
    -3.1612949361799536e-05,
    -3.130659416919394e-05,
    -3.100305454215374e-05,
    -3.0702309038201e-05,
    -3.0404336242651054e-05,
    -3.0109114773519315e-05,
    -2.9816623286218214e-05,
    -2.9526840478077514e-05,
    -2.9239745092721055e-05,
    -2.895531592427511e-05,
    -2.8673531821439983e-05,
    -2.8394371691393927e-05,
    -2.8117814503471246e-05,
    -2.7843839292719438e-05,
    -2.7572425163366833e-05,
    -2.7303551292089242e-05,
    -2.703719693107159e-05,
    -2.6773341410940273e-05,
    -2.6511964143588003e-05,
    -2.6253044624886357e-05,
    -2.5996562437299116e-05,
    -2.57424972523827e-05,
    -2.549082883311475e-05,
    -2.524153703606305e-05,
    -2.499460181350641e-05,
    -2.4750003215529736e-05,
    -2.450772139200716e-05,
    -2.4267736594439913e-05,
    -2.4030029177651006e-05,
    -2.3794579601357207e-05,
    -2.356136843167632e-05,
    -2.3330376342563855e-05,
    -2.3101584117107826e-05,
    -2.287497264867468e-05,
    -2.2650522942020912e-05,
    -2.2428216114448395e-05,
    -2.2208033396903608e-05,
    -2.1989956134939295e-05,
    -2.1773965789578106e-05,
    -2.1560043938099548e-05,
    -2.1348172274780832e-05,
    -2.113833261160338e-05,
    -2.0930506878871352e-05,
    -2.072467712578137e-05,
    -2.0520825520982573e-05,
    -2.031893435300914e-05,
    -2.0118986030551093e-05,
    -1.99209630827405e-05,
    -1.9724848159536825e-05,
    -1.9530624032075123e-05,
    -1.9338273592914922e-05,
    -1.914777985626527e-05,
    -1.8959125958141824e-05,
    -1.8772295156392876e-05,
    -1.858727083070617e-05,
    -1.8404036482672015e-05,
    -1.8222575735868762e-05,
    -1.8042872335936726e-05,
    -1.786491015055776e-05,
    -1.7688673169302084e-05,
    -1.7514145503446215e-05,
    -1.7341311385830778e-05,
    -1.717015517070266e-05,
    -1.7000661333493217e-05,
    -1.6832814470551743e-05,
    -1.666659929884334e-05,
    -1.6502000655632333e-05,
    -1.6339003498217104e-05,
    -1.6177592903678056e-05,
    -1.6017754068508643e-05,
    -1.5859472308168966e-05,
    -1.5702733056743155e-05,
    -1.554752186666261e-05,
    -1.5393824408298873e-05,
    -1.5241626469480345e-05,
    -1.5090913955077075e-05,
    -1.4941672886569904e-05,
    -1.479388940154082e-05,
    -1.4647549753159947e-05,
    -1.4502640309698026e-05,
    -1.435914755410009e-05,
    -1.421705808362796e-05,
    -1.4076358609413054e-05,
    -1.3937035955771953e-05,
    -1.3799077059388341e-05,
    -1.3662468968591316e-05,
    -1.3527198842739918e-05,
    -1.3393253951576248e-05,
    -1.326062167452961e-05,
    -1.3129289500039585e-05,
    -1.2999245024995745e-05,
    -1.287047595425034e-05,
    -1.2742970099980731e-05,
    -1.2616715380908802e-05,
    -1.2491699821605596e-05,
    -1.2367911551911212e-05,
    -1.2245338806357983e-05,
    -1.2123969923600473e-05,
    -1.200379334582824e-05,
    -1.1884797618042957e-05,
    -1.1766971387308522e-05,
    -1.1650303402140538e-05,
    -1.1534782511872548e-05,
    -1.1420397665844853e-05,
    -1.1307137912555655e-05,
    -1.1194992398904754e-05,
    -1.1083950369457046e-05,
    -1.0974001165704555e-05,
    -1.0865134225385432e-05,
    -1.07573390818053e-05,
    -1.0650605363132037e-05,
    -1.0544922791625339e-05,
    -1.0440281182796305e-05,
    -1.0336670444763302e-05,
    -1.0234080577927162e-05,
    -1.0132501674536928e-05,
    -1.00319239178106e-05,
    -9.932337581011031e-06,
    -9.83373302692318e-06,
    -9.736100707500024e-06,
    -9.639431163176751e-06,
    -9.543715021736569e-06,
    -9.44894299714283e-06,
    -9.355105888716762e-06,
    -9.26219458052085e-06,
    -9.170200040797781e-06,
    -9.07911332151568e-06,
    -8.988925557886709e-06,
    -8.899627967959964e-06,
    -8.811211852484934e-06,
    -8.723668594662676e-06,
    -8.636989659417679e-06,
    -8.551166592247198e-06,
    -8.466191018200489e-06,
    -8.382054641644533e-06,
    -8.298749246320943e-06,
    -8.216266694719081e-06,
    -8.134598926889172e-06,
    -8.05373795933854e-06,
    -7.973675884072142e-06,
    -7.894404867735677e-06,
    -7.81591715110978e-06,
    -7.738205048791661e-06,
    -7.66126094864792e-06,
    -7.585077311026296e-06,
    -7.5096466680909895e-06,
    -7.43496162347687e-06,
    -7.361014851891498e-06,
    -7.287799098602167e-06,
    -7.215307179193395e-06,
    -7.14353197940419e-06,
    -7.0724664549173825e-06,
    -7.002103631429552e-06,
    -6.932436604462e-06,
    -6.8634585382290095e-06,
    -6.795162664292272e-06,
    -6.727542280679579e-06,
    -6.660590751273589e-06,
    -6.594301505679623e-06,
    -6.528668039571469e-06,
    -6.463683914624142e-06,
    -6.3993427578246466e-06,
    -6.335638260772955e-06,
    -6.2725641788409675e-06,
    -6.210114329793094e-06,
    -6.14828259248537e-06,
    -6.087062906243841e-06,
    -6.0264492703781306e-06,
    -5.966435743494424e-06,
    -5.907016443258721e-06,
    -5.848185546533531e-06,
    -5.789937288981849e-06,
    -5.7322659644014216e-06,
    -5.675165924364684e-06,
    -5.618631577664915e-06,
    -5.562657389451416e-06,
    -5.507237880432019e-06,
    -5.45236762602966e-06,
    -5.398041255605233e-06,
    -5.3442534521865556e-06,
    -5.2909989521830915e-06,
    -5.238272544126276e-06,
    -5.186069067083442e-06,
    -5.1343834100653e-06,
    -5.083210512053163e-06,
    -5.032545361694324e-06,
    -4.982382996782288e-06,
    -4.932718503827674e-06,
    -4.883547017708003e-06,
    -4.8348637212577454e-06,
    -4.786663844591901e-06,
    -4.738942664355051e-06,
    -4.69169550311689e-06,
    -4.644917728742902e-06,
    -4.598604753775551e-06,
    -4.552752034871454e-06,
    -4.507355072179305e-06,
    -4.462409408836e-06,
    -4.4179106305431526e-06,
    -4.373854365013339e-06,
    -4.330236281488026e-06,
    -4.287052090387305e-06,
    -4.24429754289441e-06,
    -4.201968430481755e-06,
    -4.160060584470962e-06,
    -4.118569875599215e-06,
    -4.077492213468194e-06,
    -4.036823545916764e-06,
    -3.996559858520287e-06,
    -3.956697174289261e-06,
    -3.917231553469268e-06,
    -3.8781590932403305e-06,
    -3.839475927230959e-06,
    -3.8011782250474773e-06,
    -3.7632621919675427e-06,
    -3.725724068651828e-06,
    -3.6885601307512193e-06,
    -3.65176668844755e-06,
    -3.615340085961171e-06,
    -3.5792767011453617e-06,
    -3.543572945265698e-06,
    -3.5082252628270507e-06,
    -3.4732301313455117e-06,
    -3.4385840610778174e-06,
    -3.4042835946538452e-06,
    -3.37032530666111e-06,
    -3.336705803347758e-06,
    -3.3034217223997824e-06,
    -3.270469732663184e-06,
    -3.237846533855807e-06,
    -3.2055488563010095e-06,
    -3.1735734606698924e-06,
    -3.141917137778605e-06,
    -3.1105767084273274e-06,
    -3.079549023229642e-06,
    -3.0488309624349936e-06,
    -3.018419435726159e-06,
    -2.988311381965992e-06,
    -2.958503768917526e-06,
    -2.928993592992874e-06,
    -2.899777879083867e-06,
    -2.8708536804657898e-06,
    -2.8422180787055965e-06,
    -2.8138681835058377e-06,
    -2.7858011324827672e-06,
    -2.758014090939451e-06,
    -2.7305042516452212e-06,
    -2.7032688345972796e-06,
    -2.676305086816865e-06,
    -2.6496102822380305e-06,
    -2.623181721624658e-06,
    -2.597016732410767e-06,
    -2.57111266848181e-06,
    -2.545466910031253e-06,
    -2.520076863516993e-06,
    -2.4949399615705733e-06,
    -2.470053662826755e-06,
    -2.445415451739202e-06,
    -2.421022838359658e-06,
    -2.3968733581095815e-06,
    -2.3729645715626343e-06,
    -2.3492940641768352e-06,
    -2.325859446028353e-06,
    -2.3026583516342246e-06,
    -2.2796884398485886e-06,
    -2.2569473937248178e-06,
    -2.2344329202627637e-06,
    -2.212142750115602e-06,
    -2.1900746373465854e-06,
    -2.168226359227012e-06,
    -2.146595716019104e-06,
    -2.1251805306972643e-06,
    -2.103978648654441e-06,
    -2.0829879374645717e-06,
    -2.0622062866318722e-06,
    -2.0416316072692693e-06,
    -2.021261831800765e-06,
    -2.0010949137472214e-06,
    -1.981128827584284e-06,
    -1.9613615686375192e-06,
    -1.941791152897847e-06,
    -1.9224156166764294e-06,
    -1.9032330162175765e-06,
    -1.8842414274451725e-06,
    -1.8654389458413929e-06,
    -1.8468236863405953e-06,
    -1.8283937831346468e-06,
    -1.8101473893790745e-06,
    -1.7920826769042051e-06,
    -1.7741978359883576e-06,
    -1.7564910751690593e-06,
    -1.7389606210799309e-06,
    -1.721604718289987e-06,
    -1.7044216291223873e-06,
    -1.6874096334414145e-06,
    -1.6705670283967549e-06,
    -1.6538921281699544e-06,
    -1.6373832637561725e-06,
    -1.6210387827582583e-06,
    -1.6048570492253138e-06,
    -1.5888364435888993e-06,
    -1.5729753626185378e-06,
    -1.5572722192023708e-06,
    -1.54172544195721e-06,
    -1.5263334749488529e-06,
    -1.5110947776151367e-06,
    -1.4960078246865174e-06,
    -1.481071106009935e-06,
    -1.4662831263818615e-06,
    -1.451642405441837e-06,
    -1.4371474775342717e-06,
    -1.4227968914704036e-06,
    -1.4085892102644047e-06,
    -1.3945230109341801e-06,
    -1.3805968843463114e-06,
    -1.3668094350470673e-06,
    -1.353159281081377e-06,
    -1.3396450538486945e-06,
    -1.3262653979961707e-06,
    -1.3130189712845195e-06,
    -1.2999044444008957e-06,
    -1.2869205007662937e-06,
    -1.274065836418546e-06,
    -1.2613391599775672e-06,
    -1.2487391926093969e-06,
    -1.2362646680059746e-06,
    -1.223914332415391e-06,
    -1.2116869445665567e-06,
    -1.1995812754486895e-06,
    -1.1875961081780456e-06,
    -1.175730238014117e-06,
    -1.1639824723703047e-06,
    -1.152351630735704e-06,
    -1.1408365444882782e-06,
    -1.1294360566744069e-06,
    -1.1181490218702075e-06,
    -1.1069743061219176e-06,
    -1.0959107869548381e-06,
    -1.0849573534298584e-06,
    -1.0741129061284812e-06,
    -1.0633763570678176e-06,
    -1.0527466296886248e-06,
    -1.0422226588918374e-06,
    -1.0318033909955274e-06
]