[
    0.0,
    0.0,
    0.0032624667551752026,
    0.003212321483312391,
    0.0031631732853378593,
    0.0031149982086815624,
    0.0030677729343601824,
    0.003021474759541394,
    0.0029760815805960237,
    0.002931571876623966,
    0.002887924693439974,
    0.0028451196280060934,
    0.00280313681329827,
    0.0027619569035943784,
    0.0027215610601711896,
    0.0026819309373993317,
    0.0026430486692256526,
    0.002604896856031999,
    0.002567458551860074,
    0.0025307172519926273,
    0.0024946568808810977,
    0.002459261780409519,
    0.0024245166984852443,
    0.002390406777948161,
    0.002356917545789597,
    0.0023240349026718756,
    0.00229174511274028,
    0.0022600347937186613,
    0.0022288909072797998,
    0.002198300749683755,
    0.0021682519426777227,
    0.0021387324246492498,
    0.002109730442025401,
    0.002081234540911875,
    0.002053233558965224,
    0.0020257166174907147,
    0.0019986731137590437,
    0.0019720927135359317,
    0.0019459653438194226,
    0.001920281185779687,
    0.0018950306678940428,
    0.0018702044592693355,
    0.00184579346314804,
    0.0018217888105968405,
    0.0017981818543727109,
    0.001774964162959329,
    0.0017521275147685295,
    0.0017296638925023227,
    0.0017075654776707886,
    0.0016858246452614517,
    0.0016644339585560797,
    0.0016433861640908678,
    0.0016226741867558956,
    0.0016022911250297455,
    0.001582230246345795,
    0.001562484982586278,
    0.0015430489256987824,
    0.0015239158234322688,
    0.0015050795751921284,
    0.0014865342280109557,
    0.001468273972630591,
    0.0014502931396930335,
    0.001432586196037118,
    0.001415147741096789,
    0.0013979725033982117,
    0.001381055337153646,
    0.0013643912189490368,
    0.0013479752445222331,
    0.0013318026256296394,
    0.0013158686869993,
    0.001300168863368035,
    0.001284698696600057,
    0.0012694538328849492,
    0.0012544300200115455,
    0.0012396231047122302,
    0.0012250290300768064,
    0.001210643833039958,
    0.001196463641941347,
    0.0011824846741528248,
    0.0011687032337694744,
    0.0011551157093634304,
    0.0011417185718000538,
    0.0011285083721153124,
    0.0011154817394512634,
    0.001102635379046126,
    0.001089966070277472,
    0.001077470664759302,
    0.001065146084492081,
    0.0010529893200622524,
    0.0010409974288903758,
    0.0010291675335286127,
    0.001017496820005421,
    0.0010059825362146683,
    0.0009946219903476249,
    0.0009834125493664806,
    0.0009723516375186033,
    0.0009614367348915371,
    0.0009506653760076404,
    0.0009400351484567359,
    0.0009295436915666352,
    0.0009191886951110372,
    0.0009089678980522514,
    0.0008988790873162802,
    0.0008889200965997286,
    0.0008790888052074927,
    0.000869383136917456,
    0.0008598010588724096,
    0.0008503405805049351,
    0.0008409997524958207,
    0.0008317766657614462,
    0.0008226694504680552,
    0.000813676275072519,
    0.0008047953453891047,
    0.0007960249036815945,
    0.0007873632277792539,
    0.0007788086302140617,
    0.0007703594573757223,
    0.0007620140886851993,
    0.0007537709357923359,
    0.000745628441798399,
    0.0007375850805011342,
    0.0007296393556619267,
    0.0007217898002921802,
    0.0007140349759560085,
    0.0007063734720905275,
    0.0006988039053460361,
    0.0006913249189459003,
    0.0006839351820632498,
    0.0006766333892122577,
    0.000669418259653615,
    0.0006622885368138564,
    0.0006552429877186962,
    0.0006482804024422835,
    0.000641399593573813,
    0.0006345993957002377,
    0.0006278786649028136,
    0.0006212362782662476,
    0.0006146711333999918,
    0.0006081821479707583,
    0.0006017682592462642,
    0.0005954284236507311,
    0.0005891616163313107,
    0.0005829668307356149,
    0.0005768430782005429,
    0.0005707893875505732,
    0.0005648048047062739,
    0.0005588883923054433,
    0.0005530392293340047,
    0.0005472564107653632,
    0.0005415390472130408,
    0.000535886264594784,
    0.0005302972038016338,
    0.0005247710203714806,
    0.000519306884167751,
    0.0005139039790646733,
    0.0005085615026437982,
    0.0005032786659017505,
    0.0004980546929667289,
    0.000492888820824945,
    0.00048778029905495717,
    0.00048272838956514867,
    0.00047773236633534614,
    0.00047279151516702657,
    0.0004679051334434846,
    0.0004630725298936643,
    0.0004582930243528746,
    0.00045356594752840915,
    0.0004488906407825075,
    0.00044426645592817815,
    0.00043969275501881563,
    0.00043516891011715264,
    0.00043069430305446083,
    0.0004262683252044517,
    0.0004218903772775105,
    0.0004175598691276974,
    0.0004132762195698872,
    0.0004090388562046375,
    0.00040484721524434997,
    0.0004007007413376857,
    0.0003965988873994829,
    0.00039254111445266273,
    0.0003885268914764593,
    0.0003845556952552222,
    0.000380627010231254,
    0.0003767403283572991,
    0.00037289514892888326,
    0.00036909097840244904,
    0.00036532733023795117,
    0.0003616037247770152,
    0.00035791968913754266,
    0.00035427475711710937,
    0.0003506684691040096,
    0.00034710037198882904,
    0.0003435700190732469,
    0.00034007696998159236,
    0.0003366207905794132,
    0.00033320105289092253,
    0.0003298173350044352,
    0.00032646922096739593,
    0.00032315630067918165,
    0.0003198781697856428,
    0.00031663442957645334,
    0.0003134246868863892,
    0.00031024855399972424,
    0.0003071056485553504,
    0.0003039955934518081,
    0.0003009180167530958,
    0.0002978725515959333,
    0.0002948588360984834,
    0.0002918765132699157,
    0.0002889252309199091,
    0.00028600464156873116,
    0.0002831144023593246,
    0.00028025417497140387,
    0.00027742362553708996,
    0.00027462242455796715,
    0.0002718502468234603,
    0.00026910677133067557,
    0.0002663916812059467,
    0.00026370466362837314,
    0.0002610454097558152,
    0.00025841361465354126,
    0.0002558089772253075,
    0.00025323120014683734,
    0.0002506799898018039,
    0.00024815505622003065,
    0.00024565611301755497,
    0.0002431828773385399,
    0.000240735069799511,
    0.00023831241443614118,
    0.00023591463865173262,
    0.00023354147316661692,
    0.00023119265196865522,
    0.00022886791226524807,
    0.00022656699443683123,
    0.00022428964199163335,
    0.0002220356015214214,
    0.0002198046226579422,
    0.00021759645803024567,
    0.00021541086322297983,
    0.0002132475967352655,
    0.00021110641994006226,
    0.00020898709704412414,
    0.00020688939504851655,
    0.00020481308370965654,
    0.000202757935500876,
    0.00020072372557455485,
    0.00019871023172483176,
    0.00019671723435085036,
    0.0001947445164204322,
    0.0001927918634341766,
    0.0001908590633901297,
    0.00018894590674912578,
    0.0001870521864008744,
    0.00018517769763073619,
    0.00018332223808695914,
    0.0001814856077481555,
    0.00017966760889097334,
    0.00017786804605809307,
    0.0001760867260266403,
    0.00017432345777698778,
    0.0001725780524619802,
    0.00017085032337668492,
    0.0001691400859287444,
    0.0001674471576093752,
    0.0001657713579650199,
    0.00016411250856957066,
    0.000162470432997035,
    0.0001608449567947048,
    0.00015923590745707577,
    0.00015764311440046204,
    0.00015606640893798372,
    0.0001545056242549007,
    0.00015296059538443918,
    0.00015143115918416498,
    0.00014991715431289588,
    0.00014841842120802965,
    0.00014693480206326594,
    0.00014546614080679027,
    0.00014401228307981182,
    0.00014257307621535123,
    0.0001411483692172655,
    0.00013973801273961485,
    0.0001383418590664545,
    0.00013695976209175692,
    0.00013559157729932972,
    0.00013423716174321384,
    0.00013289637402875442,
    0.0001315690742939629,
    0.0001302551241910153,
    0.00012895438686793013,
    0.00012766672695042625,
    0.0001263920105240876,
    0.00012513010511692047,
    0.00012388087968219253,
    0.00012264420458150903,
    0.0001214199515681248,
    0.00012020799377007907,
    0.0001190082056730614,
    0.00011782046310394173,
    0.00011664464321529788,
    0.00011548062446998271,
    0.00011432828662516167,
    0.00011318751071634374,
    0.00011205817904194547,
    0.00011094017514830073,
    0.00010983338381505959,
    0.0001087376910410708,
    0.0001076529840305794,
    0.0001065791511793435,
    0.00010551608206020684,
    0.00010446366740829793,
    0.00010342179910664741,
    0.00010239037017257731,
    0.00010136927474469656,
    0.00010035840807012571,
    9.93576664916132e-05,
    9.836694743466806e-05,
    9.738614939504539e-05,
    9.641517192662453e-05,
    9.545391562956458e-05,
    9.450228213871969e-05,
    9.356017411211336e-05,
    9.262749521934598e-05,
    9.170415013036967e-05,
    9.079004450500514e-05,
    8.988508498287796e-05,
    8.898917917329964e-05,
    8.810223564527603e-05,
    8.722416391805172e-05,
    8.635487445202936e-05,
    8.549427863990336e-05,
    8.464228879831444e-05,
    8.379881816006384e-05,
    8.296378086666993e-05,
    8.213709196138045e-05,
    8.131866738279266e-05,
    8.050842395901535e-05,
    7.970627940223903e-05,
    7.891215230370149e-05,
    7.812596212926068e-05,
    7.734762921573455e-05,
    7.657707476805254e-05,
    7.581422085748608e-05,
    7.505899042138439e-05,
    7.431130726458295e-05,
    7.35710960616747e-05,
    7.283828235803453e-05,
    7.211279256876125e-05,
    7.139455397774997e-05,
    7.068349473833141e-05,
    6.997954387394931e-05,
    6.92826312782989e-05,
    6.859268771625311e-05,
    6.790964482345324e-05,
    6.723343510081119e-05,
    6.656399190519782e-05,
    6.590124943609217e-05,
    6.524514271325064e-05,
    6.45956075478326e-05,
    6.395258051369233e-05,
    6.331599891426917e-05,
    6.268580073706915e-05,
    6.206192459852165e-05,
    6.144430968871761e-05,
    6.0832895726524334e-05,
    6.0227622918644934e-05,
    5.9628431892867606e-05,
    5.903526360689561e-05,
    5.8448059277220793e-05,
    5.786676033246907e-05,
    5.729130836038686e-05,
    5.672164506366542e-05,
    5.615771224288309e-05,
    5.559945178828477e-05,
    5.5046805686329984e-05,
    5.4499716054381995e-05,
    5.395812521107244e-05,
    5.3421975817825194e-05,
    5.28912110644052e-05,
    5.236577479441671e-05,
    5.1845611537769916e-05,
    5.133066649217767e-05,
    5.0820885489255384e-05,
    5.031621496783702e-05,
    4.981660195838281e-05,
    4.932199408089886e-05,
    4.883233956503219e-05,
    4.834758727584592e-05,
    4.786768672480097e-05,
    4.739258807164698e-05,
    4.6922242128213755e-05,
    4.645660034620853e-05,
    4.599561475376103e-05,
    4.5539237863102735e-05,
    4.508742261694529e-05,
    4.46401223839482e-05,
    4.419729097210272e-05,
    4.37588826398933e-05,
    4.3324852093715716e-05,
    4.2895154475846355e-05,
    4.2469745333792016e-05,
    4.204858056584894e-05,
    4.163161638508472e-05,
    4.1218809320362264e-05,
    4.081011623301873e-05,
    4.040549434546958e-05,
    4.0004901275271705e-05,
    3.960829505721797e-05,
    3.921563416346491e-05,
    3.882687754687235e-05,
    3.844198469296726e-05,
    3.8060915637521124e-05,
    3.76836309495642e-05,
    3.7310091714156784e-05,
    3.6940259523912345e-05,
    3.657409646905421e-05,
    3.621156512554203e-05,
    3.585262854230758e-05,
    3.5497250225914624e-05,
    3.514539412678624e-05,
    3.479702462887637e-05,
    3.445210653908856e-05,
    3.411060507541186e-05,
    3.3772485854121774e-05,
    3.3437714877789207e-05,
    3.310625852874596e-05,
    3.2778083567366626e-05,
    3.245315712907931e-05,
    3.213144671771526e-05,
    3.181292019788351e-05,
    3.149754578840497e-05,
    3.1185292055452766e-05,
    3.087612790578349e-05,
    3.0570022582114435e-05,
    3.026694565888441e-05,
    2.9966867036369263e-05,
    2.966975693448789e-05,
    2.937558588807315e-05,
    2.9084324743967467e-05,
    2.8795944658849745e-05,
    2.8510417096145918e-05,
    2.8227713821711412e-05,
    2.794780689920479e-05,
    2.767066868572712e-05,
    2.7396271827690883e-05,
    2.7124589256649154e-05,
    2.685559418544927e-05,
    2.6589260105103602e-05,
    2.6325560781328142e-05,
    2.6064470250334095e-05,
    2.580596281496522e-05,
    2.5550013041401026e-05,
    2.529659575571045e-05,
    2.5045686039536077e-05,
    2.4797259225084588e-05,
    2.4551290890699463e-05,
    2.4307756857399175e-05,
    2.4066633185899996e-05,
    2.3827896173971696e-05,
    2.359152235387326e-05,
    2.3357488489186953e-05,
    2.3125771570599722e-05,
    2.289634881158072e-05,
    2.2669197645283524e-05,
    2.244429572243919e-05,
    2.2221620909333873e-05,
    2.2001151285711906e-05,
    2.178286514231694e-05,
    2.156674097724954e-05,
    2.1352757491795612e-05,
    2.114089358742325e-05,
    2.09311283639489e-05,
    2.0723441118009814e-05,
    2.0517811341721425e-05,
    2.0314218721565574e-05,
    2.011264313745994e-05,
    1.99130646618162e-05,
    1.971546355829985e-05,
    1.9519820280497322e-05,
    1.932611547101025e-05,
    1.913432996073428e-05,
    1.8944444767726138e-05,
    1.8756441095916023e-05,
    1.8570300334054843e-05,
    1.8386004054836317e-05,
    1.8203534014092134e-05,
    1.8022872149674455e-05,
    1.784400057970531e-05,
    1.7666901600677265e-05,
    1.7491557685948707e-05,
    1.7317951484575045e-05,
    1.7146065820297998e-05,
    1.6975883690380195e-05,
    1.6807388264030122e-05,
    1.66405628804127e-05,
    1.6475391045906143e-05,
    1.6311856430900346e-05,
    1.6149942867332892e-05,
    1.598963434700684e-05,
    1.5830915020106684e-05,
    1.5673769194144716e-05,
    1.5518181333217592e-05,
    1.536413605693655e-05,
    1.5211618138710835e-05,
    1.5060612503153955e-05,
    1.4911104223083e-05,
    1.4763078517217971e-05,
    1.4616520748684353e-05,
    1.4471416423854076e-05,
    1.4327751191407696e-05,
    1.4185510841354871e-05,
    1.4044681303977835e-05,
    1.3905248648885192e-05,
    1.376719908402063e-05,
    1.3630518954568246e-05,
    1.3495194741851875e-05,
    1.3361213062174513e-05,
    1.3228560665546007e-05,
    1.3097224434391258e-05,
    1.2967191382186743e-05,
    1.2838448651580246e-05,
    1.2710983512029932e-05,
    1.2584783357746871e-05,
    1.2459835706264389e-05,
    1.2336128197344459e-05,
    1.2213648591940079e-05,
    1.2092384771048904e-05,
    1.1972324734433627e-05,
    1.1853456599349038e-05,
    1.1735768599523733e-05,
    1.1619249084370143e-05,
    1.150388651804199e-05,
    1.138966947803913e-05,
    1.1276586653328479e-05,
    1.1164626842332554e-05,
    1.1053778951224943e-05,
    1.0944031992619578e-05,
    1.083537508452068e-05,
    1.0727797449342037e-05,
    1.0621288412969844e-05,
    1.0515837404010263e-05,
    1.0411433953081642e-05,
    1.0308067691897579e-05,
    1.0205728352309063e-05,
    1.0104405765587824e-05,
    1.0004089861781615e-05,
    9.90477066880124e-06,
    9.806438311322942e-06,
    9.709083009845698e-06,
    9.612695079875298e-06,
    9.517264931008227e-06,
    9.422783066028201e-06,
    9.329240080184912e-06,
    9.236626660597994e-06,
    9.144933585728905e-06,
    9.054151724778354e-06,
    8.964272036896072e-06,
    8.875285570400852e-06,
    8.787183462067328e-06,
    8.699956936394308e-06,
    8.613597305077856e-06,
    8.528095966660749e-06,
    8.44344440593962e-06,
    8.359634193103488e-06,
    8.276656982939876e-06,
    8.194504514305599e-06,
    8.113168609499421e-06,
    8.032641172830368e-06,
    7.952914188623986e-06,
    7.87397971970426e-06,
    7.795829906583744e-06,
    7.718456966887781e-06,
    7.641853194787187e-06,
    7.5660109604957125e-06,
    7.4909227098604455e-06,
    7.416580963787471e-06,
    7.342978317329791e-06,
    7.270107438808157e-06,
    7.19796106919379e-06,
    7.126532021466308e-06,
    7.055813179889523e-06,
    6.985797499435364e-06,
    6.916478005356386e-06,
    6.847847792821487e-06,
    6.779900026645589e-06,
    6.712627941087729e-06,
    6.646024839518758e-06,
    6.580084093873646e-06,
    6.5147991438844335e-06,
    6.4501634957571195e-06,
    6.386170720391453e-06,
    6.322814451905854e-06,
    6.260088386686796e-06,
    6.197986282647027e-06,
    6.136501958579221e-06,
    6.07562929379651e-06,
    6.015362228098982e-06,
    5.955694761697771e-06,
    5.896620954907843e-06,
    5.838134927698259e-06,
    5.780230859094313e-06,
    5.722902986558011e-06,
    5.666145605609873e-06,
    5.6099530694330596e-06,
    5.554319787681705e-06,
    5.499240224559242e-06,
    5.444708897298453e-06,
    5.390720375404745e-06,
    5.33726928014252e-06,
    5.284350284208785e-06,
    5.231958111453413e-06,
    5.180087536217007e-06,
    5.1287333826739535e-06,
    5.077890524576624e-06,
    5.02755388500795e-06,
    4.977718436070317e-06,
    4.928379198767273e-06,
    4.879531243009141e-06,
    4.831169687596682e-06,
    4.783289700068184e-06,
    4.735886496368609e-06,
    4.688955340568516e-06,
    4.642491544790625e-06,
    4.596490468760835e-06,
    4.55094751825553e-06,
    4.505858143000878e-06,
    4.461217835128365e-06,
    4.417022128294355e-06,
    4.3732665972143925e-06,
    4.329946857632763e-06,
    4.2870585664511245e-06,
    4.244597421647494e-06,
    4.202559162109123e-06,
    4.160939567672707e-06,
    4.119734459333672e-06,
    4.078939699373825e-06,
    4.038551191322457e-06,
    3.998564879919801e-06,
    3.958976750784704e-06,
    3.919782828932434e-06,
    3.880979176605881e-06,
    3.8425618921239045e-06,
    3.8045271100031324e-06,
    3.7668710013218696e-06,
    3.729589773967326e-06,
    3.6926796729143646e-06,
    3.6561369805131507e-06,
    3.6199580166802626e-06,
    3.5841391389732e-06,
    3.5486767427333833e-06,
    3.513567261320817e-06,
    3.478807166146179e-06,
    3.4443929665397003e-06,
    3.4103212096641072e-06,
    3.376588480205973e-06,
    3.343191399550499e-06,
    3.3101266246672954e-06,
    3.2773908470563693e-06,
    3.2449807918705535e-06
]