[
    0.0,
    0.0,
    0.02080360487111451,
    0.020159418155449107,
    0.01953395637530524,
    0.018926686308050826,
    0.018337089808653485,
    0.01776466338439569,
    0.017208917781573414,
    0.016669377583840548,
    0.01614558082187538,
    0.01563707859405188,
    0.015143434697801803,
    0.01466422527136607,
    0.014199038445644031,
    0.013747474005853706,
    0.01330914306272566,
    0.012883667732963743,
    0.012470680828711054,
    0.012069825555766404,
    0.011680755220306462,
    0.011303132943874956,
    0.010936631386404091,
    0.01058093247704032,
    0.010235727152556157,
    0.009900715103136896,
    0.009575604525334746,
    0.009260111881987297,
    0.008953961668903273,
    0.008656886188124647,
    0.008368625327579812,
    0.008088926346948305,
    0.007817543669562065,
    0.0075542386801726895,
    0.00729877952841963,
    0.007050940937839103,
    0.006810504020257112,
    0.006577256095414478,
    0.006350990515676783,
    0.006131506495685684,
    0.005918608946812128,
    0.0057121083162772965,
    0.0055118204308104626,
    0.005317566344715521,
    0.0051291721922216,
    0.00494646904399672,
    0.004769292767706983,
    0.00459748389250766,
    0.0044308874773554205,
    0.004269352983033578,
    0.004112734147785636,
    0.00396088886645566,
    0.003813679073036526,
    0.0036709706265299026,
    0.0035326332000249674,
    0.003398540172905629,
    0.003268568526098169,
    0.003142598740273478,
    0.003020514696920397,
    0.002902203582209005,
    0.0027875557935653065,
    0.002676464848881013,
    0.0025688272982840824,
    0.0024645426383978724,
    0.0023635132290187426,
    0.002265644212143933,
    0.0021708434332837374,
    0.0020790213649936086,
    0.001990091032563199,
    0.0019039679418010815,
    0.0018205700088563305,
    0.0017398174920203904,
    0.0016616329254534805,
    0.0015859410547808335,
    0.0015126687745061073,
    0.001441745067190919,
    0.0013731009443506029,
    0.0013066693890176645,
    0.0012423852999259612,
    0.0011801854372697506,
    0.0011200083699927762,
    0.0010617944245645567,
    0.001005485635202731,
    0.0009510256955007673,
    0.00089835991142114,
    0.0008474351556154282,
    0.0007981998230338439,
    0.0007506037877876915,
    0.0007045983612295303,
    0.0006601362512167983,
    0.0006171715225254594,
    0.0005756595583811888,
    0.0005355570230766138,
    0.0004968218256438708,
    0.0004594130845523455,
    0.0004232910934027826,
    0.00038841728759045975,
    0.0003547542119103919,
    0.00032226548907757094,
    0.0002909157891362393,
    0.00026067079973318046,
    0.00023149719723070307,
    0.00020336261863583392,
    0.0001762356343227443,
    0.0001500857215256306,
    0.00012488323858015328,
    0.00010059939989242372,
    7.720625161450494e-05,
    5.467664800644055e-05,
    3.298422846659337e-05,
    1.2103395211973142e-05,
    -7.990708410202828e-06,
    -2.7322218997774048e-05,
    -4.591457357301361e-05,
    -6.379052948282561e-05,
    -8.097218373608155e-05,
    -9.748099179421733e-05,
    -0.00011333778583055314,
    -0.00012856279247292922,
    -0.00014317565004422108,
    -0.00015719542531532685,
    -0.00017064062978450222,
    -0.00018352923549590358,
    -0.00019587869040946034,
    -0.00020770593333455198,
    -0.00021902740844110342,
    -0.00022985907936215772,
    -0.00024021644289922103,
    -0.0002501145423381909,
    -0.00025956798038532066,
    -0.00026859093173524807,
    -0.00027719715528220633,
    -0.00028540000598460165,
    -0.0002932124463920849,
    -0.00030064705784253265,
    -0.00030771605133753804,
    -0.000314431278107663,
    -0.00032080423987789625,
    -0.00032684609883998936,
    -0.0003325676873352871,
    -0.0003379795172520809,
    -0.0003430917891456108,
    -0.0003479144010928451,
    -0.0003524569572913524,
    -0.00035672877640439927,
    -0.0003607388996535268,
    -0.0003644960986657621,
    -0.0003680088830744113,
    -0.0003712855078330523,
    -0.0003743339802017183,
    -0.0003771620664282892,
    -0.00037977729815310104,
    -0.0003821869785141784,
    -0.00038439818791488373,
    -0.00038641778942977476,
    -0.0003882524337500068,
    -0.0003899085632195507,
    -0.00039139241430285245,
    -0.0003927100181037933,
    -0.0003938671985859747,
    -0.0003948695678005933,
    -0.0003957225161546837,
    -0.0003964311912590949,
    -0.00039700045326662833,
    -0.00039743479504357004,
    -0.0003977381975120097,
    -0.00039791373461251775,
    -0.00039796214842571277,
    -0.00039787620700049565,
    -0.0003976160616483488,
    -0.00028222183415574115,
    7.049503170716151e-05,
    0.0005482039088204759,
    0.0010194862309931957,
    0.0014727805451283202,
    0.0019086178725313881,
    0.0023275377946545255,
    0.0027569606558783136,
    0.00326324278473109,
    0.003856456185458675,
    0.0044663085377471415,
    0.00505203597450761,
    0.005614422110754758,
    0.006196126437159159,
    0.006889342887076752,
    0.007698888725928737,
    0.008526951083995059,
    0.009321339115488684,
    0.010083076449693107,
    0.010813174784308308,
    0.011512622220369886,
    0.012182380367998099,
    0.01282338374226473,
    0.01343654003058944,
    0.014022730637753321,
    0.014582811321695942,
    0.015117612863252968,
    0.015627941745705837,
    0.016114580830972884,
    0.01657829002516529,
    0.017019806926058662,
    0.01743984745280252,
    0.01783910646246383,
    0.01821825835201838,
    0.018577957642117497,
    0.01891883954360108,
    0.019241520509223887,
    0.01954659877063344,
    0.019834654859898687,
    0.020106252115912868,
    0.0203619371767049,
    0.020602240458192488,
    0.02082767661927755,
    0.021038745013480187,
    0.02123593012779109,
    0.02141970200938388,
    0.02159051668038016,
    0.02174881654065068,
    0.02189503075895046,
    0.02202957565298775,
    0.022152855058933982,
    0.02226526069063757,
    0.02236717248868967,
    0.0224589589594749,
    0.022540977504429877,
    0.022613574739884776,
    0.02267708680786908,
    0.02273183967813388,
    0.022778149441588603,
    0.022816322595403563,
    0.02284665632004996,
    0.022869438748494966,
    0.022884949227738937,
    0.022893458572884474,
    0.02289522931394774,
    0.022890515935692437,
    0.022879565110789223,
    0.022862615926505372,
    0.022839900104991723,
    0.02281164221717722,
    0.022778059890413573,
    0.022739364010198444,
    0.022695758916231917,
    0.02264744259287493,
    0.022594606854161994,
    0.022537437523641957,
    0.022476114609210396,
    0.022410812473002792,
    0.02234169999637731,
    0.022268940739971363,
    0.022192693098996782,
    0.022113110454118342,
    0.022030341318156822,
    0.021944529478770507,
    0.021855814137225694,
    0.021764330043268144,
    0.021670207626087686,
    0.021573573121501072,
    0.021474548695690845,
    0.021373252565778437,
    0.021269799117126106,
    0.02116429901721609,
    0.021056859326420173,
    0.020947583606022786,
    0.020836572023412527,
    0.020723921454118183,
    0.02060972558046123,
    0.0204940749883714,
    0.02037705726511127,
    0.02025875709665416,
    0.02013925636151659,
    0.02001863422144741,
    0.01989696721276183,
    0.019774329347991386,
    0.01965079223917706,
    0.01952642525708089,
    0.019401295740422896,
    0.01927546925573552,
    0.019149010031279556,
    0.019021982001105518,
    0.01889445116476712,
    0.018766491135233657,
    0.018638210072193993,
    0.01851202785024614,
    0.01844935955700681,
    0.018504643219996255,
    0.018611920763330514,
    0.01870998691401314,
    0.018799120887221975,
    0.01887962721092163,
    0.018951807736383365,
    0.019015957503792733,
    0.01907236430183662,
    0.01912130971511188,
    0.01916307165847282,
    0.019197935152197813,
    0.019232158148980202,
    0.01928304994413012,
    0.01935529139995233,
    0.019430748202717844,
    0.019497937003244384,
    0.019557132274272037,
    0.019608613425788624,
    0.019652654964378975,
    0.019689524518278295,
    0.01971948229343348,
    0.01974278094888301,
    0.01975966563389715,
    0.01977037411259644,
    0.019775136936604362,
    0.01977417763467198,
    0.019767712903546668,
    0.0197559527981459,
    0.01973910092013183,
    0.019717354602296053,
    0.019690905088807602,
    0.01965993771158596,
    0.019624632061548523,
    0.019585162154432154,
    0.01954169659194494,
    0.019494398718791602,
    0.019443426775723284,
    0.019388934048401977,
    0.019331069011710743,
    0.019269975469669253,
    0.019205792691557696,
    0.019138655544413533,
    0.01906869462169419,
    0.018996036368186576,
    0.018920803201450252,
    0.018843113629913998,
    0.018763082367577066,
    0.018680820445301935,
    0.018596435318842995,
    0.01851003097381292,
    0.018421708027718597,
    0.018331563829127907,
    0.018239692554005753,
    0.018146185299288676,
    0.018051130173797437,
    0.017954612386572238,
    0.01785671433269449,
    0.017757515676653568,
    0.01765709343331567,
    0.01755552204656017,
    0.017452873465663547,
    0.01734921721950465,
    0.017244620488647455,
    0.017139148175356975,
    0.01703286297160513,
    0.0169258254251206,
    0.016818094003542644,
    0.0167097251567375,
    0.01660077337732513,
    0.016491291259460715,
    0.0163813295559206,
    0.01627093723354712,
    0.016160161527100064,
    0.016049047991552094,
    0.015937640552872605,
    0.01582598155735285,
    0.015714111819512308,
    0.015602070668617185,
    0.01548989599385077,
    0.01537762428817991,
    0.015265290690956224,
    0.015152929029285632,
    0.015040571858200366,
    0.014928250499666727,
    0.014815995080456527,
    0.014703834568915292,
    0.014591796810669156,
    0.014479908563303036,
    0.014368195530031137,
    0.014256682392385311,
    0.01414539284195257,
    0.014034349611191838,
    0.013923574503357085,
    0.013813088421550105,
    0.013702911396922982,
    0.013593062616053784,
    0.013483560447524108,
    0.0133744224677243,
    0.013265665485906648,
    0.01315730556850403,
    0.013049358062733166,
    0.012941837619505972,
    0.012834758215671772,
    0.01272813317560701,
    0.012621975192168062,
    0.012516296347027217,
    0.012411108130412133,
    0.01230642146026564,
    0.01220224670084147,
    0.012098593680751196,
    0.011995471710477795,
    0.011892889599371452,
    0.011790855672142763,
    0.011689377784866839,
    0.011588463340512174,
    0.011488119304010554,
    0.01138835221688089,
    0.011289168211414524,
    0.011190573024434672,
    0.0110925720106483,
    0.010995170155603796,
    0.010898372088263062,
    0.01080218209319758,
    0.010706604122418813,
    0.01061164180685392,
    0.01051729846747763,
    0.010423577126109897,
    0.010330480515888696,
    0.010238011091427728,
    0.010146171038668314,
    0.010054962284433932,
    0.009964386505695491,
    0.009874445138555784,
    0.009785139386961135,
    0.009696470231147997,
    0.009608438435833457,
    0.009521044558157759,
    0.009434288955384021,
    0.009348171792360561,
    0.009262693048754107,
    0.009177852526062222,
    0.009093649854411214,
    0.009010084499144895,
    0.00892715576720974,
    0.008844862813342758,
    0.00876320464606821,
    0.008682180133508934,
    0.008601788009017702,
    0.008522026876633088,
    0.008442895216364004,
    0.008364391389308442,
    0.008286513642612904,
    0.008209260114277108,
    0.00813262883780629,
    0.008056617746715357,
    0.00798122467889152,
    0.007906447380819349,
    0.007832283511668944,
    0.007758730647251779,
    0.00768578628385183,
    0.007613447841935926,
    0.007541712669745132,
    0.007470578046770785,
    0.0074000411871186795,
    0.007330099242764214,
    0.007260749306702081,
    0.0071919884159940325,
    0.00712381355471693,
    0.007056221656813837,
    0.006989209608851453,
    0.006922774252686196,
    0.0068569123880413245,
    0.006791620774998361,
    0.0067268961364055895,
    0.006662735160205781,
    0.006599134501685518,
    0.006536090785648466,
    0.006473600608515094,
    0.006411660540351388,
    0.00635026712682788,
    0.006289416891110951,
    0.006229106335689729,
    0.0061693319441401395,
    0.006110090182826159,
    0.006051377502539325,
    0.0059931903400791235,
    0.005935525119778218,
    0.005878378254974498,
    0.005821746149430724,
    0.005765625198702967,
    0.005710011791459269,
    0.005654902310751612,
    0.005600293135243659,
    0.0055461806403937,
    0.005492561199592584,
    0.00543943118525833,
    0.005386786969889627,
    0.005334624927079582,
    0.0052829414324909955,
    0.005231732864794182,
    0.005180995606568508,
    0.005130726045169584,
    0.005080920573562398,
    0.005031575591120131,
    0.004982687504390434,
    0.004934252727830162,
    0.004886267684507889,
    0.004838728806774406,
    0.004791632536903719,
    0.00474497532770943,
    0.004698753643138168,
    0.0046529639588380415,
    0.004607602762702596,
    0.0045626665553925045,
    0.004518151850834323,
    0.004474055176695426,
    0.004430373074836557,
    0.004387102101743273,
    0.004344238828937466,
    0.004301779843370979,
    0.004259721747802342,
    0.004218061161157005,
    0.004176794718870178,
    0.0041359190732095305,
    0.004095430893577859,
    0.004055326866799272,
    0.0040156036973907055,
    0.0039762581078175725,
    0.003937286838733333,
    0.003898686649204765,
    0.0038604543169242353,
    0.0038225866384092467,
    0.003785080429188994,
    0.0037479325239786086,
    0.003711139776842044,
    0.0036746990613428323,
    0.003638607270682396,
    0.003602861317827256,
    0.00356745813562603,
    0.0035323946769164607,
    0.003497667914623256,
    0.0034632748418471893,
    0.0034292124719448244,
    0.003395477838598237,
    0.003362067995874366,
    0.0033289800182754923,
    0.003296211000783732,
    0.003263758058900141,
    0.0032316183286771293,
    0.003199788966743284,
    0.003168267150320812,
    0.003137050077237245,
    0.0031061349659324763,
    0.003075519055459833,
    0.003045199605479827,
    0.003015173896247458,
    0.0029854392285947056,
    0.0029559929239083883,
    0.002926832324103536,
    0.0028979547915929937,
    0.0028693577092526535,
    0.0028410384803812393,
    0.0028129945286551636,
    0.0027852232980799087,
    0.002757722252938579,
    0.002730488877736741,
    0.002703520677142909,
    0.002676815175925244,
    0.002650369918884736,
    0.002624182470784907,
    0.0025982504162788416,
    0.002572571359833939,
    0.0025471429256538245,
    0.0025219627575974245,
    0.00249702851909578,
    0.0024723378930665823,
    0.0024478885818260718,
    0.00242367830699861,
    0.0023997048094247255,
    0.0023759658490679165,
    0.0023524592049198323,
    0.002329182674903268,
    0.0023061340757729383,
    0.002283311243014789,
    0.0022607120307439397,
    0.0022383343116002758,
    0.0022161759766418172,
    0.0021942349352372307,
    0.002172509114958128,
    0.0021509964614711647,
    0.0021296949384297693,
    0.002108602527364602,
    0.0020877172275724516,
    0.002067037056004671,
    0.0020465600471555254,
    0.002026284252949981,
    0.002006207742630938,
    0.001986328602645613,
    0.001966644936530847,
    0.0019471548647980415,
    0.001927856524818167,
    0.0019087480707064078,
    0.0018898276732058701,
    0.0018710935195698883,
    0.001852543813443414,
    0.0018341767747450124,
    0.001815990639550002,
    0.0017979836599739706,
    0.0017801541040560532,
    0.0017625002556418885,
    0.001745020414266613,
    0.001727712895038315,
    0.0017105760285217673,
    0.0016936081606218638,
    0.0016768076524667887,
    0.001660172880291573,
    0.0016437022353220916,
    0.0016273941236590803,
    0.0016112469661621952,
    0.001595259198334446,
    0.001579429270206655,
    0.0015637556462210853,
    0.0015482368051146708,
    0.0015328712398033385,
    0.0015176574572676148,
    0.0015025939784388668,
    0.001487679338086083,
    0.001472912084703208,
    0.0014582907803971207,
    0.001443814000776263,
    0.0014294803348395063,
    0.0014152883848652022,
    0.0014012367663008222,
    0.0013873241076531734,
    0.0013735490503789455,
    0.0013599102487756778,
    0.001346406369873193,
    0.0013330360933251852,
    0.0013197981113007196,
    0.001306691128376257,
    0.0012937138614289977,
    0.0012808650395312766,
    0.0012681434038454317,
    0.0012555477075191265,
    0.0012430767155812699,
    0.001230729204838801,
    0.0012185039637744176,
    0.00120639979244493,
    0.0011944155023800268,
    0.0011825499164816095,
    0.0011708018689239152,
    0.0011591702050542556,
    0.0011476537812940427,
    0.0011362514650400525,
    0.0011249621345656878,
    0.0011137846789223715,
    0.0011027179978423279,
    0.001091761001643396,
    0.0010809126111349038,
    0.001070171757523762,
    0.0010595373823208821,
    0.001049008437248108,
    0.0010385838841458184,
    0.0010282626948814502,
    0.0010180438512588303,
    0.0010079263449280756,
    0.0009979091772961439,
    0.000987991359438168,
    0.00097817191200927,
    0.000968449865156131,
    0.0009588242584283836,
    0.0009492941406912903,
    0.0009398585700403319,
    0.0009305166137165222,
    0.0009212673480218398,
    0.0009121098582356759,
    0.0009030432385325623,
    0.0008940665919004208,
    0.0008851790300591743,
    0.0008763796733796219,
    0.0008676676508018075,
    0.0008590420997533355,
    0.0008505021660692114,
    0.0008420470039133467,
    0.0008336757757009467,
    0.0008253876520213146,
    0.0008171818115601244,
    0.0008090574410212398,
    0.000801013735049622,
    0.0007930498961557116,
    0.0007851651346409919,
    0.0007773586685247336,
    0.0007696297234716912,
    0.0007619775327211149,
    0.0007544013370164905,
    0.0007469003845342395,
    0.000739473930812127,
    0.0007321212386793606,
    0.000724841578188234,
    0.0007176342265465506,
    0.0007104984680506662,
    0.0007034335940189594,
    0.0006964389027258017,
    0.0006895136993360035,
    0.000682657295839615,
    0.000675869010987589,
    0.0006691481702288829,
    0.0006624941056478448,
    0.0006559061558989125,
    0.0006493836661389211,
    0.0006429259879615034,
    0.0006365324793351482,
    0.00063020250454253,
    0.0006239354341202033,
    0.0006177306447996091,
    0.0006115875194491888,
    0.0006055054470168024,
    0.0005994838224727353,
    0.0005935220467534215,
    0.0005876195267050686,
    0.0005817756750274475,
    0.0005759899102192019,
    0.0005702616565252093,
    0.0005645903438854967,
    0.0005589754078821796,
    0.0005534162896799522,
    0.0005479124359625386,
    0.0005424632988723444,
    0.0005370683359569689,
    0.0005317270101207432,
    0.0005264387895754756,
    0.0005212031477873007,
    0.0005160195634244318,
    0.0005108875203098472,
    0.0005058065073761111,
    0.0005007760186195754,
    0.0004957955530557639,
    0.0004908646146777318,
    0.00048598271241568383,
    0.0004811493600961309,
    0.00047636407639725973,
    0.0004716263847932014,
    0.00046693581348951574,
    0.0004622918953642676,
    0.00045769416791940887,
    0.00045314217323657116,
    0.00044863545793707575,
    0.00044417357314629075,
    0.00043975607445705356,
    0.0004353825218905231,
    0.00043105247985468856,
    0.00042676551710052257,
    0.0004225212066830264,
    0.0004183191259321652,
    0.00041415885642847266,
    0.00041003998398111215,
    0.0004059620986042699,
    0.0004019247944701056,
    0.00039792766982898916,
    0.00039397032692783387,
    0.0003900523719524855,
    0.00038617341498849817,
    0.0003823330699901387,
    0.0003785309547458095,
    0.0003747666908341618,
    0.00037103990359126164,
    0.0003673502221020485,
    0.00036369727918640756,
    0.000360080711360315,
    0.00035650015880481293,
    0.00035295526535688605,
    0.00034944567849886407,
    0.0003459710493583305,
    0.0003425310327432488,
    0.00033912528718799665,
    0.00033575347495891296,
    0.00033241526197881144,
    0.00032911031768522993,
    0.00032583831489564104,
    0.00032259892971246945,
    0.000319391841430577,
    0.0003162167324417211,
    0.0003130732881869206,
    0.00030996119717499913,
    0.0003068801510364607,
    0.0003038298445698379,
    0.00030080997578419485,
    0.0002978202460007964,
    0.0002948603599695166,
    0.00029193002588707106,
    0.0002890289553900057,
    0.00028615686365355273,
    0.0002833134694587151,
    0.00028049849492586603,
    0.0002777116649657411,
    0.0002749527068432396,
    0.00027222134998680154,
    0.00026951732598137074,
    0.00026684036873778045,
    0.00026419021465141966,
    0.00026156660264673543,
    0.00025896927426116375,
    0.00025639797379093136,
    0.000253852448526852,
    0.0002513324491275196,
    0.0002488377299242531,
    0.0002463680492727856,
    0.00024392317000315413,
    0.00024150285899580455,
    0.00023910688542924205,
    0.00023673501907110146,
    0.0002343870300973775,
    0.00023206268985006894,
    0.00022976177082053813,
    0.00022748404591914137,
    0.00022522928819554574,
    0.00022299727127613082,
    0.0002207877703450191,
    0.00021860056321540682,
    0.00021643543115247853,
    0.00021429215958009647,
    0.00021217053845229837,
    0.00021007036267249663,
    0.00020799143260823836,
    0.000205933552396456,
    0.00020389652606627915,
    0.00020188015526797064,
    0.00019988423961498942,
    0.00019790857710553497,
    0.00019595296362955297,
    0.00019401719305686734,
    0.0001921010586581398,
    0.00019020435539715422,
    0.00018832688244130698,
    0.0001864684450035509,
    0.0001846288561129323,
    0.00018280793955347566,
    0.00018100553253891296,
    0.0001792214841333843,
    0.0001774556481803768,
    0.00017570787610044273,
    0.00017397801477569622,
    0.00017226590846159117,
    0.00017057140167076583,
    0.00016889434145107371,
    0.0001672345778778556,
    0.00016559196326519358,
    0.00016396635376219408,
    0.0001623576164073822,
    0.00016076563983301616,
    0.0001591903449341528,
    0.0001576316922810746,
    0.0001560896770803616,
    0.00015456430756301287,
    0.00015305558337380944,
    0.00015156348683659476,
    0.00015008798212138425,
    0.0001486290172786806,
    0.00014718652805587905,
    0.00014576044191099726,
    0.0001443506804195487,
    0.00014295717353104157,
    0.00014157990637902334,
    0.00014021901116833266,
    0.00013887498861595558,
    0.00013754994106968037,
    0.00013625630228656816,
    0.00013509162437874768,
    0.00013511705414414642,
    0.00013874953754785404,
    0.00014644779925468136,
    0.00015560633617819406,
    0.00016450714801171236,
    0.00017305067234177753,
    0.00018123758275572201,
    0.00018907669803753776,
    0.00019657867839778683,
    0.0002037567009964395,
    0.00021063345999918355,
    0.0002172576827295805,
    0.00022368059882389067,
    0.00022989926150156133,
    0.00023587344132759241,
    0.00024157969051509152,
    0.00024701574564561655,
    0.0002521862055460943,
    0.0002570975402538865,
    0.00026175688361826583,
    0.00026617168133111256,
    0.000270349500558193,
    0.000274297955347744,
    0.0002780247737694681,
    0.0002815379014304699,
    0.00028484536520978276,
    0.00028795478420401486,
    0.00029087298968958236,
    0.00029360608012460283,
    0.0002961596313968872,
    0.0002985389104593996,
    0.0003007490981714443,
    0.0003027954094115718,
    0.0003046830923173046,
    0.0003064173750036165,
    0.0003080034256415236,
    0.0003094463582650914,
    0.00031075126256621617,
    0.00031192322468022394,
    0.0003129672992023573,
    0.00031388840840276534,
    0.00031469120988251715,
    0.0003153800147677052,
    0.0003159588247027283,
    0.00031643145510910214,
    0.0003168016385954717,
    0.0003170730778551734,
    0.00031724948861416657,
    0.00031733469380882133,
    0.000317332915563095,
    0.00031724968420041797,
    0.000317095023257642,
    0.00031688441995168565,
    0.0003183654962169516,
    0.00032320585773888363,
    0.00032953739338851005,
    0.0003355708015500053,
    0.000341310957117395,
    0.00034675560837076633,
    0.00035190822530870865,
    0.0003567759134917661,
    0.00036136708882415455,
    0.0003656907831553227,
    0.00036975686886020725,
    0.0003735789995699214,
    0.0003772023348591086,
    0.0003821190773412928,
    0.0003903127181345946,
    0.00040080678224993765,
    0.00041147126986567354,
    0.0004216632994950285,
    0.0004313680729813859,
    0.0004405941511949148,
    0.0004493543903917751,
    0.0004576627612313082,
    0.0004655334628423183,
    0.0004729806652407695,
    0.00048001851410767833,
    0.00048666121652556245,
    0.0004929228845767394,
    0.0004988170169381894,
    0.0005043560333479116,
    0.0005095512027500221,
    0.0005144129746291405,
    0.0005189514942168193,
    0.0005231768904938743,
    0.0005270992585307169,
    0.0005307285471107411,
    0.0005340744760540482,
    0.0005371465255099347,
    0.0005399539594129515,
    0.0005425058325998094,
    0.0005448109832608163,
    0.0005468780217023628,
    0.0005487153122769081,
    0.0005503309570272667,
    0.0005517327963876507,
    0.0005529284232211852,
    0.0005539251984749337,
    0.0005547302649695115,
    0.0005553505592232062,
    0.0005557928202085837,
    0.0005560635939781359,
    0.0005561692368881163,
    0.0005561159214173296,
    0.0005559096432846661,
    0.0005555562272121749,
    0.0005550613318972373,
    0.00055443045293057,
    0.0005536689212387564,
    0.0005527819004576456,
    0.0005517743882983871,
    0.0005506512213980289,
    0.0005494170817648763,
    0.0005480765046073319,
    0.0005466338856479883,
    0.0005450934864618487,
    0.0005434594395220906,
    0.0005417357536726793,
    0.0005399263184692189,
    0.0005380349073998409,
    0.000536065180984707,
    0.0005340206880742728,
    0.0005319048650403943,
    0.0005297210369611392,
    0.0005274724216616421,
    0.0005251621335671767,
    0.0005227931874771988,
    0.0005203685031009935,
    0.0005178909091648996,
    0.000515363148323897,
    0.0005127878858296497,
    0.0005101677226972603,
    0.0005075052136014028,
    0.0005048028862560924,
    0.0005020632500765153,
    0.0004992887883318745,
    0.0004964819416188003,
    0.0004936450813210289,
    0.0004907804646355743,
    0.00048789019073913786,
    0.00048497619163817194,
    0.0004820402461863102,
    0.0004790840013804665,
    0.00047610901708380546,
    0.00047311681515126646,
    0.0004701089175868339,
    0.00046708690025456146,
    0.00046405246593831273,
    0.0004610075639906223,
    0.0004579546561939153,
    0.00045489714402870417,
    0.00045183999483541353,
    0.0004487919385068635,
    0.0004457783218390489,
    0.00046029356931750196,
    0.0005478121384006364,
    0.0007267603867920041,
    0.0009374940912355779,
    0.001140043514749532,
    0.0013346283625920259,
    0.0015214862859523782,
    0.0017008534953036809,
    0.00187296120326126,
    0.002038034686674021,
    0.002196293071317344,
    0.0023479493440908194,
    0.0024932104382584417,
    0.0026322773505381785,
    0.0027653452764498845,
    0.0028926037545693763,
    0.0030142368137757915,
    0.0031304231208982873,
    0.0032413361277092386,
    0.003347144215930514,
    0.0034480108389345885,
    0.003544094659827875,
    0.0036355496861652506,
    0.0037225254013938105,
    0.003805166892913151,
    0.0038836149767405913,
    0.0039580063189345515,
    0.004028473553824964,
    0.004095145399014924,
    0.004158146767202581,
    0.004217598874899692,
    0.004273619348117502,
    0.004326322325096689,
    0.00437581855613149,
    0.004422215500559367,
    0.004465617421032299,
    0.004506125475155167,
    0.004543837804540785,
    0.004578849621346198,
    0.004611253292364268,
    0.004641138420743482,
    0.004668591925404695,
    0.00469369811821118,
    0.004716538778953305,
    0.004737193228213549,
    0.004755738398166485,
    0.0047722489013690755,
    0.004786797097600288,
    0.004799453158803548,
    0.004810285132185437,
    0.004819359001525368,
    0.00482673874674738,
    0.004832486401801667,
    0.00483666211090162,
    0.0048393241831616455,
    0.004840529145682217,
    0.00484033179512789,
    0.00483878524784027,
    0.004835940988526414,
    0.004831848917563262,
    0.0048265573969562625,
    0.004820113294989102,
    0.0048125620296033435,
    0.004803947610545223,
    0.004794312680312338,
    0.004783698553933045,
    0.004772145257612799,
    0.0047596915662801624,
    0.00474637504006344,
    0.004732232059727651,
    0.004717297861100701,
    0.004701606568518205,
    0.00468519122731555,
    0.004668083835393318,
    0.004650315373881431,
    0.004631915836927715,
    0.004612914260635944,
    0.004593338751177114,
    0.0045732165120968265,
    0.004552573870842109,
    0.004531436304530783,
    0.004509828464985046,
    0.0044877742030500056,
    0.004465296592217008,
    0.004442417951570717,
    0.004419159868079039,
    0.004395543218244782,
    0.004371588189137387,
    0.0043473142988223025,
    0.004322740416204835,
    0.004297884780304632,
    0.004272765018976391,
    0.004247398167093068,
    0.004221800684208106,
    0.004195988471711399,
    0.004169976889492428,
    0.00414378077212414,
    0.004117414444581274,
    0.00409089173750692,
    0.00406422600204067,
    0.0040374301242206406,
    0.004010516538970831,
    0.0039834972436856,
    0.003956383811422937,
    0.0039291874037173935,
    0.0039019187830233136,
    0.0038745883247990782,
    0.003847206029242543,
    0.0038197815326871877,
    0.003792324118668611,
    0.003764842728671312,
    0.0037373459725651443,
    0.0037098421387400543,
    0.0036823392039474732,
    0.003654844842856715,
    0.003627366437334489,
    0.003599911085455304,
    0.00357248561025035,
    0.0035450965682024774,
    0.0035177502574946736,
    0.0034904527260188243,
    0.003463209779151043,
    0.003436026987300231,
    0.003408909693237076,
    0.0033818630192101046,
    0.003354891873854501,
    0.00332800095889917,
    0.0033011947756778825,
    0.0032744776314504176,
    0.0032478536455391423,
    0.003221326755286071,
    0.003194900721835423,
    0.003168579135746634,
    0.0031423654224424524,
    0.003116262847496859,
    0.0030902745217678525,
    0.003064403406379781,
    0.0030386523175592794,
    0.003013023931328752,
    0.0029875207880615167,
    0.00296214529690272,
    0.002936899740059804,
    0.0029117862769662143,
    0.0028868069483219683,
    0.0028619636800146183,
    0.002837258286924018,
    0.0028126924766141855,
    0.0027882678529153604,
    0.002763985919399246,
    0.0027398480827506948,
    0.002715855656039219,
    0.0026920098618932833,
    0.002668311835579894,
    0.002644762627992104,
    0.002621363208547201,
    0.002598114467998233,
    0.0025750172211612002,
    0.002552072209560138,
    0.002529280103992461,
    0.002506641507016876,
    0.0024841569553662028,
    0.0024618269222874706,
    0.0024396518198114784,
    0.0024176320009537625,
    0.0023957677618489564,
    0.002374059343820374,
    0.00235250693538654,
    0.0023311106742065052,
    0.0023098706489658605,
    0.002288786901205097,
    0.002267859427091915,
    0.0022470881791391336,
    0.0022264730678696835,
    0.002206013963430116,
    0.0021857106971544028,
    0.002165563063079777,
    0.00214557081941596,
    0.002125733689968821,
    0.002106051365519684,
    0.0020865235051617695,
    0.0020671497375951533,
    0.0020479296623812145,
    0.002028862851157567,
    0.0020099488488147447,
    0.001991187174635896,
    0.00197257732340038,
    0.0019541187664522987,
    0.0019358109527352375,
    0.0019176533097942945,
    0.0018996452447463917,
    0.0018817861452197495,
    0.0018640753802631697,
    0.0018465123012259264,
    0.0018290962426093453,
    0.0018118265228910598,
    0.0017947024453227245,
    0.0017777232987017388,
    0.001760888358117411,
    0.0017441968856723633,
    0.0017276481311804274,
    0.0017112413328419897,
    0.001694975717897297,
    0.0016788505032581465,
    0.0016628648961184685,
    0.0016470180945444349,
    0.0016313092880448142,
    0.0016157376581223217,
    0.0016003023788065348,
    0.0015850026171687294,
    0.0015698375338189607,
    0.0015548062833856304,
    0.0015399080149781056,
    0.0015251418726335093,
    0.0015105069957486333,
    0.0014960025194973453,
    0.0014816275752336312,
    0.001467381290880409,
    0.0014532627913044465,
    0.0014392711986780601,
    0.0014254056328281497,
    0.0014116652115726915,
    0.0013980490510447621,
    0.001384556266004369,
    0.001371185970138322,
    0.001357937276348746,
    0.0013448092970314517,
    0.0013318011443447673,
    0.001318911930468587,
    0.001306140767853655,
    0.0012934867694614181,
    0.0012809490489947434,
    0.0012685267211198289,
    0.0012562189016795985,
    0.0012440247078989637,
    0.0012319432585821922,
    0.0012199736743016432,
    0.0012081150775777524,
    0.0011963665930520488,
    0.0011847273476544382,
    0.001173196470764288,
    0.0011617730943649961,
    0.0011504563531921723,
    0.0011392453848757217,
    0.0011281393300766212,
    0.001117137332618861,
    0.0011062385396169768,
    0.0010954421015993156,
    0.0010847471726241902,
    0.0010741529103871683,
    0.001063658476323762,
    0.0010532630357108362,
    0.0010429657577653072,
    0.0010327658157396177,
    0.001022662387015605,
    0.0010126546531987496,
    0.0010027418002132235,
    0.0009929230183957456,
    0.0009831975025889072,
    0.0009735644522374081,
    0.0009640230714892108,
    0.0009545725693047951,
    0.0009452121595737929,
    0.0009359410612281086,
    0.0009267584983505388,
    0.0009176637002978164,
    0.000908655901855541,
    0.0008997343434309043,
    0.0008908982712848079,
    0.0008821469378233858,
    0.0008734796019794279,
    0.0008648955296943668,
    0.0008563939945246894,
    0.0008479742784267655,
    0.0008396356727977983,
    0.0008313774798420619,
    0.0008231990142385079,
    0.0008150996053910374,
    0.000807078601408104,
    0.0007991353761517523,
    0.0007912693407046915,
    0.0007834799626896235,
    0.0007757668007637487,
    0.0007681295646368767,
    0.0007605682072694602,
    0.0007530830701663931,
    0.000745675236358158,
    0.0007383477481799794,
    0.0007311117187046791,
    0.0007240764285159601,
    0.0008538041530587476,
    0.0012515960312013841,
    0.0017754238318780436,
    0.0022886673221449334,
    0.002787073128364067,
    0.003266199569011155,
    0.0037264386324758134,
    0.004252412460155329,
    0.004926127531177348,
    0.005658978761700642,
    0.006364465510886563,
    0.0070423104483875315,
    0.007692767860461133,
    0.008316646780383234,
    0.00891493014428639,
    0.009517549698678955,
    0.010210314266207823,
    0.011017773006418746,
    0.011849167960902744,
    0.01264607947318829,
    0.013409489451839188,
    0.014140434426091078,
    0.014861301405268468,
    0.015663643053427094,
    0.01659290249201174,
    0.01755268968984601,
    0.018471465071805006,
    0.019350502134263956,
    0.02028128826618744,
    0.02138476592491572,
    0.022596969609554103,
    0.02379039383297134,
    0.025028453904070342,
    0.0264081673668729,
    0.027830964233765167,
    0.029207351494945286,
    0.03054700468364541,
    0.03183931689957691,
    0.033203466936231635,
    0.03476564515321292,
    0.0363886033739557,
    0.03794014933410182,
    0.03942254872416872,
    0.04094437273352146,
    0.042609922720246746,
    0.04430693546545307,
    0.04592743176886624,
    0.04747388971993088,
    0.04895744038588968,
    0.05049935303632122,
    0.05244862373372182,
    0.054919778466276645,
    0.05753208933500541,
    0.06002963363696796,
    0.062415930991897316,
    0.0646945408623137,
    0.06712936917194687,
    0.07002719229121955,
    0.07316228754130044,
    0.07621162725803196,
    0.07916276830192326,
    0.08221411747316937,
    0.08548453519103744,
    0.08884574880060284,
    0.09220420400232565,
    0.09548244589003657,
    0.09861030089418768,
    0.10186328887216864,
    0.10550603710919775,
    0.10925210806039734,
    0.11282637682792465,
    0.11632616545976569,
    0.11984457332238582,
    0.12328809685164258,
    0.12656702101555783,
    0.1298685822234546,
    0.13342206300216283,
    0.13708416675853213,
    0.14061904162287156,
    0.14404308219143314,
    0.1474207091233739,
    0.15069099974098787,
    0.15379584733425836,
    0.15689344995699098,
    0.16013565575315186,
    0.16352913498970012,
    0.16708664205143164,
    0.17064153573194482,
    0.17402080507236792,
    0.1773138039055613,
    0.1806272647980818,
    0.1838837194978085,
    0.18698003628533577,
    0.189947169197249,
    0.19287379087350917,
    0.19576684438675207,
    0.19854398478766183,
    0.20116260938695626,
    0.20362607703277724,
    0.20593940565599755,
    0.20811055279253662,
    0.2104075689866615,
    0.21308250968330972,
    0.21585708431878212,
    0.2184665660985669,
    0.22099682881670404,
    0.22357992361900175,
    0.22621954045822862,
    0.2288199101277785,
    0.23129499478798812,
    0.2336117405870171,
    0.23577545847653897,
    0.2377913740171,
    0.23966466895624358,
    0.24150461727904102,
    0.24351554668585312,
    0.24568563974603955,
    0.24780497519396713,
    0.2498224921635092,
    0.25178826817094035,
    0.2536566454806056,
    0.25538355714202543,
    0.25697366890033047,
    0.25843184960773624,
    0.2597906959958425,
    0.2610813729065517,
    0.2622782597399793,
    0.2634481943227933,
    0.26510831387658984,
    0.2675733321711802,
    0.27029558364058925,
    0.2728392455586234,
    0.2752102074522642,
    0.27741432346399797,
    0.27945728519929275,
    0.2813446165039175,
    0.28308167658917277,
    0.2846736643061624,
    0.28612562259851304,
    0.2874424429214009,
    0.28862886956871386,
    0.28968950389276815,
    0.2906288084125298,
    0.29145111080988745,
    0.29216060781501313,
    0.2927613689826508,
    0.29325734036187784,
    0.29365234806219137,
    0.29395010171864816,
    0.2941541978587516,
    0.29426812317381196,
    0.2942952576974271,
    0.29423887789366043,
    0.2941021596574545,
    0.2938881812297486,
    0.29359992602969837,
    0.2932402854063356,
    0.2928120613119416,
    0.29231796889933315,
    0.2917606390452022,
    0.2911426208016027,
    0.2904663837776237,
    0.28973432045322095
]