[
    0.0,
    0.0,
    -7.863079944736142e-05,
    -7.289870642183183e-05,
    -6.73630700827302e-05,
    -6.201800826155377e-05,
    -5.685780793206602e-05,
    -5.1876920406139545e-05,
    -4.706995666391751e-05,
    -4.2431682815404825e-05,
    -3.795701569036016e-05,
    -3.364101855272695e-05,
    -2.9478896936385e-05,
    -2.5465994599578465e-05,
    -2.1597789595017716e-05,
    -1.7869890452338205e-05,
    -1.4278032469324836e-05,
    -1.081807410777596e-05,
    -7.485993490763484e-06,
    -4.277884999540545e-06,
    -1.189955967043691e-06,
    1.7814765357838205e-06,
    4.639988821838156e-06,
    7.389053619194213e-06,
    1.003204301569542e-05,
    1.257223131972024e-05,
    1.5012797840806437e-05,
    1.7356829594096663e-05,
    1.9607323928485798e-05,
    2.1767191078399366e-05,
    2.383925664439599e-05,
    2.582626400669746e-05,
    2.773087666800641e-05,
    2.9555680524184175e-05,
    3.130318606969621e-05,
    3.2975830541881385e-05,
    3.4575980005330135e-05,
    3.610593137989685e-05,
    3.756791441225884e-05,
    3.8964093588955394e-05,
    4.029656999313448e-05,
    4.156738311145005e-05,
    4.27785125940762e-05,
    4.3931879962488316e-05,
    4.502935026318009e-05,
    4.607273367286503e-05,
    4.7063787057002274e-05,
    4.800421548538787e-05,
    4.8895673713294515e-05,
    4.9739767621388335e-05,
    5.053805560378408e-05,
    5.129204991353277e-05,
    5.200321797368155e-05,
    5.267298365482659e-05,
    5.330272852543369e-05,
    5.389379306801727e-05,
    5.4447477838956814e-05,
    5.4965044576443454e-05,
    5.544771729456442e-05,
    5.589668337170953e-05,
    5.631309460852133e-05,
    5.669806825110683e-05,
    5.705268798094236e-05,
    5.737800487379225e-05,
    5.7675038341255314e-05,
    5.794477704066036e-05,
    5.8188179740339073e-05,
    5.840617617151733e-05,
    5.859966787593868e-05,
    5.8769529024823107e-05,
    5.8916607209601844e-05,
    5.90417242149282e-05,
    5.914567677261342e-05,
    5.922923729500787e-05,
    5.9293154586191913e-05,
    5.9338154520712964e-05,
    5.936494069231542e-05,
    5.9374195063136506e-05,
    5.936657860978473e-05,
    5.934273192814514e-05,
    5.930327580803816e-05,
    5.924881180408509e-05,
    5.917992278825769e-05,
    5.909717348249156e-05,
    5.900111098906418e-05,
    5.8892265306288147e-05,
    5.877114981719372e-05,
    5.863826177085851e-05,
    5.849408276912763e-05,
    5.833907924795451e-05,
    5.817370293892174e-05,
    5.79983913093873e-05,
    5.781356798990874e-05,
    5.761964318934177e-05,
    5.74170140921562e-05,
    5.7206065240513235e-05,
    5.6987168909113545e-05,
    5.6760685471152976e-05,
    5.652696374833577e-05,
    5.6286341347389376e-05,
    5.6039144988886914e-05,
    5.578569083020839e-05,
    5.5526284780958835e-05,
    5.526122281551902e-05,
    5.499079128555306e-05,
    5.471526721806272e-05,
    5.443491859637971e-05,
    5.41500046355302e-05,
    5.386077604237676e-05,
    5.356747525165091e-05,
    5.327033665994552e-05,
    5.296958687346162e-05,
    5.2665444949708275e-05,
    5.2358122614329743e-05,
    5.204782446489978e-05,
    5.173474818050577e-05,
    5.141908473821135e-05,
    5.110101862806433e-05,
    5.0780728057602865e-05,
    5.045838514036376e-05,
    5.013415607670085e-05,
    4.980820133526e-05,
    4.948067582898014e-05,
    4.915172908200139e-05,
    4.8821505390055515e-05,
    4.8490143974015894e-05,
    4.815777913014198e-05,
    4.782454038017288e-05,
    4.74905526164115e-05,
    4.715593624110487e-05,
    4.682080730583904e-05,
    4.648527764922207e-05,
    4.614945502687897e-05,
    4.5813443234978075e-05,
    4.547734223027e-05,
    4.514124824774069e-05,
    4.480525391773743e-05,
    4.446944837932249e-05,
    4.4133917386145123e-05,
    4.379874340874667e-05,
    4.346400573537185e-05,
    4.3129780569429134e-05,
    4.2796141124448866e-05,
    4.246315771631213e-05,
    4.213089785141194e-05,
    4.179942631237841e-05,
    4.146880524185053e-05,
    4.113909422389209e-05,
    4.0810350364943666e-05,
    4.048262837400488e-05,
    4.015598063946494e-05,
    3.9830457302101294e-05,
    3.9506106324317166e-05,
    3.918297355586058e-05,
    3.8861102798362216e-05,
    3.854053587012009e-05,
    3.8221312669671965e-05,
    3.7903471236695545e-05,
    3.758704781102675e-05,
    3.727207689090288e-05,
    3.6958591289091326e-05,
    3.664662218559152e-05,
    3.633619917843908e-05,
    3.60273503341824e-05,
    3.572010223740896e-05,
    3.541448003858847e-05,
    3.511050750069425e-05,
    3.480820704455065e-05,
    3.450759979238762e-05,
    3.420870561036435e-05,
    3.391154315040896e-05,
    3.361612989039569e-05,
    3.3322482172607373e-05,
    3.303061524118407e-05,
    3.274054327883433e-05,
    3.245227944277596e-05,
    3.2165835899646025e-05,
    3.1881223859057304e-05,
    3.159845360570722e-05,
    3.131753453040146e-05,
    3.103847516041627e-05,
    3.0761283189299185e-05,
    3.0485965506047146e-05,
    3.0212528223308252e-05,
    2.994097670437966e-05,
    2.9671315589403407e-05,
    2.9403548820989078e-05,
    2.9137679669125098e-05,
    2.887371075540138e-05,
    2.8611644076464327e-05,
    2.8351481026570355e-05,
    2.8093222419462355e-05,
    2.783686850985058e-05,
    2.7582419014421103e-05,
    2.7329873132132237e-05,
    2.70792295636493e-05,
    2.683048652986024e-05,
    2.658364178980546e-05,
    2.6338692658375248e-05,
    2.609563602345845e-05,
    2.58544683625699e-05,
    2.561518575939592e-05,
    2.5377783919931143e-05,
    2.5142258187922215e-05,
    2.4908603559537577e-05,
    2.467681469704675e-05,
    2.4446885942158237e-05,
    2.421881132936688e-05,
    2.39925845986627e-05,
    2.376819920782811e-05,
    2.354564834483973e-05,
    2.332492494005616e-05,
    2.310602167799416e-05,
    2.2888931008932208e-05,
    2.267364516036024e-05,
    2.246015614748697e-05,
    2.22484557825326e-05,
    2.2038535683911605e-05,
    2.1830387285826136e-05,
    2.162400184782366e-05,
    2.1419370464088815e-05,
    2.1216484072565383e-05,
    2.1015333463919236e-05,
    2.0815909289901976e-05,
    2.0618202070647258e-05,
    2.0422202201325113e-05,
    2.0227899959071825e-05,
    2.003528551022815e-05,
    1.9844348917354605e-05,
    1.965508014603342e-05,
    1.9467469071750282e-05,
    1.9281505486770765e-05,
    1.9097179106630935e-05,
    1.8914479576144407e-05,
    1.8733396475218533e-05,
    1.855391932478085e-05,
    1.8376037592728536e-05,
    1.8199740699313184e-05,
    1.8025018021657308e-05,
    1.785185889819908e-05,
    1.7680252633782966e-05,
    1.751018850481187e-05,
    1.7341655763437935e-05,
    1.7174643640122498e-05,
    1.7009141345567323e-05,
    1.6845138074147953e-05,
    1.6682623008593927e-05,
    1.6521585324894578e-05,
    1.6362014197663153e-05,
    1.6203898804651644e-05,
    1.6047228329064353e-05,
    1.5891991961164777e-05,
    1.5738178901198093e-05,
    1.558577836323415e-05,
    1.5434779578111878e-05,
    1.5285171795576907e-05,
    1.5136944286899857e-05,
    1.4990086347376954e-05,
    1.4844587297967198e-05,
    1.4700436487044649e-05,
    1.4557623292529188e-05,
    1.4416137123636624e-05,
    1.4275967422656066e-05,
    1.4137103667462452e-05,
    1.3999535373969096e-05,
    1.3863252097659223e-05,
    1.3728243434876935e-05,
    1.3594499024773453e-05,
    1.346200855134517e-05,
    1.3330761744303781e-05,
    1.3200748378840953e-05,
    1.3071958275693027e-05,
    1.2944381302579687e-05,
    1.2818007376280395e-05,
    1.2692826463820291e-05,
    1.2568828582885647e-05,
    1.2446003802896445e-05,
    1.2324342247375421e-05,
    1.2203834096176193e-05,
    1.2084469586191914e-05,
    1.1966239010790011e-05,
    1.1849132718015619e-05,
    1.173314110876419e-05,
    1.1618254637138499e-05,
    1.1504463812082662e-05,
    1.1391759198166051e-05,
    1.1280131416162742e-05,
    1.1169571144337277e-05,
    1.1060069119525622e-05,
    1.0951616137514192e-05,
    1.0844203052897777e-05,
    1.0737820777309922e-05,
    1.0632460275383863e-05,
    1.0528112561266736e-05,
    1.0424768698204464e-05,
    1.0322419799782034e-05,
    1.0221057030711055e-05,
    1.0120671607134646e-05,
    1.002125479725549e-05,
    9.922797922282783e-06,
    9.825292357413621e-06,
    9.728729532558155e-06,
    9.633100932245162e-06,
    9.538398094438468e-06,
    9.44461260884404e-06,
    9.351736115838717e-06,
    9.259760306034748e-06,
    9.168676920197861e-06,
    9.078477750807994e-06,
    8.98915464439923e-06,
    8.90069950154572e-06,
    8.81310427586477e-06,
    8.726360975322859e-06,
    8.64046166493092e-06,
    8.555398468325937e-06,
    8.471163566771964e-06,
    8.387749196308344e-06,
    8.305147646273213e-06,
    8.223351260548779e-06,
    8.142352439002918e-06,
    8.062143637319924e-06,
    7.982717366895854e-06,
    7.904066196401116e-06,
    7.826182753568154e-06,
    7.7490597254977e-06,
    7.67268985846478e-06,
    7.597065958516635e-06,
    7.52218089255658e-06,
    7.448027589374987e-06,
    7.374599039557388e-06,
    7.301888293790106e-06,
    7.2298884617607165e-06,
    7.158592713054919e-06,
    7.087994278597033e-06,
    7.0180864514029495e-06,
    6.948862586285753e-06,
    6.8803160989688555e-06,
    6.812440466027365e-06,
    6.745229225573828e-06,
    6.678675977389421e-06,
    6.612774382570904e-06,
    6.547518163301241e-06,
    6.482901102501669e-06,
    6.4189170432114336e-06,
    6.355559887867996e-06,
    6.2928235975152595e-06,
    6.230702191128138e-06,
    6.16918974512571e-06,
    6.108280392830871e-06,
    6.047968323732348e-06,
    5.988247782626968e-06,
    5.929113068911444e-06,
    5.870558536234737e-06,
    5.8125785923532385e-06,
    5.755167698812559e-06,
    5.698320370475808e-06,
    5.642031175161001e-06,
    5.5862947332168985e-06,
    5.531105716882176e-06,
    5.476458849594191e-06,
    5.422348905572133e-06,
    5.368770709969163e-06,
    5.315719138889557e-06,
    5.263189118492352e-06,
    5.211175623901218e-06,
    5.159673678601886e-06,
    5.108678354001935e-06,
    5.058184768905559e-06,
    5.008188088992016e-06,
    4.958683526375437e-06,
    4.909666339256565e-06,
    4.861131831639611e-06,
    4.813075353108477e-06,
    4.765492298642401e-06,
    4.718378108349199e-06,
    4.671728267019263e-06,
    4.62553830357775e-06,
    4.57980379065709e-06,
    4.534520344384731e-06,
    4.489683624278884e-06,
    4.445289333134886e-06,
    4.401333216786013e-06,
    4.357811063807017e-06,
    4.3147187054029445e-06,
    4.272052015403703e-06,
    4.229806910048642e-06,
    4.187979347581544e-06,
    4.146565327934554e-06,
    4.105560892582493e-06,
    4.064962124403304e-06,
    4.0247651474397845e-06,
    3.984966126726558e-06,
    3.9455612682818245e-06,
    3.906546819100865e-06,
    3.86791906713526e-06,
    3.829674341328466e-06,
    3.7918090115645073e-06,
    3.75431948847595e-06,
    3.7172022232654414e-06,
    3.6804537075305108e-06,
    3.6440704728985647e-06,
    3.608049090506996e-06,
    3.5723861705962882e-06,
    3.537078362359496e-06,
    3.5021223539963775e-06,
    3.46751487294474e-06,
    3.4332526862797347e-06,
    3.399332600923931e-06,
    3.365751463258434e-06,
    3.3325061584525358e-06,
    3.2995936101031708e-06,
    3.2670107801224627e-06,
    3.234754668545913e-06,
    3.202822312845486e-06,
    3.1712107862056183e-06,
    3.13991719538007e-06,
    3.1089386796254536e-06,
    3.078272411555461e-06,
    3.04791559918171e-06,
    3.0178654864579267e-06,
    2.988119351418476e-06,
    2.9586745049792404e-06,
    2.9295282918480433e-06,
    2.9006780913137786e-06,
    2.8721213169275255e-06,
    2.843855415827364e-06,
    2.8158778673919004e-06,
    2.7881861807270504e-06,
    2.7607778920306767e-06,
    2.733650563120442e-06,
    2.7068017809453355e-06,
    2.68022915715298e-06,
    2.6539303270048308e-06,
    2.6279029483046947e-06,
    2.602144701344944e-06,
    2.5766532886702366e-06,
    2.55142643413634e-06,
    2.5264618825543368e-06,
    2.5017574002839762e-06,
    2.4773107759948328e-06,
    2.453119819370321e-06,
    2.4291823578557843e-06,
    2.40549623448248e-06,
    2.382059305470779e-06,
    2.358869436312971e-06,
    2.335924500145534e-06,
    2.313222379372175e-06,
    2.2907609683430945e-06,
    2.268538176440802e-06,
    2.2465519307625157e-06,
    2.2248001762396172e-06,
    2.2032808703177208e-06,
    2.181991976017649e-06,
    2.1609314615440484e-06,
    2.1400973006616107e-06,
    2.1194874653631878e-06,
    2.099099920068727e-06,
    2.078932624565837e-06,
    2.058983538745288e-06,
    2.03925062490366e-06,
    2.019731847771295e-06,
    2.000425170904052e-06,
    1.981328552373869e-06,
    1.962439945219613e-06,
    1.9437573013981143e-06,
    1.9252785738076282e-06,
    1.9070017150096872e-06,
    1.8889246759475957e-06,
    1.8710454071055873e-06,
    1.8533618597650204e-06,
    1.8358719847977184e-06,
    1.818573730760949e-06,
    1.8014650432221521e-06,
    1.7845438654491835e-06,
    1.7678081406044888e-06,
    1.7512558148455867e-06,
    1.7348848399284377e-06,
    1.7186931729851406e-06,
    1.7026787740381731e-06,
    1.6868396057042095e-06,
    1.6711736352070938e-06,
    1.6556788332910704e-06,
    1.640353166610995e-06,
    1.6251945914775727e-06,
    1.6102010598207101e-06,
    1.5953705312924688e-06,
    1.5807009782877819e-06,
    1.5661903809124563e-06,
    1.5518367174648455e-06,
    1.5376379590096495e-06,
    1.5235920726351476e-06,
    1.5096970292677942e-06,
    1.4959508090442172e-06,
    1.4823514032546626e-06,
    1.468896813635836e-06,
    1.4555850489722126e-06,
    1.442414121691e-06,
    1.429382046272708e-06,
    1.4164868412912319e-06,
    1.4037265359492347e-06,
    1.3910991774606834e-06,
    1.3786028347809616e-06,
    1.3662355987056827e-06,
    1.3539955827817082e-06,
    1.3418809250300675e-06,
    1.3298897869949365e-06,
    1.3180203510601564e-06,
    1.3062708178292323e-06,
    1.2946394052416659e-06,
    1.2831243510103753e-06,
    1.2717239165715293e-06,
    1.2604363915896076e-06,
    1.2492600981861752e-06,
    1.2381933925404733e-06,
    1.2272346707700504e-06,
    1.2163823848819618e-06,
    1.205635051214074e-06,
    1.194991237842965e-06,
    1.1844495460149942e-06,
    1.174008599666128e-06,
    1.1636670431982124e-06,
    1.1534235441876827e-06,
    1.143276795939278e-06,
    1.1332255184953758e-06,
    1.123268459536333e-06,
    1.113404393306341e-06,
    1.1036321182842195e-06,
    1.0939504580043056e-06,
    1.0843582630425137e-06,
    1.0748544087347076e-06,
    1.0654377900973017e-06,
    1.0561073198748553e-06,
    1.0468619306153648e-06,
    1.0377005760693633e-06,
    1.028622228760431e-06,
    1.0196258766356224e-06,
    1.0107105234848087e-06,
    1.0018751903859079e-06,
    9.93118915526228e-07,
    9.844407563037806e-07,
    9.758397926482855e-07,
    9.673151273258245e-07,
    9.588658826782434e-07,
    9.504911950629276e-07,
    9.421902109794971e-07,
    9.33962087610424e-07,
    9.258059960888883e-07,
    9.177211259447522e-07,
    9.09706689091089e-07,
    9.017619197847164e-07,
    8.93886072325089e-07,
    8.860784229722095e-07,
    8.783382721174281e-07,
    8.706649400070938e-07,
    8.630577617459157e-07,
    8.555160852726186e-07,
    8.48039268637732e-07,
    8.406266768960305e-07,
    8.332776812828793e-07,
    8.25991661261667e-07,
    8.187680080139321e-07,
    8.116061265357783e-07,
    8.045054349119425e-07,
    7.97465363074057e-07,
    7.90485352881482e-07,
    7.835648567948351e-07,
    7.767033342931551e-07,
    7.699002508097573e-07,
    7.63155080767174e-07,
    7.564673101494417e-07,
    7.4983643626555e-07,
    7.43261966457106e-07,
    7.367434165127308e-07,
    7.302803089991439e-07,
    7.23872173038909e-07,
    7.175185454156892e-07,
    7.11218970858081e-07,
    7.049730006745971e-07,
    6.987801911204151e-07,
    6.926401029032051e-07,
    6.865523015594315e-07,
    6.805163579494937e-07,
    6.745318485395267e-07,
    6.685983562443306e-07,
    6.627154728545668e-07,
    6.56882801148058e-07,
    6.510999547858423e-07,
    6.453665566287465e-07,
    6.39682236043355e-07,
    6.340466263664313e-07,
    6.284593633529409e-07,
    6.229200838564721e-07,
    6.174284251031744e-07,
    6.119840253107827e-07,
    6.06586524917726e-07,
    6.01235568482184e-07,
    5.959308087086804e-07,
    5.906719101902782e-07,
    5.854585476551044e-07,
    5.802904004128446e-07,
    5.751671490531443e-07,
    5.700884748991237e-07,
    5.650540598385669e-07,
    5.600635862738216e-07,
    5.551167376508087e-07,
    5.50213199204773e-07,
    5.453526576654275e-07,
    5.405347998373366e-07,
    5.357593120001705e-07,
    5.310258807795625e-07,
    5.263341937809522e-07,
    5.21683939325959e-07,
    5.170748061955748e-07,
    5.125064833859887e-07,
    5.079786597637809e-07,
    5.034910243705841e-07,
    4.990432671504476e-07,
    4.946350790314253e-07,
    4.902661513777494e-07,
    4.859361758708569e-07,
    4.81644845120499e-07,
    4.773918529600125e-07,
    4.731768951339389e-07,
    4.689996716916195e-07,
    4.648598878414364e-07,
    4.6075725108834663e-07,
    4.566914685211778e-07,
    4.5266224643943654e-07,
    4.4866929048885503e-07,
    4.44712305599144e-07,
    4.4079099621733243e-07,
    4.3690506663696937e-07,
    4.330542210351184e-07,
    4.292381634144838e-07,
    4.254565980207383e-07,
    4.217092301282332e-07,
    4.1799576634273913e-07,
    4.14315914065511e-07,
    4.1066938142398397e-07,
    4.070558798312518e-07,
    4.034751279298858e-07,
    3.9992685231630293e-07,
    3.96410784152539e-07,
    3.9292665523081955e-07,
    3.8947419606259286e-07,
    3.860531362043207e-07,
    3.8266320545453206e-07,
    3.793041345053957e-07,
    3.759756550603126e-07,
    3.726774999475048e-07,
    3.6940940331591706e-07,
    3.6617110065888043e-07,
    3.629623287519057e-07,
    3.5978282583984575e-07,
    3.5663233206519536e-07,
    3.535105898844308e-07,
    3.504173437479844e-07,
    3.4735233890391985e-07,
    3.443153207084437e-07,
    3.4130603561338954e-07,
    3.3832423353352104e-07,
    3.353696695296108e-07,
    3.3244210305438405e-07,
    3.2954129613975357e-07,
    3.266670123179758e-07,
    3.2381901625294736e-07,
    3.2099707383067605e-07,
    3.1820095224964956e-07,
    3.1543041959169635e-07,
    3.126852441103499e-07,
    3.0996519383032675e-07,
    3.072700366662588e-07,
    3.045995407550935e-07,
    3.019534748479828e-07,
    2.99331608828065e-07,
    2.967337143465239e-07,
    2.941595659764318e-07,
    2.916089426657773e-07,
    2.890816275357213e-07,
    2.865774058783065e-07,
    2.8409606400472303e-07,
    2.816373896446392e-07,
    2.792011725299269e-07,
    2.767872044442389e-07,
    2.743952785721391e-07,
    2.7202518917624744e-07,
    2.696767330257275e-07,
    2.673497108515078e-07,
    2.6504392630745686e-07,
    2.6275918392211215e-07,
    2.604952887964927e-07,
    2.5825204857345977e-07,
    2.560292758218667e-07,
    2.5382678830510094e-07,
    2.5164440755323713e-07,
    2.494819574790356e-07,
    2.4733926320655265e-07,
    2.45216150947925e-07,
    2.431124494686733e-07,
    2.410279910211509e-07,
    2.389626104675849e-07,
    2.369161446377817e-07,
    2.3488843369331467e-07,
    2.3287932281053346e-07,
    2.308886615970369e-07,
    2.2891630231310593e-07,
    2.2696209975724143e-07,
    2.2502591203603825e-07,
    2.2310759985952598e-07,
    2.2120702496570114e-07,
    2.1932404942236867e-07,
    2.1745853596769456e-07,
    2.1561034829517018e-07,
    2.137793504075684e-07,
    2.1196540558648696e-07,
    2.1016837607189274e-07,
    2.083881233971633e-07,
    2.0662450877717436e-07,
    2.0487739327607277e-07,
    2.0314663748365578e-07,
    2.0143210124629237e-07,
    1.9973364432057115e-07,
    1.9805112734706536e-07,
    1.9638441216788726e-07,
    1.9473336144036442e-07,
    1.930978380376721e-07,
    1.914777049356309e-07,
    1.898728260087993e-07,
    1.8828306772681906e-07,
    1.8670830094906393e-07,
    1.851484010140907e-07,
    1.8360324570476698e-07,
    1.8207271305751373e-07,
    1.8055668045019557e-07,
    1.7905502459555076e-07,
    1.7756762180072946e-07,
    1.760943483325491e-07,
    1.7463508067504683e-07,
    1.7318969551982527e-07,
    1.717580697559575e-07,
    1.7034008056596852e-07,
    1.6893560541533572e-07,
    1.6754452177750315e-07,
    1.6616670675469855e-07,
    1.6480203712273332e-07,
    1.6345038979700086e-07,
    1.62111642085485e-07,
    1.6078567172961578e-07,
    1.5947235720535436e-07,
    1.5817157812620677e-07,
    1.5688321527969764e-07,
    1.5560715035315404e-07,
    1.5434326561137782e-07,
    1.5309144347602574e-07,
    1.5185156605905237e-07,
    1.5062351495800265e-07,
    1.494071714621135e-07,
    1.4820241700980827e-07,
    1.470091334892742e-07,
    1.458272031835171e-07,
    1.4465650861670236e-07,
    1.4349693250362014e-07,
    1.423483578486491e-07,
    1.4121066823911628e-07,
    1.4008374798858206e-07,
    1.3896748184213265e-07,
    1.3786175483044624e-07,
    1.3676645270082452e-07,
    1.3568146238719953e-07,
    1.346066720449593e-07,
    1.3354197103538355e-07,
    1.324872504650491e-07,
    1.3144240353300371e-07,
    1.30407324772777e-07,
    1.2938190926292088e-07,
    1.2836605253728573e-07,
    1.2735965032373287e-07,
    1.263625979347731e-07,
    1.253747900278761e-07,
    1.2439612098602251e-07,
    1.2342648537694977e-07,
    1.2246577835106185e-07,
    1.215138969046987e-07,
    1.2057074189664988e-07,
    1.1963621892571656e-07,
    1.1871023700190206e-07,
    1.1779270639576169e-07,
    1.1688353760315881e-07,
    1.1598264171078176e-07,
    1.1508993170768445e-07,
    1.1420532376373627e-07,
    1.133287372567333e-07,
    1.1246009452052594e-07,
    1.1159932165524088e-07,
    1.1074634925846868e-07,
    1.0990111161153089e-07,
    1.0906354488120885e-07,
    1.0823358611211729e-07,
    1.0741117361242991e-07,
    1.0659624741633814e-07,
    1.0578874878786535e-07,
    1.0498861949782716e-07,
    1.0419580160097538e-07,
    1.034102372521994e-07,
    1.0263186833195258e-07,
    1.0186063626281377e-07,
    1.0109648201660921e-07,
    1.0033934608292404e-07,
    9.958916855059469e-08,
    9.884588945283877e-08,
    9.81094490719999e-08,
    9.737978790258653e-08,
    9.665684653844904e-08,
    9.594056571065439e-08,
    9.523088602644356e-08,
    9.452774733688763e-08,
    9.38310885928262e-08,
    9.314084848101826e-08,
    9.24569659800167e-08,
    9.177938031965162e-08,
    9.110803075652793e-08,
    9.044285653486683e-08,
    8.978379692096527e-08,
    8.913079134465399e-08,
    8.848378032848935e-08,
    8.784270726620957e-08,
    8.720751954087307e-08,
    8.657816781753997e-08,
    8.595460431262167e-08,
    8.533678153934143e-08,
    8.472465191476021e-08,
    8.411816772437054e-08,
    8.351728108650994e-08,
    8.292194384557958e-08,
    8.233210750078276e-08,
    8.174772324113438e-08,
    8.116874201532213e-08,
    8.059511474152601e-08,
    8.002679265629041e-08,
    7.946372741528544e-08,
    7.890587077293158e-08,
    7.835317408982474e-08,
    7.780558805326989e-08,
    7.726306281739043e-08,
    7.672554821190867e-08,
    7.619299367257669e-08,
    7.566534810337799e-08,
    7.51425600821168e-08,
    7.462457894628232e-08,
    7.411135657613806e-08,
    7.36028485839369e-08,
    7.309901441782125e-08,
    7.259981720734558e-08,
    7.210522362395259e-08,
    7.161520300943627e-08,
    7.112972583126671e-08,
    7.064876260720382e-08,
    7.017228363813005e-08,
    6.970025901036904e-08,
    6.9232658665827e-08,
    6.876945260915757e-08,
    6.831061108157792e-08,
    6.785610452952322e-08,
    6.740590343506957e-08,
    6.69599780407696e-08,
    6.651829807181031e-08,
    6.608083273308815e-08,
    6.564755094880078e-08,
    6.521842149872314e-08,
    6.479341301584325e-08,
    6.437249405366849e-08,
    6.395563318862053e-08,
    6.354279905292318e-08,
    6.313396029743176e-08,
    6.27290854485486e-08,
    6.23281427995675e-08,
    6.193110058357065e-08,
    6.153792718216145e-08,
    6.114859101688346e-08,
    6.076306033406358e-08,
    6.038130305930344e-08,
    6.00032866511722e-08,
    5.962897816772541e-08,
    5.925834454644442e-08,
    5.889135263560311e-08,
    5.8527968905305594e-08,
    5.816815947886902e-08,
    5.781189101978029e-08,
    5.7459131584661836e-08,
    5.710985026577155e-08,
    5.676401615519291e-08,
    5.6421597627923796e-08,
    5.6082562302576566e-08,
    5.574687750267968e-08,
    5.541451086156972e-08,
    5.5085431107264495e-08,
    5.4759608383752554e-08,
    5.443701353501395e-08,
    5.411761738835794e-08,
    5.3801390609855164e-08,
    5.3488303630868726e-08,
    5.317832668226414e-08,
    5.28714300082951e-08,
    5.2567583936828486e-08,
    5.2266758733768016e-08,
    5.196892467329249e-08,
    5.1674052936363246e-08,
    5.1382116655612554e-08,
    5.1093090739261096e-08,
    5.0806950867017846e-08,
    5.052367266299771e-08,
    5.024323111741233e-08,
    4.996560036799527e-08,
    4.969075387943468e-08,
    4.941866455054021e-08,
    4.914930456758625e-08,
    4.888264562092082e-08,
    4.861865995718722e-08,
    4.835732114172836e-08,
    4.809860340505576e-08,
    4.784248055310433e-08,
    4.7588925530967436e-08,
    4.7337910422814496e-08,
    4.708940659743682e-08,
    4.684338489012414e-08,
    4.659981567548225e-08,
    4.635866897615978e-08,
    4.6119914715771485e-08,
    4.5883522898409475e-08,
    4.564946367879626e-08,
    4.5417707360235575e-08,
    4.518822446385357e-08,
    4.496098615501587e-08,
    4.473596431105001e-08,
    4.451313066161317e-08,
    4.429245611203699e-08,
    4.407391095962791e-08,
    4.385746560310688e-08,
    4.3643091772199845e-08,
    4.3430763923140016e-08,
    4.32204593287538e-08,
    4.301215662817099e-08,
    4.280583438498559e-08,
    4.260147080684325e-08,
    4.239904482991426e-08,
    4.21985377604455e-08,
    4.1999934113941156e-08,
    4.180322113269166e-08,
    4.160838739717101e-08,
    4.1415421362978614e-08,
    4.122431045176011e-08,
    4.103504077035675e-08,
    4.084759721631299e-08,
    4.066196358384392e-08,
    4.047812263521936e-08,
    4.029605631380102e-08,
    4.0115745816310574e-08,
    3.993717138338118e-08,
    3.976031209129429e-08,
    3.958514585639699e-08,
    3.9411649756145624e-08,
    3.923980041903416e-08,
    3.906957420223139e-08,
    3.8900947263202033e-08,
    3.873389549254138e-08,
    3.856839413706988e-08,
    3.840441732461143e-08,
    3.824193831484646e-08,
    3.808093087429313e-08,
    3.79213703618288e-08,
    3.776323340813546e-08,
    3.760649736080436e-08,
    3.745114024382793e-08,
    3.7297140752026626e-08,
    3.7144478744408584e-08,
    3.699313626694484e-08,
    3.684309760590064e-08,
    3.669434811591764e-08,
    3.6546873157527395e-08,
    3.6400657703889206e-08,
    3.6255686313160955e-08,
    3.611194326518491e-08,
    3.596941279494839e-08,
    3.582807922576378e-08,
    3.568792706758593e-08,
    3.554894143884962e-08,
    3.541110829123049e-08,
    3.527441388819321e-08,
    3.513884419042317e-08,
    3.500438460139292e-08,
    3.487102003599992e-08,
    3.473873530795262e-08,
    3.46075155763219e-08,
    3.4477346754264724e-08,
    3.434821581848168e-08,
    3.4220110831664315e-08,
    3.40930207133133e-08,
    3.3966934824708283e-08,
    3.384184258861889e-08,
    3.371773345630974e-08,
    3.359459712480776e-08,
    3.347242359663363e-08,
    3.33512029587297e-08,
    3.3230925038890996e-08,
    3.311157906489925e-08,
    3.2993153849868564e-08,
    3.287563874484592e-08,
    3.275902446052479e-08,
    3.2643303361200085e-08,
    3.252846945327619e-08,
    3.24145179795946e-08,
    3.230144547572301e-08,
    3.2189250624897907e-08,
    3.207793435383219e-08,
    3.19674989543361e-08,
    3.185794763523712e-08,
    3.174928431802163e-08,
    3.1641512844191525e-08,
    3.153463636205837e-08,
    3.1428657482453644e-08,
    3.132357846519401e-08,
    3.1219401032512806e-08,
    3.1116126180665556e-08,
    3.101375427155453e-08,
    3.091228531310772e-08,
    3.081171914699735e-08,
    3.071205551183897e-08,
    3.0613294170466584e-08,
    3.0515434879201636e-08,
    3.041847710282429e-08,
    3.0322420014533014e-08,
    3.0227262846841585e-08,
    3.013300508545308e-08,
    3.003964640889827e-08,
    2.994718653146249e-08,
    2.985562501247234e-08,
    2.97649610310453e-08,
    2.9675193093278975e-08,
    2.9586318801686525e-08,
    2.949833471999356e-08,
    2.9411236335160846e-08,
    2.932501828155171e-08,
    2.9239674632003315e-08,
    2.915519899372387e-08,
    2.907158444047642e-08,
    2.8988823411786863e-08,
    2.8906907809559974e-08,
    2.8825829259682462e-08,
    2.8745579209583857e-08,
    2.866614879551918e-08,
    2.8587528709915313e-08,
    2.8509709101784573e-08,
    2.843267951022842e-08,
    2.835642932451435e-08,
    2.82809488360039e-08,
    2.820622969799088e-08,
    2.8132264301107363e-08,
    2.8059045116661518e-08,
    2.7986564434670373e-08,
    2.7914814167434104e-08,
    2.7843785817590213e-08,
    2.7773470610666363e-08,
    2.770385962741752e-08,
    2.7634944067520514e-08,
    2.7566715776283058e-08,
    2.749916820005522e-08,
    2.743229734633043e-08,
    2.7366101366572352e-08,
    2.7300578918958494e-08,
    2.723572815166464e-08,
    2.7171546706332497e-08,
    2.7108031853476562e-08,
    2.704518046203253e-08,
    2.698298896847832e-08,
    2.692145354639802e-08,
    2.686057067918904e-08,
    2.6800337534297524e-08,
    2.6740751432481193e-08,
    2.668180924749575e-08,
    2.662350737448464e-08,
    2.656584166338277e-08,
    2.6508807420124984e-08,
    2.645239981419034e-08,
    2.639661408389814e-08,
    2.634144523319901e-08,
    2.6286887693262384e-08,
    2.623293532293385e-08,
    2.6179581647274102e-08,
    2.6126819994235532e-08,
    2.607464356349796e-08,
    2.602304570015942e-08,
    2.5972020100588702e-08,
    2.592156057476974e-08,
    2.5871660979413793e-08,
    2.582231600630822e-08,
    2.5773521768008276e-08,
    2.5725275222007778e-08,
    2.5677573491218497e-08,
    2.5630413696293307e-08,
    2.5583792786430882e-08,
    2.5537707403765445e-08,
    2.5492153919292928e-08,
    2.5447128468579203e-08,
    2.540262698745085e-08,
    2.5358645386469057e-08,
    2.5315179830210164e-08,
    2.527222691356753e-08,
    2.522978370008009e-08,
    2.5187847656160615e-08,
    2.5146416480394378e-08,
    2.5105487966983108e-08,
    2.5065059938230422e-08,
    2.5025130070740184e-08,
    2.4985695649845575e-08,
    2.494675360434479e-08,
    2.490830082327267e-08,
    2.4870334297177633e-08,
    2.483285101238262e-08,
    2.479584788003185e-08,
    2.4759321664204373e-08,
    2.4723268838184472e-08,
    2.4687685867744185e-08,
    2.4652570245556146e-08,
    2.4617921174680846e-08,
    2.458373918537774e-08,
    2.4550025969775373e-08,
    2.4516784721155005e-08,
    2.4484019826855797e-08,
    2.4451736197287233e-08,
    2.4419939060975645e-08,
    2.4388633938452346e-08,
    2.4357826431208853e-08,
    2.4327522231351738e-08,
    2.429772750415107e-08,
    2.4268449014227953e-08,
    2.423969372705265e-08,
    2.4211468212509794e-08,
    2.4183778226382415e-08,
    2.415662874318771e-08,
    2.41300241803931e-08,
    2.410396839349325e-08,
    2.4078464554374628e-08,
    2.405351518407695e-08,
    2.4029122343234005e-08,
    2.4005287666308295e-08,
    2.3982012157998872e-08,
    2.395929614657002e-08,
    2.3937139355258065e-08,
    2.3915540772714703e-08,
    2.3894498603398874e-08,
    2.387401054206724e-08,
    2.385407401054171e-08,
    2.3834686152433535e-08,
    2.3815843869666014e-08,
    2.3797544024412074e-08,
    2.3779783643811025e-08,
    2.376256008657519e-08,
    2.374587117072078e-08,
    2.37297152622675e-08,
    2.3714091408675132e-08,
    2.3698999347840293e-08,
    2.368443917804043e-08,
    2.3670411109733494e-08,
    2.3656915641947207e-08,
    2.3643953523830508e-08,
    2.363152515258079e-08,
    2.3619630223660264e-08,
    2.360826807376864e-08,
    2.3597438204686647e-08,
    2.3587140640652155e-08,
    2.3577375936774226e-08,
    2.3568144741419012e-08,
    2.3559447396527208e-08,
    2.3551283890299127e-08,
    2.3543653761512114e-08,
    2.3536555773939488e-08,
    2.3529987768507774e-08,
    2.3523946880171356e-08,
    2.3518429943087086e-08,
    2.3513433949158733e-08,
    2.3508956327308286e-08,
    2.3504994805873998e-08,
    2.350154703825286e-08,
    2.3498610554297622e-08,
    2.34961830896266e-08,
    2.349426263274961e-08,
    2.3492847379956314e-08,
    2.3491936171958765e-08,
    2.349152864519891e-08,
    2.349162470660323e-08,
    2.3492224245323646e-08,
    2.3493327279863956e-08,
    2.3494933958471273e-08,
    2.349704426116368e-08,
    2.3499657796701103e-08,
    2.3502773997436676e-08,
    2.350639241771489e-08,
    2.351051288638451e-08,
    2.351513602407402e-08,
    2.3520264391322988e-08,
    2.3525902884006012e-08,
    2.353205742152732e-08,
    2.353873350407925e-08,
    2.3545935946655093e-08,
    2.355366913404056e-08,
    2.356193701274539e-08,
    2.357074292164369e-08,
    2.3580089690971404e-08,
    2.3589979906459308e-08,
    2.3600415791757466e-08,
    2.3611398587757763e-08,
    2.3622928255304283e-08,
    2.3635004070434364e-08,
    2.364762534353203e-08,
    2.3660791586250176e-08,
    2.3674502397749207e-08,
    2.3688757522705775e-08,
    2.370355714295182e-08,
    2.3718901999975655e-08,
    2.3734793168901216e-08,
    2.37512319480311e-08,
    2.376821992304427e-08,
    2.3785758610644347e-08,
    2.3803848914579673e-08,
    2.382249111596878e-08,
    2.3841685105196335e-08,
    2.3861430373168897e-08,
    2.388172594151393e-08,
    2.3902570227355254e-08,
    2.3923960653212046e-08,
    2.394589318540901e-08,
    2.3968362117219483e-08,
    2.3991360231281084e-08,
    2.4014879221945692e-08,
    2.403891012539993e-08,
    2.4063443628380098e-08,
    2.4088470317840453e-08,
    2.4113980804236535e-08,
    2.4139965519783034e-08,
    2.4166414317695515e-08,
    2.4193316330306564e-08,
    2.422066035430404e-08,
    2.4248435372803323e-08,
    2.427663068516693e-08,
    2.4305235773009173e-08,
    2.4334240165029985e-08,
    2.4363633098573113e-08,
    2.4393402908682683e-08,
    2.4423536817084018e-08,
    2.4454021733797836e-08,
    2.448484547173241e-08,
    2.4515997429742085e-08,
    2.454746860384877e-08,
    2.4579251054401937e-08,
    2.4611337095247968e-08,
    2.4643718680715323e-08,
    2.4676386991848045e-08,
    2.4709332295340192e-08,
    2.4742544633034757e-08,
    2.4776014863780854e-08,
    2.480973481014008e-08,
    2.4843696571402255e-08,
    2.4877891971163334e-08,
    2.491231220910325e-08,
    2.4946947369166126e-08,
    2.4981786417845422e-08,
    2.5016817906618998e-08,
    2.505203039566137e-08,
    2.508741245676353e-08,
    2.512295274728354e-08,
    2.5158640155330488e-08,
    2.519446387483264e-08,
    2.5230413268113007e-08,
    2.526647765719023e-08,
    2.5302645900712305e-08,
    2.5338905471738068e-08,
    2.5375242032332066e-08,
    2.5411640217142085e-08,
    2.5448084487939756e-08,
    2.5484559347553432e-08,
    2.552104955284525e-08,
    2.5557540327294777e-08,
    2.5594017077445916e-08,
    2.5630464968584314e-08,
    2.5666868784544476e-08,
    2.570321292926532e-08,
    2.573948142826522e-08,
    2.577565800009898e-08,
    2.581172626721777e-08,
    2.5847670034877295e-08,
    2.5883473636880152e-08,
    2.5919122347764843e-08,
    2.595460251458147e-08,
    2.5989901203166452e-08,
    2.602500557126763e-08,
    2.6059902041081106e-08,
    2.609457623286536e-08,
    2.6129015431367943e-08,
    2.6163211994004266e-08,
    2.6197163400564682e-08,
    2.6230868965859553e-08,
    2.6264327315246877e-08,
    2.6297536253632134e-08,
    2.6330493658113988e-08,
    2.6363198164476652e-08,
    2.63956491028494e-08,
    2.642784582004705e-08,
    2.645978727509117e-08,
    2.649147231626697e-08,
    2.6522900093831904e-08,
    2.6554069859386194e-08,
    2.6584980288908747e-08,
    2.661562969017612e-08,
    2.6646017093202004e-08,
    2.6676142523841523e-08,
    2.6706006530220684e-08,
    2.6735610049773492e-08,
    2.6764954480426368e-08,
    2.6794041684077547e-08,
    2.682287385444645e-08,
    2.685145318110875e-08,
    2.6879781581074564e-08,
    2.690786063361935e-08,
    2.6935691582514694e-08,
    2.696327540566297e-08,
    2.6990612816379164e-08,
    2.7017703857009284e-08,
    2.7044547627978577e-08,
    2.7071142897950636e-08,
    2.709748884801968e-08,
    2.7123585001702333e-08,
    2.714943068135794e-08,
    2.717502493869967e-08,
    2.720036729585812e-08,
    2.7225458552858697e-08,
    2.725030071754197e-08,
    2.7274896059372276e-08,
    2.7299246434119924e-08,
    2.732335355339094e-08,
    2.7347219388859638e-08,
    2.73708462391227e-08,
    2.7394236729407966e-08,
    2.741739360914833e-08,
    2.744031948217066e-08,
    2.7463016874222444e-08,
    2.7485488367942368e-08,
    2.750773646790275e-08,
    2.7529763330649068e-08,
    2.755157049466838e-08,
    2.7573158879987464e-08,
    2.7594529326889088e-08,
    2.7615683134207072e-08,
    2.7636622058373686e-08,
    2.765734811085472e-08,
    2.7677863356197763e-08,
    2.7698169710468054e-08,
    2.7718269346446068e-08,
    2.7738165638771702e-08,
    2.7757863504687306e-08,
    2.777736887066473e-08,
    2.779668780161246e-08,
    2.781582569539101e-08,
    2.783478701604296e-08,
    2.7853575499626043e-08,
    2.7872194360200875e-08,
    2.7890646631979452e-08,
    2.790893571575061e-08,
    2.7927065655355718e-08,
    2.7945040940130083e-08,
    2.796286617161992e-08,
    2.798054600197971e-08,
    2.799808520842477e-08,
    2.80154884950627e-08,
    2.803276008914451e-08,
    2.804990340387366e-08,
    2.8066920836507306e-08,
    2.8083813839285116e-08,
    2.8100583263729393e-08,
    2.811722963654785e-08,
    2.8133753024794497e-08,
    2.8150152353191794e-08,
    2.816642479010619e-08,
    2.818256615989024e-08,
    2.819857210559677e-08,
    2.8214438975142635e-08,
    2.8230164227728634e-08,
    2.8245746499880602e-08,
    2.8261185196160946e-08,
    2.827647980905387e-08,
    2.8291629376178347e-08,
    2.8306632278432434e-08,
    2.832148644641153e-08,
    2.8336189770264426e-08,
    2.835074037285005e-08,
    2.8365136678823937e-08,
    2.8379377416091906e-08,
    2.8393461617703197e-08,
    2.8407388691933895e-08,
    2.8421158560566548e-08,
    2.8434771662251723e-08,
    2.844822882108987e-08,
    2.846153111584154e-08,
    2.8474679681821618e-08,
    2.8487675445226665e-08,
    2.850051899278015e-08,
    2.8513210847252725e-08,
    2.8525751878136183e-08,
    2.853814310335818e-08,
    2.8550384949892215e-08,
    2.856247685252913e-08,
    2.8574417663460065e-08,
    2.858620639853923e-08,
    2.859784250957235e-08,
    2.860932561625122e-08,
    2.862065517102321e-08,
    2.8631830259121695e-08,
    2.8642849466060724e-08,
    2.865371061070036e-08,
    2.8664410612813732e-08,
    2.867494589750392e-08,
    2.868531273093742e-08,
    2.8695507018625202e-08,
    2.8705524237428688e-08,
    2.871536003435564e-08,
    2.872501108833695e-08,
    2.8734475569252748e-08,
    2.8743752866018337e-08,
    2.8752842985286726e-08,
    2.876174635072059e-08,
    2.8770463802525195e-08,
    2.8778996266412192e-08,
    2.8787344357198322e-08,
    2.8795508512037383e-08,
    2.880348971792804e-08,
    2.8811289908188718e-08,
    2.8818911368918453e-08,
    2.8826356080546342e-08,
    2.883362578568014e-08,
    2.8840722122777185e-08,
    2.8847646430017102e-08,
    2.8854399746778157e-08,
    2.8860983144004985e-08,
    2.8867397922435066e-08,
    2.8873645481915534e-08,
    2.8879727256655738e-08,
    2.8885645175898125e-08,
    2.8891402321638858e-08,
    2.889700293107859e-08,
    2.890245167864698e-08,
    2.890775308994909e-08,
    2.89129117435323e-08,
    2.8917932801337667e-08,
    2.8922821882863883e-08,
    2.892758447937148e-08,
    2.8932225761930905e-08,
    2.8936750717910526e-08,
    2.8941164287546576e-08,
    2.894547136874666e-08,
    2.8949676491830558e-08,
    2.8953783691495718e-08,
    2.895779697225515e-08,
    2.8961720377692516e-08,
    2.8965557200582422e-08,
    2.8969309456123548e-08,
    2.89729784778092e-08,
    2.8976566041809086e-08,
    2.8980074830758376e-08,
    2.8983508038966002e-08,
    2.8986868845563025e-08,
    2.8990160019305563e-08,
    2.8993383588841966e-08,
    2.8996540843276367e-08,
    2.899963259692277e-08,
    2.9002659189010845e-08,
    2.9005620218663997e-08,
    2.900851467648866e-08,
    2.901134167026841e-08,
    2.9014101017508707e-08,
    2.901679304551305e-08,
    2.9019417732398506e-08,
    2.9021974113070135e-08,
    2.902446074052607e-08,
    2.902687647575483e-08,
    2.9029220486304556e-08,
    2.903149178451633e-08,
    2.903368922704675e-08,
    2.9035812040182527e-08,
    2.903786014775541e-08,
    2.903983390868851e-08,
    2.9041733724436555e-08,
    2.904355984417928e-08,
    2.9045312301556454e-08,
    2.9046991113543088e-08,
    2.9048596544799476e-08,
    2.9050129110215633e-08,
    2.9051589577821967e-08,
    2.9052978972297756e-08,
    2.9054298055985677e-08,
    2.9055546549105797e-08,
    2.9056723134323068e-08,
    2.9057826178864313e-08,
    2.905885412880171e-08,
    2.9059805381031072e-08,
    2.9060678025606016e-08,
    2.9061469653930544e-08,
    2.9062177427040074e-08,
    2.906279853219234e-08,
    2.9063330637734762e-08,
    2.9063771700086036e-08,
    2.906411919073389e-08,
    2.9064369584421787e-08,
    2.9064518814647156e-08,
    2.906456324068226e-08,
    2.9064499776187064e-08,
    2.9064324928782862e-08,
    2.9064034164057278e-08,
    2.9063622548657217e-08,
    2.9063085898369772e-08,
    2.9062421220313747e-08,
    2.906162620218778e-08,
    2.906069864145309e-08,
    2.905963651008901e-08,
    2.905843795719687e-08,
    2.9057100807748657e-08,
    2.9055622189599e-08,
    2.9053998351883045e-08,
    2.9052224360154435e-08,
    2.905029398096532e-08,
    2.90482001268562e-08,
    2.90459355448317e-08,
    2.9043493065098465e-08,
    2.904086547641119e-08,
    2.9038045647402256e-08,
    2.9035026708815305e-08,
    2.9031801868342898e-08,
    2.902836422692129e-08,
    2.9024706839682672e-08,
    2.902082277652645e-08,
    2.9016705241014625e-08,
    2.901234792606481e-08,
    2.9007745247017994e-08,
    2.900289227512667e-08,
    2.899778496594614e-08,
    2.899242044655217e-08,
    2.8986796364351267e-08,
    2.8980909950143705e-08,
    2.8974758139273652e-08,
    2.8968338331002642e-08,
    2.896164879218543e-08,
    2.895468859549413e-08,
    2.8947457272238108e-08,
    2.893995452636185e-08,
    2.89321802374945e-08,
    2.8924134408113065e-08,
    2.891581688435061e-08,
    2.8907227136132093e-08,
    2.889836415294863e-08,
    2.888922628505135e-08,
    2.8879811197701977e-08,
    2.887011615978287e-08,
    2.886013838427158e-08,
    2.8849875087500317e-08,
    2.88393233271376e-08,
    2.8828479896730215e-08,
    2.8817341439670542e-08,
    2.8805904669933098e-08,
    2.8794166588871042e-08,
    2.8782124698213135e-08,
    2.8769777209531692e-08,
    2.8757123144467005e-08,
    2.874416227450851e-08,
    2.873089500936169e-08,
    2.8717322077779447e-08,
    2.8703443950523838e-08,
    2.8689260427803817e-08,
    2.8674770649282726e-08,
    2.8659973466488504e-08,
    2.8644867912689644e-08,
    2.8629453510838973e-08,
    2.8613730524697005e-08,
    2.859770015609708e-08,
    2.8581364385475814e-08,
    2.856472561227789e-08,
    2.854778650212497e-08,
    2.8530549937420102e-08,
    2.8513018818858353e-08,
    2.8495195670358442e-08,
    2.8477082298077833e-08,
    2.8458679947646694e-08,
    2.8439989902657983e-08,
    2.8421013976711764e-08,
    2.8401754558450052e-08,
    2.838221436335079e-08,
    2.8362396237221318e-08,
    2.8342303107574088e-08,
    2.832193803181067e-08,
    2.8301304244901618e-08,
    2.828040496765936e-08,
    2.8259243121025854e-08,
    2.823782147024626e-08,
    2.821614314605252e-08,
    2.8194211923989797e-08,
    2.8172031889386847e-08,
    2.8149606777728626e-08,
    2.812693969542048e-08,
    2.810403349511385e-08,
    2.8080891378246732e-08,
    2.8057517074578078e-08,
    2.803391428259159e-08,
    2.801008597732854e-08,
    2.798603445755516e-08,
    2.7961761849048068e-08,
    2.7937270328513864e-08,
    2.7912562162128762e-08,
    2.788763965389007e-08,
    2.7862504914532262e-08,
    2.7837159855801916e-08,
    2.781160649714963e-08,
    2.778584709126992e-08,
    2.7759883893733054e-08,
    2.7733718978782812e-08,
    2.7707354408719683e-08,
    2.768079248916394e-08,
    2.7654035803096907e-08,
    2.7627087113966646e-08,
    2.7599949442947756e-08,
    2.7572626361746892e-08,
    2.7545122068333105e-08,
    2.7517441076263163e-08,
    2.7489587992835998e-08,
    2.7461567684220677e-08,
    2.7433385525244368e-08,
    2.740504747784049e-08,
    2.737656008506752e-08,
    2.7347930466519544e-08,
    2.7319166230771537e-08,
    2.7290275178651752e-08,
    2.72612649664323e-08,
    2.72321430233756e-08,
    2.7202916680078136e-08,
    2.717359338036558e-08,
    2.7144180892819207e-08,
    2.7114687354701175e-08,
    2.7085120981474022e-08,
    2.705548931699885e-08,
    2.7025798610611442e-08,
    2.6996054198213938e-08,
    2.69662613412453e-08,
    2.6936425478825035e-08,
    2.690655210395168e-08,
    2.687664672379345e-08,
    2.684671469584307e-08,
    2.681676093984408e-08,
    2.6786789940866436e-08,
    2.6756806084174842e-08,
    2.6726813989321785e-08,
    2.66968187609589e-08,
    2.6666826115985172e-08,
    2.6636842222039336e-08,
    2.6606873454397648e-08,
    2.6576926195054813e-08,
    2.6547006590630676e-08,
    2.651712047587381e-08,
    2.648727329709286e-08,
    2.645746978694717e-08,
    2.642771392893024e-08,
    2.639800941861301e-08,
    2.6368360000491574e-08,
    2.6338769473711154e-08,
    2.6309241615367704e-08,
    2.627977997996988e-08,
    2.6250387699137293e-08,
    2.6221067736630407e-08,
    2.6191823308960853e-08,
    2.6162657933897838e-08,
    2.6133575355439027e-08,
    2.6104579303758627e-08,
    2.6075673131169388e-08,
    2.604686006888106e-08,
    2.6018143732281322e-08,
    2.598952812996025e-08,
    2.59610176734633e-08,
    2.5932617353453708e-08,
    2.5904332667863097e-08,
    2.587616942571318e-08,
    2.5848133466657662e-08,
    2.5820230295375777e-08,
    2.579246492178923e-08,
    2.5764841866011175e-08,
    2.5737365370896284e-08,
    2.571003994826908e-08,
    2.5682870799883994e-08,
    2.5655863735914772e-08,
    2.562902475583541e-08,
    2.5602359667195417e-08,
    2.5575874121028438e-08,
    2.5549573939517742e-08,
    2.5523465061749657e-08,
    2.5497553275253396e-08,
    2.5471844621910954e-08,
    2.544634614301637e-08,
    2.542106611719237e-08,
    2.539601387309228e-08,
    2.5371199470844592e-08,
    2.534663342179316e-08,
    2.53223265323188e-08,
    2.5298289787007433e-08,
    2.5274534228639153e-08,
    2.5251070703645855e-08,
    2.5227909559696326e-08,
    2.520506060248216e-08,
    2.518253318368822e-08,
    2.5160336291579412e-08,
    2.5138478689011867e-08,
    2.5116968921634466e-08,
    2.5095815195661037e-08,
    2.5075025303009605e-08,
    2.5054606549689656e-08,
    2.5034565552544634e-08,
    2.501490794849387e-08,
    2.4995638242929388e-08,
    2.4976759981569654e-08,
    2.4958276295252593e-08,
    2.49401905466326e-08,
    2.4922506345703473e-08,
    2.490522688247721e-08,
    2.4888354720451045e-08,
    2.4871892375719683e-08,
    2.485584267155078e-08,
    2.4840208449554193e-08,
    2.482499218699627e-08,
    2.481019593608092e-08,
    2.4795821399995813e-08,
    2.478186991244138e-08,
    2.4768342459156977e-08,
    2.4755239739972965e-08,
    2.4742562129675812e-08,
    2.4730309677365627e-08,
    2.4718482238011803e-08,
    2.4707079689855137e-08,
    2.4696102143406792e-08,
    2.4685549999633763e-08,
    2.4675423951994365e-08,
    2.4665724931541122e-08,
    2.4656453803228236e-08,
    2.4647611052380063e-08,
    2.4639196702881988e-08,
    2.4631210278119508e-08,
    2.4623650856904362e-08,
    2.4616517275689464e-08,
    2.4609808089978363e-08,
    2.4603521294754055e-08,
    2.4597654096636727e-08,
    2.4592202739893805e-08,
    2.4587162438343507e-08,
    2.4582527464608517e-08,
    2.4578291299523172e-08,
    2.4574446642712423e-08,
    2.457098513274819e-08,
    2.4567897022569864e-08
]