[
    0.0,
    0.0,
    0.0008799367938817869,
    0.0008312279258950847,
    0.0007841292127988818,
    0.0007385929292485708,
    0.0006945727178899187,
    0.0006520235506199898,
    0.0006109016909479682,
    0.0005711646574213394,
    0.0005327711880820604,
    0.0004956812059203473,
    0.00045985578529450955,
    0.0004252571192861185,
    0.0003918484879666159,
    0.00035959422755443745,
    0.00032845970044122273,
    0.0002984112660658185,
    0.0002694162526093636,
    0.00024144292948486727,
    0.0002144604806037025,
    0.00018843897840255667,
    0.00016334935860655615,
    0.00013916339569734252,
    0.00011585367906102433,
    9.339358980751169e-05,
    7.175727825496782e-05,
    5.091964205976114e-05,
    3.085630496507261e-05,
    1.1543596148886967e-05,
    -7.041469843147171e-06,
    -2.4921212600104582e-05,
    -4.2117304797318485e-05,
    -5.8650790608040274e-05,
    -7.454210359782255e-05,
    -8.981108412107797e-05,
    -0.00010447699622690126,
    -0.00011855854408207029,
    -0.00013207388792679046,
    -0.00014504065957711827,
    -0.0001574759774883792,
    -0.00016939646140096565,
    -0.0001808182465797214,
    -0.00019175699764047507,
    -0.00020222792196993654,
    -0.00021224578276598559,
    -0.00022182491171309304,
    -0.00023097922129575345,
    -0.0002397222167621622,
    -0.0002480670077568581,
    -0.00025602631962805424,
    -0.000263612504398699,
    -0.00027083755141404714,
    -0.0002777130977092194,
    -0.00028425043811151614,
    -0.0002904605350536168,
    -0.0002963540280907213,
    -0.00030194124313807875,
    -0.000307232201430771,
    -0.0003122366282101966,
    -0.0003169639611824692,
    -0.00032142335877695437,
    -0.0003256237081741583,
    -0.0003295736330836809,
    -0.0003332815012805862,
    -0.00033675543192447914,
    -0.00034000330270411727,
    -0.00034303275679529695,
    -0.0003458512095800709,
    -0.0003484658551511935,
    -0.00035088367265969815,
    -0.00035311143249258675,
    -0.00035515570226479163,
    -0.0003570228526640628,
    -0.00035871906314811723,
    -0.00036025032745468934,
    -0.0003616224589320275,
    -0.00036284109571777055,
    -0.0003639117057756288,
    -0.00036483959179147406,
    -0.0003656298959279656,
    -0.0003662876044441684,
    -0.00036681755219119416,
    -0.00036722442698492033,
    -0.00036751277385212676,
    -0.0003676869991604039,
    -0.0003677513746351607,
    -0.00036771004124680376,
    -0.0003675670129807562,
    -0.00036732618051359296,
    -0.00036699131478073067,
    -0.00036656607043639297,
    -0.0003660539892356622,
    -0.00036545850333407335,
    -0.0003647829384767452,
    -0.0003640305170770522,
    -0.00036320436120254216,
    -0.00036230749548038537,
    -0.00036134284993146685,
    -0.00036031326272930155,
    -0.00035922148287511506,
    -0.00035807017279826684,
    -0.0003568619108812759,
    -0.0003555991939005646,
    -0.0003542844394028458,
    -0.0003529199880265524,
    -0.0003515081057527631,
    -0.0003500509860917292,
    -0.00034855075221661266,
    -0.000347009459032042,
    -0.0003454290951693035,
    -0.00034381158492514865,
    -0.0003421587901592003,
    -0.00034047251214168093,
    -0.0003387544933398537,
    -0.0003370064191509429,
    -0.00033522991959490666,
    -0.0003334265709583957,
    -0.0003315978973784108,
    -0.0003297453723781504,
    -0.00032787042036530763,
    -0.00032597441808792564,
    -0.0003240586960495147,
    -0.00032212453988627666,
    -0.00032017319170183484,
    -0.0003182058513637273,
    -0.0003162236777685407,
    -0.0003142277900691939,
    -0.00031221926886208795,
    -0.00031019915734278793,
    -0.0003081684624298752,
    -0.0003061281558529823,
    -0.0003040791752077108,
    -0.00030202242497936533,
    -0.00029995877754026553,
    -0.00029788907412474635,
    -0.00029581412577492616,
    -0.00029373471425331993,
    -0.0002916515929298112,
    -0.0002895654876472683,
    -0.00028747709756344675,
    -0.00028538709596778625,
    -0.000283296131072959,
    -0.0002812048267812359,
    -0.0002791137834268166,
    -0.00027702357849685854,
    -0.0002749347673345247,
    -0.0002728478838246386,
    -0.0002707634410594261,
    -0.0002686819319826975,
    -0.0002666038300136453,
    -0.00026452958965264887,
    -0.0002624596470712529,
    -0.00026039442068712863,
    -0.0002583343117222201,
    -0.0002562797047419015,
    -0.00025423096817635445,
    -0.0002521884548272471,
    -0.00025015250236095444,
    -0.0002481234337877144,
    -0.0002461015579264019,
    -0.0002440871698563154,
    -0.00024208055135619113,
    -0.00024008197132873365,
    -0.0002380916862120343,
    -0.0002361099403806065,
    -0.00023413696653555618,
    -0.0002321729860821967,
    -0.0002302182094952967,
    -0.0002282728366739922,
    -0.00022633705728698127,
    -0.00022441105110769633,
    -0.00022249498834076288,
    -0.00022058902993893407,
    -0.000218693327908281,
    -0.00021680802560364177,
    -0.00021493325801675786,
    -0.00021306915205640404,
    -0.0002112158268204826,
    -0.0002093733938591566,
    -0.00020754195742761223,
    -0.00020572161473182305,
    -0.0002039124561699937,
    -0.00020211456556623147,
    -0.00020032802039426882,
    -0.0001985528919953516,
    -0.0001967892457930731,
    -0.00019503714150175667,
    -0.00019329663332696197,
    -0.00019156777016054793,
    -0.00018985059576860224,
    -0.00018814514897071705,
    -0.00018645146381539163,
    -0.00018476956975383267,
    -0.00018309949180874392,
    -0.0001814412507362267,
    -0.0001797948631812767,
    -0.00017816034182744606,
    -0.00017653769554233517,
    -0.0001749269295214592,
    -0.00017332804542988936,
    -0.00017174104153747647,
    -0.00017016591284650515,
    -0.00016860265121555084,
    -0.00016705124548149422,
    -0.0001655116815781252,
    -0.00016398394265152688,
    -0.0001624680091735409,
    -0.00016096385905190822,
    -0.0001594714677334937,
    -0.0001579908082996374,
    -0.00015652185155934015,
    -0.00015506456614593683,
    -0.00015361891861556098,
    -0.00015218487354078528,
    -0.00015076239359419275,
    -0.00014935143962653454,
    -0.00014795197075041363,
    -0.00014656394442658736,
    -0.00014518731653984877,
    -0.00014382204146584263,
    -0.0001424680721389388,
    -0.00014112536012290784,
    -0.0001397938556783852,
    -0.00013847350782223247,
    -0.00013716426438409584,
    -0.0001358660720664013,
    -0.00013457887650359122,
    -0.0001333026223163071,
    -0.0001320372531634725,
    -0.00013078271179494346,
    -0.00012953894010375985,
    -0.00012830587917706164,
    -0.00012708346934491813,
    -0.00012587165022669516,
    -0.0001246703607750524,
    -0.00012347953931675986,
    -0.00012229912359078127,
    -0.00012112905078539142,
    -0.0001199692575745853,
    -0.00011881968015340255,
    -0.00011768025427231224,
    -0.0001165509152700414,
    -0.00011543159810482184,
    -0.00011432223738530258,
    -0.00011322276740093404,
    -0.00011213312215087423,
    -0.00011105323537164535,
    -0.00010998304056337428,
    -0.00010892247101420394,
    -0.00010787145982414428,
    -0.00010682993992927858,
    -0.00010579784412515636,
    -0.00010477510508869114,
    -0.00010376165539953892,
    -0.0001027574275609632,
    -0.00010176235401908948,
    -0.00010077636718101813,
    -9.979939943358264e-05,
    -9.883138316356815e-05,
    -9.787225077818979e-05,
    -9.692193472463317e-05,
    -9.598036750748717e-05,
    -9.504748170328686e-05,
    -9.412320997423977e-05,
    -9.320748508157069e-05,
    -9.230023989714122e-05,
    -9.140140741438173e-05,
    -9.051092075759022e-05,
    -8.962871318829231e-05,
    -8.875471811322708e-05,
    -8.78888690979373e-05,
    -8.703109988378644e-05,
    -8.618134440455276e-05,
    -8.533953680147156e-05,
    -8.450561143806183e-05,
    -8.36795029143923e-05,
    -8.286114608063136e-05,
    -8.20504760510888e-05,
    -8.124742821722844e-05,
    -8.045193825910125e-05,
    -7.96639421572652e-05,
    -7.88833762055716e-05,
    -7.811017702356426e-05,
    -7.734428156742229e-05,
    -7.658562713986943e-05,
    -7.583415140143243e-05,
    -7.508979238410218e-05,
    -7.435248850356058e-05,
    -7.362217856601645e-05,
    -7.289880177266129e-05,
    -7.218229772559467e-05,
    -7.147260643455072e-05,
    -7.07696683258307e-05,
    -7.007342425391012e-05,
    -6.938381550936881e-05,
    -6.870078381713921e-05,
    -6.802427132849998e-05,
    -6.735422061724827e-05,
    -6.669057468259237e-05,
    -6.603327695170051e-05,
    -6.538227127974642e-05,
    -6.47375019516107e-05,
    -6.409891368405167e-05,
    -6.346645162115516e-05,
    -6.284006132273906e-05,
    -6.22196887540645e-05,
    -6.160528028072624e-05,
    -6.0996782660495614e-05,
    -6.039414302632747e-05,
    -5.979730887158842e-05,
    -5.920622804242476e-05,
    -5.862084872674183e-05,
    -5.804111944110718e-05,
    -5.746698902258864e-05,
    -5.6898406618850064e-05,
    -5.633532167236336e-05,
    -5.577768390962341e-05,
    -5.522544334224419e-05,
    -5.467855027098597e-05,
    -5.413695528647502e-05,
    -5.360060926607814e-05,
    -5.306946336349508e-05,
    -5.254346899711796e-05,
    -5.2022577848505934e-05,
    -5.1506741871601936e-05,
    -5.099591330239718e-05,
    -5.049004465809701e-05,
    -4.998908872679805e-05,
    -4.949299855485788e-05,
    -4.9001727437201195e-05,
    -4.851522891523001e-05,
    -4.8033456781675675e-05,
    -4.755636508904194e-05,
    -4.7083908161216425e-05,
    -4.661604060309378e-05,
    -4.6152717299803886e-05,
    -4.5693893408592465e-05,
    -4.5239524352901016e-05,
    -4.478956581870326e-05,
    -4.4343973746735715e-05,
    -4.3902704318424154e-05,
    -4.3465713937110234e-05,
    -4.3032959210224715e-05,
    -4.2604396939742686e-05,
    -4.2179984114178566e-05,
    -4.175967789021439e-05,
    -4.134343556785387e-05,
    -4.093121456813341e-05,
    -4.052297241481234e-05,
    -4.011866671467203e-05,
    -3.971825513736842e-05,
    -3.932169540375139e-05,
    -3.892894526315491e-05,
    -3.853996243461101e-05,
    -3.815470454346193e-05,
    -3.7773129084559494e-05,
    -3.7395193404505326e-05,
    -3.702085469944326e-05,
    -3.665006999212613e-05,
    -3.628279604970134e-05,
    -3.5918989295727184e-05,
    -3.555860578180051e-05,
    -3.520160118186156e-05,
    -3.4847930731383335e-05,
    -3.449754912363173e-05,
    -3.415041043225664e-05,
    -3.380646806153523e-05,
    -3.346567471201442e-05,
    -3.312798240519114e-05,
    -3.2793342531866304e-05,
    -3.2461705835562917e-05,
    -3.213302239593592e-05,
    -3.180724168055391e-05,
    -3.148431258112071e-05,
    -3.116418339035145e-05,
    -3.0846801798138106e-05,
    -3.053211507877636e-05,
    -3.0220070366650466e-05,
    -2.991061461998309e-05,
    -2.960369450180281e-05,
    -2.9299256604371725e-05,
    -2.899724773099048e-05,
    -2.8697614995000424e-05,
    -2.8400305806631454e-05,
    -2.8105267832956323e-05,
    -2.7812449006650505e-05,
    -2.7521797557312022e-05,
    -2.723326207967002e-05,
    -2.6946791490736025e-05,
    -2.666233486932291e-05,
    -2.6379841751559703e-05,
    -2.6099262841813566e-05,
    -2.5820550229564704e-05,
    -2.5543656963660738e-05,
    -2.5268536804783864e-05,
    -2.4995144645225587e-05,
    -2.4723437095649165e-05,
    -2.445337256717456e-05,
    -2.418491113962136e-05,
    -2.3918014614453392e-05,
    -2.365264647180949e-05,
    -2.3388771734193125e-05,
    -2.3126356714354017e-05,
    -2.2865368479674005e-05,
    -2.2605774699928944e-05,
    -2.234754425778003e-05,
    -2.2090647898837096e-05,
    -2.1835058569142636e-05,
    -2.1580751676400235e-05,
    -2.1327705165032867e-05,
    -2.1075899491339465e-05,
    -2.082531797054491e-05,
    -2.0575947021037706e-05,
    -2.0327775225367092e-05,
    -2.008079176437349e-05,
    -1.9834985797637124e-05,
    -1.9590347228358998e-05,
    -1.9346868293058948e-05,
    -1.9104544671004793e-05,
    -1.8863375384700353e-05,
    -1.8623362483921623e-05,
    -1.8384510916970927e-05,
    -1.8146827987590697e-05,
    -1.7910322706878404e-05,
    -1.767500544937879e-05,
    -1.7440887712647313e-05,
    -1.7207982273154247e-05,
    -1.6976303923790165e-05,
    -1.674587008827603e-05,
    -1.6516700921099413e-05,
    -1.6288819009798075e-05,
    -1.60622487951967e-05,
    -1.5837016369020578e-05,
    -1.5613149728818483e-05,
    -1.539067847741108e-05,
    -1.5169633252119465e-05,
    -1.4950045944537916e-05,
    -1.4731950397455793e-05,
    -1.4515382780439187e-05,
    -1.4300381423118687e-05,
    -1.408698639113674e-05,
    -1.3875238996217832e-05,
    -1.3665181106249787e-05,
    -1.3456854563920334e-05,
    -1.3250301065053674e-05,
    -1.3045562174986792e-05,
    -1.2842679130195072e-05,
    -1.2641692391784318e-05,
    -1.2442641171319055e-05,
    -1.2245563297670392e-05,
    -1.205049527656181e-05,
    -1.1857472010001231e-05,
    -1.166652626979514e-05,
    -1.1477688391765073e-05,
    -1.1290986317840342e-05,
    -1.110644602467377e-05,
    -1.0924092141399553e-05,
    -1.0743948134340523e-05,
    -1.0566035934171847e-05,
    -1.0390375520290865e-05,
    -1.0216984689179169e-05,
    -1.0045878902596684e-05,
    -9.877071166824441e-06,
    -9.710572079387797e-06,
    -9.54639015791845e-06,
    -9.384532140954597e-06,
    -9.225003026294822e-06,
    -9.06780610253207e-06,
    -8.912943073995773e-06,
    -8.760414064047341e-06,
    -8.610217511259157e-06,
    -8.462350139259623e-06,
    -8.316806968621158e-06,
    -8.173581357630008e-06,
    -8.032665137475393e-06,
    -7.894048697372875e-06,
    -7.757720919487022e-06,
    -7.623669074613821e-06,
    -7.491878786054291e-06,
    -7.3623341216106695e-06,
    -7.235017772965983e-06,
    -7.109911203818239e-06,
    -6.986994723146851e-06,
    -6.866247527687513e-06,
    -6.747647776233648e-06,
    -6.631172678473019e-06,
    -6.5167985552072384e-06,
    -6.404500931707285e-06,
    -6.294254702489496e-06,
    -6.186034276208731e-06,
    -6.079813612103278e-06,
    -5.975566172196793e-06,
    -5.873264890666934e-06,
    -5.772882225951097e-06,
    -5.674390275435411e-06,
    -5.577760877562391e-06,
    -5.482965646820525e-06,
    -5.389976011058667e-06,
    -5.2987633022039554e-06,
    -5.2092987988476965e-06,
    -5.121553696371993e-06,
    -5.0354990991504344e-06,
    -4.951106051570833e-06,
    -4.868345567378872e-06,
    -4.787188656243946e-06,
    -4.707606369624147e-06,
    -4.629569863469395e-06,
    -4.553050455553782e-06,
    -4.478019662843018e-06,
    -4.404449220865832e-06,
    -4.332311101980044e-06,
    -4.2615775421566605e-06,
    -4.192221065147499e-06,
    -4.124214494205798e-06,
    -4.057530958216577e-06,
    -3.992143906805756e-06,
    -3.928027140331242e-06,
    -3.865154838535323e-06,
    -3.80350156654556e-06,
    -3.7430422653590114e-06,
    -3.683752250658516e-06,
    -3.625607221442465e-06,
    -3.5685832656129022e-06,
    -3.5126568634457784e-06,
    -3.4578048928426404e-06,
    -3.404004635263931e-06,
    -3.351233782295136e-06,
    -3.299470438893574e-06,
    -3.2486931220713953e-06,
    -3.1988807584764817e-06,
    -3.1500126792375244e-06,
    -3.1020686130731073e-06,
    -3.0550286846434806e-06,
    -3.008873416691434e-06,
    -2.963583727999746e-06,
    -2.9191409269354273e-06,
    -2.8755267053451003e-06,
    -2.832723134487678e-06,
    -2.7907126616355003e-06,
    -2.749478105221128e-06,
    -2.709002648361829e-06,
    -2.669269832956969e-06,
    -2.630263555741623e-06,
    -2.5919680647765286e-06,
    -2.5543679546372886e-06,
    -2.5174481606350685e-06,
    -2.481193952838809e-06,
    -2.445590929814288e-06,
    -2.410625012001395e-06,
    -2.376282435496044e-06,
    -2.3425497464013266e-06,
    -2.309413795009251e-06,
    -2.2768617298890718e-06,
    -2.244880992572166e-06,
    -2.2134593132303423e-06,
    -2.182584706520717e-06,
    -2.152245465894142e-06,
    -2.1224301561321858e-06,
    -2.0931276058953142e-06,
    -2.0643269017537267e-06,
    -2.0360173829201e-06,
    -2.008188635780252e-06,
    -1.9808304885547543e-06,
    -1.953933005664671e-06,
    -1.9274864814829805e-06,
    -1.901481434375176e-06,
    -1.8759086014778505e-06,
    -1.8507589338904094e-06,
    -1.8260235919878978e-06,
    -1.8016939407034461e-06,
    -1.7777615447707286e-06,
    -1.7542181642232575e-06,
    -1.7310557505215409e-06,
    -1.7082664428727697e-06,
    -1.6858425637612579e-06,
    -1.6637766138225571e-06,
    -1.642061267067998e-06,
    -1.6206893666470118e-06,
    -1.5996539207392108e-06,
    -1.5789480987849431e-06,
    -1.5585652283549837e-06,
    -1.5384987921278071e-06,
    -1.5187424245452985e-06,
    -1.4992899080556935e-06,
    -1.4801351685195312e-06,
    -1.4612722704128814e-06,
    -1.4426954135934458e-06,
    -1.4243989316367192e-06,
    -1.406377289958033e-06,
    -1.3886250829841005e-06,
    -1.371137030968508e-06,
    -1.353907976520994e-06,
    -1.3369328800519637e-06,
    -1.3202068146498865e-06,
    -1.3037249627798302e-06,
    -1.287482615293954e-06,
    -1.2714751704657863e-06,
    -1.2556981319750508e-06,
    -1.240147106565628e-06,
    -1.224817801595214e-06,
    -1.2097060224484153e-06,
    -1.1948076702398866e-06,
    -1.1801187399891835e-06,
    -1.1656353189909766e-06,
    -1.151353584937189e-06,
    -1.1372698033923992e-06,
    -1.1233803249964833e-06,
    -1.1096815834722458e-06,
    -1.0961700945691167e-06,
    -1.0828424549845848e-06,
    -1.0696953406593878e-06,
    -1.05672550451117e-06,
    -1.0439297741363345e-06,
    -1.031305049900696e-06,
    -1.018848303373289e-06,
    -1.006556575923083e-06,
    -9.944269770059086e-07,
    -9.824566821076438e-07,
    -9.706429311859522e-07,
    -9.589830279206736e-07,
    -9.474743393356181e-07,
    -9.361142942842621e-07,
    -9.249003794156071e-07,
    -9.138301357176e-07,
    -9.029011582727144e-07,
    -8.92111096094496e-07,
    -8.814576510602764e-07,
    -8.709385776645694e-07,
    -8.60551682528475e-07,
    -8.502948227043229e-07,
    -8.401659028383754e-07,
    -8.3016287162642e-07,
    -8.202837195209938e-07,
    -8.10526478247343e-07,
    -8.00889220373279e-07,
    -7.913700582643688e-07,
    -7.819671427297063e-07,
    -7.726786620393099e-07,
    -7.635028421908313e-07,
    -7.544379472288245e-07,
    -7.454822783892772e-07,
    -7.366341730939677e-07,
    -7.278920039592773e-07,
    -7.192541772916462e-07,
    -7.107191323118494e-07,
    -7.022853414680308e-07,
    -6.939513105947345e-07,
    -6.857155789118747e-07,
    -6.775767186814101e-07,
    -6.695333327538486e-07,
    -6.615840507359959e-07,
    -6.537275275049724e-07,
    -6.459624443999624e-07,
    -6.382875099021162e-07,
    -6.307014585858251e-07,
    -6.232030497597489e-07,
    -6.157910668462745e-07,
    -6.084643164593052e-07,
    -6.012216271791145e-07,
    -5.940618497367211e-07,
    -5.869838577405444e-07,
    -5.799865470714252e-07,
    -5.730688343050695e-07,
    -5.66229655018526e-07,
    -5.594679623114362e-07,
    -5.527827263659976e-07,
    -5.461729341991613e-07,
    -5.396375865974841e-07,
    -5.331756948935742e-07,
    -5.267862829097685e-07,
    -5.204683907411166e-07,
    -5.142210758866907e-07,
    -5.080434139048096e-07,
    -5.019344984103517e-07,
    -4.958934371930128e-07,
    -4.899193486451395e-07,
    -4.840113639292685e-07,
    -4.781686310464001e-07,
    -4.7239031640072625e-07,
    -4.6667560311407885e-07,
    -4.610236858400647e-07,
    -4.5543376741662507e-07,
    -4.4990506193380445e-07,
    -4.4443679872134586e-07,
    -4.390282228799085e-07,
    -4.3367859458468306e-07,
    -4.283871883716915e-07,
    -4.231532922282069e-07,
    -4.179762068452054e-07,
    -4.128552435640686e-07,
    -4.0778971933113563e-07,
    -4.027789539575865e-07,
    -3.9782227418414585e-07,
    -3.9291901837842334e-07,
    -3.8806853778494844e-07,
    -3.8327019668085396e-07,
    -3.7852337157507034e-07,
    -3.7382745001456e-07,
    -3.6918183130910614e-07,
    -3.6458592824270184e-07,
    -3.6003916725332546e-07,
    -3.555409872434296e-07,
    -3.510908389663472e-07,
    -3.4668818559255256e-07,
    -3.4233250288146986e-07,
    -3.380232781574326e-07,
    -3.337600094762325e-07,
    -3.2954220618660875e-07,
    -3.253693902934047e-07,
    -3.2124109661489535e-07,
    -3.171568709285906e-07,
    -3.131162677147446e-07,
    -3.0911884930505205e-07,
    -3.051641872254112e-07,
    -3.012518647128821e-07,
    -2.973814774145208e-07,
    -2.9355263091355006e-07,
    -2.897649375031212e-07,
    -2.86018015347786e-07,
    -2.8231149054820173e-07,
    -2.7864499952701213e-07,
    -2.750181884965195e-07,
    -2.714307103004602e-07,
    -2.6788222263626775e-07,
    -2.6437238890495916e-07,
    -2.60900878319263e-07,
    -2.574673642164788e-07,
    -2.5407152330453615e-07,
    -2.5071303683267325e-07,
    -2.4739159186183177e-07,
    -2.441068812780055e-07,
    -2.40858603277145e-07,
    -2.3764646132668937e-07,
    -2.344701638076673e-07,
    -2.313294224571902e-07,
    -2.2822395118827478e-07,
    -2.2515346684218816e-07,
    -2.2211769041446901e-07,
    -2.1911634690834908e-07,
    -2.1614916410680402e-07,
    -2.1321587131625426e-07,
    -2.103161988206399e-07,
    -2.0744987806505086e-07,
    -2.0461664167997114e-07,
    -2.0181622312387362e-07,
    -1.990483564193175e-07,
    -1.9631277579443635e-07,
    -1.9360921506495484e-07,
    -1.9093740700226608e-07,
    -1.882970828676382e-07,
    -1.8568797209801822e-07,
    -1.8310980210501496e-07,
    -1.8056229842872032e-07,
    -1.7804518489001752e-07,
    -1.7555818300652315e-07,
    -1.7310101138468573e-07,
    -1.7067338597272282e-07,
    -1.6827502040541293e-07,
    -1.6590562579107773e-07,
    -1.6356491038163335e-07,
    -1.6125257942918334e-07,
    -1.5896833518915804e-07,
    -1.5671187701595642e-07,
    -1.5448290144772246e-07,
    -1.5228110223778905e-07,
    -1.5010617030104789e-07,
    -1.4795779352408345e-07,
    -1.4583565654176125e-07,
    -1.4373944058144444e-07,
    -1.4166882328990895e-07,
    -1.3962347863943536e-07,
    -1.376030771383023e-07,
    -1.3560728599362635e-07,
    -1.3363576894231248e-07,
    -1.3168818629020976e-07,
    -1.297641952439041e-07,
    -1.2786344977547957e-07,
    -1.2598559975854583e-07,
    -1.241302900986411e-07,
    -1.2229716082885856e-07,
    -1.2048584797055892e-07,
    -1.186959840484156e-07,
    -1.1692719836995007e-07,
    -1.1517911796806717e-07,
    -1.134513685189298e-07,
    -1.1174357411145069e-07,
    -1.1005535699765791e-07,
    -1.0838633846574224e-07,
    -1.0673613953788395e-07,
    -1.0510438038074303e-07,
    -1.0349067915543908e-07,
    -1.0189465152716089e-07,
    -1.0031591119716067e-07,
    -9.87540707679951e-08,
    -9.720874231269026e-08,
    -9.567953731033795e-08,
    -9.41660662564821e-08,
    -9.26679390125511e-08,
    -9.118476536411524e-08,
    -8.971615451517422e-08,
    -8.826171448143388e-08,
    -8.682105223527757e-08,
    -8.539377355675298e-08,
    -8.397948279868377e-08,
    -8.25777835818905e-08,
    -8.118827948414647e-08,
    -7.98105739330998e-08,
    -7.84442699409521e-08,
    -7.708896982329825e-08,
    -7.574427491774349e-08,
    -7.44097860688556e-08,
    -7.308510493463001e-08,
    -7.176983517011039e-08,
    -7.046358301727199e-08,
    -6.916595753405504e-08,
    -6.787657062085209e-08,
    -6.659503690823468e-08,
    -6.532097391457921e-08,
    -6.405400255359574e-08,
    -6.279374749405854e-08,
    -6.153983725164553e-08,
    -6.029190410504301e-08,
    -5.904958393218672e-08,
    -5.78125163648924e-08,
    -5.6580345385099005e-08,
    -5.535271998299668e-08,
    -5.41292944811942e-08,
    -5.29097284851936e-08,
    -5.169368666555324e-08,
    -5.048083858201382e-08,
    -4.927085873866321e-08,
    -4.8063426792763283e-08,
    -4.6858227839501333e-08,
    -4.565495282249257e-08,
    -4.4453298844274925e-08,
    -4.325296904439315e-08,
    -4.205367188076276e-08,
    -4.085512040263564e-08,
    -3.9657032192155756e-08,
    -3.845912953229199e-08,
    -3.726113960758574e-08,
    -3.606279520809991e-08,
    -3.486383576462608e-08,
    -3.366400770719089e-08,
    -3.246306292283585e-08,
    -3.126075566211478e-08,
    -3.0056840049327775e-08,
    -2.885106937919207e-08,
    -2.7643196990172775e-08,
    -2.6432978509280424e-08,
    -2.522017391953994e-08,
    -2.400454752423523e-08,
    -2.278586702469305e-08,
    -2.1563903699830588e-08,
    -2.033843283560913e-08,
    -1.9109233424655982e-08,
    -1.7876087841025577e-08,
    -1.6638781132516585e-08,
    -1.5397099937586087e-08,
    -1.4150832898687162e-08,
    -1.2899772106643855e-08,
    -1.1643713730956619e-08,
    -1.0382458798814714e-08,
    -9.115815566754287e-09,
    -7.843601362251943e-09,
    -6.5656418794191705e-09,
    -5.281769993890483e-09,
    -3.99182390114239e-09,
    -2.695642839579771e-09,
    -1.3930651078748925e-09,
    -8.393087185336846e-11,
    1.2319176779347211e-09,
    2.554641913607203e-09,
    3.884410321852594e-09,
    5.221396278963935e-09,
    6.565775088431878e-09,
    7.91772335729096e-09,
    9.277418790312395e-09,
    1.0645037004024113e-08,
    1.2020743838337375e-08,
    1.3404688188596081e-08,
    1.4797002921781511e-08,
    1.6197812869455693e-08,
    1.760723891615788e-08,
    1.9025391140289715e-08,
    2.0452362270984937e-08,
    2.1888235325357368e-08,
    2.333309452913384e-08,
    2.478702179445427e-08,
    2.625008490692701e-08,
    2.7722333981005642e-08,
    2.9203808445763688e-08,
    3.069454451341563e-08,
    3.2194576798455636e-08,
    3.3703935156580775e-08,
    3.522263963374334e-08,
    3.675069591325109e-08,
    3.8288091306923776e-08,
    3.9834793197032995e-08,
    4.1390754626988886e-08,
    4.2955923857121066e-08,
    4.4530248942064176e-08,
    4.6113677974119856e-08,
    4.770615933951943e-08,
    4.930763903574226e-08,
    5.091805591456712e-08,
    5.2537338637852805e-08,
    5.4165404487772094e-08,
    5.5802162253016945e-08,
    5.744751730817084e-08,
    5.910137273590959e-08,
    6.076362519259368e-08,
    6.243415952248802e-08,
    6.411284861167517e-08,
    6.579955873430998e-08,
    6.749415287474255e-08,
    6.919648628016272e-08,
    7.090639498561119e-08,
    7.26236897420737e-08,
    7.434816957049395e-08,
    7.607963920652674e-08,
    7.781790340579668e-08,
    7.956275044120555e-08,
    8.131394833397072e-08,
    8.307124942479288e-08,
    8.483439758464374e-08,
    8.660313686418815e-08,
    8.837721290081694e-08,
    9.015636436290334e-08,
    9.19403116748658e-08,
    9.372875437901727e-08,
    9.552137862019113e-08,
    9.731786349409207e-08,
    9.911788498460968e-08,
    1.0092111996578419e-07,
    1.0272724507267318e-07,
    1.045359342759894e-07,
    1.063468616458057e-07,
    1.0815970677028989e-07,
    1.0997415893095912e-07,
    1.1178992002116193e-07,
    1.136067075093898e-07,
    1.1542425477729961e-07,
    1.1724231148995802e-07,
    1.1906065070425014e-07,
    1.2087907473041275e-07,
    1.2269740891980555e-07,
    1.2451548720471814e-07,
    1.263331346221096e-07,
    1.2815015090101537e-07,
    1.2996630760781138e-07,
    1.3178136462274477e-07,
    1.335950923569914e-07,
    1.3540728030655864e-07,
    1.372177275744385e-07,
    1.3902623331476262e-07,
    1.4083259969592066e-07,
    1.4263663627493772e-07,
    1.4443815877395547e-07,
    1.462369878470875e-07,
    1.4803294781947497e-07,
    1.498258625519363e-07,
    1.516155569999517e-07,
    1.5340187313935998e-07,
    1.551846831626806e-07,
    1.5696387829272594e-07,
    1.5873934446548503e-07,
    1.6051094934809182e-07,
    1.622785379072885e-07,
    1.6404192502176515e-07,
    1.6580089978426375e-07,
    1.6755524740096395e-07,
    1.693047682623095e-07,
    1.71049286848136e-07,
    1.7278865335044928e-07,
    1.74522736493626e-07,
    1.7625141485625364e-07,
    1.7797457256579843e-07,
    1.7969209643720301e-07,
    1.814038745736663e-07,
    1.8310979494657205e-07,
    1.8480974545911182e-07,
    1.865036199800462e-07,
    1.8819132141219402e-07,
    1.8987275729912115e-07,
    1.915478384139232e-07,
    1.9321647882716623e-07,
    1.9487858994691224e-07,
    1.965340790587094e-07,
    1.9818285993690832e-07,
    1.9982486351307092e-07,
    2.0146003953250027e-07,
    2.0308835064695945e-07,
    2.0470976190613903e-07,
    2.0632422864096423e-07,
    2.0793168731275454e-07,
    2.0953205702064968e-07,
    2.1112524866871592e-07,
    2.1271116496657025e-07,
    2.1428969277112349e-07,
    2.1586070462254048e-07,
    2.1742406641950488e-07,
    2.1897964049842472e-07,
    2.205272856461453e-07,
    2.2206685711359152e-07,
    2.235982050996461e-07,
    2.2512117018061691e-07,
    2.266355818078986e-07,
    2.2814126749091525e-07,
    2.2963806803383904e-07,
    2.311258496610493e-07,
    2.3260451003185925e-07,
    2.340739797201986e-07,
    2.3553421918613737e-07,
    2.369852127576564e-07,
    2.3842696873896675e-07,
    2.398595210768189e-07,
    2.412829188590568e-07,
    2.4269721120801103e-07,
    2.44102438213874e-07,
    2.454986264068368e-07,
    2.468857857333704e-07,
    2.4826390344983977e-07,
    2.496329364783343e-07,
    2.5099281603011615e-07,
    2.5234347060188476e-07,
    2.5368484892992136e-07,
    2.5501692608518863e-07,
    2.5633969888083453e-07,
    2.576531751865955e-07,
    2.589573555937738e-07,
    2.602522211914686e-07,
    2.615377412269784e-07,
    2.628138929879758e-07,
    2.640806755522025e-07,
    2.6533810519743123e-07,
    2.6658620012232954e-07,
    2.678249728117068e-07,
    2.6905443462878737e-07,
    2.702746065239066e-07,
    2.7148552057049893e-07,
    2.726872031441532e-07,
    2.738796642115916e-07,
    2.7506291108775923e-07,
    2.7623697136973355e-07,
    2.7740190212406883e-07,
    2.785577715502828e-07,
    2.7970462990365414e-07,
    2.808425002905064e-07,
    2.8197139243316423e-07,
    2.8309132255922275e-07,
    2.842023225641488e-07,
    2.853044353964929e-07,
    2.8639771505719764e-07,
    2.874822388910967e-07,
    2.885581091857845e-07,
    2.8962543482810577e-07,
    2.9068431598647796e-07,
    2.9173484412669313e-07,
    2.927771097322757e-07,
    2.938112146997653e-07,
    2.9483728636222063e-07,
    2.958554807817984e-07,
    2.9686596746240235e-07,
    2.978689077424376e-07,
    2.9886444392938164e-07,
    2.9985269927483013e-07,
    3.0083378421672073e-07,
    3.0180780107883044e-07,
    3.027748393581232e-07,
    3.0373497730594405e-07,
    3.0468830087156756e-07,
    3.0563491325576054e-07,
    3.0657491603919535e-07,
    3.075083854605613e-07,
    3.084353644302584e-07,
    3.093558560981436e-07,
    3.102698126897597e-07,
    3.1117714186084214e-07,
    3.120777273587741e-07,
    3.1297143539660454e-07,
    3.138581115119014e-07,
    3.1473758846652887e-07,
    3.156097003727949e-07,
    3.1647429354584337e-07,
    3.1733123568496116e-07,
    3.1818041721976835e-07,
    3.1902174178620277e-07,
    3.198551198812414e-07,
    3.206804718644816e-07,
    3.214977324963288e-07,
    3.223068477597833e-07,
    3.231077655545082e-07,
    3.2390043412101186e-07,
    3.2468480814910235e-07,
    3.254608502666397e-07,
    3.2622852488974805e-07,
    3.2698778906934274e-07,
    3.2773859098883057e-07,
    3.2848088514281285e-07,
    3.292146519629089e-07,
    3.2993989921057737e-07,
    3.306566467821878e-07,
    3.313649146201905e-07,
    3.320647182208983e-07,
    3.327560626682983e-07,
    3.3343893369985594e-07,
    3.3411329481217934e-07,
    3.3477909633087096e-07,
    3.354362888747046e-07,
    3.360848292720028e-07,
    3.3672467752793206e-07,
    3.373557938082101e-07,
    3.3797813987285314e-07,
    3.385916805008169e-07,
    3.391963863495744e-07,
    3.3979223825671585e-07,
    3.4037922423338794e-07,
    3.4095733211735696e-07,
    3.4152654664200405e-07,
    3.420868523082072e-07,
    3.426382434180856e-07,
    3.4318073116545183e-07,
    3.437143349095253e-07,
    3.442390749242848e-07,
    3.4475497949188915e-07,
    3.4526208627639056e-07,
    3.457604337288368e-07,
    3.4625005680834044e-07,
    3.4673098839730876e-07,
    3.4720326211434507e-07,
    3.476669122926069e-07,
    3.481219739441259e-07,
    3.485684869283899e-07,
    3.490064931205579e-07,
    3.4943602800373793e-07,
    3.49857126221998e-07,
    3.5026983543887864e-07,
    3.5067421763643975e-07,
    3.510703338258659e-07,
    3.5145822748176293e-07,
    3.518379246108481e-07,
    3.5220944344872157e-07,
    3.5257279995456783e-07,
    3.529280118691411e-07,
    3.532751054486657e-07,
    3.536141248489504e-07,
    3.539451387480502e-07,
    3.5426823614471454e-07,
    3.545835114199011e-07,
    3.548910521861615e-07,
    3.551909446921735e-07,
    3.5548328324960484e-07,
    3.5576816218104606e-07,
    3.5604565976603234e-07,
    3.5631583297057866e-07,
    3.565787268789446e-07,
    3.568343893807783e-07,
    3.570828764579633e-07,
    3.5732424550540446e-07,
    3.575585460576997e-07,
    3.577858158617733e-07,
    3.5800608487103675e-07,
    3.582193831411751e-07,
    3.584257473420077e-07,
    3.586252232990357e-07,
    3.5881786071504716e-07,
    3.590037066256527e-07,
    3.591828105671281e-07,
    3.593552323155074e-07,
    3.5952103667061703e-07,
    3.596802831175331e-07,
    3.5983302199409223e-07,
    3.5997929454143395e-07,
    3.601191355006901e-07,
    3.602525769652585e-07,
    3.6037964584574184e-07,
    3.6050035754143485e-07,
    3.6061471095251214e-07,
    3.6072268606755005e-07,
    3.608242540959979e-07,
    3.609193937440432e-07,
    3.61008092348198e-07,
    3.610903358003152e-07,
    3.6116610477260665e-07,
    3.6123538328962455e-07,
    3.612981672150004e-07,
    3.6135445676984904e-07,
    3.614042454616516e-07,
    3.614475273077656e-07,
    3.614843172510336e-07,
    3.615146605347632e-07,
    3.615386228113577e-07,
    3.6155627678592985e-07,
    3.6156769735973535e-07,
    3.615729651552219e-07,
    3.6157216884548685e-07,
    3.6156539799584023e-07,
    3.6155273712790926e-07,
    3.6153426926845964e-07,
    3.6151008182760184e-07,
    3.614802724258243e-07,
    3.614449535241562e-07,
    3.614042488576438e-07,
    3.613582852212371e-07,
    3.613071901387952e-07,
    3.6125109538175403e-07,
    3.6119014048153405e-07,
    3.611244727473896e-07,
    3.6105424380183893e-07,
    3.609796038008598e-07,
    3.6090069682381296e-07,
    3.608176632419899e-07,
    3.6073064673308985e-07,
    3.606397966411384e-07,
    3.6054525754768026e-07,
    3.604471541911942e-07,
    3.6034559149276286e-07,
    3.6024066618649604e-07,
    3.6013247493649896e-07,
    3.6002111431402797e-07,
    3.5990667266179314e-07,
    3.5978922197140846e-07,
    3.5966881556511167e-07,
    3.595454927038708e-07,
    3.594192912290979e-07,
    3.5929025783881807e-07,
    3.591584468223172e-07,
    3.5902391306485705e-07,
    3.588867096675471e-07,
    3.587468924477297e-07,
    3.5860452100006907e-07,
    3.584596517584359e-07,
    3.583123333612842e-07,
    3.581626065970274e-07,
    3.580105020759363e-07,
    3.5785603904051786e-07,
    3.5769923324154595e-07,
    3.5754011042626296e-07,
    3.5737871524322047e-07,
    3.5721511110268423e-07,
    3.5704936992384176e-07,
    3.5688155967418195e-07,
    3.567117488376423e-07,
    3.5654002440466424e-07,
    3.563664986201738e-07,
    3.561913022681924e-07,
    3.5601457912859925e-07,
    3.5583648384097967e-07,
    3.556571797894059e-07,
    3.5547683927460355e-07,
    3.5529564256506296e-07,
    3.5511376897558816e-07,
    3.549313878886029e-07,
    3.5474865999929874e-07,
    3.5456574314671986e-07,
    3.543827924361272e-07,
    3.5419995575638764e-07,
    3.540173715693551e-07,
    3.538351678234065e-07,
    3.536534608559708e-07,
    3.534723577772428e-07,
    3.532919600291258e-07,
    3.5311236345892395e-07,
    3.529336548759354e-07,
    3.5275590975617397e-07,
    3.5257919227163635e-07,
    3.524035470573155e-07,
    3.5222898034043877e-07,
    3.5205545165728566e-07,
    3.518828868075468e-07,
    3.5171119435317527e-07,
    3.515402761890727e-07,
    3.5137003571414933e-07,
    3.5120037660659387e-07,
    3.5103119225760185e-07,
    3.5086236225692584e-07,
    3.5069375938034686e-07,
    3.505252542132689e-07,
    3.5035671394281025e-07,
    3.5018800001014305e-07,
    3.500189669375244e-07,
    3.4984946688296154e-07,
    3.4967935757663344e-07,
    3.495085033505275e-07,
    3.493367693479611e-07,
    3.491640180568511e-07,
    3.489901103982794e-07,
    3.488149045795476e-07,
    3.4863825383128596e-07,
    3.4846001304359354e-07,
    3.4828004865076446e-07,
    3.4809823846651675e-07,
    3.479144660177204e-07,
    3.4772861824611926e-07,
    3.4754058868139133e-07,
    3.4735028814540097e-07,
    3.471576542724889e-07,
    3.4696264588720755e-07,
    3.4676522886901073e-07,
    3.465653696699798e-07,
    3.46363035328132e-07,
    3.4615819242113983e-07,
    3.459508081402744e-07,
    3.4574085453281104e-07,
    3.455283084939806e-07,
    3.453131475457136e-07,
    3.450953498435881e-07,
    3.448748994171866e-07,
    3.446517892829162e-07,
    3.444260193300053e-07,
    3.441975931889426e-07,
    3.439665161701726e-07,
    3.4373279116367883e-07,
    3.434964125130259e-07,
    3.432573630195443e-07,
    3.430156181324485e-07,
    3.4277115417464215e-07,
    3.425239513985994e-07,
    3.4227398990226825e-07,
    3.4202124558143746e-07,
    3.417656911581473e-07,
    3.415073032085057e-07,
    3.412460711117357e-07,
    3.4098199794191474e-07,
    3.407150904195268e-07,
    3.4044535390064927e-07,
    3.4017280225803843e-07,
    3.398974677008263e-07,
    3.3961940264676087e-07,
    3.393386796520077e-07,
    3.3905538451622423e-07,
    3.3876959962112024e-07,
    3.384813922274721e-07,
    3.381908155472426e-07,
    3.3789791176955365e-07,
    3.3760271310572697e-07,
    3.373052467122731e-07,
    3.3700553958266114e-07,
    3.367036175793592e-07,
    3.363995025270498e-07,
    3.360932122200863e-07,
    3.3578476428006687e-07,
    3.3547418094724737e-07,
    3.3516149000025855e-07,
    3.348467227934114e-07,
    3.345299104018826e-07,
    3.342110750230831e-07,
    3.338902242814097e-07,
    3.3356735792670485e-07,
    3.3324247828124625e-07,
    3.329155930295374e-07,
    3.3258671231694424e-07,
    3.3225584493430577e-07,
    3.319229973479303e-07,
    3.315881764897468e-07,
    3.312513897294953e-07,
    3.30912641109708e-07,
    3.3057192761651545e-07,
    3.3022923456317695e-07,
    3.29884535630366e-07,
    3.295378030461848e-07,
    3.2918901675527294e-07,
    3.2883816157821743e-07,
    3.2848522073174443e-07,
    3.2813017489165666e-07,
    3.277730030947426e-07,
    3.274136836256272e-07,
    3.270521957988841e-07,
    3.266885199306456e-07,
    3.2632263284109736e-07,
    3.2595449984833557e-07,
    3.255840713024606e-07,
    3.252112906721565e-07,
    3.2483610605810773e-07,
    3.244584718909893e-07,
    3.240783427255177e-07,
    3.2369566886811224e-07,
    3.233103964108592e-07,
    3.229224689956023e-07,
    3.225318252898388e-07,
    3.2213839055123176e-07,
    3.217420734167354e-07,
    3.2134277455553846e-07,
    3.209403976668753e-07,
    3.205348535760217e-07,
    3.201260576259352e-07,
    3.1971392466866214e-07,
    3.1929836499918426e-07,
    3.1887928041929453e-07,
    3.184565596252515e-07,
    3.180300761225105e-07,
    3.1759968862105225e-07,
    3.171652391530466e-07,
    3.1672655279333094e-07,
    3.1628344578958487e-07,
    3.158357356926065e-07,
    3.1538324658328667e-07,
    3.149258096588885e-07,
    3.1446325873942253e-07,
    3.1399542452096624e-07,
    3.1352213403284516e-07,
    3.130432136570165e-07,
    3.1255848997989415e-07,
    3.12067788565268e-07,
    3.115709334708008e-07,
    3.110677481184086e-07,
    3.105580574107473e-07,
    3.1004168789424563e-07,
    3.095184623900364e-07,
    3.089881949385041e-07,
    3.084506938656038e-07,
    3.079057682855391e-07,
    3.0735323074480684e-07,
    3.067928984923783e-07,
    3.0622459683055106e-07,
    3.0564816170332575e-07,
    3.0506343741337853e-07,
    3.044702724222298e-07,
    3.0386852089330457e-07,
    3.0325804712236517e-07,
    3.026387230701016e-07,
    3.020104218916082e-07,
    3.0137301652979236e-07,
    3.007263816422519e-07,
    3.000703937420965e-07,
    2.9940493170944556e-07,
    2.987298811830133e-07,
    2.980451400464403e-07,
    2.9735061962572793e-07,
    2.9664624141287316e-07,
    2.9593193311890956e-07,
    2.95207626565413e-07,
    2.9447325811264535e-07,
    2.937287703401627e-07,
    2.9297411269287946e-07,
    2.9220924146858106e-07,
    2.9143412037707585e-07,
    2.9064872082703597e-07,
    2.898530228416009e-07,
    2.8904701811257316e-07,
    2.882307113273929e-07,
    2.874041168382479e-07,
    2.865672548197479e-07,
    2.857201502726055e-07,
    2.8486283410594993e-07,
    2.8399534525161643e-07,
    2.8311773229250053e-07,
    2.822300537324037e-07,
    2.813323779015246e-07,
    2.804247830160304e-07,
    2.795073572179304e-07,
    2.785801984973382e-07,
    2.7764341452075245e-07,
    2.766971225000357e-07,
    2.7574144916958544e-07,
    2.7477653111134565e-07,
    2.738025151735578e-07,
    2.728195583902149e-07,
    2.7182782758787244e-07,
    2.708274991154178e-07,
    2.698187587733572e-07,
    2.688018016257219e-07,
    2.67776831318608e-07,
    2.6674405933002847e-07,
    2.657037046454834e-07,
    2.646559936224101e-07,
    2.6360115987917983e-07,
    2.6253944418628024e-07,
    2.614710942167563e-07,
    2.6039636416311554e-07,
    2.593155142981894e-07,
    2.5822881050521653e-07,
    2.571365238283697e-07,
    2.560389300658709e-07,
    2.5493630930860373e-07,
    2.538289453533548e-07,
    2.527171250875649e-07,
    2.516011379183255e-07,
    2.504812751836646e-07,
    2.493578295510531e-07,
    2.4823109447720004e-07,
    2.4710136372494284e-07,
    2.459689308722211e-07,
    2.4483408874937085e-07,
    2.4369712883125934e-07,
    2.4255834065937045e-07,
    2.4141801129540537e-07,
    2.40276424786266e-07,
    2.3913386170020394e-07,
    2.3799059878350323e-07,
    2.3684690861592214e-07,
    2.3570305919014352e-07,
    2.3455931351059564e-07,
    2.334159292850854e-07,
    2.3227315873607404e-07,
    2.311312483707076e-07,
    2.2999043865491225e-07,
    2.2885096395308763e-07,
    2.277130525534272e-07,
    2.265769263807026e-07,
    2.254428007783345e-07,
    2.243108843374557e-07,
    2.2318137862694103e-07,
    2.2205447844266696e-07,
    2.2093037243262688e-07,
    2.1980924327647567e-07,
    2.1869126734827798e-07,
    2.1757661420755141e-07,
    2.164654461965401e-07,
    2.153579185454076e-07,
    2.1425417995929607e-07,
    2.1315437286270947e-07,
    2.1205863303319114e-07,
    2.1096708963476688e-07,
    2.0987986608671684e-07,
    2.0879708055432145e-07,
    2.077188453537698e-07,
    2.0664526633116955e-07,
    2.0557644309138396e-07,
    2.045124695917006e-07,
    2.034534343996201e-07,
    2.0239942078109347e-07,
    2.0135050716121078e-07,
    2.0030676759346926e-07,
    1.9926827129626416e-07,
    1.982350816060876e-07,
    1.972072555684148e-07,
    1.9618484447685781e-07,
    1.9516789480980183e-07,
    1.9415644840463607e-07,
    1.931505415622809e-07,
    1.921502046289266e-07,
    1.9115546264933146e-07,
    1.9016633592717773e-07,
    1.8918284019646115e-07,
    1.8820498698979793e-07,
    1.872327842031358e-07,
    1.86266236560594e-07,
    1.8530534587959582e-07,
    1.8435011162763324e-07,
    1.834005321624645e-07,
    1.824566057687641e-07,
    1.8151833041256553e-07,
    1.8058570222014347e-07,
    1.7965871415662222e-07,
    1.7873735627300186e-07,
    1.7782161634274913e-07,
    1.7691147971507242e-07,
    1.7600692936100436e-07,
    1.7510794621026227e-07,
    1.7421450909973714e-07,
    1.7332659519784936e-07,
    1.7244418118593885e-07,
    1.7156724385422158e-07,
    1.7069575993020368e-07,
    1.6982970590944987e-07,
    1.6896905798355177e-07,
    1.6811379196982724e-07,
    1.6726388315082013e-07,
    1.6641930629974056e-07,
    1.655800360730691e-07,
    1.6474604730606453e-07,
    1.6391731521080189e-07,
    1.6309381557182022e-07,
    1.6227552484851609e-07,
    1.614624206310462e-07,
    1.6065448244494178e-07,
    1.59851692366802e-07,
    1.5905403510595923e-07,
    1.5826149704059834e-07,
    1.5747406474660334e-07,
    1.5669172467675576e-07,
    1.5591446397260552e-07,
    1.551422709229079e-07,
    1.5437513481438858e-07,
    1.536130460413016e-07,
    1.5285599672753482e-07,
    1.5210398142986703e-07,
    1.513569974994288e-07,
    1.50615045022447e-07,
    1.498781268521308e-07,
    1.4914624915517152e-07,
    1.484194219665163e-07,
    1.4769765857090964e-07,
    1.4698097269099163e-07,
    1.462693744841715e-07,
    1.4556286855952155e-07,
    1.4486145579793778e-07,
    1.4416513635338554e-07,
    1.434739095163077e-07,
    1.4278777069382256e-07,
    1.4210670931830351e-07,
    1.4143070861733404e-07,
    1.407597463949111e-07,
    1.4009379740127592e-07,
    1.3943283668772155e-07,
    1.387768417598413e-07,
    1.3812579329295918e-07,
    1.3747967593178142e-07,
    1.3683847926533298e-07,
    1.3620219764502352e-07,
    1.355708291808179e-07,
    1.3494437558631767e-07,
    1.343228427922595e-07,
    1.3370624056454666e-07,
    1.3309458051953115e-07,
    1.324878749754514e-07,
    1.3188613844134892e-07,
    1.3128938973765094e-07,
    1.306976526171863e-07,
    1.3011095414620677e-07,
    1.2952932165030853e-07,
    1.2895278100034623e-07,
    1.283813568005963e-07,
    1.2781507284497511e-07,
    1.272539517621852e-07,
    1.2669801336009603e-07,
    1.2614727282678955e-07,
    1.2560174036235717e-07,
    1.2506142333594836e-07,
    1.2452632981751246e-07,
    1.2399646866715745e-07,
    1.2347184580239397e-07,
    1.2295246201473335e-07,
    1.2243831333889124e-07,
    1.219293911325155e-07,
    1.2142568167394131e-07,
    1.2092716704907368e-07,
    1.204338285547129e-07,
    1.199456512715456e-07,
    1.1946262682615865e-07,
    1.189847540142037e-07,
    1.1851203834292709e-07,
    1.1804448961271811e-07,
    1.1758211861290315e-07,
    1.1712493666671337e-07,
    1.1667295672849854e-07,
    1.1622619226398682e-07,
    1.1578465524072003e-07,
    1.1534835491009592e-07,
    1.1491729664887221e-07,
    1.1449148121026966e-07,
    1.1407090484781036e-07,
    1.1365555966927527e-07,
    1.1324543366232562e-07,
    1.1284051049664845e-07,
    1.1244076990540693e-07,
    1.1204618923968284e-07,
    1.1165674599247542e-07,
    1.1127242132201408e-07,
    1.1089320294582418e-07,
    1.1051908358835582e-07,
    1.1015005605970665e-07,
    1.0978611038433946e-07,
    1.0942723350661516e-07,
    1.0907340910580671e-07,
    1.0872461778049061e-07,
    1.0838083809981724e-07,
    1.0804204729929046e-07,
    1.0770822086601186e-07,
    1.0737933224435192e-07,
    1.0705535404705267e-07,
    1.0673625940515527e-07,
    1.0642202091971427e-07,
    1.0611260832439731e-07,
    1.0580798803351772e-07,
    1.0550812434654067e-07,
    1.0521298027744764e-07,
    1.0492251774611145e-07,
    1.0463669802891916e-07,
    1.0435548259933331e-07,
    1.0407883279863067e-07,
    1.0380670819738557e-07,
    1.0353906598775557e-07,
    1.0327586193752918e-07,
    1.0301705134616161e-07,
    1.0276258895277121e-07,
    1.0251242779000763e-07,
    1.0226651816347525e-07,
    1.0202480820486885e-07,
    1.0178724587002015e-07,
    1.0155378146186323e-07,
    1.0132437028695509e-07,
    1.0109897361028359e-07,
    1.0087755632634679e-07,
    1.0066008343831984e-07,
    1.0044651784198838e-07,
    1.0023681968615013e-07,
    1.0003094652528006e-07,
    9.982885466357772e-08,
    9.963050287924019e-08,
    9.943585549087516e-08,
    9.924488120009538e-08,
    9.90575502181573e-08,
    9.887383258052283e-08,
    9.869369751868897e-08,
    9.85171134953136e-08,
    9.834404863893602e-08,
    9.817447171092082e-08,
    9.800835294187398e-08,
    9.784566367818714e-08,
    9.768637576683656e-08,
    9.753046173770816e-08,
    9.737789498896794e-08,
    9.722864918308456e-08,
    9.708269751629032e-08,
    9.694001265349038e-08,
    9.680056719369168e-08,
    9.666433374474528e-08,
    9.653128382675024e-08,
    9.640138704943142e-08,
    9.627461289949249e-08,
    9.615093406754679e-08,
    9.603032806364975e-08,
    9.591277624575147e-08,
    9.579826158387703e-08,
    9.568676671185373e-08,
    9.557827366126991e-08,
    9.547276550355033e-08,
    9.537022810130884e-08,
    9.527064995617391e-08,
    9.517402105820993e-08,
    9.508033287488498e-08,
    9.498957872087914e-08,
    9.490175362962228e-08,
    9.481685520581188e-08,
    9.473488496012907e-08,
    9.465584816835431e-08,
    9.45797530051685e-08,
    9.450661041669278e-08,
    9.443643543676954e-08,
    9.436924992897435e-08,
    9.430508376134437e-08,
    9.424397264220141e-08,
    9.418595550103189e-08,
    9.41310728386616e-08,
    9.407936555452045e-08,
    9.403087507634326e-08,
    9.398564419212192e-08,
    9.394371739184723e-08,
    9.390514143451284e-08,
    9.386996722091391e-08,
    9.383825383881555e-08,
    9.381007266784682e-08,
    9.378550661463019e-08,
    9.376464548174176e-08,
    9.374758296726121e-08,
    9.373441641618678e-08,
    9.372524780273643e-08,
    9.372018447745257e-08,
    9.37193385223992e-08,
    9.372282594903517e-08,
    9.373076715976432e-08,
    9.37432878102684e-08,
    9.376051930527847e-08,
    9.378259946524042e-08,
    9.380967337109547e-08,
    9.384189339065617e-08,
    9.387941817205571e-08,
    9.392241185939626e-08,
    9.397104430540836e-08,
    9.402549143060527e-08,
    9.40859347799615e-08,
    9.415256069428999e-08,
    9.422556078747327e-08,
    9.430513423507415e-08,
    9.439148935503213e-08,
    9.44848429254906e-08,
    9.458541905780781e-08,
    9.469344912452198e-08,
    9.480917184041813e-08,
    9.493283202147818e-08,
    9.50646789794929e-08,
    9.520496607213823e-08,
    9.535395038322396e-08,
    9.551189265327881e-08,
    9.567905984768525e-08,
    9.58557291091868e-08,
    9.604218802138772e-08,
    9.623873092639766e-08,
    9.644565625758493e-08,
    9.666326654626008e-08,
    9.689186972714231e-08,
    9.713178134621774e-08,
    9.738332710302258e-08,
    9.764684316016987e-08,
    9.79226723092059e-08,
    9.821115965242326e-08,
    9.851265085706522e-08,
    9.882749051864679e-08,
    9.91560222309974e-08,
    9.94985932995592e-08,
    9.985555812141253e-08,
    1.0022727675350546e-07,
    1.0061411444487892e-07,
    1.0101644368018563e-07,
    1.0143464482762312e-07,
    1.018691046296763e-07,
    1.0232021450520544e-07,
    1.0278836983792288e-07,
    1.0327397045777272e-07,
    1.0377742185507624e-07,
    1.0429913445402584e-07,
    1.0483951999049377e-07,
    1.0539899048639649e-07,
    1.0597796396093987e-07,
    1.0657686996208158e-07,
    1.071961451648162e-07,
    1.0783622002348149e-07,
    1.0849750821208913e-07,
    1.0918040831257677e-07,
    1.0988531118878907e-07,
    1.1061260263054065e-07,
    1.1136266462679758e-07,
    1.121358799071181e-07,
    1.1293263595576037e-07,
    1.1375332632108911e-07,
    1.1459834868902939e-07,
    1.1546809928020459e-07,
    1.1636297154707684e-07,
    1.172833619601059e-07,
    1.1822967125215723e-07,
    1.1920230084712382e-07,
    1.202016542963312e-07,
    1.212281443316953e-07,
    1.2228220213601012e-07,
    1.2336428168811136e-07,
    1.2447485410485392e-07,
    1.2561439673748785e-07,
    1.2678338419895753e-07,
    1.2798228318871876e-07,
    1.2921154319683364e-07,
    1.3047158118063183e-07,
    1.3176277377396453e-07,
    1.330854670340009e-07,
    1.34439994576917e-07,
    1.3582668800802688e-07,
    1.3724588684872904e-07,
    1.3869795948328476e-07,
    1.401833133740261e-07,
    1.4170237680373214e-07,
    1.432555726284671e-07,
    1.448433071588707e-07,
    1.4646596903501383e-07,
    1.4812391612100315e-07,
    1.498174569003855e-07,
    1.51546859855331e-07,
    1.533123781683509e-07,
    1.5511425889395725e-07,
    1.5695275344994022e-07,
    1.5882813131617696e-07,
    1.6074067586115922e-07,
    1.6269067741499924e-07,
    1.6467843694438433e-07,
    1.6670426992315586e-07,
    1.687685106646764e-07,
    1.7087152309082013e-07,
    1.7301370598327124e-07,
    1.75195476423636e-07,
    1.7741724562558798e-07,
    1.7967941255880165e-07,
    1.8198236679091108e-07,
    1.8432647763239495e-07,
    1.867120684001234e-07,
    1.8913939239677234e-07,
    1.9160863299064865e-07,
    1.9411992225183296e-07,
    1.9667333794576725e-07,
    1.9926888159469469e-07,
    2.0190648707776676e-07,
    2.0458606977013105e-07,
    2.073075828568909e-07,
    2.1007105255392586e-07,
    2.1287658212776788e-07,
    2.1572433067737853e-07,
    2.1861449071273837e-07,
    2.2154727281407344e-07,
    2.2452288453440887e-07,
    2.2754151728676913e-07,
    2.3060334610414966e-07,
    2.3370851969182787e-07,
    2.3685715507888796e-07,
    2.400493515145436e-07,
    2.4328517967409093e-07,
    2.465646452658869e-07,
    2.4988769752046604e-07,
    2.53254269051833e-07,
    2.566642589888674e-07,
    2.6011745615126e-07,
    2.636134916677097e-07,
    2.6715187260862644e-07,
    2.7073204513673197e-07,
    2.743534266759638e-07,
    2.7801541113222515e-07,
    2.817173745209315e-07,
    2.854586866797557e-07,
    2.892387055531693e-07,
    2.930567414158613e-07,
    2.969120199631962e-07,
    3.008036869204422e-07,
    3.04730855764894e-07,
    3.086926444589919e-07,
    3.126881635207946e-07,
    3.1671647247228e-07,
    3.2077654151270385e-07,
    3.2486725053724584e-07,
    3.2898742660321813e-07,
    3.331359081019422e-07,
    3.3731162981492884e-07,
    3.4151368383119064e-07,
    3.457413167368141e-07,
    3.4999388761474564e-07,
    3.542707982712839e-07,
    3.585713811094214e-07,
    3.6289481805547817e-07,
    3.6724017301690063e-07,
    3.7160645893515915e-07,
    3.7599264462629095e-07,
    3.803976413814558e-07,
    3.8482031010209456e-07,
    3.892594476608532e-07,
    3.9371373150208723e-07,
    3.981816849215469e-07,
    4.0266171213864034e-07,
    4.071521546576265e-07,
    4.116513130244953e-07,
    4.161574547255273e-07,
    4.2066882907800534e-07,
    4.2518367516957583e-07,
    4.29700222857586e-07,
    4.3421670755433716e-07,
    4.3873139867699193e-07,
    4.432425867726919e-07,
    4.477485228890366e-07,
    4.522473927062057e-07,
    4.567373522204397e-07,
    4.6121656977762484e-07,
    4.6568322719919047e-07,
    4.7013549413425537e-07,
    4.7457152936525335e-07,
    4.78989521653599e-07,
    4.833877427083988e-07,
    4.877645859064656e-07,
    4.921185654485366e-07,
    4.9644828339344e-07,
    5.007524227783789e-07,
    5.050297854445599e-07,
    5.092792853014065e-07,
    5.134998599642543e-07,
    5.176904088111224e-07,
    5.218498008643797e-07,
    5.259768827589261e-07,
    5.300704741660115e-07,
    5.341293876398052e-07,
    5.381524661736638e-07,
    5.421385958707602e-07,
    5.460866824575982e-07,
    5.499956341727841e-07,
    5.53864374483533e-07,
    5.576918603294136e-07,
    5.614770939441425e-07,
    5.652191568688758e-07,
    5.689172544461937e-07,
    5.725707142396355e-07,
    5.761789508739861e-07,
    5.797414209354407e-07,
    5.832575571780293e-07,
    5.867267153622225e-07,
    5.901481821747633e-07,
    5.935212367104543e-07,
    5.96845199598326e-07,
    6.001194330114676e-07,
    6.033433196483451e-07,
    6.065162373885746e-07,
    6.096375298075444e-07,
    6.127064929363172e-07,
    6.157223926047149e-07,
    6.186844911918207e-07,
    6.215920538747838e-07,
    6.24444344787829e-07,
    6.272406422227195e-07,
    6.299802764748141e-07,
    6.326626659425502e-07,
    6.352873151437859e-07,
    6.378537765933333e-07,
    6.403616099593326e-07,
    6.428103736434258e-07,
    6.451996728577143e-07,
    6.475292143597458e-07,
    6.497988121233963e-07,
    6.520083674679552e-07,
    6.541578461001116e-07,
    6.562472481139771e-07,
    6.582765792817564e-07,
    6.602458355242885e-07,
    6.621549960654874e-07,
    6.640040207779008e-07,
    6.657928665832621e-07,
    6.675215108223054e-07,
    6.691899439695264e-07,
    6.707981441427893e-07,
    6.723460779599948e-07,
    6.738337229425968e-07,
    6.75261061151335e-07,
    6.766280453452607e-07,
    6.779346005424033e-07,
    6.791806593404414e-07,
    6.803661661164151e-07,
    6.814910516139487e-07,
    6.825552309921146e-07,
    6.835586271762703e-07,
    6.845011897259068e-07,
    6.853829062515479e-07,
    6.86203812940818e-07,
    6.869639986054872e-07,
    6.87663594317118e-07,
    6.883027606909185e-07,
    6.888816922013982e-07,
    6.894006293604375e-07,
    6.89859862150008e-07,
    6.902597354645662e-07,
    6.90600656847408e-07,
    6.908830766622657e-07,
    6.911074496411813e-07,
    6.912742155796469e-07,
    6.913837957556069e-07,
    6.914365942023225e-07,
    6.914330124394419e-07,
    6.913734700098466e-07,
    6.912584127138585e-07,
    6.910883072938369e-07,
    6.90863638357414e-07,
    6.905849198163149e-07,
    6.90252703752948e-07,
    6.898675610435796e-07,
    6.894300531857476e-07,
    6.889407307576479e-07,
    6.884001491263053e-07,
    6.878088775881568e-07,
    6.871674952702256e-07,
    6.864765784280121e-07,
    6.857366954026236e-07,
    6.849484155497993e-07,
    6.841123209054676e-07,
    6.832290120735799e-07,
    6.822991041454766e-07,
    6.813232089441814e-07,
    6.803019168796539e-07,
    6.792357980778923e-07,
    6.781254125487958e-07,
    6.769713110726803e-07,
    6.757740330858774e-07,
    6.745341128949218e-07,
    6.732520920974275e-07,
    6.719285283964262e-07,
    6.705639984383635e-07,
    6.691590978496893e-07,
    6.677144352339214e-07,
    6.662306229633314e-07,
    6.647082744544619e-07,
    6.63148007387937e-07,
    6.615504477388537e-07,
    6.599162323512818e-07,
    6.582460060464442e-07,
    6.565404127365255e-07,
    6.54800091143953e-07,
    6.530256797882683e-07,
    6.512178216400693e-07,
    6.493771654489944e-07,
    6.475043678004273e-07,
    6.456000949821226e-07,
    6.436650228926831e-07,
    6.416998377008995e-07,
    6.39705236475105e-07,
    6.376819228738234e-07,
    6.356306030292476e-07,
    6.335519856934512e-07,
    6.314467794068008e-07,
    6.293156875403777e-07,
    6.271594109230728e-07,
    6.249786581385304e-07,
    6.227741516190867e-07,
    6.205466202860061e-07,
    6.182967872156469e-07,
    6.160253679840426e-07,
    6.137330788889254e-07,
    6.114206421316578e-07,
    6.090887807325476e-07,
    6.067382076665612e-07,
    6.043696181190497e-07,
    6.019836870214534e-07,
    5.995810702276034e-07,
    5.971624084382316e-07,
    5.947283325001525e-07,
    5.922794683257157e-07,
    5.898164377907224e-07,
    5.873398563930605e-07,
    5.848503335758336e-07,
    5.823484731216428e-07,
    5.798348691066708e-07,
    5.773101030236729e-07,
    5.747747463128471e-07,
    5.722293646158397e-07,
    5.696745185893952e-07,
    5.671107601890015e-07,
    5.645386287270983e-07,
    5.619586502190097e-07,
    5.593713389185477e-07,
    5.567772008021715e-07,
    5.541767388686372e-07,
    5.515704549467428e-07,
    5.489588462406849e-07,
    5.463424009200894e-07,
    5.437215943972258e-07,
    5.410968884291028e-07,
    5.384687343443271e-07,
    5.358375757597018e-07,
    5.332038486231904e-07,
    5.305679812362516e-07,
    5.279303949784176e-07,
    5.252915036633999e-07,
    5.226517115923176e-07,
    5.200114136656056e-07,
    5.173709974557846e-07,
    5.147308432887758e-07,
    5.120913218134724e-07,
    5.09452792613883e-07,
    5.068156059340079e-07,
    5.041801055223955e-07,
    5.015466304373936e-07,
    4.989155161655343e-07,
    4.962870951218275e-07,
    4.936616960083314e-07,
    4.910396429284983e-07,
    4.884212551035468e-07,
    4.858068463536091e-07,
    4.831967232883636e-07,
    4.80591183317544e-07,
    4.779905145702226e-07,
    4.7539499686537925e-07,
    4.728049011377133e-07,
    4.7022048788130777e-07,
    4.676420071388123e-07,
    4.6506969996526275e-07,
    4.6250379935604446e-07,
    4.5994452994594627e-07,
    4.5739210771495347e-07,
    4.5484674040760475e-07,
    4.523086272657933e-07,
    4.4977795764464167e-07,
    4.472549105732272e-07,
    4.4473965653552146e-07,
    4.422323604765804e-07,
    4.397331838225445e-07,
    4.3724228470863347e-07,
    4.347598181836344e-07,
    4.322859368306312e-07,
    4.2982079035074705e-07,
    4.2736452455323664e-07,
    4.2491728098956827e-07,
    4.224791971997634e-07,
    4.2005040695475626e-07,
    4.176310401053063e-07,
    4.152212233792665e-07,
    4.128210826676246e-07,
    4.1043074412144473e-07,
    4.0805033298374956e-07,
    4.0567997191289036e-07,
    4.033197793751171e-07,
    4.0096986809360526e-07,
    3.986303444414085e-07,
    3.9630130909685473e-07,
    3.939828583814386e-07,
    3.916750857279277e-07,
    3.893780825875074e-07,
    3.8709193811333533e-07,
    3.8481673884628507e-07,
    3.8255256976160284e-07,
    3.8029951496613634e-07,
    3.780576568813237e-07,
    3.7582707544611973e-07,
    3.7360784783950885e-07,
    3.714000482123104e-07,
    3.6920374726637115e-07,
    3.6701901152326633e-07,
    3.6484590324422904e-07,
    3.626844813088726e-07,
    3.605348012899175e-07,
    3.583969148906206e-07,
    3.5627087079590374e-07,
    3.541567162895367e-07,
    3.520544976056737e-07,
    3.499642590425123e-07,
    3.4788604194011733e-07,
    3.4581988428609693e-07,
    3.437658210870681e-07,
    3.4172388503633287e-07,
    3.39694107020473e-07,
    3.3767651557388314e-07,
    3.356711352964942e-07,
    3.336779866252202e-07,
    3.3169708753314107e-07,
    3.2972845491147445e-07,
    3.277721046106909e-07,
    3.2582805089592895e-07,
    3.2389630663705716e-07,
    3.2197688408127085e-07,
    3.200697947511683e-07,
    3.1817504876590756e-07,
    3.1629265431545204e-07,
    3.144226171405406e-07,
    3.1256494058893916e-07,
    3.107196256731698e-07,
    3.08886669843941e-07,
    3.0706606619580107e-07,
    3.0525780480632793e-07,
    3.034618746300088e-07,
    3.016782643860733e-07,
    2.9990696259380285e-07,
    2.9814795704688836e-07,
    2.9640123401165677e-07,
    2.946667775709643e-07,
    2.9294456939115937e-07,
    2.9123458932661545e-07,
    2.8953681629954354e-07,
    2.8785122833949926e-07,
    2.8617780248238675e-07,
    2.8451651522585564e-07,
    2.8286734270640106e-07,
    2.8123026046043554e-07,
    2.7960524304862345e-07,
    2.7799226326691937e-07,
    2.763912914969201e-07,
    2.748022960227102e-07,
    2.732252436215553e-07,
    2.7166009918760475e-07,
    2.7010682480454667e-07,
    2.68565379506913e-07,
    2.6703571959023095e-07,
    2.6551779905498495e-07,
    2.6401157073086717e-07,
    2.625169876691345e-07,
    2.6103400343680676e-07,
    2.59562571454726e-07,
    2.581026440662094e-07,
    2.566541716086643e-07,
    2.5521710243906736e-07,
    2.537913836382582e-07,
    2.5237696103326804e-07,
    2.509737793527011e-07,
    2.495817834635966e-07,
    2.482009190636615e-07,
    2.4683113202045396e-07,
    2.454723678477711e-07,
    2.441245717236968e-07,
    2.427876881048201e-07,
    2.414616599375139e-07,
    2.401464284082515e-07,
    2.3884193376737046e-07,
    2.375481164174234e-07,
    2.3626491692615627e-07,
    2.3499227510262967e-07,
    2.3373012987723211e-07,
    2.3247842064974766e-07,
    2.312370885000439e-07,
    2.300060761969992e-07,
    2.2878532794279358e-07,
    2.2757478938628766e-07,
    2.2637440684070516e-07,
    2.2518412530696555e-07,
    2.24003886897907e-07,
    2.2283363099002357e-07,
    2.2167329503733005e-07,
    2.205228147192853e-07,
    2.1938212448243532e-07,
    2.1825115913571078e-07,
    2.171298547798059e-07,
    2.160181485463589e-07,
    2.1491597860162063e-07,
    2.138232845463081e-07,
    2.1274000702738776e-07,
    2.1166608721983537e-07,
    2.1060146775345144e-07,
    2.0954609390214754e-07,
    2.084999132008399e-07,
    2.0746287414772448e-07,
    2.0643492530187894e-07,
    2.0541601503651495e-07,
    2.0440609155391762e-07,
    2.034051031618162e-07,
    2.024129988113936e-07,
    2.0142972784921569e-07,
    2.0045523832793258e-07,
    1.9948947544724247e-07,
    1.9853238208882798e-07,
    1.9758390065762763e-07,
    1.9664397426524247e-07,
    1.957125467345914e-07,
    1.947895622124326e-07,
    1.938749653045181e-07,
    1.929687013411536e-07,
    1.9207071612052395e-07,
    1.9118095526096568e-07,
    1.9029936342320542e-07,
    1.8942588392348888e-07,
    1.885604592572656e-07,
    1.8770303214099012e-07,
    1.8685354629082337e-07,
    1.8601194706941893e-07,
    1.8517818174317513e-07,
    1.8435219870209276e-07,
    1.835339468108327e-07,
    1.8272337605789147e-07,
    1.819204388536673e-07,
    1.8112509094159212e-07,
    1.8033729179533774e-07,
    1.7955700476296433e-07,
    1.7878419643727498e-07,
    1.7801883511751524e-07,
    1.7726088952773264e-07,
    1.7651032870404517e-07,
    1.7576712266511622e-07,
    1.7503124256189546e-07,
    1.7430265964787446e-07,
    1.7358134437522742e-07,
    1.7286726680011298e-07,
    1.7216039738370533e-07,
    1.7146070713731603e-07,
    1.707681671063695e-07,
    1.7008274758478338e-07,
    1.6940441798761943e-07,
    1.687331479193193e-07,
    1.6806890838115787e-07,
    1.6741167218692523e-07,
    1.6676141384828267e-07,
    1.6611810892247095e-07,
    1.6548173281586542e-07,
    1.6485226011681192e-07,
    1.6422966513837346e-07,
    1.6361392287107747e-07,
    1.630050098099774e-07,
    1.6240290465536244e-07,
    1.618075884755934e-07,
    1.6121904460201126e-07,
    1.606372586632078e-07,
    1.6006221792747287e-07,
    1.5949391008353646e-07,
    1.5893232326296558e-07,
    1.5837744718065256e-07,
    1.578292733054259e-07,
    1.572877939062117e-07,
    1.5675300151089984e-07,
    1.56224889210801e-07,
    1.557034511123493e-07,
    1.551886825093159e-07,
    1.5468057976869843e-07,
    1.541791397755202e-07,
    1.5368435907256356e-07,
    1.5319623342443811e-07,
    1.5271475796169825e-07,
    1.5223992717383357e-07,
    1.517717347518954e-07,
    1.5131017387911852e-07,
    1.5085523767547415e-07,
    1.5040691934509827e-07,
    1.499652120178427e-07,
    1.4953010811949352e-07,
    1.491015988843412e-07,
    1.486796751088914e-07,
    1.4826432838904476e-07,
    1.4785555191321596e-07,
    1.4745334095751948e-07,
    1.4705769193881914e-07,
    1.466685999891731e-07,
    1.4628605810578755e-07,
    1.459100593951983e-07,
    1.4554059969598868e-07,
    1.4517767726812227e-07,
    1.4482129047050495e-07,
    1.444714369036424e-07,
    1.4412811456661758e-07,
    1.4379132356358928e-07,
    1.4346106751817084e-07,
    1.431373538090252e-07,
    1.4282019312109383e-07,
    1.4250959934303114e-07,
    1.4220558873349777e-07,
    1.4190817797090276e-07,
    1.416173832431068e-07,
    1.4133322133737483e-07,
    1.4105571018950332e-07,
    1.4078486756479185e-07,
    1.4052071046807763e-07,
    1.4026325606448225e-07,
    1.4001252184170615e-07,
    1.397685245971937e-07,
    1.3953127998950893e-07,
    1.3930080348238644e-07,
    1.390771111086765e-07,
    1.3886021881990953e-07,
    1.3865014224231138e-07,
    1.3844689789680465e-07,
    1.3825050403257073e-07,
    1.380609804234127e-07,
    1.378783479377268e-07,
    1.3770262786216492e-07,
    1.375338411962234e-07,
    1.3737200859711532e-07,
    1.372171510109035e-07,
    1.3706929009277172e-07,
    1.3692844770095404e-07,
    1.367946453760164e-07,
    1.3666790501156633e-07,
    1.3654825054088135e-07,
    1.3643570971074656e-07,
    1.3633031493777022e-07,
    1.3623210293792043e-07,
    1.3614111435527396e-07,
    1.360573941640475e-07,
    1.359809912743379e-07,
    1.3591195593541554e-07,
    1.358503367303873e-07,
    1.3579618020929993e-07,
    1.357495318852612e-07,
    1.3571043495567085e-07,
    1.3567892839826672e-07,
    1.3565504794297747e-07,
    1.3563882858774933e-07,
    1.3563030571774004e-07,
    1.3562951442879986e-07,
    1.3563648947262976e-07,
    1.356512671225272e-07,
    1.3567388547679927e-07,
    1.3570438215466903e-07,
    1.357427932271683e-07,
    1.357891534196993e-07,
    1.3584349563212878e-07,
    1.3590585008126073e-07,
    1.3597624411930767e-07,
    1.360547046099196e-07,
    1.3614126115030057e-07,
    1.362359457184547e-07,
    1.3633878966975426e-07,
    1.3644982133121335e-07,
    1.365690642205938e-07,
    1.366965355632363e-07,
    1.3683224553362086e-07,
    1.3697619769739263e-07,
    1.3712839200014506e-07,
    1.372888300332838e-07,
    1.3745751973124716e-07,
    1.376344764163496e-07,
    1.378197195080836e-07,
    1.380132695462603e-07,
    1.382151491260006e-07,
    1.3842538383817305e-07,
    1.3864399999388424e-07,
    1.3887102225353827e-07,
    1.3910647450215147e-07,
    1.3935038072189647e-07,
    1.396027614325063e-07,
    1.3986362999327302e-07,
    1.4013299329233995e-07,
    1.404108534774857e-07,
    1.4069720928845048e-07,
    1.409920585379464e-07,
    1.4129540017345572e-07,
    1.4160723370688727e-07,
    1.4192755696899206e-07,
    1.4225636717176945e-07,
    1.4259366599804096e-07,
    1.4293946144010398e-07,
    1.4329376330504163e-07,
    1.4365657853478048e-07,
    1.4402791232348627e-07,
    1.444077710632763e-07,
    1.447961604746154e-07,
    1.451930824455119e-07,
    1.4559853294131828e-07,
    1.460124978616276e-07,
    1.4643495269613094e-07,
    1.4686587008480453e-07,
    1.4730522634771534e-07,
    1.4775300158268835e-07,
    1.4820917775554948e-07,
    1.4867373879589378e-07,
    1.4914667280972158e-07,
    1.496279722274807e-07,
    1.5011762672267595e-07,
    1.5061561366376374e-07,
    1.511218962856647e-07,
    1.5163642921882346e-07,
    1.5215916502255362e-07,
    1.5269005795133618e-07,
    1.5322906325876408e-07,
    1.5377613653037747e-07,
    1.5433123614210208e-07,
    1.5489432420396357e-07,
    1.5546536597443882e-07,
    1.5604433006695263e-07,
    1.5663118448999975e-07,
    1.5722588837711251e-07,
    1.5782838763041645e-07,
    1.58438613752259e-07,
    1.590564791830915e-07,
    1.5968187429240068e-07,
    1.6031467218022399e-07,
    1.609547336155932e-07,
    1.6160190862550723e-07,
    1.6225604086424223e-07,
    1.6291697299762093e-07,
    1.6358454769867903e-07,
    1.6425860503004702e-07,
    1.649389807056178e-07,
    1.6562550616064873e-07,
    1.663180067552215e-07,
    1.67016299968287e-07,
    1.6772019638952509e-07,
    1.6842950264438328e-07,
    1.6914402534262637e-07,
    1.6986357030027307e-07,
    1.7058793599566417e-07,
    1.7131690983833126e-07,
    1.7205027020365452e-07,
    1.727877884990167e-07,
    1.7352922736432432e-07,
    1.7427433789349434e-07,
    1.750228597898241e-07,
    1.757745244883318e-07,
    1.7652905436783291e-07,
    1.772861521243271e-07,
    1.7804549114494694e-07,
    1.788067177566863e-07,
    1.7956945943558421e-07,
    1.8033333301802597e-07,
    1.8109794897516253e-07,
    1.8186290981916734e-07,
    1.8262781143862017e-07,
    1.8339224639520106e-07,
    1.8415579855973065e-07,
    1.8491803687995665e-07,
    1.856785159868997e-07,
    1.864367768669619e-07,
    1.871923503271763e-07,
    1.8794476598140766e-07,
    1.8869355734773327e-07,
    1.8943826040499702e-07,
    1.901784086271142e-07,
    1.909135282080997e-07,
    1.9164314139669687e-07,
    1.923667758750576e-07,
    1.9308397118548652e-07,
    1.9379428061122306e-07,
    1.9449726796497028e-07,
    1.9519250200987798e-07,
    1.9587955522181747e-07,
    1.9655800747968742e-07,
    1.9722745273956498e-07,
    1.9788750384645938e-07,
    1.985377886351357e-07,
    1.9917794235495761e-07,
    1.9980760647015761e-07,
    2.0042643347297884e-07,
    2.010340914600099e-07,
    2.0163026417306452e-07,
    2.0221464818161067e-07,
    2.0278695159635446e-07,
    2.0334689357712922e-07,
    2.0389420385396788e-07,
    2.0442862295121476e-07,
    2.0494990113296046e-07,
    2.0545779738229344e-07,
    2.0595207850278024e-07,
    2.064325164495307e-07,
    2.0689888938488222e-07,
    2.0735098745835266e-07,
    2.077886164930492e-07,
    2.082115985268408e-07,
    2.0861977173630095e-07,
    2.090129898190402e-07,
    2.093911208644907e-07,
    2.097540468151546e-07,
    2.101016634859244e-07,
    2.1043388156931084e-07,
    2.1075062808311305e-07,
    2.1105184528411555e-07,
    2.113374891050463e-07,
    2.1160753098240825e-07,
    2.1186196006537044e-07,
    2.1210078208006413e-07,
    2.123240155571922e-07,
    2.1253168697281894e-07,
    2.1272382703564166e-07,
    2.1290047101130987e-07,
    2.1306166237935527e-07,
    2.132074550429756e-07,
    2.1333791172569283e-07,
    2.1345310199963464e-07,
    2.13553102754649e-07,
    2.136379993987343e-07,
    2.1370788656318856e-07,
    2.1376286909491497e-07,
    2.1380306224095328e-07,
    2.1382859032780537e-07,
    2.1383958687734894e-07,
    2.1383619612168664e-07,
    2.1381857165450998e-07,
    2.1378687234849418e-07,
    2.137412601097261e-07,
    2.136819010679609e-07,
    2.136089680240615e-07,
    2.1352264211866693e-07,
    2.1342311151641886e-07,
    2.1331056723111195e-07,
    2.1318520035466868e-07,
    2.13047202540822e-07,
    2.1289676927364155e-07,
    2.1273410520212293e-07,
    2.1255942750913804e-07,
    2.123729649532793e-07,
    2.121749554666615e-07,
    2.1196564387425207e-07,
    2.1174527881683431e-07,
    2.1151411036659774e-07,
    2.1127239069459147e-07,
    2.1102037625479898e-07,
    2.1075832879776042e-07,
    2.1048651582175983e-07,
    2.1020521135794754e-07,
    2.0991469649770692e-07,
    2.0961525966092597e-07,
    2.0930719689575585e-07,
    2.0899081220296606e-07,
    2.0866641787684178e-07,
    2.0833433515080828e-07,
    2.0799489544083342e-07,
    2.0764844129166517e-07,
    2.0729532671870854e-07,
    2.0693591813049518e-07,
    2.0657059491201706e-07,
    2.0619974904665079e-07,
    2.058237852717714e-07,
    2.054431201798927e-07,
    2.0505817894982396e-07,
    2.046693927792564e-07,
    2.0427719929423344e-07,
    2.0388204411461298e-07,
    2.0348438032748372e-07,
    2.0308466611825006e-07,
    2.0268336179195995e-07,
    2.0228092511773989e-07,
    2.0187780778677814e-07,
    2.0147445733614742e-07,
    2.0107132089699408e-07,
    2.0066884402087044e-07,
    2.0026746512829176e-07,
    1.9986761209839605e-07,
    1.9946970490199851e-07,
    1.990741600380378e-07,
    1.9868139080008743e-07,
    1.9829180169214136e-07,
    1.9790577367464064e-07,
    1.9752364207219186e-07,
    1.9714568097038084e-07,
    1.9677210038359716e-07,
    1.9640304744680234e-07,
    1.960386061542074e-07,
    1.9567880252747586e-07,
    1.9532362220459278e-07,
    1.9497303297615618e-07,
    1.9462699826987505e-07,
    1.9428547433540802e-07,
    1.9394839390633876e-07,
    1.9361565113104948e-07,
    1.9328710302174697e-07,
    1.9296258954310728e-07,
    1.9264195861889777e-07,
    1.923250799089196e-07,
    1.920118489119811e-07,
    1.9170218714984632e-07,
    1.9139603376612345e-07,
    1.910933304098231e-07,
    1.9079401013199134e-07,
    1.9049799428532966e-07,
    1.9020519484938613e-07,
    1.8991551932529328e-07,
    1.8962887442664232e-07,
    1.8934516951835874e-07,
    1.890643260227484e-07,
    1.8878628644939236e-07,
    1.8851101032396831e-07,
    1.8823846372570123e-07,
    1.879686157933264e-07,
    1.8770143947996942e-07,
    1.8743690939194216e-07,
    1.8717499931389326e-07,
    1.8691568361601116e-07,
    1.86658940957995e-07,
    1.8640475620388652e-07,
    1.8615311683054607e-07,
    1.8590400616092902e-07,
    1.8565740050576703e-07,
    1.8541327061190435e-07,
    1.8517158242370603e-07,
    1.8493229661686997e-07,
    1.846953688919162e-07,
    1.84460752666792e-07,
    1.8422840609013708e-07,
    1.8399829768126264e-07
]