[
    0.0,
    0.0,
    -0.0012147989105813972,
    -0.0013119057739496142,
    -0.0014049704810788668,
    -0.0014941198979488673,
    -0.0015794771874108626,
    -0.0016611619147673688,
    -0.001739290150362436,
    -0.0018139745692695066,
    -0.0018853245481632603,
    -0.001953446259455153,
    -0.002018442762764053,
    -0.0020804140937967217,
    -0.0021394573507200858,
    -0.002195666778097385,
    -0.002249133848444313,
    -0.002299947341466343,
    -0.002348193421053714,
    -0.0023939557101095932,
    -0.0024373153632699564,
    -0.002478351137560326,
    -0.0025171394610397366,
    -0.0025537544994931687,
    -0.002588268221233238,
    -0.0026207504600646134,
    -0.0026512689764667426,
    -0.0026798895170656815,
    -0.002706675872450623,
    -0.002731689933348679,
    -0.002754991745177812,
    -0.0027766395610369877,
    -0.002796689893194735,
    -0.0028151975631091892,
    -0.0028322157500161923,
    -0.0028477960381633597,
    -0.0028619884627606113,
    -0.0028748415546421633,
    -0.002886402383620459,
    -0.0028967166005890287,
    -0.00290582847843729,
    -0.0029137809517920657,
    -0.0029206156556168673,
    -0.0029263729627074927,
    -0.0029310920201152143,
    -0.0029348107845573127,
    -0.002937566056880933,
    -0.002939393515591804,
    -0.0029403277494090326,
    -0.0029404022888463305,
    -0.002939649636874079,
    -0.0029381012986977517,
    -0.0029357878106614052,
    -0.0029327387682977464,
    -0.002928982853569168,
    -0.002924547861338514,
    -0.002919460725111199,
    -0.0029137475421352295,
    -0.0029074335978662882,
    -0.002900543389677516,
    -0.002893100649805265,
    -0.0028851283676326715,
    -0.0028766488113288156,
    -0.002867683548843638,
    -0.0028582534683433453,
    -0.002848378798184581,
    -0.0028380791264196667,
    -0.0028273734197005376,
    -0.0028162800414711503,
    -0.002804816769503895,
    -0.0027930008129415937,
    -0.002780848828947719,
    -0.002768376938933878,
    -0.0027556007442820956,
    -0.0027425353415962478,
    -0.0027291953376107282,
    -0.0027155948637461163,
    -0.0027017475901933183,
    -0.0026876667395245067,
    -0.002673365099883445,
    -0.00265885503775915,
    -0.0026441485103759635,
    -0.0026292570777453196,
    -0.002614191914388584,
    -0.0025989638207396678,
    -0.002583583234269582,
    -0.002568060240378943,
    -0.0025524045829939655,
    -0.0025366256747718554,
    -0.0025207326069706104,
    -0.0025047341590507047,
    -0.002488638807967964,
    -0.0024724547371446884,
    -0.0024561898451832763,
    -0.002439851754374255,
    -0.002423447818997209,
    -0.0024069851333822865,
    -0.002390470539714129,
    -0.002373910635627974,
    -0.0023573117816678467,
    -0.0023406801085624116,
    -0.0023240215242227528,
    -0.002307341720490733,
    -0.002290646179706966,
    -0.002273940181085988,
    -0.0022572288068896267,
    -0.002240516948433704,
    -0.0022238093119687262,
    -0.002207110424426857,
    -0.002190424638968637,
    -0.002173756140315608,
    -0.002157108949925989,
    -0.0021404869310377474,
    -0.002123893793572873,
    -0.002107333098926501,
    -0.0020908082646452345,
    -0.002074322568946134,
    -0.002057879155056758,
    -0.00204148103540747,
    -0.0020251310957089454,
    -0.0020088320989264516,
    -0.0019925866891411298,
    -0.0019763973952881915,
    -0.0019602666347878633,
    -0.0019441967171022095,
    -0.0019281898472131788,
    -0.001912248128978656,
    -0.001896373568353711,
    -0.0018805680765050083,
    -0.0018648334728433268,
    -0.0018491714879764094,
    -0.0018335837665750712,
    -0.0018180718701601578,
    -0.0018026372798280103,
    -0.0017872813989074697,
    -0.0017720055555194483,
    -0.0017568110050365914,
    -0.0017416989324691844,
    -0.0017266704547911319,
    -0.001711726623203757,
    -0.0016968684253328098,
    -0.0016820967873542433,
    -0.0016674125760512695,
    -0.001652816600813676,
    -0.0016383096155899238,
    -0.0016238923207893476,
    -0.0016095653651218187,
    -0.0015953293473729,
    -0.0015811848181233703,
    -0.0015671322814178675,
    -0.0015531721963846854,
    -0.0015393049788115466,
    -0.0015255310026771353,
    -0.001511850601632391,
    -0.0014982640704320886,
    -0.0014847716663227864,
    -0.0014713736103895783,
    -0.0014580700888617297,
    -0.0014448612543783545,
    -0.0014317472272154584,
    -0.0014187280964764967,
    -0.0014058039212497533,
    -0.0013929747317323765,
    -0.0013802405303181904,
    -0.0013676012926502027,
    -0.001355056968640569,
    -0.001342607483458967,
    -0.0013302527384903256,
    -0.0013179926122627646,
    -0.001305826961346897,
    -0.0012937556212291356,
    -0.0012817784071594335,
    -0.0012698951149710226,
    -0.0012581055218726408,
    -0.0012464093872161957,
    -0.0012348064532406212,
    -0.0012232964457918303,
    -0.0012118790750197596,
    -0.0012005540360536188,
    -0.0011893210096558656,
    -0.0011781796628557424,
    -0.0011671296495645014,
    -0.0011561706111726188,
    -0.0011453021771266785,
    -0.0011345239654857917,
    -0.0011238355834593521,
    -0.001113236627927251,
    -0.001102726685943486,
    -0.001092305335223597,
    -0.001081972144616892,
    -0.0010717266745655912,
    -0.0010615684775502625,
    -0.0010514970985187084,
    -0.0010415120752988124,
    -0.0010316129389976033,
    -0.0010217992143865243,
    -0.0010120704202729325,
    -0.0010024260698600356,
    -0.000992865671097889,
    -0.0009833887270251996,
    -0.0009739947360984491,
    -0.000964683192506532,
    -0.000955453586472678,
    -0.0009463054045453354,
    -0.0009372381298789211,
    -0.000928251242505647,
    -0.0009193442195993349,
    -0.0009105165357322339,
    -0.0009017676631243149,
    -0.0008930970718822571,
    -0.0008845042302275028,
    -0.0008759886047152827,
    -0.000867549660445557,
    -0.0008591868612655832,
    -0.0008508996699643594,
    -0.0008426875484615766,
    -0.000834549957994288,
    -0.0008264863592993689,
    -0.000818496212785714,
    -0.0008105789786952614,
    -0.0008027341172578761,
    -0.0007949610888424112,
    -0.0007872593541018785,
    -0.0007796283741120626,
    -0.0007720676105059667,
    -0.0007645765256060281,
    -0.0007571545825524386,
    -0.0007498012454238769,
    -0.0007425159793498664,
    -0.0007352982506171711,
    -0.0007281475267729836,
    -0.0007210632767256707,
    -0.0007140449708405812,
    -0.000707092081029689,
    -0.0007002040808389521,
    -0.0006933804455367665,
    -0.0006866206522001986,
    -0.0006799241797942453,
    -0.0006732905092460019,
    -0.0006667191235184745,
    -0.0006602095076828241,
    -0.0006537611489844236,
    -0.0006473735369045306,
    -0.0006410461632233161,
    -0.0006347785220824256,
    -0.0006285701100403752,
    -0.0006224204261210014,
    -0.0006163289718591463,
    -0.0006102952513434344,
    -0.0006043187712561353,
    -0.0005983990409141449,
    -0.0005925355723114103,
    -0.000586727880157346,
    -0.0005809754819088842,
    -0.0005752778977982351,
    -0.0005696346508582899,
    -0.000564045266946855,
    -0.0005585092747702914,
    -0.0005530262059065212,
    -0.0005475955948265458,
    -0.0005422169789133309,
    -0.000536889898477834,
    -0.000531613896772586,
    -0.0005263885200038266,
    -0.0005212133173433946,
    -0.0005160878409407146,
    -0.000511011645934696,
    -0.0005059842904652484,
    -0.0005010053356835869,
    -0.0004960743457600826,
    -0.000491190887889759,
    -0.00048635453229749204,
    -0.0004815648522438058,
    -0.0004768214240301563,
    -0.000472123827003246,
    -0.0004674716435589068,
    -0.00046286445914596556,
    -0.0004583018622697078,
    -0.0004537834444934214,
    -0.00044930880043672676,
    -0.00044487752777195254,
    -0.00044048922722125707,
    -0.0004361435025550111,
    -0.00043183996059006013,
    -0.00042757821118701223,
    -0.00042335786724606437,
    -0.00041917854470098015,
    -0.00041503986251227164,
    -0.00041094144266105295,
    -0.0004068829101432108,
    -0.00040286389296290864,
    -0.0003988840221251297,
    -0.00039494293162710566,
    -0.0003910402584488065,
    -0.0003871756425434373,
    -0.0003833487268285056,
    -0.00037955915717656475,
    -0.0003758065824047645,
    -0.000372090654263225,
    -0.000368411027422136,
    -0.00036476735945761233,
    -0.0003611593108374621,
    -0.00035758654490895223,
    -0.000354048727888234,
    -0.00035054552884764933,
    -0.00034707661969933523,
    -0.00034364167517726777,
    -0.00034024037281929167,
    -0.0003368723929491436,
    -0.0003335374186580494,
    -0.00033023513578696805,
    -0.00032696523291211627,
    -0.00032372740133232626,
    -0.000320521335053512,
    -0.0003173467307694243,
    -0.00031420328784085357,
    -0.0003110907082747832,
    -0.00030800869670444785,
    -0.0003049569603705445,
    -0.00030193520910309847,
    -0.0002989431553034581,
    -0.0002959805139266059,
    -0.00029304700246458095,
    -0.0002901423409303992,
    -0.0002872662518407005,
    -0.0002844184601970881,
    -0.0002815986934672799,
    -0.0002788066815668153,
    -0.00027604215684203957,
    -0.0002733048540539354,
    -0.00027059451036116314,
    -0.000267910865301982,
    -0.0002652536607759493,
    -0.00026262264102581935,
    -0.0002600175526198279,
    -0.00025743814443460845,
    -0.00025488416763847605,
    -0.0002523553756745869,
    -0.00024985152424401456,
    -0.00024737237128897346,
    -0.00024491767697606433,
    -0.00024248720367943844,
    -0.00024008071596406095,
    -0.00023769798056947768,
    -0.0002353387663946797,
    -0.00023300284448381556,
    -0.00023068998801137715,
    -0.00022839997226637747,
    -0.00022613257463599738,
    -0.00022388757458884474,
    -0.00022166475365801327,
    -0.00021946389542386058,
    -0.00021728478549638716,
    -0.00021512721149833823,
    -0.00021299096305051561,
    -0.00021087583175859333,
    -0.00020878161119884236,
    -0.00020670809690215695,
    -0.00020465508633746966,
    -0.00020262237889418996,
    -0.0002006097758637481,
    -0.00019861708042295904,
    -0.0001966440976212012,
    -0.0001946906343690889,
    -0.00019275649942523246,
    -0.00019084150338047443,
    -0.00018894545863981378,
    -0.0001870681794028396,
    -0.00018520948164448665,
    -0.00018336918309600915,
    -0.00018154710322677614,
    -0.00017974306323048422,
    -0.00017795688601467336,
    -0.00017618839618831732,
    -0.0001744374200470629,
    -0.00017270378555692,
    -0.00017098732233575853,
    -0.00016928786163388767,
    -0.00016760523631642902,
    -0.00016593928085157153,
    -0.0001642898313036029,
    -0.00016265672532284438,
    -0.0001610398021300716,
    -0.0001594389024987711,
    -0.0001578538687361695,
    -0.00015628454466472776,
    -0.00015473077560996162,
    -0.00015319240839465112,
    -0.00015166929133119734,
    -0.00015016127420839875,
    -0.0001486682082741164,
    -0.0001471899462148475,
    -0.00014572634213515744,
    -0.00014427725154294042,
    -0.00014284253134434844,
    -0.00014142203984178307,
    -0.00014001563672595666,
    -0.00013862318306363605,
    -0.00013724454128311305,
    -0.00013587957515504774,
    -0.00013452814977063705,
    -0.0001331901315210549,
    -0.00013186538808085597,
    -0.0001305537883971419,
    -0.00012925520268464933,
    -0.0001279695024231142,
    -0.00012669656034971764,
    -0.0001254362504454538,
    -0.0001241884479201181,
    -0.00012295302919625614,
    -0.00012172987189171237,
    -0.00012051885480419749,
    -0.00011931985789788637,
    -0.0001181327622906624,
    -0.00011695745024810484,
    -0.00011579380518555942,
    -0.00011464171166477316,
    -0.00011350105537832658,
    -0.000112371723131042,
    -0.0001112536028237358,
    -0.00011014658343897812,
    -0.00010905055503362317,
    -0.00010796540873765204,
    -0.00010689103674945814,
    -0.00010582733232430638,
    -0.00010477418976002862,
    -0.00010373150438011068,
    -0.00010269917251561997,
    -0.00010167709149635492,
    -0.00010066515965343714,
    -9.96632763195539e-05,
    -9.867134181979972e-05,
    -9.768925745592076e-05,
    -9.671692548618316e-05,
    -9.575424910693627e-05,
    -9.480113244290746e-05,
    -9.385748054743715e-05,
    -9.292319940530789e-05,
    -9.19981959271398e-05,
    -9.108237793210844e-05,
    -9.017565412294766e-05,
    -8.92779340661287e-05,
    -8.838912819366557e-05,
    -8.750914781765832e-05,
    -8.663790513013122e-05,
    -8.577531318751242e-05,
    -8.492128590417541e-05,
    -8.407573805983913e-05,
    -8.32385853009326e-05,
    -8.240974412604716e-05,
    -8.158913186663016e-05,
    -8.077666667209406e-05,
    -7.997226749241175e-05,
    -7.917585405284488e-05,
    -7.838734683535246e-05,
    -7.76066670830421e-05,
    -7.683373681455577e-05,
    -7.606847882275475e-05,
    -7.53108166587587e-05,
    -7.456067461411153e-05,
    -7.381797769987717e-05,
    -7.308265162623266e-05,
    -7.235462279950525e-05,
    -7.16338183368758e-05,
    -7.092016607562544e-05,
    -7.021359456352722e-05,
    -6.951403304147758e-05,
    -6.882141143357068e-05,
    -6.81356603385466e-05,
    -6.745671101644235e-05,
    -6.678449539072687e-05,
    -6.611894606925712e-05,
    -6.545999635551162e-05,
    -6.480758023875799e-05,
    -6.41616323745247e-05,
    -6.352208806401519e-05,
    -6.288888323681361e-05,
    -6.226195444420561e-05,
    -6.164123887142221e-05,
    -6.1026674362280225e-05,
    -6.041819943289136e-05,
    -5.981575325838547e-05,
    -5.92192756414887e-05,
    -5.862870698566492e-05,
    -5.804398827975603e-05,
    -5.7465061082160745e-05,
    -5.689186750733366e-05,
    -5.632435024315182e-05,
    -5.5762452595465214e-05,
    -5.5206118510140814e-05,
    -5.465529256443819e-05,
    -5.410991995381503e-05,
    -5.3569946463276406e-05,
    -5.303531842012683e-05,
    -5.250598267185704e-05,
    -5.198188661235676e-05,
    -5.146297821790356e-05,
    -5.094920605561345e-05,
    -5.044051927377931e-05,
    -4.993686759019267e-05,
    -4.943820127704644e-05,
    -4.8944471137954114e-05,
    -4.845562847560589e-05,
    -4.7971625053076604e-05,
    -4.7492413067092926e-05,
    -4.7017945164161835e-05,
    -4.654817449083577e-05,
    -4.608305472279437e-05,
    -4.562254004898714e-05,
    -4.516658513662896e-05,
    -4.471514509902298e-05,
    -4.426817546034342e-05,
    -4.382563212503069e-05,
    -4.3387471396982426e-05,
    -4.2953650042582845e-05,
    -4.2524125324119444e-05,
    -4.2098854981541066e-05,
    -4.1677797200259684e-05,
    -4.126091058851386e-05,
    -4.0848154173437084e-05,
    -4.0439487431290185e-05,
    -4.003487033910833e-05,
    -3.963426340043323e-05,
    -3.923762762954014e-05,
    -3.8844924512326655e-05,
    -3.8456115959105774e-05,
    -3.8071164275212176e-05,
    -3.769003217315222e-05,
    -3.7312682802355974e-05,
    -3.6939079755584325e-05,
    -3.6569187057148615e-05,
    -3.620296914945501e-05,
    -3.584039087052936e-05,
    -3.548141742373692e-05,
    -3.5126014348701815e-05,
    -3.477414749377501e-05,
    -3.442578300220776e-05,
    -3.4080887331048765e-05,
    -3.373942728255344e-05,
    -3.340137000773817e-05,
    -3.3066682981637206e-05,
    -3.273533397691401e-05,
    -3.2407291048620226e-05,
    -3.2082522523518833e-05,
    -3.1760996986626876e-05,
    -3.1442683267246454e-05,
    -3.112755042646286e-05,
    -3.081556774459898e-05,
    -3.050670471466263e-05,
    -3.020093105432593e-05,
    -2.9898216729608754e-05,
    -2.9598531965061587e-05,
    -2.9301847235843564e-05,
    -2.9008133258918834e-05,
    -2.8717360989884316e-05,
    -2.842950162269547e-05,
    -2.8144526594961267e-05,
    -2.786240759567421e-05,
    -2.7583116567568532e-05,
    -2.730662570408397e-05,
    -2.703290744287652e-05,
    -2.67619344584838e-05,
    -2.6493679659998202e-05,
    -2.6228116197803255e-05,
    -2.596521747396884e-05,
    -2.570495714401015e-05,
    -2.5447309108442427e-05,
    -2.519224750341277e-05,
    -2.4939746694685795e-05,
    -2.4689781273049853e-05,
    -2.4442326051273133e-05,
    -2.419735606625011e-05,
    -2.395484658570873e-05,
    -2.3714773112421186e-05,
    -2.347711138202094e-05,
    -2.324183735688037e-05,
    -2.3008927219516482e-05,
    -2.277835736814199e-05,
    -2.255010441599109e-05,
    -2.232414519392995e-05,
    -2.2100456753395558e-05,
    -2.1879016366900407e-05,
    -2.1659801525584393e-05,
    -2.144278993428319e-05,
    -2.1227959506408045e-05,
    -2.1015288361171443e-05,
    -2.0804754822397867e-05,
    -2.059633741794891e-05,
    -2.0390014880693526e-05,
    -2.0185766150524276e-05,
    -1.9983570374900978e-05,
    -1.9783406906349852e-05,
    -1.9585255297836185e-05,
    -1.9389095298542654e-05,
    -1.91949068514633e-05,
    -1.9002670091630345e-05,
    -1.8812365343776068e-05,
    -1.8623973119922843e-05,
    -1.8437474118052117e-05,
    -1.825284922249772e-05,
    -1.807007950476847e-05,
    -1.788914622283392e-05,
    -1.7710030819040436e-05,
    -1.7532714917984304e-05,
    -1.7357180324444758e-05,
    -1.718340902128518e-05,
    -1.7011383168872747e-05,
    -1.6841085106020098e-05,
    -1.6672497349725635e-05,
    -1.6505602593123544e-05,
    -1.6340383703451813e-05,
    -1.6176823720526354e-05,
    -1.6014905854700918e-05,
    -1.5854613484183553e-05,
    -1.5695930153190166e-05,
    -1.5538839571572494e-05,
    -1.538332561437857e-05,
    -1.5229372319945995e-05,
    -1.507696388725082e-05,
    -1.4926084673779086e-05,
    -1.4776719193785945e-05,
    -1.462885211670607e-05,
    -1.4482468266511639e-05,
    -1.4337552621741602e-05,
    -1.4194090314498076e-05,
    -1.4052066628228444e-05,
    -1.3911466995538984e-05,
    -1.3772276996272254e-05,
    -1.3634482355392228e-05,
    -1.3498068941159962e-05,
    -1.3363022764545593e-05,
    -1.3229329979145215e-05,
    -1.3096976879948157e-05,
    -1.2965949901075738e-05,
    -1.283623561350571e-05,
    -1.270782072307573e-05,
    -1.2580692068753147e-05,
    -1.2454836620739693e-05,
    -1.2330241477940392e-05,
    -1.2206893865208217e-05,
    -1.2084781131318463e-05,
    -1.1963890748519057e-05,
    -1.1844210313044927e-05,
    -1.172572754452458e-05,
    -1.160843028409693e-05,
    -1.1492306493130511e-05,
    -1.1377344252740244e-05,
    -1.1263531762795137e-05,
    -1.1150857340583479e-05,
    -1.1039309420278401e-05,
    -1.0928876553025301e-05,
    -1.08195474065116e-05,
    -1.0711310763645897e-05,
    -1.060415552116386e-05,
    -1.0498070689154505e-05,
    -1.0393045390957144e-05,
    -1.0289068862216979e-05,
    -1.0186130449402635e-05,
    -1.0084219608537581e-05,
    -9.983325903943637e-06,
    -9.883439006430306e-06,
    -9.784548690871443e-06,
    -9.686644834116073e-06,
    -9.589717414334932e-06,
    -9.49375651143148e-06,
    -9.39875230720015e-06,
    -9.304695084587016e-06,
    -9.211575226149059e-06,
    -9.119383212151514e-06,
    -9.028109618600352e-06,
    -8.937745115140276e-06,
    -8.848280463374129e-06,
    -8.759706516849098e-06,
    -8.672014222121742e-06,
    -8.585194618582221e-06,
    -8.49923883671703e-06,
    -8.414138095944234e-06,
    -8.329883702209998e-06,
    -8.246467045487549e-06,
    -8.163879597561587e-06,
    -8.08211291055345e-06,
    -8.001158617141213e-06,
    -7.921008432032154e-06,
    -7.841654152414255e-06,
    -7.763087656658189e-06,
    -7.685300901985337e-06,
    -7.608285921152639e-06,
    -7.532034818617534e-06,
    -7.456539767414097e-06,
    -7.381793008115871e-06,
    -7.307786850640415e-06,
    -7.2345136770594425e-06,
    -7.161965942226371e-06,
    -7.090136171667515e-06,
    -7.019016958613692e-06,
    -6.948600961260536e-06,
    -6.878880900878736e-06,
    -6.809849562828576e-06,
    -6.741499800355592e-06,
    -6.673824537089427e-06,
    -6.606816766312429e-06,
    -6.540469548111035e-06,
    -6.4747760051518666e-06,
    -6.409729318639657e-06,
    -6.345322727535768e-06,
    -6.2815495330932566e-06,
    -6.218403105832209e-06,
    -6.155876889688867e-06,
    -6.093964402273906e-06,
    -6.032659231432175e-06,
    -5.971955028136435e-06,
    -5.911845499574914e-06,
    -5.852324406908697e-06,
    -5.793385570093779e-06,
    -5.735022877101741e-06,
    -5.677230289526592e-06,
    -5.620001841520498e-06,
    -5.563331635430042e-06,
    -5.507213837065399e-06,
    -5.451642671920642e-06,
    -5.396612421854533e-06,
    -5.342117423585552e-06,
    -5.28815207422612e-06,
    -5.2347108413025075e-06,
    -5.181788268447864e-06,
    -5.12937897691642e-06,
    -5.077477663670179e-06,
    -5.026079093046693e-06,
    -4.9751780884697394e-06,
    -4.9247695295671976e-06,
    -4.87484834843275e-06,
    -4.825409521733147e-06,
    -4.776448065082175e-06,
    -4.72795904118926e-06,
    -4.679937580098183e-06,
    -4.632378888930295e-06,
    -4.585278244253007e-06,
    -4.538630982224639e-06,
    -4.4924324894317776e-06,
    -4.446678194117671e-06,
    -4.401363569837658e-06,
    -4.356484150229182e-06,
    -4.312035538100071e-06,
    -4.2680134039215575e-06,
    -4.224413480395111e-06,
    -4.181231556655977e-06,
    -4.13846347005407e-06,
    -4.0961051022017596e-06,
    -4.054152393988754e-06,
    -4.01260137026582e-06,
    -3.971448152373601e-06,
    -3.930688957650471e-06,
    -3.890320088515972e-06,
    -3.850337912317789e-06,
    -3.8107388471469795e-06,
    -3.7715193581454554e-06,
    -3.7326759535930143e-06,
    -3.694205188964495e-06,
    -3.6561036850066617e-06,
    -3.618368136407478e-06,
    -3.58099530206161e-06,
    -3.5439819974034305e-06,
    -3.5073250954187963e-06,
    -3.47102152166232e-06,
    -3.4350682447766648e-06,
    -3.3994622850997065e-06,
    -3.3642007374411233e-06,
    -3.3292807766468013e-06,
    -3.2946996440908663e-06,
    -3.2604546357311845e-06,
    -3.2265430927314134e-06,
    -3.1929623904299733e-06,
    -3.1597099298220645e-06,
    -3.126783130847512e-06,
    -3.0941794285143924e-06,
    -3.0618962791102198e-06,
    -3.0299311732494786e-06,
    -2.9982816429863773e-06,
    -2.9669452576111432e-06,
    -2.935919611720345e-06,
    -2.9052023120525017e-06,
    -2.8747909671500277e-06,
    -2.844683179650574e-06,
    -2.814876542387263e-06,
    -2.785368641264517e-06,
    -2.756157063183457e-06,
    -2.727239402830376e-06,
    -2.6986132651888994e-06,
    -2.6702762642295425e-06,
    -2.642226016646371e-06,
    -2.6144601349623926e-06,
    -2.5869762316959805e-06,
    -2.559771931445981e-06,
    -2.5328448742905726e-06,
    -2.5061927091808436e-06,
    -2.479813088001337e-06,
    -2.4537036638242844e-06,
    -2.4278620904960166e-06,
    -2.402286023223999e-06,
    -2.376973124261984e-06,
    -2.3519210716258377e-06,
    -2.3271275624949594e-06,
    -2.3025903101954245e-06,
    -2.278307038535451e-06,
    -2.254275475551608e-06,
    -2.2304933495545385e-06,
    -2.2069583875483697e-06,
    -2.1836683139722372e-06,
    -2.1606208540480934e-06,
    -2.1378137423362985e-06,
    -2.1152447270781907e-06,
    -2.09291156781891e-06,
    -2.07081203189849e-06,
    -2.0489438921901356e-06,
    -2.0273049260867636e-06,
    -2.0058929152243815e-06,
    -1.98470564630907e-06,
    -1.9637409148831686e-06,
    -1.942996530078313e-06,
    -1.922470315775411e-06,
    -1.902160108554364e-06,
    -1.8820637558597843e-06,
    -1.8621791144528767e-06,
    -1.842504047991929e-06,
    -1.8230364250171595e-06,
    -1.8037741180930035e-06,
    -1.7847150029420896e-06,
    -1.7658569582528557e-06,
    -1.747197868751017e-06,
    -1.728735630900096e-06,
    -1.7104681565397117e-06,
    -1.6923933719510637e-06,
    -1.6745092152295477e-06,
    -1.6568136351687546e-06,
    -1.6393045919737323e-06,
    -1.6219800597250923e-06,
    -1.6048380292164716e-06,
    -1.5878765084381896e-06,
    -1.5710935211425129e-06,
    -1.5544871058537739e-06,
    -1.538055315623877e-06,
    -1.5217962171901618e-06,
    -1.5057078892187803e-06,
    -1.4897884220128495e-06,
    -1.4740359198414757e-06,
    -1.4584485029936913e-06,
    -1.4430243074202126e-06,
    -1.4277614837698653e-06,
    -1.41265819866183e-06,
    -1.3977126375044468e-06,
    -1.3829230057356607e-06,
    -1.3682875279987095e-06,
    -1.3538044475166568e-06,
    -1.339472027948453e-06,
    -1.325288556752127e-06,
    -1.3112523463895189e-06,
    -1.2973617331631441e-06,
    -1.2836150762586357e-06,
    -1.2700107568849849e-06,
    -1.2565471760087996e-06,
    -1.2432227520713515e-06,
    -1.2300359217975743e-06,
    -1.216985143131166e-06,
    -1.2040688963042685e-06,
    -1.1912856827153387e-06,
    -1.1786340234832652e-06,
    -1.1661124577638002e-06,
    -1.1537195407444261e-06,
    -1.1414538418297776e-06,
    -1.129313944036757e-06,
    -1.1172984461683325e-06,
    -1.1054059666762943e-06,
    -1.0936351457050824e-06,
    -1.0819846443445634e-06,
    -1.070453142299993e-06,
    -1.0590393350100465e-06,
    -1.047741931578323e-06,
    -1.0365596537430468e-06,
    -1.0254912351597051e-06,
    -1.0145354224760318e-06,
    -1.003690978536433e-06,
    -9.929566841341248e-07,
    -9.823313366876276e-07,
    -9.718137476022626e-07,
    -9.614027398040535e-07,
    -9.510971467679706e-07,
    -9.408958144002599e-07,
    -9.307976048376729e-07,
    -9.208013991901223e-07,
    -9.109060977638195e-07,
    -9.011106181809237e-07,
    -8.91413892028696e-07,
    -8.818148614719591e-07,
    -8.723124772853924e-07,
    -8.629056984308883e-07,
    -8.535934936734669e-07,
    -8.44374844823454e-07,
    -8.352487487649962e-07,
    -8.262142171000704e-07,
    -8.172702748665228e-07,
    -8.084159592374642e-07,
    -7.996503187959214e-07,
    -7.909724152835124e-07,
    -7.823813270237118e-07,
    -7.73876149422159e-07,
    -7.65455992271055e-07,
    -7.571199778704507e-07,
    -7.488672405761528e-07,
    -7.4069692610086e-07,
    -7.32608190316532e-07,
    -7.246001981752627e-07,
    -7.166721244476121e-07,
    -7.088231567487377e-07,
    -7.01052497598266e-07,
    -6.933593634727984e-07,
    -6.857429825328164e-07,
    -6.78202592583856e-07,
    -6.707374393945401e-07,
    -6.633467746614887e-07,
    -6.560298529076632e-07,
    -6.487859289796776e-07,
    -6.416142590142268e-07,
    -6.345141042858096e-07,
    -6.274847349413026e-07,
    -6.20525431569799e-07,
    -6.136354836236193e-07,
    -6.06814186369616e-07,
    -6.000608398998639e-07,
    -5.933747511918945e-07,
    -5.867552365430132e-07,
    -5.802016216952282e-07,
    -5.737132406090292e-07,
    -5.672894345848904e-07,
    -5.609295511403755e-07,
    -5.546329428989201e-07,
    -5.483989685670936e-07,
    -5.422269958686244e-07,
    -5.36116403604799e-07,
    -5.300665814971468e-07,
    -5.240769286863788e-07,
    -5.181468517507508e-07,
    -5.122757624891669e-07,
    -5.064630763235014e-07,
    -5.007082133793932e-07,
    -4.950106017396766e-07,
    -4.893696792158758e-07,
    -4.837848924367818e-07,
    -4.782556948603602e-07,
    -4.727815448128062e-07,
    -4.6736190473438524e-07,
    -4.6199624364303397e-07,
    -4.5668404159924683e-07,
    -4.514247913701767e-07,
    -4.4621799613165006e-07,
    -4.410631661472741e-07,
    -4.359598166968439e-07,
    -4.3090746743418476e-07,
    -4.259056421898303e-07,
    -4.209538701462388e-07,
    -4.1605168885321423e-07,
    -4.1119864616918656e-07,
    -4.0639429998373555e-07,
    -4.016382168175256e-07,
    -3.9692996922695103e-07,
    -3.9226913259063923e-07,
    -3.8765528221045646e-07,
    -3.830879910605737e-07,
    -3.785668302102968e-07,
    -3.740913726042225e-07,
    -3.696611967689016e-07,
    -3.652758877486716e-07,
    -3.6093503513359493e-07,
    -3.566382295429342e-07,
    -3.523850599323005e-07,
    -3.481751129570983e-07,
    -3.440079748699465e-07,
    -3.3988323445646e-07,
    -3.3580048364369685e-07,
    -3.317593164360525e-07,
    -3.277593287089706e-07,
    -3.238001181115459e-07,
    -3.198812840748023e-07,
    -3.160024299244413e-07,
    -3.121631660527644e-07,
    -3.083631112232672e-07,
    -3.0460189191115e-07,
    -3.008791408182575e-07,
    -2.9719449444499164e-07,
    -2.9354759004574716e-07,
    -2.8993806427738813e-07,
    -2.863655557284316e-07,
    -2.8282970943528425e-07,
    -2.7933017929521747e-07,
    -2.7586662774628784e-07,
    -2.724387245065692e-07,
    -2.6904614512021254e-07,
    -2.6568856932148393e-07,
    -2.6236567983725584e-07,
    -2.5907716313379525e-07,
    -2.558227117526669e-07,
    -2.5260202548410147e-07,
    -2.4941481050991154e-07,
    -2.4626077796616167e-07,
    -2.4313964274027516e-07,
    -2.400511227856779e-07,
    -2.3699494014436478e-07,
    -2.3397082395514192e-07,
    -2.3097851302707993e-07,
    -2.280177561505913e-07,
    -2.250883108171878e-07,
    -2.2218994119380104e-07,
    -2.1932241553254333e-07,
    -2.1648550359979178e-07,
    -2.1367897529283846e-07,
    -2.1090260111920345e-07,
    -2.0815615437655443e-07,
    -2.0543941369793292e-07,
    -2.027521638041976e-07,
    -2.0009419423238921e-07,
    -1.9746529767403183e-07,
    -1.9486526850307384e-07,
    -1.9229390144517196e-07,
    -1.8975099120076212e-07,
    -1.8723633347004173e-07,
    -1.8474972650088488e-07,
    -1.822909718888813e-07,
    -1.7985987412218222e-07,
    -1.7745623934684352e-07,
    -1.750798742305703e-07,
    -1.7273058573368532e-07,
    -1.7040818197770196e-07,
    -1.681124731357104e-07,
    -1.658432711436466e-07,
    -1.6360038858465095e-07,
    -1.6138363771214667e-07,
    -1.5919282979423815e-07,
    -1.5702777459165982e-07,
    -1.548882800020147e-07,
    -1.5277415185866264e-07,
    -1.5068519349333628e-07,
    -1.486212048268563e-07,
    -1.4658198131179142e-07,
    -1.4456731298743953e-07,
    -1.4257698324655693e-07,
    -1.406107668464333e-07,
    -1.3866842762993324e-07,
    -1.367497164768395e-07,
    -1.3485436891999632e-07,
    -1.329821020881298e-07,
    -1.3113261178033173e-07,
    -1.293055703248207e-07,
    -1.2750062503596562e-07,
    -1.2571739694214063e-07,
    -1.2395547950814054e-07,
    -1.2221443708409926e-07,
    -1.2049380371928624e-07,
    -1.187930835013693e-07,
    -1.1711175230980584e-07,
    -1.1544925997549027e-07,
    -1.1380503242489783e-07,
    -1.1217847375667343e-07,
    -1.1056896795433858e-07,
    -1.0897588044790408e-07,
    -1.0739856099245964e-07,
    -1.0583634890827667e-07,
    -1.042885795827037e-07,
    -1.0275459053508011e-07,
    -1.0123372625025542e-07,
    -9.972534124111822e-08,
    -9.822880221470188e-08,
    -9.674349346545465e-08,
    -9.52688270790203e-08,
    -9.380425234145719e-08,
    -9.234926063596075e-08,
    -9.090338828077536e-08,
    -8.946621755297831e-08,
    -8.803737615853864e-08,
    -8.661654260119102e-08,
    -8.520345941310837e-08,
    -8.379794331474426e-08,
    -8.23998861361997e-08,
    -8.100924951206944e-08,
    -7.962605401832523e-08,
    -7.825036307093731e-08,
    -7.688226777002213e-08,
    -7.552188182583301e-08,
    -7.416934560090099e-08,
    -7.282482412096048e-08,
    -7.148848969552783e-08,
    -7.016049530955164e-08,
    -6.884094807386196e-08,
    -6.752988474464502e-08,
    -6.622724714749979e-08,
    -6.493286237186291e-08,
    -6.364643062958936e-08,
    -6.236751132952179e-08,
    -6.109550198770225e-08,
    -5.982960918728733e-08,
    -5.856881029885109e-08,
    -5.731181490981691e-08,
    -5.605702748371046e-08,
    -5.4802508576032134e-08,
    -5.3545967611093833e-08,
    -5.228480874054034e-08,
    -5.10161874910782e-08,
    -4.9737046461553585e-08,
    -4.84441507156226e-08,
    -4.71341417273712e-08,
    -4.5803603432982444e-08,
    -4.4449152576325e-08,
    -4.306760326995838e-08,
    -4.165619330811665e-08,
    -4.021277303804778e-08,
    -3.8735903619069616e-08,
    -3.7224885017049507e-08,
    -3.567975300083952e-08,
    -3.410128861400928e-08,
    -3.2491043958297045e-08,
    -3.085132051566104e-08,
    -2.9185050944334384e-08,
    -2.7495621342479066e-08,
    -2.578669294266043e-08,
    -2.4062050560756223e-08,
    -2.2325486081510317e-08,
    -2.0580707918682822e-08,
    -1.8831266978647485e-08,
    -1.7080503767591034e-08,
    -1.533152239841617e-08,
    -1.3587189306055755e-08,
    -1.1850147845202846e-08,
    -1.0122843305886302e-08,
    -8.407559521800683e-09,
    -6.70645804007421e-09,
    -5.0216010381063865e-09,
    -3.354952118852084e-09,
    -1.708364095607372e-09,
    -8.356176045968422e-11,
    1.5178778958786149e-09,
    3.0945401726783075e-09,
    4.645171741537177e-09,
    6.168672163472255e-09,
    7.664093765207812e-09,
    9.130647036053301e-09,
    1.0567700990388642e-08,
    1.1974779244074695e-08,
    1.335155440796866e-08,
    1.4697839229306645e-08,
    1.6013573835614572e-08,
    1.7298808878388284e-08,
    1.8553686738448185e-08,
    1.9778425709681463e-08,
    2.0973308725628943e-08,
    2.2138675593022377e-08,
    2.3274917813605743e-08,
    2.4382473898739456e-08,
    2.5461824617057222e-08,
    2.6513488872721618e-08,
    2.7538019131941565e-08,
    2.853599796047759e-08,
    2.9508039448238954e-08
]