[
    0.0,
    0.0,
    -7.195875762631409e-05,
    -0.00011008769841183011,
    -0.00014674301677629594,
    -0.00018197019898299707,
    -0.0002158134104156048,
    -0.00024831553317606605,
    -0.00027951820261867615,
    -0.0003094618428504139,
    -0.00033818570122702996,
    -0.0003657278818736968,
    -0.0003921253782580218,
    -0.0004174141048426675,
    -0.0004416289278442707,
    -0.0004648036951239639,
    -0.0004869712652331382,
    -0.0005081635356375286,
    -0.0005284114701429847,
    -0.000547745125546201,
    -0.0005661936775327695,
    -0.0005837854458431578,
    -0.0006005479187260655,
    -0.0006165077766990064,
    -0.0006316909156364738,
    -0.0006461224692047986,
    -0.0006598268306607832,
    -0.0006728276740320023,
    -0.0006851479746986579,
    -0.0006968100293950952,
    -0.0007078354756451119,
    -0.0007182453106439782,
    -0.000728059909603521,
    -0.0007372990435785352,
    -0.000745981896789551,
    -0.0007541270834547905,
    -0.0007617526641441493,
    -0.0007688761616691997,
    -0.0007755145765233062,
    -0.0007816844018834836,
    -0.0007874016381863795,
    -0.0007926818072911035,
    -0.000797539966238787,
    -0.0008019907206210286,
    -0.000806048237571566,
    -0.000809726258391291,
    -0.0008130381108142348,
    -0.0008159967209233924,
    -0.0008186146247264392,
    -0.0008209039794036014,
    -0.0008228765742394775,
    -0.0008245438412438944,
    -0.000825916865466821,
    -0.0008270063950212385,
    -0.0008278228508268983,
    -0.0008283763360788553,
    -0.000828676645441125,
    -0.0008287332739704263,
    -0.0008285554257860702,
    -0.0008281520225003851,
    -0.00082753171140988,
    -0.0008267028734488891,
    -0.000825673630916538,
    -0.0008244518549856803,
    -0.0008230451729978759,
    -0.0008214609755489401,
    -0.0008197064233732531,
    -0.0008177884540349372,
    -0.0008157137884291796,
    -0.0008134889370983452,
    -0.0008111202063705098,
    -0.0008086137043215116,
    -0.0008059753465614176,
    -0.0008032108618565901,
    -0.0008003257975952701,
    -0.0007973255250948033,
    -0.000794215244754922,
    -0.0007909999910694521,
    -0.0007876846374973698,
    -0.0007842739011859379,
    -0.0007807723475547583,
    -0.0007771843947558712,
    -0.0007735143180127487,
    -0.0007697662538360856,
    -0.000765944204114317,
    -0.0007620520400808035,
    -0.0007580935061658735,
    -0.0007540722237408953,
    -0.0007499916947582169,
    -0.000745855305287633,
    -0.000741666328948561,
    -0.0007374279302431297,
    -0.0007331431677981632,
    -0.000728814997517835,
    -0.0007244462756451099,
    -0.0007200397617317224,
    -0.0007155981215194045,
    -0.0007111239297357293,
    -0.0007066196728097896,
    -0.0007020877515139981,
    -0.0006975304835333157,
    -0.0006929501059605686,
    -0.0006883487777174246,
    -0.0006837285819044648,
    -0.0006790915280879304,
    -0.0006744395545253885,
    -0.0006697745303258639,
    -0.000665098257541654,
    -0.000660412473194087,
    -0.0006557188512393766,
    -0.0006510190044813412,
    -0.000646314486433925,
    -0.0006416067931330283,
    -0.0006368973648967875,
    -0.0006321875880331831,
    -0.0006274787964945908,
    -0.0006227722734810425,
    -0.0006180692529967236,
    -0.0006133709213634302,
    -0.000608678418690306,
    -0.0006039928403010084,
    -0.0005993152381208424,
    -0.0005946466220232385,
    -0.0005899879611370942,
    -0.0005853401851169452,
    -0.0005807041853757864,
    -0.0005760808162819814,
    -0.0005714708963216728,
    -0.0005668752092276264,
    -0.0005622945050754514,
    -0.0005577295013474077,
    -0.0005531808839650637,
    -0.0005486493082920412,
    -0.0005441354001064336,
    -0.0005396397565450015,
    -0.0005351629470226347,
    -0.0005307055141244045,
    -0.0005262679744680743,
    -0.0005218508195414977,
    -0.0005174545165167711,
    -0.0005130795090393079,
    -0.0005087262179921204,
    -0.0005043950422376473,
    -0.0005000863593385206,
    -0.0004958005262575501,
    -0.0004915378800381154,
    -0.00048729873846521676,
    -0.00048308340070595007,
    -0.00047889214792926136,
    -0.00047472524390597447,
    -0.0004705829355911442,
    -0.00046646545369146786,
    -0.00046237301321796256,
    -0.00045830581402145115,
    -0.0004542640413098556,
    -0.00045024786614904184,
    -0.0004462574459501779,
    -0.000442292924944482,
    -0.00043835443464211815,
    -0.000434442094274069,
    -0.00043055601122131155,
    -0.0004266962814335757,
    -0.00042286298983573907,
    -0.00041905621072113017,
    -0.0004152760081329413,
    -0.00041152243623502336,
    -0.00040779553967216104,
    -0.0004040953539187288,
    -0.0004004219056156913,
    -0.0003967752128970361,
    -0.0003931552857065714,
    -0.0003895621261055266,
    -0.00038599572857044267,
    -0.0003824560802812929,
    -0.0003789431614009597,
    -0.00037545694534664236,
    -0.0003719973990530379,
    -0.000368564483227206,
    -0.00036515815259523417,
    -0.0003617783561411892,
    -0.00035842503733880007,
    -0.0003550981343761196,
    -0.0003517975803732805,
    -0.0003485233035930073,
    -0.00034527522764408314,
    -0.00034205327167870865,
    -0.0003388573505838691,
    -0.0003356873751666771,
    -0.000332543252334364,
    -0.0003294248852689037,
    -0.0003263321735954783,
    -0.0003232650135448599,
    -0.00032022329811084164,
    -0.0003172069172031262,
    -0.0003142157577952009,
    -0.00031124970406732656,
    -0.00030830863754499827,
    -0.0003053924372327321,
    -0.000302500979743245,
    -0.0002996341394225593,
    -0.00029679178847126107,
    -0.00029397379706175254,
    -0.000291180033451462,
    -0.0002884103640921661,
    -0.00028566465373562567,
    -0.000282942765535742,
    -0.0002802445611473095,
    -0.0002775699008212828,
    -0.00027491864349659843,
    -0.0002722906468889398,
    -0.0002696857675766934,
    -0.00026710386108390094,
    -0.0002645447819601978,
    -0.0002620083838579633,
    -0.000259494519606736,
    -0.0002570030412850815,
    -0.00025453380028990605,
    -0.00025208664740288255,
    -0.0002496614328542772,
    -0.00024725800638484413,
    -0.00024487621730586784,
    -0.000242515914557061,
    -0.00024017694676238522,
    -0.000237859162284016,
    -0.0002355624092742811,
    -0.00023328653572545575,
    -0.00023103138951759781,
    -0.00022879681846473497,
    -0.00022658267035980078,
    -0.00022438879301832224,
    -0.00022221503432042134,
    -0.00022006124225091886,
    -0.0002179272649378455,
    -0.00021581295068948326,
    -0.0002137181480298389,
    -0.00021164270573277534,
    -0.00020958647285489743,
    -0.000207549298767198,
    -0.00020553103318554617,
    -0.0002035315261999718,
    -0.00020155062830284502,
    -0.00019958819041603014,
    -0.0001976440639169279,
    -0.0001957181006634991,
    -0.0001938101530183772,
    -0.00019192007387216372,
    -0.00019004771666613794,
    -0.00018819293541407796,
    -0.00018635558472239984,
    -0.00018453551980848984,
    -0.0001827325965184028,
    -0.00018094667134518135,
    -0.00017917760144679388,
    -0.00017742524466233967,
    -0.00017568945952770506,
    -0.00017397010529124064,
    -0.0001722670419279695,
    -0.00017058013015201667,
    -0.00016890923142833284,
    -0.00016725420798452607,
    -0.00016561492282275538,
    -0.0001639912397301672,
    -0.00016238302328742466,
    -0.00016079013887710235,
    -0.00015921245269199028,
    -0.00015764983174254191,
    -0.00015610214386389086,
    -0.00015456925772244122,
    -0.0001530510428222256,
    -0.00015154736951022835,
    -0.0001500581089795383,
    -0.00014858313327237966,
    -0.0001471223152845388,
    -0.00014567552876937345,
    -0.00014424264833981984,
    -0.00014282354946851174,
    -0.00014141810848772855,
    -0.0001400262025905967,
    -0.00013864770983233076,
    -0.0001372825091307215,
    -0.00013593048026708297,
    -0.0001345915038873177,
    -0.00013326546150146915,
    -0.00013195223548253675,
    -0.00013065170906615873,
    -0.00012936376635033244,
    -0.00012808829229418622,
    -0.0001268251727165911,
    -0.0001255742942950005,
    -0.00012433554456408886,
    -0.00012310881191417993,
    -0.00012189398558937448,
    -0.00012069095568528484,
    -0.00011949961314683718,
    -0.00011831984976638148,
    -0.0001171515581818788,
    -0.00011599463187489831,
    -0.00011484896516831836,
    -0.00011371445322385476,
    -0.00011259099203953306,
    -0.00011147847844709748,
    -0.00011037681010933286,
    -0.00010928588551728456,
    -0.00010820560398737563,
    -0.00010713586565843836,
    -0.00010607657148867112,
    -0.00010502762325252111,
    -0.00010398892353747532,
    -0.00010296037574074501,
    -0.00010194188406585319,
    -0.00010093335351913561,
    -9.993468990616012e-05,
    -9.894579982806152e-05,
    -9.796659067778902e-05,
    -9.699697063627406e-05,
    -9.603684866852158e-05,
    -9.508613451962579e-05,
    -9.414473871069851e-05,
    -9.321257253468943e-05,
    -9.228954805211898e-05,
    -9.137557808679038e-05,
    -9.047057622150328e-05,
    -8.957445679367876e-05,
    -8.868713489082748e-05,
    -8.780852634594121e-05,
    -8.693854773293035e-05,
    -8.607711636209948e-05,
    -8.522415027553008e-05,
    -8.437956824234764e-05,
    -8.354328975397622e-05,
    -8.271523501941015e-05,
    -8.189532496047377e-05,
    -8.108348120702351e-05,
    -8.02796260920624e-05,
    -7.948368264685331e-05,
    -7.869557459603234e-05,
    -7.79152263525697e-05,
    -7.714256301264048e-05,
    -7.637751035061132e-05,
    -7.56199948141485e-05,
    -7.48699435193727e-05,
    -7.412728424619236e-05,
    -7.339194543398036e-05,
    -7.266385617733036e-05,
    -7.194294622157512e-05,
    -7.122914595806629e-05,
    -7.052238641917173e-05,
    -6.982259927324313e-05,
    -6.91297168199396e-05,
    -6.844367198569025e-05,
    -6.776439831896737e-05,
    -6.709182998513798e-05,
    -6.642590176101802e-05,
    -6.576654903006839e-05,
    -6.511370777842322e-05,
    -6.44673145906096e-05,
    -6.382730664454737e-05,
    -6.319362170646787e-05,
    -6.256619812607236e-05,
    -6.194497483187194e-05,
    -6.132989132664188e-05,
    -6.0720887682787426e-05,
    -6.011790453743756e-05,
    -5.952088308741932e-05,
    -5.892976508447813e-05,
    -5.8344492830853434e-05,
    -5.7765009174614654e-05,
    -5.719125750403472e-05,
    -5.662318174157918e-05,
    -5.6060726338678136e-05,
    -5.55038362711457e-05,
    -5.49524570345176e-05,
    -5.44065346393299e-05,
    -5.3866015606621215e-05,
    -5.333084696352717e-05,
    -5.280097623894316e-05,
    -5.227635145973614e-05,
    -5.175692114725507e-05,
    -5.1242634313105406e-05,
    -5.0733440454577355e-05,
    -5.0229289550806715e-05,
    -4.9730132059167834e-05,
    -4.923591891119009e-05,
    -4.874660150808507e-05,
    -4.82621317156815e-05,
    -4.7782461858906044e-05,
    -4.730754471677567e-05,
    -4.683733351846403e-05,
    -4.6371781940157596e-05,
    -4.591084410199632e-05,
    -4.54544745645098e-05,
    -4.500262832467212e-05,
    -4.4555260811963785e-05,
    -4.411232788425702e-05,
    -4.367378582351199e-05,
    -4.323959133180245e-05,
    -4.280970152762178e-05,
    -4.238407394220807e-05,
    -4.196266651604956e-05,
    -4.154543759529223e-05,
    -4.113234592770639e-05,
    -4.072335065880484e-05,
    -4.031841132842235e-05,
    -3.991748786712535e-05,
    -3.9520540592294705e-05,
    -3.9127530204364205e-05,
    -3.8738417783272456e-05,
    -3.83531647848993e-05,
    -3.797173303771082e-05,
    -3.759408473968411e-05,
    -3.72201824552636e-05,
    -3.684998911247283e-05,
    -3.6483467999920335e-05,
    -3.612058276268131e-05,
    -3.576129739681324e-05,
    -3.5405576244558944e-05,
    -3.5053383991452545e-05,
    -3.4704685663148165e-05,
    -3.4359446621721276e-05,
    -3.4017632563415334e-05,
    -3.367920951693396e-05,
    -3.3344143840851195e-05,
    -3.3012402220696353e-05,
    -3.2683951665397736e-05,
    -3.235875950180894e-05,
    -3.2036793369288834e-05,
    -3.171802121754973e-05,
    -3.1402411306563415e-05,
    -3.108993220533048e-05,
    -3.078055278897354e-05,
    -3.0474242235891678e-05,
    -3.0170970025544485e-05,
    -2.98707059358052e-05,
    -2.9573420040385872e-05,
    -2.9279082707128535e-05,
    -2.8987664595835296e-05,
    -2.8699136654698046e-05,
    -2.841347011649184e-05,
    -2.8130636495738877e-05,
    -2.7850607585990752e-05,
    -2.7573355455933695e-05,
    -2.7298852445392735e-05,
    -2.7027071162981605e-05,
    -2.675798448525798e-05,
    -2.6491565556285046e-05,
    -2.6227787786466376e-05,
    -2.5966624849933583e-05,
    -2.5708050681748866e-05,
    -2.545203947612276e-05,
    -2.5198565684233076e-05,
    -2.4947604011650524e-05,
    -2.4699129417355418e-05,
    -2.4453117113069267e-05,
    -2.4209542559835585e-05,
    -2.396838146306276e-05,
    -2.3729609769858053e-05,
    -2.349320366860497e-05,
    -2.3259139588432446e-05,
    -2.3027394197756785e-05,
    -2.279794440122306e-05,
    -2.2570767335471306e-05,
    -2.2345840365605822e-05,
    -2.2123141083011442e-05,
    -2.19026473043709e-05,
    -2.1684337071070526e-05,
    -2.1468188647166612e-05,
    -2.125418051612967e-05,
    -2.10422913781665e-05,
    -2.0832500147478195e-05,
    -2.0624785949499646e-05,
    -2.041912812084682e-05,
    -2.0215506210408527e-05,
    -2.0013899977839075e-05,
    -1.981428939105027e-05,
    -1.9616654625120356e-05,
    -1.9420976061989703e-05,
    -1.922723428911616e-05,
    -1.9035410095490942e-05,
    -1.8845484465614574e-05,
    -1.8657438574039676e-05,
    -1.8471253783710572e-05,
    -1.828691164751954e-05,
    -1.8104393908818786e-05,
    -1.792368250084676e-05,
    -1.7744759546624274e-05,
    -1.7567607357231927e-05,
    -1.7392208428409605e-05,
    -1.7218545437946264e-05,
    -1.7046601243888463e-05,
    -1.687635888319491e-05,
    -1.6707801569066243e-05,
    -1.6540912683786292e-05,
    -1.637567577189062e-05,
    -1.6212074540886267e-05,
    -1.6050092864750524e-05,
    -1.5889714783466367e-05,
    -1.5730924501231632e-05,
    -1.5573706384654222e-05,
    -1.5418044959086557e-05,
    -1.526392490540259e-05,
    -1.5111331059567074e-05,
    -1.4960248414592378e-05,
    -1.4810662123021591e-05,
    -1.4662557496116635e-05,
    -1.4515919999709917e-05,
    -1.437073525146041e-05,
    -1.4226989019525788e-05,
    -1.4084667219798677e-05,
    -1.3943755911711803e-05,
    -1.3804241294060686e-05,
    -1.366610970322575e-05,
    -1.3529347614715596e-05,
    -1.3393941645634377e-05,
    -1.325987855383029e-05,
    -1.3127145233757868e-05,
    -1.2995728715614635e-05,
    -1.2865616167704548e-05,
    -1.2736794891870167e-05,
    -1.2609252311275269e-05,
    -1.248297596255565e-05,
    -1.2357953497162133e-05,
    -1.2234172686220387e-05,
    -1.211162142390272e-05,
    -1.1990287728047048e-05,
    -1.1870159737711126e-05,
    -1.1751225706960234e-05,
    -1.1633473998009349e-05,
    -1.1516893078788458e-05,
    -1.1401471523508649e-05,
    -1.1287198012777914e-05,
    -1.1174061334079422e-05,
    -1.1062050383400402e-05,
    -1.0951154167151915e-05,
    -1.0841361803577886e-05,
    -1.0732662521385192e-05,
    -1.0625045653849706e-05,
    -1.0518500633134005e-05,
    -1.0413016989656874e-05,
    -1.0308584352606036e-05,
    -1.0205192448586167e-05,
    -1.0102831101337186e-05,
    -1.0001490232153532e-05,
    -9.90115985853961e-06,
    -9.801830091881042e-06,
    -9.703491135213338e-06,
    -9.606133282369219e-06,
    -9.509746919387193e-06,
    -9.414322525199307e-06,
    -9.319850670045264e-06,
    -9.226322014523044e-06,
    -9.13372731075357e-06,
    -9.042057403726843e-06,
    -8.951303230200948e-06,
    -8.86145581560526e-06,
    -8.772506271370614e-06,
    -8.684445793225934e-06,
    -8.597265660362689e-06,
    -8.51095723488585e-06,
    -8.425511960996146e-06,
    -8.340921364669874e-06,
    -8.257177052609176e-06,
    -8.17427070907245e-06,
    -8.092194092884315e-06,
    -8.010939036483442e-06,
    -7.930497446579207e-06,
    -7.850861305806192e-06,
    -7.772022673998929e-06,
    -7.693973687643767e-06,
    -7.616706557880675e-06,
    -7.540213568214931e-06,
    -7.464487072759738e-06,
    -7.389519495726176e-06,
    -7.315303331315171e-06,
    -7.2418311426667966e-06,
    -7.1690955611799115e-06,
    -7.097089286908821e-06,
    -7.025805088724788e-06,
    -6.955235804245057e-06,
    -6.885374339412224e-06,
    -6.816213667258975e-06,
    -6.747746827175689e-06,
    -6.679966925724007e-06,
    -6.612867137656897e-06,
    -6.546440705348884e-06,
    -6.480680937061546e-06,
    -6.415581205850317e-06,
    -6.351134949082459e-06,
    -6.287335667422095e-06,
    -6.224176924218308e-06,
    -6.161652345801039e-06,
    -6.0997556209821304e-06,
    -6.038480499570814e-06,
    -5.97782079120309e-06,
    -5.917770364698766e-06,
    -5.858323147548496e-06,
    -5.799473125404797e-06,
    -5.741214341577064e-06,
    -5.68354089653061e-06,
    -5.62644694738968e-06,
    -5.569926707155813e-06,
    -5.5139744433810215e-06,
    -5.458584477279294e-06,
    -5.403751184255505e-06,
    -5.349468994816144e-06,
    -5.295732394573489e-06,
    -5.2425359234330085e-06,
    -5.189874174557982e-06,
    -5.137741793704495e-06,
    -5.086133479131607e-06,
    -5.035043981563493e-06,
    -4.984468103883073e-06,
    -4.934400700590774e-06,
    -4.884836676775892e-06,
    -4.8357709870606055e-06,
    -4.787198635348092e-06,
    -4.739114674706541e-06,
    -4.691514206515182e-06,
    -4.644392379450739e-06,
    -4.5977443889025785e-06,
    -4.5515654767081215e-06,
    -4.5058509312235366e-06,
    -4.460596087527761e-06,
    -4.415796327025101e-06,
    -4.371447076336931e-06,
    -4.327543806559604e-06,
    -4.284082033436227e-06,
    -4.241057317542506e-06,
    -4.1984652638293134e-06,
    -4.156301520830877e-06,
    -4.114561779955177e-06,
    -4.073241775031882e-06,
    -4.032337282047604e-06,
    -3.991844118874142e-06,
    -3.951758144821035e-06,
    -3.9120752602300396e-06,
    -3.8727914064352885e-06,
    -3.833902565397126e-06,
    -3.795404758452476e-06,
    -3.757294045167034e-06,
    -3.7195665229951848e-06,
    -3.682218327235991e-06,
    -3.6452456309634733e-06,
    -3.608644644970209e-06,
    -3.572411617556758e-06,
    -3.5365428341773514e-06,
    -3.5010346170884083e-06,
    -3.4658833249373447e-06,
    -3.4310853524471524e-06,
    -3.39663713034667e-06,
    -3.3625351251401084e-06,
    -3.32877583848623e-06,
    -3.2953558065937165e-06,
    -3.2622715998655115e-06,
    -3.229519822631841e-06,
    -3.1970971129626936e-06,
    -3.1650001424765984e-06,
    -3.1332256159558447e-06,
    -3.1017702709903416e-06,
    -3.0706308777846523e-06,
    -3.0398042388850453e-06,
    -3.00928718877763e-06,
    -2.979076593467167e-06,
    -2.9491693501374273e-06,
    -2.9195623869648977e-06,
    -2.890252662956972e-06,
    -2.861237167690283e-06,
    -2.8325129209775563e-06,
    -2.804076972514012e-06,
    -2.7759264016011536e-06,
    -2.7480583169717806e-06,
    -2.7204698565940517e-06,
    -2.6931581874309652e-06,
    -2.6661205051807004e-06,
    -2.6393540339254823e-06,
    -2.612856025785492e-06,
    -2.5866237607229762e-06,
    -2.5606545463515284e-06,
    -2.5349457176294655e-06,
    -2.5094946364847873e-06,
    -2.4842986914679947e-06,
    -2.4593552975310173e-06,
    -2.434661895785399e-06,
    -2.41021595309005e-06,
    -2.386014961639055e-06,
    -2.362056438699225e-06,
    -2.338337926450651e-06,
    -2.3148569917538246e-06,
    -2.2916112257377773e-06,
    -2.2685982435170614e-06,
    -2.2458156842249587e-06,
    -2.223261210922643e-06,
    -2.200932510248647e-06,
    -2.1788272922585353e-06,
    -2.1569432904595685e-06,
    -2.1352782616622437e-06,
    -2.1138299856135147e-06,
    -2.0925962646557806e-06,
    -2.0715749236419383e-06,
    -2.0507638100889526e-06,
    -2.0301607941984458e-06,
    -2.0097637684419586e-06,
    -1.9895706470226674e-06,
    -1.9695793655981532e-06,
    -1.949787881028861e-06,
    -1.930194170971351e-06,
    -1.910796233496101e-06,
    -1.8915920868246517e-06,
    -1.8725797692879817e-06,
    -1.8537573394825473e-06,
    -1.8351228764063458e-06,
    -1.816674479475717e-06,
    -1.7984102683178885e-06,
    -1.7803283823981952e-06,
    -1.7624269807413905e-06,
    -1.7447042417497567e-06,
    -1.727158363054673e-06,
    -1.7097875612999134e-06,
    -1.6925900716867624e-06,
    -1.6755641475153697e-06,
    -1.658708059891595e-06,
    -1.642020097295179e-06,
    -1.6254985651452028e-06,
    -1.6091417858764642e-06,
    -1.5929480993267952e-06,
    -1.5769158628197945e-06,
    -1.5610434508360228e-06,
    -1.5453292546828622e-06,
    -1.5297716824391994e-06,
    -1.5143691589689396e-06,
    -1.4991201257617577e-06,
    -1.4840230406701551e-06,
    -1.46907637771568e-06,
    -1.4542786268952907e-06,
    -1.4396282938848095e-06,
    -1.425123899846962e-06,
    -1.4107639813101735e-06,
    -1.3965470898779854e-06,
    -1.3824717919073503e-06,
    -1.368536668259604e-06,
    -1.3547403140903217e-06,
    -1.3410813387466032e-06,
    -1.3275583657034836e-06,
    -1.314170032335808e-06,
    -1.3009149894589472e-06,
    -1.2877919009446654e-06,
    -1.2747994436834697e-06,
    -1.2619363076894054e-06,
    -1.2492011961100562e-06,
    -1.2365928251428511e-06,
    -1.224109924028912e-06,
    -1.2117512351589769e-06,
    -1.1995155139842802e-06,
    -1.1874015286968276e-06,
    -1.1754080600189634e-06,
    -1.1635339012736071e-06,
    -1.1517778585648281e-06,
    -1.1401387506542703e-06,
    -1.1286154084599345e-06,
    -1.117206674622703e-06,
    -1.1059114033473956e-06,
    -1.0947284604148801e-06,
    -1.0836567234705915e-06,
    -1.0726950825546732e-06,
    -1.0618424403464017e-06,
    -1.051097711976838e-06,
    -1.0404598249301171e-06,
    -1.029927719135051e-06,
    -1.0195003468579886e-06,
    -1.0091766723253524e-06,
    -9.989556712174201e-07,
    -9.888363301045171e-07,
    -9.788176459978277e-07,
    -9.688986261150741e-07,
    -9.590782876520125e-07,
    -9.493556573899297e-07,
    -9.397297712450354e-07,
    -9.301996738308551e-07,
    -9.207644180349808e-07,
    -9.114230647433693e-07,
    -9.021746826491164e-07,
    -8.930183478908341e-07,
    -8.839531436275711e-07,
    -8.749781597850699e-07,
    -8.66092492727305e-07,
    -8.572952445481205e-07,
    -8.485855223437991e-07,
    -8.399624380111807e-07,
    -8.314251085158943e-07,
    -8.229726562018826e-07,
    -8.14604208934374e-07,
    -8.063189000817468e-07,
    -7.981158682987388e-07,
    -7.899942573622776e-07,
    -7.819532165195352e-07,
    -7.739919011597278e-07,
    -7.661094734116689e-07,
    -7.583051028621085e-07,
    -7.505779673427638e-07,
    -7.429272534095648e-07,
    -7.353521567302674e-07,
    -7.278518827628641e-07,
    -7.20425647730501e-07,
    -7.130726795449683e-07,
    -7.057922181812811e-07,
    -6.985835156629572e-07,
    -6.914458363261274e-07,
    -6.84378457340596e-07,
    -6.773806691434157e-07,
    -6.704517759701607e-07,
    -6.635910965098139e-07
]