[
    0.0,
    0.0,
    -0.0004170784432330492,
    -0.0003353637449609747,
    -0.0002566469939534415,
    -0.0001808368137564193,
    -0.0001078444705371909,
    -3.758379797051014e-05,
    3.0028875760436515e-05,
    9.507479890475883e-05,
    0.0001576328650800226,
    0.00021777968026356182,
    0.00027558962789977755,
    0.0003311349321741563,
    0.0003844857195023102,
    0.0004357100782849292,
    0.0004848741169700651,
    0.0005320420204625259,
    0.0005772761049325924,
    0.0006206368710758172,
    0.000662183055869547,
    0.0007019716828692975,
    0.0007400581110780369,
    0.0007764960824186144,
    0.0008113377678532256,
    0.0008446338121972238,
    0.0008764333776591208,
    0.0009067841861382985,
    0.0009357325603240392,
    0.0009633234636312405,
    0.0009896005390018232,
    0.0010146061466043098,
    0.0010383814004571415,
    0.0010609662040117463,
    0.001082399284740963,
    0.001102718227744831,
    0.0011219595083728794,
    0.0011401585239140275,
    0.0011573496244278822,
    0.0011735661427314536,
    0.0011888404235193143,
    0.001203203851626848,
    0.0012166868794820295,
    0.0012293190537921326,
    0.0012411290414793346,
    0.0012521446548775835,
    0.001262392876228366,
    0.0012718998814969708,
    0.001280691063500006,
    0.0012887910543683569,
    0.0012962237474010063,
    0.0013030123183098772,
    0.0013091792458684427,
    0.0013147463320147986,
    0.00131973472136404,
    0.001324164920066133,
    0.0013280568140829206,
    0.001331429687028353,
    0.0013343022376134102,
    0.0013366925966185046,
    0.0013386183433774855,
    0.0013400965218222543,
    0.001341143656055515,
    0.0013417757654183198,
    0.0013420083790932546,
    0.0013418565502619228,
    0.0013413348698434286,
    0.0013404574798937868,
    0.0013392380866853837,
    0.0013376899734240195,
    0.001335826012590823,
    0.0013336586779114652,
    0.0013312000559776971,
    0.0013284618575459114,
    0.0013254554284916897,
    0.0013221917604447177,
    0.0013186815011509434,
    0.0013149349645553221,
    0.0013109621406135511,
    0.0013067727048030255,
    0.0013023760272646535,
    0.0012977811816590364,
    0.0012929969538205404,
    0.001288031850032083,
    0.0012828941048731214,
    0.0012775916889558349,
    0.0012721323166738688,
    0.0012665234538017012,
    0.0012607723248806968,
    0.0012548859203894449,
    0.001248871003673824,
    0.001242734117650867,
    0.001236481591315225,
    0.0012301195460613723,
    0.0012236539018755583,
    0.0012170903834340645,
    0.001210434525957334,
    0.0012036916807209252,
    0.0011968670204064854,
    0.0011899655444480958,
    0.001182992084344669,
    0.0011759513088370438,
    0.0011688477288322049,
    0.0011616857020661704,
    0.001154469437614233,
    0.0011472030003319767,
    0.001139890315233605,
    0.001132535171756495,
    0.0011251412278685301,
    0.0011177120140395524,
    0.001110250937101776,
    0.0011027612839888976,
    0.0010952462253660442,
    0.0010877088191549628,
    0.001080152013934394,
    0.0010725786522366775,
    0.0010649914737699642,
    0.0010573931185679046,
    0.0010497861300585577,
    0.0010421729580401748,
    0.001034555961568647,
    0.0010269374117645178,
    0.001019319494520881,
    0.001011704313105234,
    0.0010040938906883037,
    0.0009964901728156542,
    0.000988895029802158,
    0.000981310259049451,
    0.0009737375873046122,
    0.0009661786728522777,
    0.0009586351076274042,
    0.000951108419267159,
    0.0009436000731208673,
    0.0009361114742074891,
    0.0009286439691019268,
    0.0009211988477515553,
    0.0009137773452434497,
    0.0009063806435334456,
    0.0008990098731267338,
    0.0008916661147008343,
    0.0008843504006799021,
    0.0008770637167685759,
    0.0008698070034333864,
    0.0008625811573234649,
    0.0008553870326496575,
    0.0008482254425413906,
    0.0008410971603767746,
    0.0008340029210750474,
    0.000826943422348509,
    0.0008199193259152154,
    0.0008129312586731205,
    0.0008059798138374181,
    0.0007990655520466795,
    0.0007921890024403826,
    0.0007853506637044961,
    0.0007785510050842539,
    0.0007717904673665754,
    0.0007650694638319485,
    0.000758388381174649,
    0.0007517475803933218,
    0.0007451473976565497,
    0.0007385881451455112,
    0.0007320701118702976,
    0.0007255935644577066,
    0.0007191587479144199,
    0.0007127658863700249,
    0.000706415183799429,
    0.0007001068247229375,
    0.0006938409748846473,
    0.0006876177819091732,
    0.0006814373759381784,
    0.0006752998702505488,
    0.0006692053618655242,
    0.0006631539321251994,
    0.0006571456472574035,
    0.0006511805589232214,
    0.0006452587047504536,
    0.0006393801088510259,
    0.0006335447823208437,
    0.0006277527237229252,
    0.0006220039195578362,
    0.0006162983447244762,
    0.0006106359629666587,
    0.0006050167273007859,
    0.0005994405804304558,
    0.0005939074551546697,
    0.0005884172747662157,
    0.0005829699534341594,
    0.0005775653965693081,
    0.0005722035011766276,
    0.0005668841561996484,
    0.0005616072428573026,
    0.0005563726349707856,
    0.0005511801992787017,
    0.000546029795741951,
    0.0005409212778422495,
    0.0005358544928724863,
    0.0005308292822142598,
    0.0005258454816052241,
    0.0005209029214000673,
    0.00051600142682127,
    0.0005111408181966987,
    0.0005063209111868312,
    0.0005015415170014633,
    0.0004968024426073739,
    0.000492103490933212,
    0.0004874444610715843,
    0.00048282514847599835,
    0.00047824534515477496,
    0.000473704839862595,
    0.00046920341828735393,
    0.00046474086323049094,
    0.00046031695478096463,
    0.0004559314704837688,
    0.0004515841855026878,
    0.00044727487277696116,
    0.0004430033031728231,
    0.00043876924563060373,
    0.00043457246730683937,
    0.0004304127337107813,
    0.0004262898088355769,
    0.0004222034552848062,
    0.00041815343439464243,
    0.00041413950635157574,
    0.00041016143030582096,
    0.00040621896448073347,
    0.0004023118662782261,
    0.00039843989237981154,
    0.0003946027988432683,
    0.00039080034119541866,
    0.000387032274521276,
    0.00038329835354952973,
    0.00037959833273473314,
    0.00037593196633666816,
    0.0003722990084967448,
    0.0003686992133113409,
    0.000365132334902176,
    0.000361598127483622,
    0.00035809634542748563,
    0.00035462674332557685,
    0.0003511890760494826,
    0.00034778309880786277,
    0.00034440856720193043,
    0.0003410652372786804,
    0.0003377528655818058,
    0.00033447120920124067,
    0.0003312200258214373,
    0.00032799907376750235,
    0.000324808112049012,
    0.00032164690040183347,
    0.00031851519932788694,
    0.00031541277013299123,
    0.0003123393749635032,
    0.00030929477684209174,
    0.0003062787397022619,
    0.00030329102842125013,
    0.0003003314088509414,
    0.0002973996478463709,
    0.00029449551329183317,
    0.0002916187741248783,
    0.00028876920035816005,
    0.0002859465630991509,
    0.00028315063456813824,
    0.00028038118811465917,
    0.0002776379982319552,
    0.0002749208405703911,
    0.00027222949195235795,
    0.0002695637303882534,
    0.0002669233350898999,
    0.00026430808648052195,
    0.00026171776620499286,
    0.0002591521571435319,
    0.00025661104342604424,
    0.00025409421044248425,
    0.0002516014448504972,
    0.00024913253458296877,
    0.0002466872688562766,
    0.00024426543818193547,
    0.00024186683438210402,
    0.00023949125060451385,
    0.00023713848133262132,
    0.00023480832239092427,
    0.00023250057095017843,
    0.00023021502553812942,
    0.0002279514860533671,
    0.00022570975377265661,
    0.00022348963135218288,
    0.00022129092283379573,
    0.00021911343365665112,
    0.00021695697066464157,
    0.00021482134210822388,
    0.00021270635764665123,
    0.00021061182835110828,
    0.00020853756670543536,
    0.00020648338660635455,
    0.00020444910336630233,
    0.00020243453371770667,
    0.00020043949581597195,
    0.00019846380923844038,
    0.00019650729497932532,
    0.00019456977544634213,
    0.00019265107446256858,
    0.00019075101726719442,
    0.00018886943051026056,
    0.0001870061422467655,
    0.0001851609819336048,
    0.00018333378042671643,
    0.00018152436997798176,
    0.0001797325842316498,
    0.00017795825821970742,
    0.00017620122835770635,
    0.00017446133243972784,
    0.00017273840963095535,
    0.00017103230045992495,
    0.0001693428468110437,
    0.00016766989191779053,
    0.00016601328035823542,
    0.00016437285805062592,
    0.0001627484722455596,
    0.00016113997151635074,
    0.00015954720575136067,
    0.00015797002614866595,
    0.00015640828521098485,
    0.00015486183673934356,
    0.00015333053582554314,
    0.0001518142388431962,
    0.00015031280343518648,
    0.00014882608849779228,
    0.0001473539541663306,
    0.0001458962618058112,
    0.00014445287400466047,
    0.0001430236545675682,
    0.0001416084685066862,
    0.00014020718203334385,
    0.00013881966255028318,
    0.00013744577864371687,
    0.00013608540007744877,
    0.0001347383977878334,
    0.00013340464387570349,
    0.0001320840115970517,
    0.00013077637535498723,
    0.00012948161069188744,
    0.0001281995942804829,
    0.00012693020391444043,
    0.00012567331850163533,
    0.00012442881806011517,
    0.00012319658371068493,
    0.0001219764976632203,
    0.00012076844320398078,
    0.00011957230469177459,
    0.00011838796755681715,
    0.00011721531829275394,
    0.00011605424444554132,
    0.00011490463460488964,
    0.00011376637839552751,
    0.00011263936646563334,
    0.00011152349047359918,
    0.00011041864307525075,
    0.00010932471791423178,
    0.00010824160961482352,
    0.00010716921377297946,
    0.00010610742694535748,
    0.00010505614663884516,
    0.0001040152713022449,
    0.00010298470032131594,
    0.0001019643340143779,
    0.00010095407362611136,
    9.995382132000412e-05,
    9.896348016540534e-05,
    9.79829541214238e-05,
    9.701214803078575e-05,
    9.60509676208066e-05,
    9.509931949521462e-05,
    9.415711112113007e-05,
    9.322425082435716e-05,
    9.230064778835038e-05,
    9.138621204829588e-05,
    9.048085447960887e-05,
    8.958448678625146e-05,
    8.869702149503082e-05,
    8.781837194875949e-05,
    8.694845229322339e-05,
    8.608717746798705e-05,
    8.523446319977817e-05,
    8.439022599197535e-05,
    8.355438311850421e-05,
    8.272685262529744e-05,
    8.190755333111315e-05,
    8.10964048262056e-05,
    8.029332746846699e-05,
    7.949824236882824e-05,
    7.871107137324317e-05,
    7.793173705883479e-05,
    7.716016274028307e-05,
    7.639627247218577e-05,
    7.56399910401246e-05,
    7.489124395015283e-05,
    7.414995743972474e-05,
    7.341605850606592e-05,
    7.268947492031563e-05,
    7.19701352210426e-05,
    7.125796870626313e-05,
    7.05529054253593e-05,
    6.985487616912892e-05,
    6.91638124659012e-05,
    6.847964658001371e-05,
    6.780231151541208e-05,
    6.713174102914285e-05,
    6.646786962589826e-05,
    6.581063251297312e-05,
    6.515996555653017e-05,
    6.451580525758917e-05,
    6.38780887046297e-05,
    6.324675351192992e-05,
    6.26217377899919e-05,
    6.200298014390847e-05,
    6.139041967251838e-05,
    6.078399595702501e-05,
    6.018364904686022e-05,
    5.958931944829031e-05,
    5.900094811308729e-05,
    5.841847643988236e-05,
    5.7841846298273015e-05,
    5.7271000057835594e-05,
    5.6705880599689325e-05,
    5.6146431302820736e-05,
    5.559259601015324e-05,
    5.5044318993340806e-05,
    5.4501544936634315e-05,
    5.3964218947679947e-05,
    5.343228657222938e-05,
    5.290569376472761e-05,
    5.238438683471223e-05,
    5.186831244822236e-05,
    5.1357417674532306e-05,
    5.085165000578301e-05,
    5.035095734921645e-05,
    4.9855288033379675e-05,
    4.936459081452587e-05,
    4.887881484901943e-05,
    4.8397909652831695e-05,
    4.79218250926132e-05,
    4.745051141761801e-05,
    4.6983919297812876e-05,
    4.652199983799733e-05,
    4.606470458483244e-05,
    4.561198554316301e-05,
    4.516379518847298e-05,
    4.472008646930089e-05,
    4.428081281237495e-05,
    4.384592813940602e-05,
    4.341538686534793e-05,
    4.2989143849712217e-05,
    4.256715434995877e-05,
    4.2149374023141484e-05,
    4.173575894473019e-05,
    4.132626561530533e-05,
    4.092085096655093e-05,
    4.0519472379724485e-05,
    4.012208770530624e-05,
    3.972865526584892e-05,
    3.933913384580938e-05,
    3.8953482677023395e-05,
    3.857166142496794e-05,
    3.819363018726669e-05,
    3.7819349501199e-05,
    3.744878034373581e-05,
    3.7081884122528294e-05,
    3.671862266113647e-05,
    3.635895818110829e-05,
    3.6002853295221616e-05,
    3.565027101495188e-05,
    3.530117475348951e-05,
    3.4955528315210536e-05,
    3.4613295885673515e-05,
    3.427444203291429e-05,
    3.39389317136136e-05,
    3.360673028151939e-05,
    3.3277803496292125e-05,
    3.2952117521746416e-05,
    3.262963891455671e-05,
    3.2310334612255514e-05,
    3.1994171926313646e-05,
    3.168111854785948e-05,
    3.137114255789671e-05,
    3.106421242682525e-05,
    3.076029700819188e-05,
    3.0459365535038833e-05,
    3.01613876138938e-05,
    2.9866333213119055e-05,
    2.957417265192317e-05,
    2.9284876597588638e-05,
    2.8998416070952176e-05,
    2.8714762449930845e-05,
    2.8433887463277904e-05,
    2.8155763180526402e-05,
    2.7880362002609984e-05,
    2.760765664948471e-05,
    2.733762014851075e-05,
    2.7070225830480133e-05,
    2.680544733320603e-05,
    2.654325860610353e-05,
    2.6283633906902304e-05,
    2.6026547792779346e-05,
    2.577197511640318e-05,
    2.5519891027960176e-05,
    2.527027097394939e-05,
    2.5023090688087127e-05,
    2.4778326182586365e-05,
    2.453595374531113e-05,
    2.429594993508948e-05,
    2.4058291571350237e-05,
    2.3822955726125244e-05,
    2.3589919725102278e-05,
    2.3359161152203765e-05,
    2.3130657846617682e-05,
    2.2904387892175163e-05,
    2.2680329611230067e-05,
    2.245846157028321e-05,
    2.2238762588235522e-05,
    2.202121173481866e-05,
    2.1805788316408325e-05,
    2.1592471849758944e-05,
    2.1381242030547053e-05,
    2.1172078712631573e-05,
    2.0964961903128077e-05,
    2.0759871765195383e-05,
    2.0556788623370347e-05,
    2.0355692967166692e-05,
    2.0156565450405484e-05,
    1.9959386892021004e-05,
    1.9764138280793533e-05,
    1.9570800777407207e-05,
    1.937935571010538e-05,
    1.918978456956617e-05,
    1.900206901006952e-05,
    1.8816190855170126e-05,
    1.863213209944467e-05,
    1.8449874903893435e-05,
    1.82694015906945e-05,
    1.8090694640833882e-05,
    1.7913736695180163e-05,
    1.7738510558311332e-05,
    1.7564999200086532e-05,
    1.7393185753112694e-05,
    1.7223053511043877e-05,
    1.7054585928854263e-05,
    1.6887766620891178e-05,
    1.6722579357546963e-05,
    1.6559008065582953e-05,
    1.6397036830133916e-05,
    1.623664989315637e-05,
    1.60778316511767e-05,
    1.5920566656305012e-05,
    1.5764839617417486e-05,
    1.561063539986675e-05,
    1.5457939025371022e-05,
    1.53067356715017e-05,
    1.5157010671042752e-05,
    1.5008749511821662e-05,
    1.4861937836139208e-05,
    1.471656143956212e-05,
    1.4572606268883802e-05,
    1.4430058419315608e-05,
    1.428890413097276e-05,
    1.4149129785674452e-05,
    1.4010721905275031e-05,
    1.3873667150929605e-05,
    1.373795232321683e-05,
    1.3603564362387262e-05,
    1.3470490347790373e-05,
    1.3338717496774752e-05,
    1.3208233161733044e-05,
    1.3079024826026844e-05,
    1.2951080101782426e-05,
    1.2824386728154733e-05,
    1.269893256823203e-05,
    1.2574705605955953e-05,
    1.2451693943950795e-05,
    1.2329885802902806e-05,
    1.2209269522473155e-05,
    1.2089833561319706e-05,
    1.1971566494492035e-05,
    1.1854457010420332e-05,
    1.1738493909476997e-05,
    1.1623666102136953e-05,
    1.150996260630085e-05,
    1.139737254552975e-05,
    1.1285885147533351e-05,
    1.1175489743131171e-05,
    1.1066175766346507e-05,
    1.0957932753460499e-05,
    1.0850750341674118e-05,
    1.0744618269543251e-05,
    1.0639526376803406e-05,
    1.0535464601645997e-05,
    1.0432422977400832e-05,
    1.033039163056339e-05,
    1.0229360779942728e-05,
    1.0129320735423057e-05,
    1.0030261895913258e-05,
    9.932174747557503e-06,
    9.835049863055623e-06,
    9.738877902501113e-06,
    9.643649615077987e-06,
    9.549355839494341e-06,
    9.455987502328878e-06,
    9.363535616411519e-06,
    9.271991280284392e-06,
    9.181345676446876e-06,
    9.09159006819309e-06,
    9.002715797743956e-06,
    8.914714286060573e-06,
    8.827577033275165e-06,
    8.741295619718286e-06,
    8.655861707328e-06,
    8.571267039840693e-06,
    8.487503440799853e-06,
    8.404562811402335e-06,
    8.322437130150656e-06,
    8.241118453489172e-06,
    8.160598915654917e-06,
    8.080870726992314e-06,
    8.001926171915775e-06,
    7.92375760823951e-06,
    7.84635746765205e-06,
    7.769718255618398e-06,
    7.693832549606593e-06,
    7.618692996606574e-06,
    7.544292312169935e-06,
    7.470623281298322e-06,
    7.397678759307615e-06,
    7.325451671580144e-06,
    7.253935012419761e-06,
    7.183121843926156e-06,
    7.113005295949697e-06,
    7.043578566223277e-06,
    6.9748349197833325e-06,
    6.90676768908479e-06,
    6.839370274119026e-06,
    6.772636140644314e-06,
    6.706558818781984e-06,
    6.641131903844765e-06,
    6.5763490569834935e-06,
    6.512204004473577e-06,
    6.44869053701598e-06,
    6.385802508892923e-06,
    6.323533836309614e-06,
    6.261878496253717e-06,
    6.200830527019837e-06,
    6.1403840292254345e-06,
    6.0805331656772464e-06,
    6.021272160271361e-06,
    5.962595297240446e-06,
    5.904496921231015e-06,
    5.846971437883867e-06,
    5.790013314598542e-06,
    5.733617080513861e-06,
    5.6777773257106554e-06,
    5.622488701269845e-06,
    5.56774591854938e-06,
    5.513543744038692e-06,
    5.459876992849849e-06,
    5.406740528772071e-06,
    5.354129269824172e-06,
    5.302038190219762e-06,
    5.250462317694102e-06,
    5.199396729781609e-06,
    5.148836548485791e-06,
    5.098776935202414e-06,
    5.049213088830853e-06,
    5.000140246641466e-06,
    4.95155368656951e-06,
    4.903448728514812e-06,
    4.855820733243536e-06,
    4.808665100790004e-06,
    4.761977269755223e-06,
    4.715752716818786e-06,
    4.66998695612385e-06,
    4.624675538888763e-06,
    4.579814053084525e-06,
    4.535398122509335e-06,
    4.491423406463255e-06,
    4.447885601857865e-06,
    4.4047804465032e-06,
    4.362103721519032e-06,
    4.319851252092648e-06,
    4.278018907299693e-06,
    4.236602600931237e-06,
    4.1955982929803494e-06,
    4.155001990208648e-06,
    4.114809745857055e-06,
    4.075017658877032e-06,
    4.0356218745713986e-06,
    3.996618588117173e-06,
    3.95800404730045e-06,
    3.919774552147976e-06,
    3.8819264543897915e-06,
    3.844456157612336e-06,
    3.8073601168640756e-06,
    3.7706348386273265e-06,
    3.734276882388576e-06,
    3.698282862959976e-06,
    3.662649451904596e-06,
    3.6273733783450096e-06,
    3.5924514302755094e-06,
    3.5578804562428847e-06,
    3.5236573670329626e-06,
    3.4897791372561365e-06,
    3.4562428065905383e-06,
    3.423045480664802e-06,
    3.390184331931031e-06,
    3.3576566006309093e-06,
    3.3254595954117082e-06,
    3.2935906935166915e-06,
    3.26204734106059e-06,
    3.230827053905872e-06,
    3.199927419324514e-06,
    3.1693460975486047e-06,
    3.139080822013712e-06,
    3.1091293980771636e-06,
    3.0794897003577632e-06,
    3.0501596698854753e-06,
    3.0211373133688667e-06,
    2.992420704239619e-06,
    2.9640079831652703e-06,
    2.9358973583295933e-06,
    2.9080871055462527e-06,
    2.880575566104398e-06,
    2.853361141537042e-06,
    2.8264422866538917e-06,
    2.7998175047169272e-06,
    2.773485346782325e-06,
    2.747444412133211e-06,
    2.7216933478196423e-06,
    2.6962308481962997e-06,
    2.671055655833397e-06,
    2.646166563225169e-06,
    2.621562412943331e-06,
    2.5972420965937452e-06,
    2.573204548859456e-06,
    2.549448729300273e-06,
    2.5259736009355928e-06,
    2.502778127730156e-06,
    2.4798612923898803e-06,
    2.4572221044430784e-06,
    2.4348595807584194e-06,
    2.4127727252221285e-06,
    2.390960534333036e-06,
    2.3694220083742627e-06,
    2.348156139812838e-06,
    2.327161894543279e-06,
    2.3064382117048177e-06,
    2.285984014760643e-06,
    2.2657982175361047e-06,
    2.245879724116748e-06,
    2.226227425097715e-06,
    2.2068401871893444e-06,
    2.1877168396927815e-06,
    2.16885617355594e-06,
    2.150256957245166e-06,
    2.131917949967858e-06,
    2.113837894149361e-06,
    2.096015486342144e-06,
    2.078449347933127e-06,
    2.0611380292677444e-06,
    2.044080034038333e-06,
    2.0272738141469256e-06,
    2.01071774413681e-06,
    1.99441012148213e-06,
    1.978349188998382e-06,
    1.9625331366585564e-06,
    1.946960067673974e-06,
    1.93162798316703e-06,
    1.916534824341102e-06,
    1.9016785174545111e-06,
    1.887056983321175e-06,
    1.8726681295229499e-06,
    1.8585098232126606e-06,
    1.844579850935619e-06,
    1.8308758991149054e-06,
    1.8173955566815853e-06,
    1.804136314032068e-06,
    1.7910955420958054e-06,
    1.7782704668619617e-06,
    1.7656581762607432e-06,
    1.753255644169768e-06,
    1.7410597391573964e-06,
    1.7290672425356065e-06,
    1.7172748796842854e-06,
    1.7056793394789058e-06,
    1.6942772900569344e-06,
    1.6830653689788437e-06,
    1.6720401258563749e-06,
    1.661197986267008e-06,
    1.6505352632895254e-06,
    1.6400481564542165e-06,
    1.6297327468712706e-06,
    1.6195850275054512e-06,
    1.609600925161479e-06,
    1.5997762883142504e-06,
    1.5901068883141012e-06,
    1.5805884464705727e-06,
    1.5712166649683126e-06,
    1.5619872447763958e-06,
    1.5528958622293346e-06,
    1.543938126180427e-06,
    1.535109589451921e-06,
    1.5264058162649107e-06,
    1.517822423738476e-06,
    1.5093550710022689e-06,
    1.5009994486927618e-06,
    1.4927512917500963e-06,
    1.484606398991059e-06,
    1.4765606409195419e-06,
    1.4686099425108918e-06,
    1.4607502601329647e-06,
    1.4529775807432048e-06,
    1.4452879415792608e-06,
    1.4376774614989076e-06,
    1.430142366982888e-06,
    1.422678988232333e-06,
    1.4152837340814815e-06,
    1.4079530749253362e-06,
    1.400683550343143e-06,
    1.3934717905256678e-06,
    1.3863145197693494e-06,
    1.3792085460208166e-06,
    1.3721507643137896e-06,
    1.365138160505091e-06,
    1.3581678000637609e-06,
    1.3512368293917235e-06,
    1.3443425044053688e-06,
    1.3374822183525974e-06,
    1.3306534987584933e-06,
    1.3238539756054532e-06,
    1.3170813584845628e-06,
    1.3103334508242088e-06,
    1.3036081758520205e-06,
    1.2969035830741245e-06,
    1.2902178444838274e-06,
    1.2835492556519076e-06,
    1.2768962303379152e-06,
    1.2702572757749626e-06,
    1.2636309718490276e-06,
    1.2570159783100845e-06,
    1.2504110482980715e-06,
    1.2438150278609334e-06,
    1.2372268559405823e-06,
    1.2306455712593305e-06,
    1.2240703177127724e-06,
    1.2175003471499787e-06,
    1.2109350170232273e-06,
    1.2043737835215497e-06,
    1.1978161978382143e-06,
    1.1912619016737746e-06,
    1.1847106173840775e-06,
    1.1781621388952728e-06,
    1.1716163251525589e-06,
    1.1650730963251384e-06,
    1.1585324317513523e-06,
    1.1519943634757851e-06,
    1.1454589686800215e-06,
    1.1389263688239066e-06,
    1.1323967331989234e-06,
    1.1258702791976411e-06,
    1.119347266675959e-06,
    1.112827992535697e-06,
    1.106312790175632e-06,
    1.099802027777831e-06,
    1.0932961002092205e-06,
    1.086795421960721e-06,
    1.0803004280485546e-06,
    1.0738115770820345e-06,
    1.0673293491590651e-06,
    1.0608542396987115e-06,
    1.0543867545781212e-06,
    1.0479274085920481e-06,
    1.0414767251682496e-06,
    1.0350352351857252e-06,
    1.028603473133806e-06,
    1.0221819730924387e-06,
    1.0157712700203227e-06,
    1.0093719027041842e-06,
    1.0029844118952027e-06,
    9.966093367971934e-07,
    9.902472131611683e-07,
    9.838985715407331e-07,
    9.775639362685503e-07,
    9.712438260089134e-07,
    9.649387548253223e-07,
    9.58649232571247e-07,
    9.523757638681679e-07,
    9.461188453222893e-07,
    9.398789607005818e-07,
    9.33656576826733e-07,
    9.274521443797042e-07,
    9.212661009529157e-07,
    9.150988702203178e-07,
    9.089508582901491e-07,
    9.028224531660551e-07,
    8.967140272669854e-07,
    8.906259388482032e-07,
    8.845585329757745e-07,
    8.785121444641511e-07,
    8.724871012212128e-07,
    8.664837252347284e-07,
    8.60502331371707e-07,
    8.545432268426145e-07,
    8.486067127442247e-07,
    8.426930857306117e-07,
    8.368026381804143e-07,
    8.309356581172931e-07,
    8.250924304779379e-07,
    8.192732396629633e-07,
    8.134783724279488e-07,
    8.077081204793924e-07,
    8.019627832798643e-07,
    7.962426714129777e-07,
    7.905481097582432e-07,
    7.848794404474838e-07,
    7.79237026300386e-07,
    7.736212545909084e-07,
    7.680325405405622e-07,
    7.62471329831352e-07,
    7.569380994065172e-07,
    7.514333576107524e-07,
    7.459576457565883e-07,
    7.405115405375887e-07,
    7.350956554298533e-07,
    7.297106407764244e-07,
    7.243571822980319e-07,
    7.190359975964585e-07,
    7.137478311372529e-07,
    7.084934481822008e-07,
    7.032736263433848e-07,
    6.98089143364795e-07,
    6.929407652059381e-07,
    6.878292388894985e-07,
    6.827552829934956e-07,
    6.777195683554624e-07,
    6.727226964540908e-07,
    6.677651827646316e-07,
    6.628474428206326e-07,
    6.579697809018404e-07,
    6.531323830992335e-07,
    6.483353125039696e-07,
    6.435785063414459e-07,
    6.388617791228854e-07,
    6.341848327306979e-07,
    6.295472714669402e-07,
    6.249486231691463e-07,
    6.203883681013845e-07,
    6.158659730023166e-07,
    6.113809258458138e-07,
    6.069327696019274e-07,
    6.025211348089084e-07,
    5.981457695017711e-07,
    5.938065642976657e-07,
    5.895035708712566e-07,
    5.852370133634032e-07,
    5.810072941771756e-07,
    5.768149942848751e-07,
    5.726608631811036e-07,
    5.685457958884108e-07,
    5.644708020660119e-07,
    5.60436967720466e-07,
    5.564454053922484e-07,
    5.524971969005106e-07,
    5.485933327240373e-07,
    5.447346451567754e-07,
    5.409217385202055e-07,
    5.371549333316039e-07,
    5.334342424663669e-07,
    5.297593852839584e-07,
    5.261298333529746e-07,
    5.225448719586624e-07,
    5.190036629392776e-07,
    5.15505301410872e-07,
    5.120488599799907e-07,
    5.086334172308788e-07,
    5.052580724737699e-07,
    5.019219526609716e-07,
    4.986242161112687e-07,
    4.953640516628762e-07,
    4.921406741210625e-07,
    4.889533224612129e-07,
    4.858012660053082e-07,
    4.826838152306178e-07,
    4.79600327508944e-07,
    4.7655020714445694e-07,
    4.7353290725105066e-07,
    4.705479354346338e-07,
    4.6759485935452137e-07,
    4.6467330666936145e-07,
    4.6178295887288183e-07,
    4.5892354443407905e-07,
    4.560948334623496e-07,
    4.53296633554293e-07,
    4.5052878631908805e-07,
    4.4779116137530054e-07,
    4.4508364569493643e-07,
    4.424061317097546e-07,
    4.3975850927827706e-07,
    4.371406602923096e-07,
    4.345524515040682e-07,
    4.3199372600241993e-07,
    4.294642954906368e-07,
    4.269639323106947e-07,
    4.244923597628606e-07
]