[
    0.0,
    0.0,
    0.01536282969327167,
    0.01861589134908071,
    0.02174064267591566,
    0.024741062972471226,
    0.027621015813423442,
    0.030384252345396018,
    0.03303441448972336,
    0.035575038054637714,
    0.038009555759436035,
    0.04034130017311021,
    0.042573506569853176,
    0.044709315703785224,
    0.04675177650517962,
    0.04870384870040302,
    0.05056840535772333,
    0.0523482353610761,
    0.05404604581382208,
    0.05566446437447148,
    0.05720604152629484,
    0.05867325278268523,
    0.06006850083008336,
    0.06139411761022827,
    0.06265236634344803,
    0.06384544349465421,
    0.06497548068365555,
    0.06604454654136128,
    0.06705464851340304,
    0.06800773461266019,
    0.06890569512212881,
    0.06975036424953601,
    0.07054352173506387,
    0.07128689441350751,
    0.0719821577321532,
    0.0726309372256246,
    0.07323480994891216,
    0.07379530586976789,
    0.07431390922161131,
    0.07479205981805911,
    0.07523115433016359,
    0.07563254752741762,
    0.07599755348355144,
    0.07632744674811262,
    0.07662346348479221,
    0.07688680257743667,
    0.07711862670466327,
    0.07732006338396757,
    0.07749220598618338,
    0.07763611472113637,
    0.07775281759530994,
    0.07784331134231239,
    0.07790856232691669,
    0.07794950742343328,
    0.07796705486914914,
    0.07796208509354591,
    0.07793545152401224,
    0.07788798136875248,
    0.07782047637758988,
    0.07773371358142776,
    0.0776284460112033,
    0.07750540339721754,
    0.07736529285003785,
    0.077208799525194,
    0.07703658727650203,
    0.07684929931224355,
    0.07664755891110714,
    0.07643197057474165,
    0.07624269718429036,
    0.07636363173422514,
    0.07698868349596781,
    0.0778137662777912,
    0.07858582024149736,
    0.0793066344804168,
    0.07997794549583566,
    0.08060143813421322,
    0.08117874695779728,
    0.08171145765403903,
    0.08220110842633246,
    0.08264919135295849,
    0.0830571537106586,
    0.08342639926209734,
    0.08375828950761474,
    0.08405414490197827,
    0.08431524603687975,
    0.08454283479000205,
    0.08473811544156276,
    0.08490225575923846,
    0.08503638805232695,
    0.08514161019598637,
    0.08521898662638878,
    0.0852695493076097,
    0.08529429867104951,
    0.08529420452815709,
    0.08527020695720366,
    0.08522321716483901,
    0.08515411832314365,
    0.08506376638286975,
    0.08495299086354285,
    0.08482259562107762,
    0.08467335959354291,
    0.08450603752569344,
    0.08432136067286822,
    0.08412003748483893,
    0.08390275427017488,
    0.08367017584167538,
    0.0834229461434047,
    0.0831616888598502,
    0.08288700800770979,
    0.08259948851080016,
    0.08229969675856272,
    0.08198818114863105,
    0.08166547261391179,
    0.08133208513461676,
    0.08098851623567171,
    0.08063524746991588,
    0.08027274488749475,
    0.07990145949183697,
    0.07952182768259472,
    0.07913427168591713,
    0.07873919997241542,
    0.0783370076631682,
    0.07792807692410587,
    0.07751277734910297,
    0.07709146633209854,
    0.07666448942855547,
    0.07623218070656064,
    0.07579486308785995,
    0.075352848679113,
    0.07490643909364472,
    0.0744559257639634,
    0.07400159024530686,
    0.07354370451047153,
    0.07308253123617095,
    0.07261832408116461,
    0.07215132795639032,
    0.07168177928732697,
    0.07120990626880837,
    0.0707359291125019,
    0.07026006028726049,
    0.06978250475255024,
    0.06930346018515014,
    0.0688231171993149,
    0.06834165956058671,
    0.06785926439343615,
    0.06737610238290742,
    0.06689233797043874,
    0.06640812954402285,
    0.06592362962286867,
    0.06543898503672042,
    0.06495433709998638,
    0.0644698217808248,
    0.06398556986533023,
    0.06350170711695963,
    0.06301835443133394,
    0.06253562798654647,
    0.06205363938910601,
    0.06157249581563892,
    0.061092300150470735,
    0.06061315111920523,
    0.06013514341841454,
    0.0596583678415514,
    0.059182911401191196,
    0.05870885744770818,
    0.05823628578448752,
    0.05776527277977203,
    0.057295891475239655,
    0.056828211691405055,
    0.05636230012993543,
    0.05589822047296922,
    0.05543603347952299,
    0.05497579707906974,
    0.054517566462369195,
    0.05406139416962908,
    0.05360733017607347,
    0.053155421974992685,
    0.052705714658346246,
    0.05225825099498869,
    0.05181307150658673,
    0.051370214541293945,
    0.050929716345246664,
    0.05049161113194386,
    0.05005593114957161,
    0.049622706746331215,
    0.049191966433827714,
    0.048763736948574665,
    0.04833804331166973,
    0.04791490888669411,
    0.047494355435885455,
    0.04707640317463345,
    0.04666107082434764,
    0.04624837566374407,
    0.04583833357859646,
    0.04543095910999678,
    0.04502626550116727,
    0.04462426474286399,
    0.04422496761741494,
    0.043828383741434024,
    0.043434521607247804,
    0.04304338862307258,
    0.042654991151978364,
    0.04226933454967234,
    0.041886423201137,
    0.04150626055616189,
    0.04112884916380104,
    0.04075419070578337,
    0.04038228602890472,
    0.04001313517643771,
    0.03964673741860697,
    0.03928309128215781,
    0.03892219457902096,
    0.03856404443411297,
    0.03820863731235444,
    0.03785596904494322,
    0.03750603485485487,
    0.03715882938158134,
    0.036814346705223655,
    0.03647258037015071,
    0.03613352340852974,
    0.03579716836390541,
    0.035463507314615,
    0.03513253189698863,
    0.03480423332932148,
    0.034478602438711176,
    0.03415562969436191,
    0.03383530525655614,
    0.033517619067833064,
    0.033202561054836266,
    0.03289012166260671,
    0.032580293708845055,
    0.03227308188288826,
    0.03200018635919901,
    0.03199792016012956,
    0.03243019807393447,
    0.033042932263138675,
    0.03362326081550097,
    0.03417222418277963,
    0.03469085068963252,
    0.03518014395792151,
    0.03564108236562356,
    0.03607463069839669,
    0.03654227914512416,
    0.037103159682393916,
    0.03769302192401393,
    0.03825003194965178,
    0.03877526689151992,
    0.039269793957658825,
    0.03975357746096332,
    0.04024589404249055,
    0.04072742696458176,
    0.04117943093468314,
    0.041602804377439954,
    0.04199850592798042,
    0.04236747019663152,
    0.042710605143065586,
    0.04302879205349401,
    0.04332288611626262,
    0.04359371747838266,
    0.043842092442588104,
    0.04406879570145528,
    0.04427460258988617,
    0.044479156148381105,
    0.04470154493248385,
    0.044922557384968365,
    0.04513330677628912,
    0.045343722504561756,
    0.04554353852370427,
    0.04572306397493642,
    0.04588299436407186,
    0.0460240203708862,
    0.04614681547761777,
    0.04625203410390926,
    0.04634031142242587,
    0.04641226366133919,
    0.04646848867644272,
    0.046509566675125444,
    0.04653606063576956,
    0.04654851590219544,
    0.04654745975339924,
    0.046533402274285,
    0.04650683787465951,
    0.046468246194421206,
    0.04641809248674655,
    0.046356827910891074,
    0.04628488983768397,
    0.04620270217624915,
    0.04611067571249351,
    0.046009208459549436,
    0.04589868602778194,
    0.04577948199973164,
    0.04565195829058438,
    0.04551646549406754,
    0.045373343208491346,
    0.045222920337127805,
    0.045065515389866806,
    0.04490143681919544,
    0.04473098338626669,
    0.04455444451471142,
    0.04437210062568776,
    0.04418422366046006,
    0.04399107864166195,
    0.04379293458413859,
    0.04359017638443419,
    0.0433832203048055,
    0.04317225485117379,
    0.042957534284914736,
    0.0427394854428533,
    0.04251820157717127,
    0.04229354779668681,
    0.04206557953167007,
    0.04183450158277055,
    0.04162891955375818,
    0.04147633856812095,
    0.041346405128125666,
    0.04120987110686155,
    0.041066993818736006,
    0.040918064099332005,
    0.04076341090674815,
    0.04060334677237126,
    0.04043809429137371,
    0.040267864538072844,
    0.040107765277267365,
    0.039972307610629115,
    0.03984569510448205,
    0.03971273312788002,
    0.039573685073243665,
    0.03942881864793976,
    0.03927839926314571,
    0.03912271052498198,
    0.03896282174866375,
    0.038799877031964684,
    0.03863339820535837,
    0.03846264004799241,
    0.038294886339965,
    0.038137298132567374,
    0.03798230795559619,
    0.037822595788663094,
    0.037658356173830156,
    0.03748985374332693,
    0.037340374542533465,
    0.03723222899577714,
    0.03714080498653987,
    0.037042451285972486,
    0.03693744772324944,
    0.03682607337894196,
    0.03670860180387577,
    0.036585300747084035,
    0.036456429463149705,
    0.03632223528491046,
    0.036182955140972785,
    0.03603882004438984,
    0.0358900627157003,
    0.03575414849044771,
    0.03566524155654317,
    0.035621729685883424,
    0.03558730042089497,
    0.03554423033196272,
    0.035492843657513005,
    0.035433467067692924,
    0.03536642545479889,
    0.035311243935595545,
    0.03528733763550311,
    0.035274964465434835,
    0.03525384605980271,
    0.035223668609883116,
    0.03518477247457643,
    0.03513749532595506,
    0.03508216768172439,
    0.03501911630374811,
    0.03495323825126098,
    0.034901296847778845,
    0.03487026514930233,
    0.034842730853724815,
    0.034806499697097315,
    0.034761896937220906,
    0.03470924711175398,
    0.03464886786258238,
    0.03458106881477504,
    0.03450615137413798,
    0.03442440848620967,
    0.034336123449596134,
    0.034241568415213045,
    0.03414100512623834,
    0.03403468749888415,
    0.033922863717413966,
    0.03380578019575503,
    0.033683706064252236,
    0.03355708842606449,
    0.03348814070106236,
    0.03356336799627203,
    0.03374239064789025,
    0.03393244895615976,
    0.03410597627145147,
    0.03426346966238386,
    0.0344055150348605,
    0.03455212189953476,
    0.034722953543787564,
    0.03489817675512466,
    0.0350579077935274,
    0.035202253180585334,
    0.035331584288902776,
    0.03551527888473001,
    0.035919319472273475,
    0.036565431277544455,
    0.03727610505415135,
    0.03794949794920671,
    0.03858682498427887,
    0.039689916226131536,
    0.0418580823194621,
    0.044666368420512415,
    0.047472499284172257,
    0.05015914896299882,
    0.05273008145378641,
    0.05518895373414616,
    0.05753931645806888,
    0.059784616548582,
    0.06192820003425367,
    0.0639733148852012,
    0.06592311379359247,
    0.06778065688559075,
    0.06954891436126065,
    0.07123076906198059,
    0.07282901896631525,
    0.07434637961586915,
    0.0757854864728319,
    0.07714889721098357,
    0.07843909394194852,
    0.0796584853784763,
    0.0808094089364986,
    0.08189413277767238,
    0.08291485779407479,
    0.08387371953667119,
    0.08477279008913788,
    0.08561407988857997,
    0.08639953949464166,
    0.08713106130846464,
    0.08781048124290983,
    0.08843958034541718,
    0.08902008637483881,
    0.08955367533354422,
    0.09004197295606056,
    0.09048655615547505,
    0.090888954428792,
    0.09125065122240394,
    0.09157308525880299,
    0.09185765182562652,
    0.09210570402810153,
    0.09231855400592151,
    0.09249747411556067,
    0.09264369807900133,
    0.09275842209982375,
    0.09284280594758032,
    0.09289797401135047,
    0.09292501632334706,
    0.09292498955342035,
    0.0928989179752823,
    0.09284779440525028,
    0.09277258111428668,
    0.09267421071408961,
    0.092553587017968,
    0.09241158587721404,
    0.09224905599366595,
    0.09206681970913344,
    0.09186567377234084,
    0.09164639008402314,
    0.09140971642079329,
    0.0911563771383807,
    0.0908870738548245,
    0.09060248611418874,
    0.09030327203135027,
    0.08999006891839492,
    0.08966349389314215,
    0.08932414447030418,
    0.08897259913577071,
    0.088609417904497,
    0.08823514286245926,
    0.08785029869312808,
    0.08745539318889863,
    0.08705091774790308,
    0.08663734785661928,
    0.08621514355867804,
    0.08578474991025949,
    0.08534659742245859,
    0.08490110249098887,
    0.08444866781358296,
    0.08398968279543849,
    0.08352452394304814,
    0.08305355524674266,
    0.08257712855226729,
    0.08209558392170208,
    0.08160924998402808,
    0.08111844427563314,
    0.08062347357104219,
    0.08012463420414964,
    0.07962221238022313,
    0.07911648447894025,
    0.07860771734871277,
    0.07809616859254545,
    0.07758208684566953,
    0.07706571204518448,
    0.07654727569193467,
    0.07602700110484156,
    0.0755051036679055,
    0.07498179107008533,
    0.074457263538258,
    0.07393171406345471,
    0.07340532862056473,
    0.07287828638169247,
    0.07235075992334816,
    0.07182291542764717,
    0.07129491287768838,
    0.07076690624727722,
    0.07023904368515398,
    0.06971146769388392,
    0.06918431530356117,
    0.06865771824047345,
    0.06813180309087152,
    0.0676066914599821,
    0.06708250012640019,
    0.06655934119199225,
    0.0660373222274382,
    0.06551654641353613,
    0.06499711267839077,
    0.06447911583060285,
    0.06396264668857327,
    0.06344779220603304,
    0.06293463559390643,
    0.06242325643861189,
    0.061913730816902796,
    0.06140613140734641,
    0.060900527598536945,
    0.06039698559413611,
    0.059895568514831944,
    0.059396336497303664,
    0.058899346790278424,
    0.05840465384776272,
    0.05791230941952921,
    0.05742236263893756,
    0.056934860108166147,
    0.05644984598092778,
    0.05596736204274162,
    0.05548744778883178,
    0.05501014049972086,
    0.05453547531458352,
    0.05406348530242432,
    0.05359420153114305,
    0.053127653134548154,
    0.05266386737737609,
    0.05220286971837379,
    0.05174468387150132,
    0.05128933186530857,
    0.050836834100536965,
    0.050387209405997675,
    0.04994047509277663,
    0.049496647006813464,
    0.04905573957990113,
    0.04861776587915374,
    0.048182737654987276,
    0.04775066538765216,
    0.04732155833235873,
    0.04689542456304038,
    0.04647227101479498,
    0.04605210352503935,
    0.04563492687341206,
    0.04522074482046287,
    0.044809560145167474,
    0.04440137468130267,
    0.043996189352713946,
    0.04359400420750454,
    0.0431948184511728,
    0.042798630478729005,
    0.04240543790583174,
    0.042015237598978,
    0.04162802570476452,
    0.04124379767823064,
    0.04086254831031335,
    0.040484271754465985,
    0.040108961552480726,
    0.039736610659539415,
    0.03936721146849939,
    0.039000755833392284,
    0.03863723509215641,
    0.038276640088689556,
    0.03791896119429241,
    0.03756418832853106,
    0.03721231097950349,
    0.036863318223460506,
    0.036517198743751894,
    0.036173940849182816,
    0.0358335324920901,
    0.035495961286433786,
    0.035161214525850554,
    0.0348292792018132,
    0.034500142022255355,
    0.034173789429763554,
    0.033850207618924696,
    0.03352938255570677,
    0.03321129999991786,
    0.03289594552574837,
    0.03258330453722445,
    0.03227336228838741,
    0.031966103934554554,
    0.03166151468037733,
    0.03135958024396856,
    0.03106028845550729,
    0.03076363778045517,
    0.03051432495316314,
    0.030355349156119142,
    0.030238657286860312,
    0.030117954983120462,
    0.029993394241813978,
    0.029865149715899597,
    0.0297333948115715,
    0.02959829943221046,
    0.02946003119547381,
    0.029318764197285307,
    0.029183895284394343,
    0.029076648328480913,
    0.02899897976288382,
    0.02892835873343186,
    0.028852321718738555,
    0.028771084160452997,
    0.02868486240374062,
    0.02859386779135521,
    0.028498305787771697,
    0.02839837598657822,
    0.028294272585420166,
    0.028186185852329727,
    0.028074309095350677,
    0.027970999558783453,
    0.02788814259041135,
    0.027812823379083938,
    0.02773258793837158,
    0.027647624085174818,
    0.027558130598677448,
    0.027464302420076636,
    0.02736632906204859,
    0.027264394362343708,
    0.027158676499972743,
    0.027049348085312737,
    0.026936576292001507,
    0.02682052300152695,
    0.026701344930561404,
    0.026579193739660018,
    0.0264542161544163,
    0.026326554113456115,
    0.026196344920668756,
    0.026063721386825257,
    0.025928811971428833,
    0.02579174092705194,
    0.025652628432625304,
    0.0255115907160049,
    0.025368740178276596,
    0.0252241855188141,
    0.025078031842376204,
    0.02493038074011082,
    0.02478133036993943,
    0.024630975553890093,
    0.02447940788291399,
    0.02432671583513972,
    0.02417298492119126,
    0.024018297886016764,
    0.02386273510056769,
    0.02370637562352923,
    0.02354930220357656,
    0.02340982543263026,
    0.023305694297258445,
    0.023217521304541706,
    0.023126359141068323,
    0.023032191854359424,
    0.02293514743860591,
    0.022835357175437696,
    0.02273295069451707,
    0.022628055137965647,
    0.022520795561497227,
    0.022411297982426234,
    0.022300441642949923,
    0.022189067537366207,
    0.022076467984397392,
    0.02196195730851729,
    0.021845631947410123,
    0.021727589564140767,
    0.02160792678962665,
    0.021486737760935307,
    0.021364113781247994,
    0.02124014325836579,
    0.021114911727955488,
    0.02098850191551404,
    0.020860993806542487,
    0.020732464717408652,
    0.020602989371880293,
    0.02047263997056143,
    0.020341486246726277,
    0.020209595529425976,
    0.020077032823919108,
    0.01994386089352536,
    0.019810140347919683,
    0.019675929773953015,
    0.01954128596573581,
    0.019406264450403287,
    0.019270921090495576,
    0.01913531992927177,
    0.019001794230509628,
    0.01889523415061122,
    0.018835043273965332,
    0.01879455607176226,
    0.0187503607129941,
    0.018702594038945853,
    0.018651399980683117,
    0.01859692041880204,
    0.018539293707462323,
    0.018478654325987418,
    0.018415132769017874,
    0.018348855563285554,
    0.018279945342484265,
    0.018208520921382927,
    0.018134697378953048,
    0.01805858617025318,
    0.017980295262914194,
    0.017899929310435134,
    0.017817589903927258,
    0.017733375899647488,
    0.01764738383651055,
    0.017559708920996064,
    0.017470449377350247,
    0.017379731508749746,
    0.017295692523418074,
    0.017227958407025578,
    0.017198588952427648,
    0.01722514060394702,
    0.01727482473338876,
    0.01731787930858293,
    0.01735450322647434,
    0.017384922353822503,
    0.01740936495306252,
    0.017428071404697123,
    0.017451048839005053,
    0.017487912934095646,
    0.017528359336894103,
    0.017562439022428974,
    0.017590352397132948,
    0.0176123189147065,
    0.017628557409970533,
    0.01763929108194995,
    0.01764476549571742,
    0.017645235369842766,
    0.017640899220969564,
    0.01763189089244111,
    0.017618339779662897,
    0.01760039398127233,
    0.01757821059592876,
    0.0175519495675626,
    0.0175217692303139,
    0.017487824364916596,
    0.01745026572250259,
    0.017409239825361227,
    0.01736488887371039,
    0.017317350778716677,
    0.01726675923664193,
    0.017213243815649946,
    0.017156930062500544,
    0.01709793961564459,
    0.01703639032150832,
    0.0169723963652152,
    0.016906068430852766,
    0.01683751389076052,
    0.016766836977964154,
    0.016694138919978396,
    0.016619518206560928,
    0.016543071509229172,
    0.016464897444024112,
    0.01638512568509827,
    0.016312892974292677,
    0.016256965733872992,
    0.016207742786382588,
    0.016155922369849248,
    0.016101560555179903,
    0.016044757180710908,
    0.015985615931409538,
    0.01592423923589227,
    0.01586072738412409,
    0.015795178214315784,
    0.015727686959250798,
    0.015658346383907902,
    0.015587247620284036,
    0.015514485833150415,
    0.01546613320328893,
    0.015467261800357669,
    0.015490017932203448,
    0.015507586769865231,
    0.015520149429017823,
    0.015527889260604825,
    0.015530985523101068,
    0.015529612534110674,
    0.01552393949789678,
    0.015514130529676352,
    0.015500344752260453,
    0.015482736417344038,
    0.015461455034420556,
    0.015436645501147254,
    0.015408448232768598,
    0.015376999289508345,
    0.015342430501095258,
    0.015304869588230336,
    0.015264440281123476,
    0.015221262434986834,
    0.01517545214243698,
    0.015127121842863396,
    0.015076380428803889,
    0.015023333349394756,
    0.014968082710928468,
    0.014910727374551652,
    0.014851363051198071,
    0.014790082393847484,
    0.014726975087176148,
    0.01466212793466777,
    0.014595624943252176,
    0.014527547405533848,
    0.014457973979675678,
    0.014386980767006823,
    0.014314641387418326,
    0.01424102705260234,
    0.014166206637193564,
    0.014090246747876074,
    0.01401321179051485,
    0.013935164035366016,
    0.013856163680419182,
    0.013776268912926257,
    0.013695535969168275,
    0.013614019192508459,
    0.013531771089778922,
    0.013448842386048016,
    0.013365282077816953,
    0.01328113748469174,
    0.013196454299570412,
    0.01311127663738493,
    0.013025647082439796,
    0.012939606734389618,
    0.012853195252894448,
    0.012766450900989058,
    0.012679410587202834,
    0.012592109906466468,
    0.012504583179839556,
    0.012416863493091809,
    0.01232898273417003,
    0.012240971629582861,
    0.012152859779734142,
    0.01206467569323364,
    0.011976446820214563,
    0.011888199584688713,
    0.01179995941596692,
    0.011711750779169885,
    0.011623597204854664,
    0.011535521317781794,
    0.01144754486484759,
    0.011359688742205745,
    0.011271973021601791,
    0.01118441697594234,
    0.011097039104120323,
    0.01100985715511769,
    0.010922888151406442,
    0.01083614841166769,
    0.01074965357284833,
    0.010663418611574388,
    0.010577457864938184,
    0.010491785050677065,
    0.01040641328676278,
    0.010321355110419062,
    0.01023662249658289,
    0.010152226875824674,
    0.010068179151742754,
    0.00998448971784746,
    0.009901168473949506,
    0.009818224842066733,
    0.009735667781862564,
    0.00965350580562958,
    0.009571746992831599,
    0.009490399004217099,
    0.009409469095515738,
    0.009328964130729282,
    0.009248890595029034,
    0.009169254607272045,
    0.00909006193214704,
    0.009011317991960081,
    0.008933027878070298,
    0.008855196361985899,
    0.008777827906130114,
    0.008700926674286222,
    0.0086244965417308,
    0.008548541105063742,
    0.008473063691743788,
    0.008398067369339037,
    0.008323554954501223,
    0.008249529021671052,
    0.008175991911521796,
    0.008102945739148828,
    0.008030392402012858,
    0.007958333587643822,
    0.007886770781111874,
    0.007815705272272298,
    0.007745138162791021,
    0.00767507037295672,
    0.007605502648284941,
    0.007536435565920668,
    0.007467869540846956,
    0.007399804831905513,
    0.007332241547633392,
    0.007265179651920482,
    0.007198618969493212,
    0.007132559191229679,
    0.007066999879311138,
    0.007001940472214703,
    0.006937380289552061,
    0.006873318536758956,
    0.0068097543096394065,
    0.006746686598767829,
    0.0066841142937522705,
    0.006622036187363562,
    0.006560450979536361,
    0.006499357281246592,
    0.006438753618267306,
    0.006378638434804558,
    0.006319010097017492,
    0.00625986689642794,
    0.006201207053222774,
    0.00614302871945166,
    0.00608532998212307,
    0.006028108866201042,
    0.0059713633375058,
    0.005915091305521415,
    0.0058592906261132225,
    0.005803959104157911,
    0.005749094496088392,
    0.005694694512355155,
    0.005640756819807175,
    0.005587279043995472,
    0.005534258771401246,
    0.005481693551590408,
    0.005429580899296894,
    0.005377918296437142,
    0.005326703194057994,
    0.0052759330142199455,
    0.005225605151816832,
    0.005175716976333421,
    0.005126265833543416,
    0.005077249047150078,
    0.0050286639203715264,
    0.004980507737472981,
    0.00493277776524692,
    0.0048854712544412985,
    0.004838585441136911,
    0.004792117548076169,
    0.004746064785945744,
    0.004700424354614714,
    0.004655193444329106,
    0.004610369236863701,
    0.004565948906632764,
    0.004521929621761466,
    0.004478308545118463,
    0.004435082835310007,
    0.004392249647637415,
    0.004349806135019745,
    0.004307749448882433,
    0.004266076740012627,
    0.004224785159382212,
    0.0041838718589397705,
    0.004143333992372636,
    0.0041031687158393495,
    0.0040633731886731824,
    0.0040239445740582825,
    0.003984880039679496,
    0.003946176758346289,
    0.0039078319085914205,
    0.0038698426752454356,
    0.0038322062499877504,
    0.0037949198318748293,
    0.0037579806278461524,
    0.003721385853208786,
    0.0036851327321013386,
    0.0036492184979379757,
    0.003613640393832938,
    0.0035783956730060743,
    0.003543481599170299,
    0.003508895446901795,
    0.003474634501993366,
    0.003440696061791083,
    0.0034070774355145447,
    0.0033737759445615165,
    0.0033407889227978155,
    0.003308113716833055,
    0.0032757476862824613,
    0.003243688204014962,
    0.0032119326563879447,
    0.0031804784434692375,
    0.003149322979246869,
    0.0031184636918271465,
    0.00308789802362135,
    0.003057623431521307,
    0.0030276373870643187,
    0.002997937376587836,
    0.0029685209013740887,
    0.0029393854777850655,
    0.0029105286373882796,
    0.0028819479270734026,
    0.002853640909159924,
    0.0028256051614963702,
    0.0027978382775515334,
    0.0027703378664978417,
    0.0027431015532870195,
    0.0027161269787184085,
    0.002689411799500218,
    0.0026629536883039447,
    0.0026367503338123287,
    0.002610799440761147,
    0.00258509872997511,
    0.002559645938398027,
    0.0025344388191172605,
    0.0025094751413826943,
    0.0024847526906205016,
    0.0024602692684419,
    0.0024360226926470126,
    0.00241201079722399,
    0.0023882314323435696,
    0.0023646824643492525,
    0.0023413617757433464,
    0.0023182672651690726,
    0.0022953968473888725,
    0.0022727484532590716,
    0.0022503200297009775,
    0.002228109539668491,
    0.002206114962112428,
    0.002184334291941778,
    0.002162765539981965,
    0.002141406732930135,
    0.0021202559133076263,
    0.0020993111394096388,
    0.002078570485252248,
    0.0020580320405171734,
    0.0020376939104944777,
    0.0020175542160230813,
    0.0019976110934291093,
    0.0019778626944622433,
    0.0019583071862302077,
    0.0019389427511314183,
    0.0019197675867858336,
    0.0019007799059641529,
    0.0018819779365155484,
    0.0018633599212940265,
    0.001844924118083431,
    0.0018266687995209937,
    0.001808592253019193,
    0.0017906927806860796,
    0.0017729686992446793,
    0.0017554183399517394,
    0.0017380400485156305,
    0.0017208321850133365,
    0.0017037931238065283,
    0.0016869212534567388,
    0.0016702149766397562,
    0.0016536727100593264,
    0.0016372928843602168,
    0.0016210739440407165,
    0.001605014347364536,
    0.0015891125662720936,
    0.0015733670862913532,
    0.0015577764064483661,
    0.0015423390391774918,
    0.0015270535102312036,
    0.001511918358589516,
    0.001496932136369121,
    0.0014820934087321608,
    0.0014674007537945361,
    0.0014528527625338927,
    0.0014384480386975976,
    0.0014241851987108487,
    0.0014100628715848832,
    0.0013960796988251398,
    0.0013822343343392897,
    0.0013685254443452433,
    0.001354951707279274,
    0.001341511813704324,
    0.001328204466218514,
    0.0013150283793638255,
    0.0013019822795347054,
    0.0012890649048861913,
    0.0012762750052418073,
    0.0012636113420020126,
    0.0012510726880532422,
    0.0012386578276772156,
    0.0012263655564605893,
    0.0012141946812049209,
    0.0012021440198368583,
    0.0011902124013187408,
    0.0011783986655595573,
    0.0011667016633259623,
    0.0011551202561534445,
    0.001143653316258003,
    0.0011322997264483958,
    0.0011210583800387985,
    0.001109928180761713,
    0.0010989080426811034,
    0.0010879968901058184,
    0.0010771936575035388,
    0.0010664972894155497,
    0.0010559067403721754,
    0.0010454209748085165,
    0.001035038966980584,
    0.0010247597008818392,
    0.0010145821701597873,
    0.00100450537803235,
    0.0009945283372041847,
    0.0009846500697836605,
    0.0009748696072010574,
    0.0009651859901277385,
    0.0009555982683957595,
    0.0009461055009177425,
    0.0009367067556073852,
    0.000927401109300852,
    0.0009181876476786402,
    0.0009090654651874659,
    0.000900033664962509,
    0.0008910913587507524,
    0.0008822376668352269,
    0.0008734717179592919,
    0.0008647926492509868,
    0.0008561996061482789,
    0.0008476917423253388,
    0.0008392682196193921,
    0.0008309282079581691,
    0.0008226708852881156,
    0.0008144954375029548,
    0.0008064010583722793,
    0.0007983869494712454,
    0.0007904523201126499,
    0.0007825963872801825,
    0.0007748183755613171,
    0.0007671175170810905,
    0.0007594930514382617,
    0.0007519442256424054,
    0.0007444702940490523,
    0.0007370705182916964,
    0.0007297441672126557,
    0.0007224905167957467,
    0.0007153088501024278,
    0.0007081984572116717,
    0.0007011586351616487,
    0.000694188687891333,
    0.0006872879261828658,
    0.0006804556676067689,
    0.0006736912364698729,
    0.0006669939637633424,
    0.0006603631871119454,
    0.000653798250729742,
    0.0006472985053808906,
    0.0006408633083351836,
    0.0006344920233198016,
    0.0006281840204844564,
    0.0006219386763801169,
    0.0006157553739417761,
    0.0006096335024830972,
    0.0006035724577038501,
    0.0005975716416989154,
    0.0005916304629693358,
    0.0005857483364378926,
    0.0005799246834980859,
    0.0005741589321641891,
    0.0005684505173278944,
    0.0005627988810688578,
    0.0005572034730289306,
    0.0005516637508883329,
    0.000546179181033228,
    0.000540749239607374,
    0.0005353734141281732,
    0.0005300512059922904,
    0.0005247821343546927,
    0.0005195657422655671,
    0.000514401608018093,
    0.0005092893677646837,
    0.0005042287600425181,
    0.0004992197243766011,
    0.000494262706692778,
    0.0004893602216370994,
    0.0005340141047637431,
    0.0007300025109542344,
    0.001076211382930154,
    0.0014631932187775453,
    0.0018351267729122887,
    0.0021924744204068966,
    0.002535687066644566,
    0.0028652029746919208,
    0.0031814478327268397,
    0.0034848350212003136,
    0.0037757659267156265,
    0.004054630266530159,
    0.004321806411910292,
    0.00457766170624031,
    0.004822552775975665,
    0.005056825833448649,
    0.005280816971699666,
    0.005494852451710516,
    0.005699248982107372,
    0.00589431399131829,
    0.006080345892186223,
    0.0062576343391262945,
    0.006426460478048798,
    0.006587097189283217,
    0.006739809323696433,
    0.006884853932187048,
    0.007022480488711058,
    0.00715293110698525,
    0.007276440751050182,
    0.007393237439886852,
    0.007503542446258183,
    0.007607570489928093,
    0.007705529925408977,
    0.007797622924394172,
    0.007884045653029925,
    0.007964988444167261,
    0.008040635964727724,
    0.008111167378322286,
    0.008176756503261644,
    0.00823757196608773,
    0.008293777350751558,
    0.008345531343560994,
    0.008392987874018425,
    0.008436296251663682,
    0.008475601299034893,
    0.008511043480856883,
    0.008542759029562221,
    0.00857088006724868,
    0.008595534724175201,
    0.008616847253893525,
    0.008634938145109596,
    0.0086499242303681,
    0.00866191879165019,
    0.00867103166297071,
    0.008677369330059559,
    0.008681035027209582,
    0.008682128831370706,
    0.008680747753568443,
    0.008676985827723357,
    0.00867093419694501,
    0.00866268119737087,
    0.008652312439619282,
    0.008639910887924169,
    0.008625556937017068,
    0.00860932848682044,
    0.008591301015013776,
    0.008571547647531841,
    0.008550139227053758,
    0.008527144379541166,
    0.00850262957888122,
    0.008476659209687404,
    0.008449295628309638,
    0.00842059922210423,
    0.008390628467012834,
    0.00835943998349833,
    0.008327088590884268,
    0.008293627360143049,
    0.00825910766517661,
    0.008223579232632417,
    0.008187090190296197,
    0.008149687114101876,
    0.008111415073797586,
    0.008072317677305148,
    0.008032437113809864,
    0.007991814195617621,
    0.007950488398815115,
    0.007908497902766721,
    0.007865879628480356,
    0.00782266927587437,
    0.007778901359976279,
    0.0077346092460829526,
    0.007689825183912134,
    0.0076445803407752125,
    0.007598904833798933,
    0.007552827761222319,
    0.007506377232794875,
    0.007459580399301556,
    0.00741246348123932,
    0.007365051796669431,
    0.007317369788268911,
    0.0072694410496035484,
    0.0072212883506436905,
    0.00717293366254477,
    0.007124398181715065,
    0.007075702353190701,
    0.007026865893336633,
    0.006977907811892829,
    0.006928846433384384,
    0.006879699417913361,
    0.006830483781350422,
    0.00678121591494373,
    0.006731911604361087,
    0.006682586048181096,
    0.006633253875848887,
    0.006583929165110573,
    0.006534625458941265,
    0.006485355781983164,
    0.0064361326565088054,
    0.00638696811792166,
    0.006337873729806318,
    0.006288860598541515,
    0.006239939387488841,
    0.006191120330769107,
    0.006142413246637965,
    0.00609382755047154,
    0.006045372267371683,
    0.0059970560444020824,
    0.005948887162468335,
    0.005900873547852638,
    0.005853022783411912,
    0.005805342119449342,
    0.005757838484268763,
    0.005710518494420036,
    0.005663388464643823,
    0.005616454417524744,
    0.005569722092861886,
    0.0055231969567650745,
    0.005476884210484902,
    0.005430788798982917,
    0.005384915419245302,
    0.005339268528347025,
    0.005293852351279889,
    0.005248670888554453,
    0.005203727923579626,
    0.005159027029823562,
    0.005114571577762106,
    0.005070364741623364,
    0.005026409505933487,
    0.0049827086718657425,
    0.004939264863401372,
    0.004896080533317118,
    0.004853157969004534,
    0.004810499298114261,
    0.004768106494032832,
    0.004725981381211352,
    0.0046841256403477045,
    0.004642540813416313,
    0.0046012283085642485,
    0.004560189404911438,
    0.0045194252572699645,
    0.00447893690075237,
    0.00443872525522241,
    0.004398791129603475,
    0.004359135226142187,
    0.004319758144712967,
    0.004280660387187723,
    0.004241842361915465,
    0.004203304388556484,
    0.0041650467036362816,
    0.004127069467024622,
    0.004089372769882867,
    0.004051956645910878,
    0.004014821089583751,
    0.00397796608951222,
    0.003941391699557879,
    0.00390509820885696,
    0.0038690865176652317,
    0.0038333586534841533,
    0.0037979183660149366,
    0.0037627756931772607,
    0.003792333769822106,
    0.004064660582168207,
    0.004622230453796408,
    0.005273566887183928,
    0.005898796298717439,
    0.0064987218104127446,
    0.0070741296569062076,
    0.007625784654049473,
    0.008154429991848214,
    0.008660787585288553,
    0.009145558512995845,
    0.009609423499042244,
    0.010053043435436993,
    0.01047705992355169,
    0.010882095811835045,
    0.01126875572130736,
    0.011637626558579946,
    0.011989278017137884,
    0.01232426306681279,
    0.01264311843057356,
    0.012946365047827053,
    0.013234508524478925,
    0.013508039570557118,
    0.013767434425901807,
    0.014013155274000766,
    0.014245650644052404,
    0.014465355801601337,
    0.014672693128150092,
    0.01486807249008896,
    0.015051891597254057,
    0.015224536351375313,
    0.015386381184644126,
    0.015537789388665667,
    0.015679113434092996,
    0.01581069528121869,
    0.015932866681780726,
    0.016045949472237513,
    0.01615025585874063,
    0.01624608869401116,
    0.01633374174634561,
    0.016413499960990157,
    0.016485639714106153,
    0.01655042905953669,
    0.016608127968572726,
    0.01665898856290985,
    0.016703255340989865,
    0.016741165397917968,
    0.016772948639136004,
    0.016798827988026736,
    0.016819019587620717,
    0.016833732996572145,
    0.01684317137956434,
    0.016847531692302187,
    0.016847004861247104,
    0.016841775958242926,
    0.01683202437017422,
    0.016817923963797735,
    0.016799643245884753,
    0.016777345518806087,
    0.01675118903168773,
    0.016721327127263437,
    0.016687908384547177,
    0.016651076757443227,
    0.016610971709407646,
    0.016567728344271768,
    0.016521477533334997,
    0.016472346038833234,
    0.016420456633888022,
    0.016365928219036683,
    0.016308875935439452,
    0.016249411274857923,
    0.016187642186496348,
    0.016123673180794044,
    0.01605760543025585,
    0.015989536867403748,
    0.015919562279929328,
    0.015847773403126555,
    0.01577425900968027,
    0.015699104996882457,
    0.015622394471352321,
    0.015544207831337302,
    0.015464622846663018,
    0.01538371473639537,
    0.015301556244279747,
    0.015218217712019921,
    0.015133767150459164,
    0.015048270308726646,
    0.014961790741404172,
    0.014874389873762366,
    0.014786127065116606,
    0.01469705967035938,
    0.014607243099731345,
    0.014516730876886198,
    0.014425574695294258,
    0.014333824473029371,
    0.014241528405985231,
    0.014148733019561368,
    0.014055483218853176,
    0.013961822337388853,
    0.013867792184469456,
    0.01377343309116527,
    0.0136787839550079,
    0.013583882283408542,
    0.013488764235840119,
    0.013393464664828936,
    0.013298017155770243,
    0.013202454065577032,
    0.01310680656023804,
    0.013011104651360836,
    0.012915377231716095,
    0.01281965210983277,
    0.01272395604373,
    0.01262831477383559,
    0.01253275305516892,
    0.012437294688911199,
    0.012341962553566396,
    0.012246778636238378,
    0.012151764064780727,
    0.012056939141854872,
    0.011962323383532803,
    0.011867935568769842,
    0.011773793814854959,
    0.011679915726574598,
    0.011586318807447746,
    0.011493022343422057,
    0.011466305495244723,
    0.011634393316782775,
    0.01198808483437618,
    0.012389523002151563,
    0.012772308229250061,
    0.013137034204000446,
    0.013484280077792175,
    0.013814608874762747,
    0.014128567497483799,
    0.014426686995260524,
    0.014709482909263515,
    0.014977455652795783,
    0.01523109090966373,
    0.01547086003557495,
    0.01569722045610662,
    0.015910616058907673,
    0.016111477578026688,
    0.016300222968732098,
    0.016477257772189675,
    0.016642975470145763,
    0.01679775782997025,
    0.016941975240302037,
    0.017075987037450193,
    0.017200141822646797,
    0.017314777770282206,
    0.017420222927414172,
    0.0175167955048628,
    0.017604804160092406,
    0.017684548272091975,
    0.017756318208501258,
    0.01782039558517428,
    0.017877053518359304,
    0.017926556869715816,
    0.017969162484381747,
    0.018005119422282206,
    0.018034669182871166,
    0.018058045923494255,
    0.01807547667155634,
    0.018087181530669648,
    0.01809337388094459,
    0.01809426057358154,
    0.018090042119926562,
    0.018080912875153878,
    0.018067061216728825,
    0.01804866971779554,
    0.01802591531562979,
    0.017998969475296403,
    0.017967998348648127,
    0.01793316292879771,
    0.017894619200191808,
    0.017852518284411856,
    0.017807006581820536,
    0.017758225909169666,
    0.017706313633287278,
    0.01765140280095638,
    0.017593622265090116,
    0.01753309680730686,
    0.01746994725700798,
    0.01740429060705849,
    0.01733624012616647,
    0.017265905468053025,
    0.017193392777503952,
    0.017118804793392547,
    0.017042240948758915,
    0.016963797468028622,
    0.016883567461453065,
    0.016801641016850423,
    0.01671810528872161,
    0.01663304458481284,
    0.01654654045019824,
    0.01645867174895647,
    0.01636951474351108,
    0.016279143171699678,
    0.016187628321634978,
    0.0160950391044195,
    0.01600144212477562,
    0.015906901749650794,
    0.01581148017485398,
    0.015715237489777812,
    0.01561823174026201,
    0.01552051898965077,
    0.015422153378093068,
    0.01532318718013502,
    0.015223670860656733,
    0.015123653129203718,
    0.015023180992756832,
    0.01492229980698339,
    0.014821053326012495,
    0.014719483750775577,
    0.014617631775952454,
    0.014515536635563752,
    0.014413236147248565,
    0.01431076675526258,
    0.014208163572229515,
    0.014105460419681849,
    0.014002689867430716,
    0.013899883271802218,
    0.01379707081277131,
    0.013694281530021696,
    0.013591543357962161,
    0.013488883159728786,
    0.013386326760199956,
    0.013283898978053339,
    0.013181623656896126,
    0.01307952369549724,
    0.012977621077146126,
    0.01287593689815931,
    0.01277449139555087,
    0.012673303973884739,
    0.01257239323134513,
    0.012471776985070366,
    0.012371472295774247,
    0.012271495491659094,
    0.012171862191634731,
    0.012072587327882446,
    0.011973685167814663,
    0.01187516933543831,
    0.01177705283207489,
    0.011679348056452873,
    0.011582066824282384,
    0.011485220387397459,
    0.011388819452508863,
    0.01129287419961305,
    0.01119739430014248,
    0.011102388935082377,
    0.01100786681342108,
    0.010913836191437095,
    0.010820304893872118,
    0.010727280339181055,
    0.01063476957347937,
    0.010542779325289579,
    0.010451316111112234,
    0.010360386467057755,
    0.01026999745653156,
    0.010180157636433535,
    0.010090880263232925,
    0.01000221670814305,
    0.010181684238388233,
    0.01088685102365071,
    0.011831103649480349,
    0.012818791258133224,
    0.013928288791771336,
    0.015073710345129497,
    0.016172111278661656,
    0.01722448533559283,
    0.01874093053599519,
    0.02133341554974754,
    0.02457314428621394,
    0.02780474008134945,
    0.030906275081301476,
    0.033881792114177814,
    0.03673522347916129,
    0.0394703882472441,
    0.04209099454141277,
    0.04460064244402321,
    0.04700282698803353,
    0.04930094111565521,
    0.051498278573302185,
    0.05359803673347007,
    0.05560331934084044,
    0.05751713918264454,
    0.05934242068448006,
    0.061082002433226465,
    0.06273863962886485,
    0.0643150064670654,
    0.06581369845444111,
    0.06723723465834659,
    0.06858805989304272,
    0.06986854684399763,
    0.0710809981320494,
    0.07222764831911616,
    0.07331066585710086,
    0.07433215498159368,
    0.07529415755192684,
    0.07619865483909377,
    0.07704756926300288,
    0.07784276608049462,
    0.07858605502551073,
    0.07927919190276533,
    0.07992388013623053,
    0.0805217722737123,
    0.08107447144875608,
    0.08158353280108663,
    0.08205046485675276,
    0.0824767308691146,
    0.08286375012177911,
    0.08321289919455882,
    0.08352551319349773,
    0.08380288694597926,
    0.08404627616190258,
    0.08425689856188551,
    0.08443593497342561,
    0.08458453039592428,
    0.08470379503545417,
    0.08479480531012393,
    0.08485860482687152,
    0.08489620533049319,
    0.08490858762569314,
    0.08489670247291578,
    0.08486147145870196,
    0.08480378784128881,
    0.08472451737215314,
    0.08462449909417841,
    0.08450454611710592,
    0.0843654463709127,
    0.08420796333773997,
    0.08403283676297851,
    0.08384078334610061,
    0.0836324974118109,
    0.0834086515620733,
    0.0831698973095543,
    0.08291686569300873,
    0.08265016787511831,
    0.08237039572327981,
    0.08207812237382484,
    0.08177390278014046,
    0.08145827424514589,
    0.08113175693856808,
    0.08079485439944631,
    0.08044805402428402,
    0.08009182754125407,
    0.07972663147085213,
    0.07935290757338209,
    0.07897108328364609,
    0.07858157213320155,
    0.07818477416053748,
    0.07778107630951203,
    0.07737085281638388,
    0.07695446558576052,
    0.0765322645557775,
    0.07610458805281374,
    0.07567176313603939,
    0.07523410593208454,
    0.07479192196010855,
    0.07434550644754229,
    0.07389514463676775,
    0.07344111208299176,
    0.0729836749435637,
    0.07252309025897999,
    0.07205960622581077,
    0.07159346246177847,
    0.07112489026321042,
    0.0706541128550822,
    0.07018134563386193,
    0.06970679640335975,
    0.06923066560378122,
    0.06875314653417747,
    0.06827442556847951,
    0.06779468236529931,
    0.06731409007167417,
    0.06683281552092696,
    0.06635101942480913,
    0.06586885656008898,
    0.06538647594974324,
    0.06490402103890518,
    0.0644216298657185,
    0.06393943522724185,
    0.06345756484054446,
    0.06297614149913022,
    0.062495283224822666,
    0.06201510341524052,
    0.061535710986988755,
    0.061057210514687536,
    0.06057970236595745,
    0.06010328283247625,
    0.05962804425721889,
    0.059154075157989844,
    0.05868146034735315,
    0.058210281049062965,
    0.057740615011094454,
    0.05727253661537181,
    0.05680611698428785,
    0.056341424084106834,
    0.05587852282533903,
    0.05541747516017385,
    0.054958340177055136,
    0.05450117419248086,
    0.05404603084010588,
    0.053592961157225276,
    0.0531420136687128,
    0.052693234468487865,
    0.05224666729858113,
    0.05180235362586742,
    0.051360332716532744,
    0.0509206417083404,
    0.05048331568075958,
    0.05004838772301727,
    0.04961588900013294,
    0.049185848816993824,
    0.04875829468052683,
    0.04833325236002208,
    0.04791074594566129,
    0.04749079790530239,
    0.04707342913956995,
    0.04665865903529995,
    0.04624650551738694,
    0.045836985099079755,
    0.04543011293076987,
    0.04502590284731512,
    0.04462436741394096,
    0.04422551797076134,
    0.043829364675958805,
    0.043435916547662295,
    0.04304518150456009,
    0.04265716640528367,
    0.042271877086598166,
    0.041889318400434555,
    0.04150949424979743,
    0.04113240762358055,
    0.04075806063032297,
    0.0403864545309358,
    0.04001758977042819,
    0.039651466008659354,
    0.03928808215014527,
    0.038927436372950625,
    0.03856952615669378,
    0.03821434830969093,
    0.03786189899526446,
    0.03751217375723833,
    0.0371651675446425,
    0.03682087473565194,
    0.03647928916078495,
    0.03614040412537752,
    0.03580421243135135,
    0.03547070639830141,
    0.03513987788392757,
    0.0348117183038299,
    0.034486218650687926,
    0.03416336951285,
    0.03384316109235918,
    0.03352558322242569,
    0.03321062538435563,
    0.03289827672398085,
    0.03258852606763885,
    0.032281361937722255,
    0.031976772567847325,
    0.03167474591772365,
    0.03137526968767625,
    0.031078331332751098,
    0.030783918076729876,
    0.030492016926569866,
    0.030202614687430986,
    0.029915697978233822,
    0.02963125324819519,
    0.029349266796424096,
    0.02906972479787434,
    0.028792613338019926,
    0.02851791846628195,
    0.02824562630281994,
    0.02797572325195643,
    0.0277081964015869,
    0.027443034441457306,
    0.02718023138586717,
    0.026919813874346672,
    0.02669136445604605,
    0.026551224888143696,
    0.02649447796601727,
    0.02646049542179283,
    0.026420445246238586,
    0.026374530668050435,
    0.026322974603640244,
    0.02626599941183774,
    0.02620382329412834,
    0.02613665900128627,
    0.026064713254218545,
    0.025988186570713924,
    0.025907273323611334,
    0.02582216187995307,
    0.025733034743307695,
    0.02564006869268181,
    0.025543434936782773,
    0.025443299277239765,
    0.02533982226299066,
    0.02523315933750548,
    0.025123460996166386,
    0.02501087296621734,
    0.02489553640833943,
    0.024777588132857006,
    0.024657160829745523,
    0.02453438339869856,
    0.024409381638459005,
    0.02428227969430479,
    0.024153203559430254,
    0.024022295343683824,
    0.02391070928721582,
    0.023839113220809897,
    0.0237853397579934,
    0.023727350192791735,
    0.02366495286480332,
    0.023598341417503364,
    0.023527750055900767,
    0.023459254734063316,
    0.023417584986940382,
    0.02341480023471123,
    0.023424600754117345,
    0.023427523684422368,
    0.02342380791023142,
    0.023413702935547318,
    0.023397458387246634,
    0.023375349082538653,
    0.023353720098618684,
    0.023338642925280317,
    0.023323814774802238,
    0.023317644918134824,
    0.023334317374384114,
    0.023358502615220995,
    0.023375354476546286,
    0.02338508387241402,
    0.02338796904100987,
    0.023389547747163637,
    0.02339528749810744,
    0.023399918558609508,
    0.023398040744002247,
    0.02338971306423824,
    0.02337516542618743,
    0.023354629450245787,
    0.02332833303120979,
    0.023296498944546582,
    0.023259344065183974,
    0.023217079088299657,
    0.023169908535813747,
    0.023118030829064145,
    0.0230616383586045,
    0.023000917569294062,
    0.022936049089989682,
    0.022867207903604775,
    0.022794563519178492,
    0.022718280126970178,
    0.022638516746485655,
    0.022555427370882293,
    0.022469161106133652,
    0.022379862315717966,
    0.022287670775607882,
    0.022192721825190637,
    0.022095146514839428,
    0.02199507176629354,
    0.021892620528431446,
    0.021787911890124464,
    0.02168106113296281,
    0.02157217972403734,
    0.021461375299153325,
    0.02134875172368267,
    0.0212344092521025,
    0.021118444729310647,
    0.021000951758435867,
    0.020882020824545346,
    0.020761739422474574,
    0.020640192179923602,
    0.020517460940662705,
    0.020393624829907885,
    0.02026876033541828,
    0.020142941408959607,
    0.020016239590277516,
    0.019888724192976687,
    0.01976046265882911,
    0.019631521281872465,
    0.019501967021183817,
    0.019371877175152104,
    0.019251483112110633,
    0.01917196215416731,
    0.01914303458841099,
    0.0191313452572361,
    0.01911485080351699,
    0.019093667710392247,
    0.019067953217794916,
    0.019037876351508973,
    0.019003606877230433,
    0.018965311340499127,
    0.018923151894248723,
    0.01887728599969301,
    0.0188278663850806,
    0.018775041102493395,
    0.018718953629327195,
    0.01865974298165988,
    0.01859754382660559,
    0.018532486594768013,
    0.018464697597595704,
    0.01839429914957263,
    0.018321409690040653,
    0.01824614390167175,
    0.018168612825022946,
    0.0180889239725213,
    0.018007181454604934,
    0.017923486129382,
    0.01783793577340973,
    0.017750625293731857,
    0.01766164710697534,
    0.01757109223006678,
    0.017479056414456642,
    0.01739240242782252,
    0.017329320455143005,
    0.017293775581288195,
    0.017266375747544117,
    0.01723520334386343,
    0.017200391435255688,
    0.01716208269183897,
    0.017120418161424514,
    0.017075535311672916,
    0.01702756766776007,
    0.01697664479532366,
    0.016922892355237473,
    0.016866432182392234,
    0.016807382362393403,
    0.016745857304641003,
    0.016681967823974964,
    0.016615821233616893,
    0.016547521448585876,
    0.016477169095073158,
    0.016404861617813134,
    0.01633069339155998,
    0.01625475586272148,
    0.016177137736725355,
    0.01609792523819338,
    0.016017202673585827,
    0.015935054461986703,
    0.015851580607023408,
    0.015790700123008154,
    0.015775419555728837,
    0.015780225185197894,
    0.015780526968690513,
    0.01577649156580496,
    0.015768296372404896,
    0.01575608237488267,
    0.015739999685016236,
    0.015728312115744648,
    0.015728952575521815,
    0.01573334291750155,
    0.015733217486181617,
    0.015728731429640264,
    0.015720062230097778,
    0.01570749226471885,
    0.0157130248867704,
    0.015757664692711806,
    0.015818133151736725,
    0.015872018830587302,
    0.015919482747753285,
    0.01596073961535732,
    0.015996016809811702,
    0.01602556896431069,
    0.016055738965637195,
    0.01609261313774299,
    0.016129851129005217,
    0.016161293430644902,
    0.01618710559034748,
    0.01620751338292623,
    0.01622273176298273,
    0.016248390566229398,
    0.01630404749217358,
    0.016377597274409107,
    0.016448342810352706,
    0.016511827761590582,
    0.01656829231810351,
    0.016617982024430565,
    0.016661137497005707,
    0.01669799290414373,
    0.01672877569735066,
    0.016753706628449574,
    0.016772999852547425,
    0.01678686307233862,
    0.016795497693687895,
    0.016799098990028082,
    0.016797856279965957,
    0.016791953101748032,
    0.016781567375327242,
    0.016766871557994088,
    0.016748032797864763,
    0.016725213086745117,
    0.016698569410584903,
    0.016668253894319123,
    0.016634413941895156,
    0.01659719237293678,
    0.01655672755557878,
    0.016513153535303273,
    0.01646660016032798,
    0.01641719320383993,
    0.016365054483021807,
    0.01631030197490991,
    0.016253049929110586,
    0.01619340897745791,
    0.016131486240896546,
    0.016067385433390084,
    0.01600120696199661,
    0.015933048023239547,
    0.015863002697785882,
    0.01579116204532322,
    0.01571761420001607,
    0.015642444467386583,
    0.015565735427132923,
    0.015487567048248982,
    0.015408016825263184,
    0.015327159975214168,
    0.015245069793156702,
    0.015161818255336237,
    0.01507747710302581,
    0.014992121305906004,
    0.01490584878374909,
    0.014828648101495317,
    0.014770115480505979,
    0.014719684450894492,
    0.014667136154363094,
    0.01461254890294022,
    0.014591989411101925,
    0.01464023663467576,
    0.01471885829510816,
    0.014790700684515792,
    0.01485601284990466,
    0.01491538763449635,
    0.01497296243065542,
    0.015049875877541486,
    0.01515913710902145,
    0.01527804166187497,
    0.015388354559927923,
    0.015490278243779555,
    0.015584075407701358,
    0.015670024013415496,
    0.015748392885952662,
    0.01581943828559517,
    0.015883417812679282,
    0.01594061429380867,
    0.01600337507388742,
    0.016337755479008655,
    0.017175628439938487,
    0.01823160149631375,
    0.019242937740493966,
    0.020211001234299236,
    0.02123372107563465,
    0.022464627650067834,
    0.023858193794816657,
    0.025251829427908972,
    0.026585728489519147,
    0.02791854603573176,
    0.029680765693545625,
    0.032172946069212796,
    0.03493595580299809,
    0.03758470591601753,
    0.040277877942670855,
    0.043168217583800586,
    0.04609245209184967,
    0.04963428571719806,
    0.05457359023264257,
    0.06017847133584178,
    0.06561780311014105,
    0.07083293121996602,
    0.0758308726677608,
    0.08061844355045927,
    0.08520226174018988,
    0.08958875203736488,
    0.09378415153801645,
    0.09779451493765806,
    0.10162571971451917,
    0.10528347117790691,
    0.10877330737882124,
    0.11210060388386903,
    0.11527057841514629,
    0.11828829535940123,
    0.12115867014992976,
    0.12388647352463383,
    0.126476335663647,
    0.1289327502098812,
    0.1312600781757759,
    0.13346255173944227,
    0.135544277933307,
    0.1375092422282777,
    0.1393613120163744,
    0.1411042399946894,
    0.14274166745345854,
    0.14427712747094804,
    0.14571404801778481,
    0.1470557549732848,
    0.1483054750562643,
    0.1494663386727479,
    0.15054138268291933,
    0.15153355308959632,
    0.1524457076504433,
    0.15328061841607554,
    0.15404097419614715,
    0.15472938295545702,
    0.15534837414204972,
    0.15590040094923088,
    0.1563878425133638,
    0.15681300604926146,
    0.15717812892493646,
    0.157485380677422,
    0.15773686497132847,
    0.1579346215017544,
    0.1580806278431233,
    0.1581768012454738,
    0.15822500037968829,
    0.1582270270331024,
    0.15818462775689868,
    0.1580994954666466,
    0.15797327099731368,
    0.15780754461403435,
    0.1576038574798869,
    0.15736370308189407,
    0.1570885286164281,
    0.15677973633516837,
    0.15643868485272674,
    0.15606669041702498,
    0.15566502814347694,
    0.155234933214,
    0.15477760204184998,
    0.15429419340324624,
    0.15378582953672681,
    0.15325359721114584,
    0.1526985487632011,
    0.15212170310535322,
    0.15152404670497516,
    0.15090653453554523,
    0.15027009100067568,
    0.14961561083174507,
    0.14894395995988213,
    0.14825597636302695,
    0.14755247088877513,
    0.1468342280536906,
    0.14610200681975394,
    0.14535654134859313,
    0.14459854173412628,
    0.14382869471422804,
    0.1430476643620134,
    0.1422560927573171,
    0.141454600638929,
    0.14064378803813143,
    0.1398242348940681,
    0.1389965016514597,
    0.1381611298411665,
    0.13731864264408467,
    0.13646954543884865,
    0.13561432633379902,
    0.13475345668366184,
    0.13388739159137317,
    0.13301657039547007,
    0.1321414171434579,
    0.1312623410515517,
    0.13037973695117883,
    0.12949398572261817,
    0.12860545471614104,
    0.12771449816100852,
    0.1268214575626701,
    0.12592666208849979,
    0.12503042894239408,
    0.12413306372854932,
    0.12323486080472455,
    0.12233610362529025,
    0.12143706507435247,
    0.12053800778923454,
    0.11963918447459015,
    0.11874083820741449,
    0.11784320273321314,
    0.11694650275357991,
    0.11605095420542788,
    0.11515676453211067,
    0.11426413294666496,
    0.11337325068739924,
    0.11248430126604679,
    0.1115974607086941,
    0.11071289778969064,
    0.10983077425874042,
    0.10895124506136974,
    0.10807445855295962,
    0.10720055670652721,
    0.10632967531443405,
    0.10546194418419387,
    0.10459748732854848,
    0.10373642314997455,
    0.10287886461978053,
    0.10202491945194916,
    0.1011746902718762,
    0.10032827478015108,
    0.09948576591152183,
    0.09864725198918059,
    0.09781281687450247,
    0.0969825401123687
]