[
    0.0,
    0.0,
    -0.002347608393406293,
    -0.0021712721542314793,
    -0.0020009996973760474,
    -0.001836609300960225,
    -0.001677924470584237,
    -0.0015247737909960105,
    -0.001376990781949408,
    -0.0012344137581319736,
    -0.001096885693047014,
    -0.000964254086740953,
    -0.0008363708372688644,
    -0.0007130921157911225,
    -0.0005942782451973715,
    -0.0004797935821589236,
    -0.0003695064025133712,
    -0.00026328878988629773,
    -0.0001610165274589559,
    -6.256899279623509e-05,
    3.217094435076075e-05,
    0.00012331702135393605,
    0.00021097967921188723,
    0.00029526615632703875,
    0.0003762805796331456,
    0.0004541240531480838,
    0.0005288947440238954,
    0.0006006879661628364,
    0.000669596261467147,
    0.0007357094787905919,
    0.0007991148506579576,
    0.0008598970678159943,
    0.0009181383516778825,
    0.0009739185247184853,
    0.0010273150788721044,
    0.0010784032419888451,
    0.0011272560424117812,
    0.0011739443717311338,
    0.0012185370457645497,
    0.0012611008638130706,
    0.0013017006662425232,
    0.0013403993904372148,
    0.0013772581251691516,
    0.0014123361634258548,
    0.0014456910537419096,
    0.0014773786500778502,
    0.0015074531602871431,
    0.0015359671932088882,
    0.001562971804424692,
    0.0015885165407203518,
    0.0016126494832879746,
    0.0016354172897014715,
    0.001656865234702471,
    0.0016770372498339265,
    0.0016959759619522728,
    0.0017137227306463448,
    0.0017303176845942512,
    0.001745799756890054,
    0.0017602067193727574,
    0.0017735752159883287,
    0.001785940795204755,
    0.001797337941495877,
    0.0018078001059221916,
    0.0018173597358474402,
    0.0018260483038233695,
    0.0018338963356560344,
    0.001840933437665389,
    0.0018471883231728132,
    0.0018526888382538586,
    0.0018574619867679414,
    0.0018615339546627558,
    0.0018649301335684288,
    0.0018676751437165084,
    0.0018697928562117195,
    0.0018713064146731492,
    0.0018722382562697704,
    0.001872610132176707,
    0.0018724431274521752,
    0.001871757680329325,
    0.0018705736009515782,
    0.0018689100895841635,
    0.0018667857543092907,
    0.0018642186282148193,
    0.001861226186093828,
    0.0018578253606653075,
    0.001854032558333004,
    0.0018498636745083244,
    0.001845334108503094,
    0.0018404587779860808,
    0.0018352521330204303,
    0.0018297281697046458,
    0.0018239004434247759,
    0.0018177820817288858,
    0.0018113857968382959,
    0.0018047238978040718,
    0.0017978083023187884,
    0.0017906505481969969,
    0.0017832618045300645,
    0.0017756528825189368,
    0.0017678342459993526,
    0.0017598160216701002,
    0.0017516080090273214,
    0.0017432196900060157,
    0.0017346602383314978,
    0.0017259385286014304,
    0.0017170631451205876,
    0.00170804239049394,
    0.001698884293979996,
    0.0016895966196062825,
    0.0016801868740467022,
    0.0016706623142636857,
    0.0016610299549112252,
    0.00165129657547914,
    0.0016414687271967153,
    0.0016315527397663561,
    0.0016215547279543486,
    0.0016114805980069415,
    0.0016013360538774974,
    0.0015911266032699759,
    0.001580857563506263,
    0.0015705340672410306,
    0.0015601610680383421,
    0.0015497433457947473,
    0.001539285511992562,
    0.0015287920147827314,
    0.001518267143912492,
    0.0015077150355174698,
    0.00149713967678671,
    0.0014865449104979674,
    0.001475934439411823,
    0.0014653118305278424,
    0.001454680519228771,
    0.00144404381332046,
    0.0014334048969463307,
    0.0014227668343738012,
    0.0014121325736770219,
    0.001401504950319711,
    0.0013908866906301477,
    0.0013802804151768764,
    0.0013696886420460357,
    0.0013591137900125275,
    0.0013485581816099054,
    0.001338024046114692,
    0.0013275135224568133,
    0.0013170286620506437,
    0.0013065714315365362,
    0.0012961437154370445,
    0.0012857473187361176,
    0.0012753839693828424,
    0.0012650553207206423,
    0.0012547629538421689,
    0.00124450837987352,
    0.001234293042196426,
    0.00122411831860768,
    0.0012139855234135624,
    0.0012038959094667523,
    0.0011938506701470054,
    0.0011838509412802616,
    0.001173897802996377,
    0.0011639922815284425,
    0.0011541353509588177,
    0.0011443279349185342,
    0.0011345709082405233,
    0.0011248650985624129,
    0.0011152112878781697,
    0.0011056102140423946,
    0.0010960625722309725,
    0.0010865690163598452,
    0.0010771301604632368,
    0.0010677465800306878,
    0.0010584188132988243,
    0.0010491473624992058,
    0.0010399326950711356,
    0.0010307752448437866,
    0.0010216754131865526,
    0.0010126335701267346,
    0.001003650055433647,
    0.000994725179669139,
    0.0009858592252055987,
    0.0009770524472129097,
    0.0009683050746163691,
    0.0009596173110269814,
    0.0009509893356441763,
    0.0009424213041304988,
    0.0009339133494583778,
    0.0009254655827302943,
    0.0009170780939746573,
    0.0009087509529194076,
    0.0009004842097432979,
    0.0008922778958024339,
    0.0008841320243322764,
    0.0008760465911291364,
    0.0008680215752123171,
    0.0008600569394659521,
    0.0008521526312611069,
    0.0008443085830575532,
    0.000836524712985369,
    0.0008288009254096175,
    0.0008211371114795114,
    0.0008135331496601727,
    0.0008059889062463502,
    0.000798504235859771,
    0.0007910789819311083,
    0.0007837129771664752,
    0.0007764060439997068,
    0.0007691579950319798,
    0.0007619686334581384,
    0.0007548377534786605,
    0.0007477651406976745,
    0.0007407505725078914,
    0.0007337938184632128,
    0.0007268946406398664,
    0.0007200527939862241,
    0.0007132680266609889,
    0.0007065400803601975,
    0.0006998686906336235,
    0.0006932535871909611,
    0.0006866944941986375,
    0.0006801911305674312,
    0.0006737432102302662,
    0.0006673504424106161,
    0.0006610125318824028,
    0.000654729179221256,
    0.0006485000810470768,
    0.0006423249302586672,
    0.0006362034162609536,
    0.0006301352251845473,
    0.0006241200400969117,
    0.0006181575412047515,
    0.0006122474060489273,
    0.0006063893096940474,
    0.0006005829249131228,
    0.0005948279223663103,
    0.0005891239707735276,
    0.0005834707370814297,
    0.0005778678866245558,
    0.0005723150832799727,
    0.0005668119896159299,
    0.0005613582670357479,
    0.0005559535759170718,
    0.000550597575746091,
    0.0005452899252469208,
    0.0005400302825065702,
    0.0005348183050953995,
    0.000529653650182713,
    0.0005245359746479073,
    0.0005194649351877132,
    0.00051444018841922,
    0.0005094613909787217,
    0.0005045281996171511,
    0.0004996402712923315,
    0.0004947972632576381,
    0.000489998833147015,
    0.0004852446390567882,
    0.00048053433962429854,
    0.00047586759410297086,
    0.0004712440624341302,
    0.00046666340531625807,
    0.00046212528427165317,
    0.00045762936171022674,
    0.0004531753009906765,
    0.0004487627664793175,
    0.0004443914236064967,
    0.00044006093892043905,
    0.0004357709801386073,
    0.00043152121619668943,
    0.0004273113172954438,
    0.00042314095494543297,
    0.0004190098020087991,
    0.0004149175327382036,
    0.0004108638228144413,
    0.00040684834938287747,
    0.0004028707910880231,
    0.00039893082810655753,
    0.0003950281421791048,
    0.0003911624166403776,
    0.0003873333364472936,
    0.0003835405882054014,
    0.0003797838601942413,
    0.00037606284239153254,
    0.0003723772264959033,
    0.000368726705948131,
    0.0003651109759508969,
    0.0003615297334874663,
    0.0003579826773393367,
    0.00035446950810233603,
    0.00035098992820145977,
    0.0003475436419050706,
    0.00034413035533832696,
    0.0003407497764956656,
    0.0003374016152524369,
    0.0003340855833754647,
    0.0003308013945323532,
    0.00032754876429977027,
    0.0003243274101708904,
    0.0003211370515620901,
    0.0003179774098189859,
    0.0003148482082217352,
    0.00031174917198949627,
    0.0003086800282839931,
    0.00030564050621213746,
    0.00030263033682793194,
    0.0002996492531341482,
    0.0002966969900839395,
    0.0002937732845819165,
    0.0002908778754842602,
    0.00028801050359811156,
    0.00028517091168059236,
    0.00028235884443736473,
    0.00027957404852054125,
    0.00027681627252600354,
    0.0002740852669903742,
    0.0002713807843877482,
    0.00026870257912599857,
    0.0002660504075425801,
    0.00026342402789994543,
    0.0002608232003805691,
    0.00025824768708151107,
    0.00025569725200854596,
    0.0002531716610697885,
    0.0002506706820686403,
    0.0002481940846963605,
    0.00024574164052488064,
    0.00024331312299977347,
    0.0002409083074328913,
    0.00023852697099471863,
    0.00023616889270667432,
    0.0002338338534333087,
    0.0002315216358741196,
    0.00022923202455487908,
    0.00022696480581879674,
    0.00022471976781781602,
    0.0002224967005039147,
    0.00022029539562010435,
    0.0002181156466909851,
    0.00021595724901305819,
    0.0002138199996449924,
    0.00021170369739772484,
    0.00020960814282438629,
    0.00020753313821026691,
    0.00020547848756281875,
    0.0002034439966015117,
    0.00020142947274753463,
    0.00019943472511348132,
    0.0001974595644930314,
    0.00019550380335056847,
    0.00019356725581077817,
    0.0001916497376481791,
    0.00018975106627644862,
    0.00018787106073755983,
    0.0001860095416909279,
    0.00018416633140259068,
    0.00018234125373422515,
    0.0001805341341319608,
    0.00017874479961490358,
    0.00017697307876340034,
    0.00017521880170756718,
    0.00017348180011623665,
    0.0001717619071858264,
    0.00017005895762894956,
    0.00016837278766304668,
    0.00016670323499925566,
    0.00016505013883156113,
    0.000163413339826092,
    0.00016179268011036024,
    0.00016018800326230505,
    0.0001585991542991328,
    0.0001570259796661708,
    0.00015546832722587375,
    0.00015392604624682828,
    0.0001523989873927602,
    0.00015088700271166148,
    0.00014938994562489942,
    0.00014790767091621236,
    0.00014644003472083194,
    0.00014498689451493207,
    0.00014354810910524406,
    0.0001421235386186455,
    0.00014071304449167233,
    0.00013931648945989883,
    0.00013793373754725905,
    0.0001365646540554089,
    0.00013520910555315689,
    0.00013386695986609683,
    0.00013253808606645008,
    0.00013122235446285968,
    0.0001299196365900812,
    0.0001286298051987278,
    0.00012735273424509887,
    0.00012608829888118055,
    0.00012483637544479528,
    0.0001235968414493638,
    0.00012236957557282382,
    0.00012115445764617826,
    0.00011995136864252767,
    0.00011876019066685181,
    0.00011758080694628222,
    0.00011641310182052625,
    0.00011525696073245274,
    0.0001141122702188423,
    0.00011297891790092503,
    0.00011185679247469453,
    0.00011074578370130673,
    0.00010964578239752997,
    0.00010855668042624928,
    0.00010747837068733035,
    0.00010641074710878877,
    0.00010535370463789962,
    0.00010430713923217215,
    0.00010327094785039282,
    0.00010224502844395305,
    0.00010122927994821503,
    0.00010022360227354711,
    9.922789629630839e-05,
    9.82420638501914e-05,
    9.726600771794133e-05,
    9.629963162315958e-05,
    9.534284022183632e-05,
    9.439553909367276e-05,
    9.345763473354084e-05,
    9.25290345432512e-05,
    9.160964682347699e-05,
    9.069938076571466e-05,
    8.979814644463678e-05,
    8.890585481103987e-05,
    8.802241768479573e-05,
    8.71477477472067e-05,
    8.628175853299326e-05,
    8.54243644220988e-05,
    8.45754806305733e-05,
    8.373502320049431e-05,
    8.290290899031736e-05,
    8.207905566653522e-05,
    8.126338169646741e-05,
    8.045580634157957e-05,
    7.965624965070623e-05,
    7.886463245298606e-05,
    7.808087635046467e-05,
    7.730490371063557e-05,
    7.65366376594639e-05,
    7.577600207480337e-05,
    7.502292157978995e-05,
    7.427732153593252e-05,
    7.353912803586143e-05,
    7.280826789596588e-05,
    7.208466864903933e-05,
    7.136825853746264e-05,
    7.065896650735416e-05,
    6.995672220292994e-05,
    6.926145596055074e-05,
    6.857309880264874e-05,
    6.789158243124157e-05,
    6.72168392211637e-05,
    6.654880221376779e-05,
    6.588740511075938e-05,
    6.523258226782007e-05,
    6.45842686887714e-05,
    6.394240002053698e-05,
    6.330691254850118e-05,
    6.2677743192219e-05,
    6.205482950140205e-05,
    6.143810965151488e-05,
    6.0827522438933104e-05,
    6.022300727669801e-05,
    5.9624504190109446e-05,
    5.903195380882955e-05,
    5.844529735530503e-05,
    5.786447663418606e-05,
    5.728943402530559e-05,
    5.672011247912028e-05,
    5.6156455513344325e-05,
    5.559840720870381e-05,
    5.504591220238142e-05,
    5.449891568076294e-05,
    5.395736337326338e-05,
    5.3421201546828925e-05,
    5.289037700044214e-05,
    5.23648370601e-05,
    5.184452957482393e-05,
    5.1329402914187816e-05,
    5.081940596630127e-05,
    5.031448813246519e-05,
    4.981459931875889e-05,
    4.9319689931013734e-05,
    4.882971087431082e-05,
    4.834461355089129e-05,
    4.7864349854930095e-05,
    4.738887216800218e-05,
    4.691813335677321e-05,
    4.6452086771469575e-05,
    4.59906862445362e-05,
    4.553388608989197e-05,
    4.50816411009544e-05,
    4.4633906548245046e-05,
    4.4190638182544674e-05,
    4.3751792240834494e-05,
    4.3317325447492095e-05,
    4.288719501631491e-05,
    4.246135865805203e-05,
    4.203977458826405e-05,
    4.1622401531836517e-05,
    4.120919871385962e-05,
    4.0800125830448175e-05,
    4.0395143016600145e-05,
    3.9994210826970773e-05,
    3.959729022959461e-05,
    3.920434260692711e-05,
    3.88153297559739e-05,
    3.843021388910065e-05,
    3.804895763914355e-05,
    3.767152405546065e-05,
    3.729787658503134e-05,
    3.692797905315603e-05,
    3.6561795655558865e-05,
    3.619929096260754e-05,
    3.584042992151108e-05,
    3.548517784164701e-05,
    3.513350037603343e-05,
    3.478536353130163e-05,
    3.4440733724602365e-05,
    3.4099577846149145e-05,
    3.376186325644389e-05,
    3.342755773764171e-05,
    3.309662948335453e-05,
    3.2769047133957115e-05,
    3.244477980775823e-05,
    3.2123797128489034e-05,
    3.1806069265544065e-05,
    3.149156695351273e-05,
    3.118026149910114e-05,
    3.087212484518643e-05,
    3.056712967190107e-05,
    3.0265249469859994e-05,
    2.996645858661198e-05,
    2.96707323031544e-05,
    2.9378047066860767e-05,
    2.9088380918951228e-05,
    2.8801714021910202e-05,
    2.8518029134468093e-05,
    2.823731166179653e-05,
    2.7959549144895844e-05,
    2.768473072795376e-05,
    2.7412846973424942e-05,
    2.714388977310215e-05,
    2.6877852361620762e-05,
    2.6614729930441454e-05,
    2.635452073528685e-05,
    2.6097226859843076e-05,
    2.5842853940056675e-05,
    2.5591409560452612e-05,
    2.5342900942358812e-05,
    2.5097333221668605e-05,
    2.4854708642842228e-05,
    2.4615025634604944e-05,
    2.4378277633287446e-05,
    2.4144453153376976e-05,
    2.3913536753087794e-05,
    2.3685509498666124e-05,
    2.3460348869467775e-05,
    2.3238027432586235e-05,
    2.3018512401460423e-05,
    2.2801769480108172e-05,
    2.2587767473055064e-05,
    2.2376478632252268e-05,
    2.216787712648048e-05,
    2.196194126487539e-05,
    2.175866080260013e-05,
    2.1558048539625626e-05,
    2.1360157868798894e-05,
    2.1165114583016362e-05,
    2.0973178596663883e-05,
    2.078483878650344e-05,
    2.0600942865250078e-05,
    2.042297817196155e-05,
    2.0254163847269532e-05,
    2.011622567636875e-05,
    3.311147296309045e-05,
    7.184735537990117e-05,
    0.00012228079371208786,
    0.0001708296438257968,
    0.00021750593939652172,
    0.00026236351143415115,
    0.0003054567003735047,
    0.0003468389404817301,
    0.00038656242276307906,
    0.00042467800521849794,
    0.000461235228643612,
    0.0004962823369626109,
    0.0005298662765661199,
    0.0005620327003121102,
    0.0005928259892497808,
    0.0006222892824870394,
    0.0006504645049304823,
    0.000677392393234502,
    0.000703112520089681,
    0.0007276633170571957,
    0.0007510821020395488,
    0.0007734051108172788,
    0.000794667526871724,
    0.0008149035119396788,
    0.0008341462397650202,
    0.0008524279294171824,
    0.0008697798795853746,
    0.0008862325120504316,
    0.0009018154289325708,
    0.0009165574751373823,
    0.0009304867958920186,
    0.0009436309063725535,
    0.000956016806269304,
    0.0009676712052213448,
    0.000978621117802268,
    0.0009888957747741496,
    0.0009985360263996801,
    0.0010242128604184134,
    0.001082927289638436,
    0.0011578056876767758,
    0.0012306448085849337,
    0.0013004686956831844,
    0.0013673138919778043,
    0.001431261314883947,
    0.0014923969748532758,
    0.0015508071486807582,
    0.0016065769292407058,
    0.0016597895552827883,
    0.0017105261864979323,
    0.0017588658303561101,
    0.0018048853066270289,
    0.0018486592579487347,
    0.001890260191079099,
    0.001929758523457893,
    0.0019672226356193022,
    0.0020027189267915915,
    0.002036311867195106,
    0.002068064050733059,
    0.002098036248372564,
    0.002126287458387081,
    0.0021528749623664096,
    0.0021778543981361064,
    0.0022012798482766997,
    0.002223203951141678,
    0.0022436780646086962,
    0.0022627525262663077,
    0.0022804771702065146,
    0.0022969035136883986,
    0.0023121268060489605,
    0.0023388554053162653,
    0.0023892729542025937,
    0.002449859752090615,
    0.0025075478249338536,
    0.002562372121622555,
    0.0026144152088148137,
    0.0026637635548473777,
    0.002710502954891492,
    0.0027547176714844933,
    0.0027964900508314267,
    0.002835900286948103,
    0.00287302635463215,
    0.0029079440235374454,
    0.002940726889041929,
    0.0029714464126329564,
    0.0030001719679420575,
    0.0030269708889025296,
    0.0030519085224713334,
    0.0030750482832217754,
    0.0030964517074831065,
    0.0031161785069919565,
    0.003134286622743704,
    0.0031508322808692993,
    0.00316587005374045,
    0.003179452938409532,
    0.0031916324608031173,
    0.0032024587865456915,
    0.0032119808093294643,
    0.0032202462155803135,
    0.003227301599486605,
    0.0032331929381627274,
    0.0032379674779725413,
    0.003241686053736209,
    0.003258186766244112,
    0.0033101530569204017,
    0.003391860433415989,
    0.003479006363153555,
    0.003561937399760624,
    0.0036407561595062144,
    0.003715585403867627,
    0.003786550590050222,
    0.0038537756448329703,
    0.003917381795160396,
    0.003977487228869509,
    0.004034206937211686,
    0.004087652648312937,
    0.004137932856859663,
    0.004185152913149172,
    0.004229415107186869,
    0.004270818739997209,
    0.004309460203004593,
    0.004345433059141344,
    0.004378828118241225,
    0.004409733511463671,
    0.00443823476168179,
    0.004464414852641818,
    0.004488354308128013,
    0.00451013127497621,
    0.00452982160176005,
    0.00454749893629001,
    0.004563234872610723,
    0.004577099141836474,
    0.004589159852159186,
    0.004599483914269087,
    0.004608137688542035,
    0.004615186756865801,
    0.004620694569692443,
    0.0046247225758573405,
    0.004627333118095506,
    0.004628595292084415,
    0.004648162924714825,
    0.0047074332562712365,
    0.0047878074027655065,
    0.004866364748637598,
    0.004940619977551816,
    0.005010695267093373,
    0.005076723689317561,
    0.005138837402264466,
    0.005197165643525149,
    0.005251834210535487,
    0.0053029654407531854,
    0.005350678275784121,
    0.005395088293154696,
    0.005436307743482713,
    0.005474445601113714,
    0.005509607627734459,
    0.005541896452054183,
    0.0055714116517773,
    0.0055982498354949705,
    0.005622504730322053,
    0.0056442672675039544,
    0.005663625659343159,
    0.00568066547831427,
    0.00569546975093163,
    0.005708119065859635,
    0.0057186916932053695,
    0.0057272636987218415,
    0.0057339090446162505,
    0.005738699758035048,
    0.0057417062236338,
    0.0057429976324294835,
    0.005742643704819464,
    0.005740728979283441,
    0.005747337490824539,
    0.005784506786452663,
    0.005853435027024374,
    0.005930538488976482,
    0.006003097251769968,
    0.00607124159035264,
    0.006135113775503915,
    0.00619485501811904,
    0.00625060347287224,
    0.006302493709985438,
    0.006350656599969236,
    0.006395219318761292,
    0.006436305384626398,
    0.006474034697595107,
    0.006508523590988317,
    0.006539884912812512,
    0.0065682281218802235,
    0.0065936593847125856,
    0.006616281674703937,
    0.0066361948690667,
    0.00665349584054814,
    0.006668278546848398,
    0.006680634118742666,
    0.006690650946806665,
    0.006698414766568957,
    0.00670400874688395,
    0.006707513598660968,
    0.006709007717581022,
    0.006708567342563846,
    0.006706266707822372,
    0.006702178229438488,
    0.006696372797317745,
    0.006688920313542419,
    0.0066798907855549535,
    0.006669356849780841,
    0.006657413493898205,
    0.006656366317633982,
    0.006693765452698408,
    0.006771683087578621,
    0.006860595830751066,
    0.006944279095323602,
    0.007022882955661165,
    0.0070965691709377835,
    0.007165497300352257,
    0.00722982374879251,
    0.007289701629368751,
    0.007345280429166259,
    0.007396705706473796,
    0.007444118945551798,
    0.007487657655973406,
    0.0075274554824149255,
    0.007563642228273899,
    0.007596343883866943,
    0.0076256827128377,
    0.007651777387208466,
    0.007674743130258731,
    0.007694691823959856,
    0.007711732101879752,
    0.007725969497045106,
    0.007737506689605895,
    0.00774644405244024,
    0.007752881742644598,
    0.007757003484545701,
    0.007766588866860012,
    0.007788948850520443,
    0.00781590100701218,
    0.007839652924800706,
    0.007860314145388125,
    0.00787799354751814,
    0.007892797863496424,
    0.007904831119043117,
    0.007914194430242744,
    0.007920985969748206,
    0.007925300992516216,
    0.00792723188727373,
    0.00792686824233368,
    0.007924296917710738,
    0.007919602119024993,
    0.007912865471019206,
    0.007904166089912823,
    0.00789358065441632,
    0.007881183475117182,
    0.007867046562132477,
    0.007851239691189331,
    0.007833830468119843,
    0.007814884391639583,
    0.007794464914405186,
    0.0077726335023967676,
    0.007749449692662349,
    0.007724971149465453,
    0.007699253718864419,
    0.007672351481747022,
    0.007644316805339306,
    0.0076152003932076235,
    0.007585051333840654,
    0.0075539171479263745,
    0.007521843834353603,
    0.007488875914920668,
    0.007455056477755372,
    0.007420427219476262,
    0.007385028486139096,
    0.007348899313009626,
    0.007312077463206917,
    0.007274599465253681,
    0.007236500649550449,
    0.007197815183795846,
    0.0071585761073894695,
    0.007118815364853297,
    0.007078563838298615,
    0.007037851378962162,
    0.0069967068378390665,
    0.006955158095438199,
    0.006913232090682171,
    0.006870954848978124,
    0.006828351509485549,
    0.006785446351600826,
    0.006742262820677964,
    0.0066988235530093705,
    0.0066551504000896804,
    0.006611264452182476,
    0.006567186061209724,
    0.006522934862983588,
    0.006478529798797469,
    0.006433989136392902,
    0.00638933049032185,
    0.0063445708417236395,
    0.006299726557531553,
    0.006254813409121656,
    0.006209846590421009,
    0.006164840735495499,
    0.0061198099356319985,
    0.006074767755926232,
    0.0060297272513902805,
    0.005984700982594136,
    0.005939701030854129,
    0.005894739012980474,
    0.005849826095596788,
    0.005804973009044266,
    0.0057601900608821545,
    0.005715487148995446,
    0.005670873774321145,
    0.0056263590532049865,
    0.005581951729398985,
    0.005537660185708936,
    0.005493492455302172,
    0.0054494562326857475,
    0.005405558884364043,
    0.005361807459184664,
    0.005318208698381992,
    0.00527476904532716,
    0.005231494654992592,
    0.005188391403139113,
    0.005145464895233913,
    0.0051027204751072095,
    0.005060163233354591,
    0.005017798015491862,
    0.00497562942986996,
    0.004933661855357184,
    0.004891899448795076,
    0.00485034615223428,
    0.004809005699956855,
    0.004767881625290752,
    0.004726977267222288,
    0.004686295776812954,
    0.004645840123426551,
    0.004605613100772005,
    0.004565617332767109,
    0.004525855279228049,
    0.004486329241389434,
    0.004447041367259787,
    0.004407993656817354,
    0.004369187967050783,
    0.004330626016849226,
    0.0042923093917461436,
    0.004254239548520863,
    0.0042164178196621065,
    0.004178845417697618,
    0.004141523439393575,
    0.004104452869827415,
    0.004067634586337851,
    0.004031069362355645,
    0.00399475787111858,
    0.003958700689273919,
    0.003922898300371595,
    0.0038873510982513505,
    0.0038520593903268764,
    0.0038170234007699312,
    0.003782243273597333,
    0.003747719075663589,
    0.003713450799561872,
    0.0036794383664360006,
    0.0036456816287059454,
    0.003612180372709266,
    0.003578934321261008,
    0.0035459431361347118,
    0.0035132064204668727,
    0.0034807237210869647,
    0.003448494530775104,
    0.0034165182904494027,
    0.0033847943912850564,
    0.0033533221767672212,
    0.003322100944679621,
    0.003291129949030672,
    0.0032604084019189645,
    0.0032299354753399737,
    0.0031997103029357,
    0.0031697319816887705,
    0.0031399995735627304,
    0.003110512107090135,
    0.0030812685789098396,
    0.0030522679552549585,
    0.0030235091733930904,
    0.002994991143020262,
    0.00296671274760986,
    0.0029386728457178653,
    0.002910870272245714,
    0.00288330383966202,
    0.0028559723391843057,
    0.002828874541921964,
    0.002802009199981576,
    0.002775375047535561,
    0.002748970801855282,
    0.0027227951643098852,
    0.0026968468213320164,
    0.0026711244453512624,
    0.0026456266956961763,
    0.002620352219465813,
    0.0025952996523717505,
    0.0025704676195514005,
    0.0025458547363532806,
    0.002521459609095167,
    0.002497280835796194,
    0.0024733170068837688,
    0.0024495667058759708,
    0.0024260285100401206,
    0.0024027009910282055,
    0.002379582715489815,
    0.0023566722456632165,
    0.0023339681399452607,
    0.002311468953440809,
    0.0022891732384922887,
    0.0022670795451900077,
    0.002245186421863865,
    0.002223492415556974,
    0.0022019960724816495,
    0.002180695938458383,
    0.0021595905593384014,
    0.002138678481410262,
    0.002117958251790796,
    0.0020974284188009407,
    0.0020770875323270982,
    0.0020569341441684695,
    0.0020369668083706337,
    0.002017184081545851,
    0.001997584523180581,
    0.001978166695930578,
    0.0019589291659039437,
    0.0019398705029325075,
    0.0019209892808316675,
    0.0019022840776490913,
    0.0018837534759029563,
    0.0018653960628101517,
    0.0018472104305045467,
    0.0018291951762455915,
    0.0018113489026176648,
    0.0017936702177204014,
    0.0017761577353501822,
    0.0017588100751731604,
    0.0017416258628902366,
    0.001724603730394156,
    0.0017077423159188162,
    0.0016910402641810856,
    0.0016744962265154962,
    0.0016581088610020025,
    0.0016418768325870653,
    0.0016257988131982916,
    0.0016098734818526682,
    0.0015940995247586565,
    0.0015784756354126112,
    0.0015630005146896656,
    0.001547672870929013,
    0.0015324914200137733,
    0.001517454885445767,
    0.0015025619984153859,
    0.0014878114978666799,
    0.001473202130557895,
    0.001458732651117578,
    0.0014444018220963351,
    0.0014302084140145623,
    0.0014161512054063174,
    0.0014022289828593193,
    0.001388440541051071,
    0.0013747846827810275,
    0.001361260218998939,
    0.0013478659688299886,
    0.0013346007595970686,
    0.001321463426839975,
    0.0013084528143314823,
    0.001295567774090781,
    0.0012828071663946363,
    0.001270169859786059,
    0.001257654731080202,
    0.0012452606653677104,
    0.0012329865560160346,
    0.0012208313046687886,
    0.001208793821242947,
    0.0011968730239241892,
    0.0011850678391607853,
    0.0011733772016556143,
    0.0011618000543558286,
    0.0011503353484410479,
    0.0011389820433111162,
    0.0011277391065725505,
    0.0011166055140227776,
    0.0011055802496336689,
    0.0010946623055356048,
    0.0010838506820008663,
    0.001073144387426225,
    0.0010625424383158865,
    0.0010520438592644017,
    0.0010416476829398997,
    0.0010313529500689592,
    0.0010211587094220858,
    0.0010110640177977736,
    0.0010010679400063208,
    0.0009911695488606974,
    0.0009813679251865959,
    0.0009716621578558195,
    0.0009620513438301287,
    0.000952534588205049,
    0.0009431110042655171,
    0.0009337797135728356,
    0.0009245398460909578,
    0.0009153905403511446,
    0.0009063309436468125,
    0.0008973602122654298,
    0.0008884775118352096,
    0.0008796820179443378,
    0.0008709729171613842,
    0.0008623494084907014,
    0.0008538107053975477,
    0.0008453560388482848,
    0.0008369846619696241,
    0.0008286958564593903,
    0.0008204889412553328,
    0.0008123632884622647,
    0.0008043183547042862,
    0.0007963537364208957,
    0.0007884692968177026,
    0.0007806655540609402,
    0.0007729449707015075,
    0.0007653159876094606,
    0.0007577971055764769,
    0.0007504188529214894,
    0.0007918502018188997,
    0.000984976522149131,
    0.0013314449729269968,
    0.0017205953699589768,
    0.0020945837050972407,
    0.002453873316261449,
    0.0027989256438213173,
    0.003130179109980602,
    0.003448052271159785,
    0.003752960654061579,
    0.004045354334547927,
    0.004361436657654879,
    0.004735979308110344,
    0.00513092941929531,
    0.005510088020317916,
    0.005874336055196074,
    0.006223689126026837,
    0.0065581501982919805,
    0.0068781550664432384,
    0.00718416475348428,
    0.007476627534456478,
    0.007755967586474852,
    0.008022594792757277,
    0.008276919506646635,
    0.00851944499203375,
    0.008772452938683265,
    0.009057182608235587,
    0.009350458011069783,
    0.009630072197966355,
    0.009925133652354834,
    0.01026510998565813,
    0.01062102206918766,
    0.010962057621536406,
    0.01128723099590892,
    0.011597090824697067,
    0.011892165906278823,
    0.012172899389923823,
    0.01243969681536361,
    0.012693006366604507,
    0.01295528991766092,
    0.013248215957009552,
    0.013548616452592217,
    0.013834038340632723,
    0.01411903560858811,
    0.014417741275329589,
    0.014715437138639468,
    0.014997842822117326,
    0.015265379568448973,
    0.015518529222968596,
    0.015757765809411656,
    0.015983552145296148,
    0.016196337565283124,
    0.016396554460019527,
    0.016584619321322647,
    0.016760938292620632,
    0.01692591261208069,
    0.017079958179309334,
    0.0172502295451083,
    0.01746280916559016,
    0.017689266648857945,
    0.017902244108419348,
    0.018102181933478633,
    0.018289546690189746,
    0.018464859349373842,
    0.018628577559235814,
    0.018780998704467936,
    0.01892242237710237,
    0.019053217731646192,
    0.019173769992760742,
    0.01928468628901586,
    0.01941532118541106,
    0.01959344915143125,
    0.019788193700659835,
    0.01997005879184428,
    0.020139469625624528,
    0.02029686106002209,
    0.02044844202908913,
    0.020609694024709656,
    0.02078394557754208,
    0.020955351998601317,
    0.02111443421882414,
    0.02126160102398998,
    0.021397264755024126,
    0.02152184260968218,
    0.021646767882602842,
    0.02178311986780913,
    0.02191948931980285,
    0.02204469040904003,
    0.02215899235656305,
    0.022262769714481885,
    0.022356391382123503,
    0.02244021817819324,
    0.02251460551875774,
    0.022579939060237895,
    0.02265745923313924,
    0.022767519927048036,
    0.022887945229983237,
    0.022997423344118643,
    0.02309632848079029,
    0.02318503329070086,
    0.02326390422911503,
    0.023333314323719316,
    0.02340528584331797,
    0.02349161114199708,
    0.0235803206784285,
    0.02365939060530008,
    0.0237288792936199,
    0.0237891028789628,
    0.023840389610587598,
    0.02388306256534424,
    0.023917436524729028,
    0.02394381749900313,
    0.023962504239995425,
    0.023973794107695012,
    0.02397804700405951,
    0.023999397138369672,
    0.024060921887575082,
    0.024137217227018396,
    0.024203887882313237,
    0.02426126389449597,
    0.024309677840863866,
    0.024349455354125173,
    0.024380913653929134,
    0.024404362199803516,
    0.024420106321480273,
    0.024428467046761628,
    0.024430945817435715,
    0.024444513550199387,
    0.024483112937810143,
    0.02452902181898652,
    0.02456635490644571,
    0.024595403918861357,
    0.024616467955729776,
    0.024629841157888778,
    0.024635810154483573,
    0.024634653370864647,
    0.024626641086372685,
    0.02461203572302576,
    0.024591092209714657,
    0.024564058571825052,
    0.02453117748172492,
    0.024492695010823448,
    0.02447028332695439,
    0.024488364774388018,
    0.024527563656943113,
    0.024562045831388376,
    0.024588366689692734,
    0.024606809853868827,
    0.024617664323694943,
    0.024621212871082473,
    0.024617730541583144,
    0.02460748442402152,
    0.024590733733632388,
    0.024567730064270658,
    0.02453871788660053,
    0.024503935576194076,
    0.02446361839023773,
    0.024418026611556704,
    0.02438055334677019,
    0.024364174729104564,
    0.024355087953168705,
    0.024339724887550276,
    0.02431815226664828,
    0.024290591236082165,
    0.02425727068346268,
    0.02421841578464098,
    0.02417424596566494,
    0.02412497432366588,
    0.024070807517007457,
    0.02401194584958951,
    0.023948583430522894,
    0.023880908341670753,
    0.02380910278919557,
    0.023733343251845757,
    0.023653800640386705,
    0.023570640484087555,
    0.023484023146060583,
    0.02339410401170536,
    0.023301033620052532,
    0.02320495779418879,
    0.023106017785328087,
    0.023004350401329247,
    0.0229000881378986,
    0.022793359360482754,
    0.022684288758437178,
    0.022572998801312437,
    0.02245961769045531,
    0.0223795912983996,
    0.02237368518415994,
    0.022410494385276404,
    0.022446423550848534,
    0.022474767911127253,
    0.022495757804971907,
    0.02250965660166629,
    0.02251672506685245,
    0.02251721788545999,
    0.022511382731032124,
    0.0224994600697967,
    0.022481683212145435,
    0.022458278429398876,
    0.022429465094401545,
    0.02239545584140392,
    0.022356456740087967,
    0.022312667476061504,
    0.02226428153146888,
    0.022211486362846984,
    0.022154463575231396,
    0.02209338909169758,
    0.022028433318078466,
    0.021959761303133818,
    0.021887532894361628,
    0.021811902889521315,
    0.02173302118403945,
    0.021651032914396826,
    0.021566078597398758,
    0.02147829426536608,
    0.02138781159755194,
    0.021294758047948396,
    0.02119925696940585,
    0.021101427734130727,
    0.021001385850787892,
    0.02089924307830461,
    0.020795107536374088,
    0.020689083812738946,
    0.02058127306740158,
    0.02047177313388564,
    0.02036067861762625,
    0.020248080991553917,
    0.020134068688946193,
    0.020018727193622313,
    0.019902139127557377,
    0.019784384335986005,
    0.019665539970062686,
    0.01954568056715434,
    0.019424878128835133,
    0.01930320219664409,
    0.019180719925666216,
    0.019057496156001066,
    0.018933593482180315,
    0.01880907232058862,
    0.01868399097494136,
    0.01855840569987634,
    0.018432370762714652,
    0.018305938503443885,
    0.018179159392974844,
    0.018052082089716558,
    0.017924753494514733,
    0.017797218804005303,
    0.017669521562430998,
    0.01754170371196048,
    0.017413805641550525,
    0.0172858662343952,
    0.017157922914002765,
    0.017030011688938723,
    0.016902167196272445,
    0.01677442274376259,
    0.016646810350817286,
    0.016519360788267174,
    0.016392103616986037,
    0.016265067225388993,
    0.01613827886583883,
    0.016011764689992932,
    0.015885549783122,
    0.01575965819742886,
    0.01563411298439576,
    0.015508936226189013,
    0.015384149066147764,
    0.015259771738381923,
    0.015135823596504366,
    0.015012323141522305,
    0.014889288048912692,
    0.014766735194905593,
    0.014644680681997457,
    0.014523139863714589,
    0.01440212736864823,
    0.0142816571237838,
    0.014161742377145313,
    0.014042395719773722,
    0.013923629107056905,
    0.013805453879430007,
    0.013687880782465451,
    0.01357091998637026,
    0.013454581104906856,
    0.013338873213753509,
    0.013223804868320938,
    0.013109384121040794,
    0.012995618538140661,
    0.012882515215920336,
    0.012770080796544143,
    0.01265832148336315,
    0.012547243055780451,
    0.012436850883673,
    0.012327149941382882,
    0.012218144821289849,
    0.012109839746976707,
    0.012002238585999586,
    0.011895344862275097,
    0.011789161768095538,
    0.01168369217578259,
    0.011578938648989673,
    0.01147490345366288,
    0.011371588568670371,
    0.011268995696110286,
    0.011167126271306725,
    0.011065981472502382,
    0.010965562230256026,
    0.010865869236553579,
    0.010766902953641473,
    0.0106686636225901,
    0.010571151271595006,
    0.010474365724023705,
    0.01037830660621581,
    0.010282973355043558,
    0.010188365225239188,
    0.010094481296495695,
    0.010001320480347704,
    0.009908881526839212,
    0.009817163030984576,
    0.009726163439028771,
    0.009635881054512508,
    0.009546314044147486,
    0.00945746044350754,
    0.009369318162541234,
    0.009281884990911312,
    0.009195158603165903,
    0.009109136563746057,
    0.009023816331834375,
    0.008939195266049832,
    0.008855270628993548,
    0.008772039591649829,
    0.008689499237646482,
    0.008607646567377952,
    0.008526478501995303,
    0.008445991887267615,
    0.008366183497318574,
    0.008287050038241718,
    0.008208588151597945,
    0.008130794417798497,
    0.008053665359376272,
    0.007977197444149228,
    0.007901387088279824,
    0.007826230659233527,
    0.007751724478638941,
    0.007677864825052479,
    0.007604647936630785,
    0.0075320700137138045,
    0.007460127221321229,
    0.0073888156915644125,
    0.007318131525975628,
    0.0072480707977575776,
    0.007178629553956168,
    0.0071098038175583245,
    0.0070415895895166855,
    0.006973982850703845,
    0.006906979563798333,
    0.006840575675104327,
    0.006774767116307213,
    0.006709549806166602,
    0.00664491965214854,
    0.0065808725519994225,
    0.006517404395263483,
    0.0064545110647449885,
    0.0063921884379170135,
    0.006330432388278491,
    0.006269238786661397,
    0.006208603502490801,
    0.00614852240499874,
    0.006088991364391052,
    0.006030006252968359,
    0.005971562946203844,
    0.005913657323779325,
    0.005856285270580875,
    0.0057994426776553885,
    0.005743125443128953,
    0.005687329473088422,
    0.0056320506824275515,
    0.0055772849956584715,
    0.005523028347689807,
    0.005469276684572904,
    0.0054160259642167625,
    0.005363272157072119,
    0.005311011246786121,
    0.005259239230828903,
    0.005207952121092477,
    0.005157145944462871,
    0.00510681674336669,
    0.005056960576292504,
    0.0050075735182875955,
    0.004958651661431141,
    0.004910191115284807,
    0.0048621880073219026,
    0.004814638483335644,
    0.0047675387078262785,
    0.0047208848643676485,
    0.004674673155954731,
    0.004628899805333051,
    0.004583561055310026,
    0.004538653169048714,
    0.004494172430344721,
    0.004450115143886822,
    0.004406477635501843,
    0.004363256252384335,
    0.004320447363311737,
    0.0042780473588456824,
    0.004236052651519595,
    0.004194459676012702,
    0.004153264889310961,
    0.004112464770855483,
    0.004072055822678924,
    0.004032034569530621,
    0.0039923975589911155,
    0.003953141361575942,
    0.0039142625708286265,
    0.003875757803403549,
    0.003837623699139315,
    0.0037998569211229022,
    0.0037624541557450017,
    0.003725412112746963,
    0.0036887275252591215,
    0.0036523971498306548,
    0.0036164177664521845,
    0.003580786178572032,
    0.0035454992131063357,
    0.0035105537204427554,
    0.0034759465744371083,
    0.003441674672402709,
    0.0034077349350926664,
    0.003374124306675665,
    0.00334083975470609,
    0.0033078782700889427,
    0.003275236867039532,
    0.003242912583038151,
    0.003210902478780412,
    0.00317920363812329,
    0.00314781316802619,
    0.003116728198487216,
    0.0030859458824753715,
    0.003055463395859266,
    0.0030252779373325803,
    0.0029953867283356514,
    0.002965787012973161,
    0.0029364760579289793,
    0.002907451152378145,
    0.0028787096078953887,
    0.002850248758360828,
    0.0028220659598639716,
    0.00279415859060544,
    0.0027665240507948035,
    0.0027391597625452454,
    0.0027120631697668653,
    0.0026852317380582987,
    0.002658662954595661,
    0.0026323543280194163,
    0.002606303388319981,
    0.002580507686722093,
    0.0025549647955681477,
    0.002529672308200145,
    0.0025046278388394334,
    0.0024798290224651563,
    0.0024552735146923833,
    0.0024309589916485545,
    0.002406883149847744,
    0.0023830437060647623,
    0.0023594383972092847,
    0.002336064980197999,
    0.0023129212318252143,
    0.0022900049486337913,
    0.0022673139467857045,
    0.0022448460619308554,
    0.002222599149074759,
    0.002200571082445932,
    0.002178759755363046,
    0.0021571630801023077,
    0.0021357789877653214,
    0.002114605428147185,
    0.0020936403696045834,
    0.0020728817989228336,
    0.0020523277211814527,
    0.002031976159620047,
    0.0020118251555054497,
    0.0019918727679986807,
    0.0019721170740214728,
    0.0019525561681240226,
    0.0019331881623548786,
    0.0019140111861313512,
    0.0018950233861082246,
    0.0018762229260457794,
    0.0018576079866788216,
    0.001839176765585569,
    0.0018209274770551107,
    0.00180285835195449,
    0.001784967637596949,
    0.001767253597610986,
    0.0017497145118092019,
    0.0017323486760573977,
    0.0017151544021447923,
    0.0016981300176551115,
    0.0016812738658380528,
    0.0016645843054809808,
    0.001648059710780961,
    0.0016316984712176424,
    0.0016154989914267588,
    0.001599459691073294,
    0.0015835790047247452,
    0.0015678553817257805,
    0.0015522872860743693,
    0.0015368731962986612,
    0.0015216116053340003,
    0.0015065010203998688,
    0.0014915399628773233,
    0.0014767269681872453,
    0.0014620605856691833,
    0.001447539378461253,
    0.0014331619233813194,
    0.0014189268108084057,
    0.0014048326445640366,
    0.001390878041794665,
    0.001377061632855558,
    0.001363382061195244,
    0.00134983798323985,
    0.0013364280682777244,
    0.0013231509983450934,
    0.0013100054681130422,
    0.0012969901847756033,
    0.0012841038679385,
    0.0012713452495087764,
    0.001258713073585457,
    0.0012462060963502246,
    0.0012338230859582704,
    0.001221562822430693,
    0.001209424097548011,
    0.0011974057147435696,
    0.0011855064889973437,
    0.0011737252467311507,
    0.0011620608257050466,
    0.0011505120749142677,
    0.0011390778544864344,
    0.001127757035579375,
    0.0011165485002802024,
    0.0011054511415054332,
    0.0010944638629017932,
    0.0010835855787477762,
    0.0010728152138555415,
    0.0010621517034731468,
    0.0010515939931879563,
    0.0010411410388312234,
    0.00103079180638335,
    0.0010205452718799676,
    0.0010104004213189043,
    0.0010003562505676163,
    0.0009904117652707407,
    0.0009805659807581792,
    0.0009708179219544094,
    0.0009611666232886739,
    0.00095161112860569,
    0.000942150491077577,
    0.0009327837731168575,
    0.0009235100462896277,
    0.0009143283912291709,
    0.0009052378975507073,
    0.0008962376637671396,
    0.0008873267972053017,
    0.0008785044139224984,
    0.0008697696386234035,
    0.0008611216045775163,
    0.0008525594535375245,
    0.0008440823356587785,
    0.0008356894094198741,
    0.0008273798415441336,
    0.000819152806921561,
    0.0008110074885311976,
    0.0008029430773638732,
    0.000794958772345487,
    0.0007870537802615186,
    0.0007792273156826993,
    0.000771478600890923,
    0.00076380686580525,
    0.0007562113479087757,
    0.0007486912921766456,
    0.0007412459510045802,
    0.0007338745841375414,
    0.0007265764585987491,
    0.0007193508486194671,
    0.0007121970355699264,
    0.0007051143078910895,
    0.0006981019610266793,
    0.0006911592973556032,
    0.0006842856261252882,
    0.0006774802633856225,
    0.0006707425319232089,
    0.0006640717611963671,
    0.0006574672872708073,
    0.000650928452755516,
    0.0006444546067393781,
    0.0006380451047292399,
    0.0006316993085882508,
    0.0006254165864728055,
    0.0006191963127696134,
    0.000613037868035036,
    0.0006069406389345381,
    0.0006009040181804388,
    0.0005949274044704517,
    0.000589010202429371,
    0.0005831518225544295,
    0.0005773516811628046,
    0.0005716092003379816,
    0.0005659238078745877,
    0.0005602949372235343,
    0.0005547220274374487,
    0.0005492045231162182,
    0.0005437418743534324,
    0.0005383335366835531,
    0.0005329789710290896,
    0.0005276776436479394,
    0.0005224290260816259,
    0.0005172325951046524,
    0.000512087832674124,
    0.0005069942258789262,
    0.000501951266888461,
    0.0004969584529004991,
    0.0004920152860878821,
    0.0004871212735466755,
    0.00048227592724923985,
    0.0004774787639992758,
    0.000472729305384022,
    0.0004680270777271938,
    0.00046337161204678795,
    0.00045876244401444244,
    0.0004541991139119961,
    0.0004496811665837625,
    0.000445208151386648,
    0.0004407796221422413,
    0.0004363951370916072,
    0.00043205425885135704,
    0.00042775655437115955,
    0.00042350159489216446,
    0.0004192889559047729,
    0.0004151182171061371,
    0.00041098896235848613,
    0.00040690077964852534,
    0.0004028532610480145,
    0.0003988460026744516,
    0.0003948786046502373,
    0.000390950671060875,
    0.00038706180991432475,
    0.00038321163310248515,
    0.00037939975636394553,
    0.00037562579924628784,
    0.0003718893850671194,
    0.0003681901408758493,
    0.0003645276974177299,
    0.000360901689096981,
    0.00035731175393730464,
    0.0003537575335435646,
    0.0003502386730663778,
    0.00034675482116795856,
    0.00034330562998937666,
    0.00033989075511867557,
    0.0003365098555560897,
    0.0003331625936757056,
    0.0003298486351877557,
    0.0003265676491032364,
    0.0003233193077001123,
    0.0003201032864923446,
    0.0003169192642012148,
    0.0003137669227273029,
    0.00031064594712348345,
    0.0003075560255670234,
    0.0003044968493287704,
    0.0003014681127411218,
    0.00029846951316459165,
    0.0002955007509512613,
    0.0002925615294090517,
    0.00028965155477142003,
    0.00028677053617028866,
    0.00028391818560987293,
    0.00028109421794139466,
    0.0002782983508365106,
    0.000275530304758531,
    0.0002727898029326398,
    0.0002700765713155182,
    0.00026739033856613894,
    0.0002647308360212944,
    0.00026209779767500486,
    0.0002594909601551817,
    0.0002569100626944452,
    0.00025435484709951205,
    0.00025182505772443744,
    0.00024932044144812093,
    0.00024684074765296364,
    0.00024438572820289974,
    0.0002419551374224746,
    0.00023954873207776453,
    0.00023716627135407538,
    0.00023480751682845063,
    0.00023247223244415117,
    0.00023016018448871882,
    0.00022787114156947705,
    0.0002256048745881291,
    0.0002233611567203647,
    0.00022113976339755367,
    0.0002189404722854482,
    0.00021676306326154875,
    0.00021460731839309855,
    0.0002124730219149609,
    0.00021035996020671055,
    0.00020826792176867855,
    0.00020619669719873794,
    0.0002041460791721468,
    0.0002021158624229429,
    0.0002001058437238681,
    0.0001981158218664606,
    0.00019614559764437277,
    0.00019419497383726746,
    0.00019226375519198666,
    0.00019035174840376657,
    0.0001884587620995065,
    0.00018658460681942704,
    0.00018472909499668477,
    0.00018289204093877685,
    0.00018107326080965636,
    0.00017927257261048663,
    0.00017748979616152703,
    0.0001757247530862389,
    0.00017397726679579836,
    0.00017224716247224328,
    0.00017053426704977687,
    0.0001688384091958869,
    0.00016715941929316942,
    0.00016549712942005144,
    0.00016385137332993602,
    0.0001622219864324942,
    0.00016060880577952073,
    0.00015901167005187038,
    0.00015743041954381648,
    0.00015586489614577155,
    0.0001543149433284018,
    0.0001527804061288609,
    0.00015126113113671702,
    0.0001497569664783324,
    0.00014826776180048648,
    0.00014679336825363618,
    0.00014533363847543757,
    0.00014388842657553382,
    0.0001424575881215235,
    0.0001410409801251824,
    0.00013963846102891723,
    0.00013824989069232552,
    0.00013687513037780692,
    0.0001355140427355537,
    0.00013416649178927135,
    0.00013283234292272612,
    0.00013151146286644613,
    0.0001302037196843263,
    0.0001289089827601497,
    0.00012762712278464625,
    0.00012635801174345134,
    0.00012510152290533936,
    0.00012385753081050157
]