[
    0.0,
    0.0,
    -0.0016509684726775148,
    -0.001694807647793413,
    -0.001736512917861218,
    -0.00177615333801344,
    -0.0018137959290716365,
    -0.0018495057357134168,
    -0.001883345882986962,
    -0.0019153776312194459,
    -0.0019456604293670232,
    -0.0019742519668582014,
    -0.0020012082239809067,
    -0.002026583520851266,
    -0.0020504305649913374,
    -0.002072800497549742,
    -0.002093742938218108,
    -0.0021133060288905906,
    -0.0021315364760883873,
    -0.002148479592174619,
    -0.0021641793354001005,
    -0.0021786783488105016,
    -0.002192017998035206,
    -0.002204238408003982,
    -0.0022153784986493775,
    -0.0022254760196118058,
    -0.002234567583952576,
    -0.002242688700902135,
    -0.002249873807673275,
    -0.0022561563003760804,
    -0.002261568564071526,
    -0.0022661420019768055,
    -0.002269907063829309,
    -0.0022728932734428567,
    -0.0022751292554950317,
    -0.0022766427615534546,
    -0.0022774606953522474,
    -0.0022776091373587094,
    -0.002277113368647889,
    -0.002275997894073792,
    -0.0022742864647609783,
    -0.0022720020999698505,
    -0.0022691671083617145,
    -0.0022658031086677916,
    -0.002261931049777643,
    -0.0022575712302595956,
    -0.002252743317320289,
    -0.0022474663652168715,
    -0.0022417588331134115,
    -0.002235638602408291,
    -0.0022291229936043854,
    -0.0022222287827367,
    -0.002214972217337058,
    -0.002207369031917806,
    -0.0021994344629767755,
    -0.002191183263563075,
    -0.002182629717434652,
    -0.0021737876528429307,
    -0.002164670455966965,
    -0.002155291083954207,
    -0.00214566207754044,
    -0.0021357955732920564,
    -0.0021257033154939734,
    -0.002115396667669598,
    -0.00210488662376562,
    -0.002094183819060471,
    -0.002083298540826317,
    -0.0020722407387240177,
    -0.0020610200348639357,
    -0.002049645733485803,
    -0.0020381268302781825,
    -0.0020264720214220673,
    -0.0020146897124473226,
    -0.002002788026894755,
    -0.0019907748147120806,
    -0.001978657660409118,
    -0.00196644389101531,
    -0.0019541405837917,
    -0.0019417545737222266,
    -0.00192929246081794,
    -0.0019167606171752016,
    -0.001904165193793361,
    -0.0018915121272133145,
    -0.0018788071459826387,
    -0.001866055776896964,
    -0.001853263351004753,
    -0.0018404350094554719,
    -0.0018275757092423642,
    -0.0018146902287979037,
    -0.0018017831734186644,
    -0.0017888589805334187,
    -0.0017759219247921176,
    -0.001762976122963061,
    -0.001750025538679513,
    -0.001737073987101527,
    -0.0017241251395382234,
    -0.001711182527970433,
    -0.0016982495493648299,
    -0.0016853294697778158,
    -0.0016724254283238067,
    -0.0016595404410457463,
    -0.0016466774046745465,
    -0.001633839100295965,
    -0.001621028196973805,
    -0.0016082472552678751,
    -0.0015954987305806078,
    -0.0015827849764282805,
    -0.0015701082476832476,
    -0.001557470703691804,
    -0.0015448744112298539,
    -0.0015323213473600141,
    -0.0015198134022677192,
    -0.0015073523820673283,
    -0.0014949400114981747,
    -0.0014825779364957235,
    -0.001470267726687645,
    -0.0014580108778469785,
    -0.0014458088142729685,
    -0.0014336628910617184,
    -0.001421574396284481,
    -0.0014095445530957974,
    -0.001397574521809532,
    -0.0013856654019811791,
    -0.0013738182344419712,
    -0.0013620340032224172,
    -0.0013503136373957288,
    -0.0013386580128822256,
    -0.0013270679542021207,
    -0.001315544236165209,
    -0.0013040875855353602,
    -0.00129269868268387,
    -0.0012813781631724442,
    -0.0012701266192406018,
    -0.0012589446012473719,
    -0.0012478326191090346,
    -0.0012367911437067554,
    -0.0012258206082228192,
    -0.0012149214094280942,
    -0.001204093908947046,
    -0.0011933384344854417,
    -0.0011826552810160023,
    -0.001172044711938604,
    -0.001161506960217004,
    -0.0011510422294685734,
    -0.0011406506950030753,
    -0.0011303325048375693,
    -0.0011200877806955912,
    -0.0011099166189752797,
    -0.0010998190916816112,
    -0.001089795247329942,
    -0.001079845111825105,
    -0.0010699686893102705,
    -0.0010601659629782755,
    -0.0010504368958540247,
    -0.0010407814315644417,
    -0.001031199495095923,
    -0.0010216909935289397,
    -0.0010122558167488093,
    -0.001002893838134691,
    -0.0009936049152243006,
    -0.0009843888903545057,
    -0.0009752455912810604,
    -0.0009661748317800728,
    -0.0009571764122324168,
    -0.0009482501201890335,
    -0.0009393957309141371,
    -0.0009306130079084754,
    -0.0009219017034205144,
    -0.0009132615589485986,
    -0.0009046923057270466,
    -0.0008961936651929043,
    -0.0008877653494380083,
    -0.0008794070616485463,
    -0.0008711184965291556,
    -0.0008628993407101076,
    -0.0008547492731437667,
    -0.0008466679654942936,
    -0.0008386550825146503,
    -0.0008307102824071385,
    -0.0008228332171696972,
    -0.0008150235329290576,
    -0.0008072808702628392,
    -0.0007996048645137051,
    -0.0007919951460963157,
    -0.0007844513407969532,
    -0.000776973070063526,
    -0.0007695599512821153,
    -0.000762211598038957,
    -0.0007549276203718104,
    -0.0007477076250165212,
    -0.0007405512156485663,
    -0.0007334579931157863,
    -0.0007264275556618386,
    -0.0007194594991404883,
    -0.0007125534172201382,
    -0.0007057089015811073,
    -0.0006989255421086464,
    -0.0006922029270792813,
    -0.0006855406433367946,
    -0.0006789382764590186,
    -0.0006723954109183016,
    -0.000665911630236891,
    -0.0006594865171372425,
    -0.00065311965368637,
    -0.0006468106214334245,
    -0.0006405590015408471,
    -0.000634364374910071,
    -0.0006282263223021042,
    -0.0006221444244532931,
    -0.0006161182621869416,
    -0.0006101474165204965,
    -0.0006042314687680589,
    -0.0005983700006395234,
    -0.0005925625943370446,
    -0.000586808832648346,
    -0.0005811082990367652,
    -0.0005754605777275576,
    -0.000569865253790267,
    -0.0005643219132180069,
    -0.0005588301430041158,
    -0.0005533895312170285,
    -0.0005479996670742504,
    -0.0005426601410143376,
    -0.0005373705447657421,
    -0.0005321304714127954,
    -0.0005269395154591904,
    -0.0005217972728894047,
    -0.0005167033412284414,
    -0.0005116573196002139,
    -0.0005066588087853684,
    -0.0005017074112793517,
    -0.000496802731350146,
    -0.0004919443750925945,
    -0.00048713195047851455,
    -0.0004823650674046835,
    -0.0004776433377364339,
    -0.0004729663753442264,
    -0.0004683337961371669,
    -0.00046374521810036123,
    -0.00045920026133783906,
    -0.00045469854811434413,
    -0.0004502397028916995,
    -0.00044582335236367614,
    -0.00044144912549076454,
    -0.00043711665353014415,
    -0.0004328255700583553,
    -0.00042857551099006596,
    -0.00042436611459592376,
    -0.0004201970215187442,
    -0.0004160678747871766,
    -0.00041197831982593686,
    -0.000407928004460771,
    -0.0004039165789204816,
    -0.0003999436958422424,
    -0.0003960090102791756,
    -0.0003921121797024362,
    -0.00038825286399731635,
    -0.0003844307254611905,
    -0.0003806454288082597,
    -0.0003768966411759271,
    -0.000373184032124286,
    -0.00036950727363023705,
    -0.0003658660400809706,
    -0.0003622600082650925,
    -0.00035868885736188344,
    -0.0003551522689312559,
    -0.00035164992690393587,
    -0.000348181517573442,
    -0.0003447467295925082,
    -0.0003413452539697665,
    -0.0003379767840616057,
    -0.00033464101556429193,
    -0.0003313376465107782,
    -0.00032806637726741524,
    -0.0003248269105282175,
    -0.0003216189513096955,
    -0.0003184422069469432,
    -0.0003152963870889033,
    -0.0003121812036907734,
    -0.0003090963710042434,
    -0.0003060416055687288,
    -0.0003030166262034889,
    -0.0003000211539987937,
    -0.0002970549123073045,
    -0.00029411762673659393,
    -0.00029120902514140183,
    -0.0002883288376145947,
    -0.00028547679647785085,
    -0.00028265263627312717,
    -0.0002798560937539929,
    -0.0002770869078763005,
    -0.0002743448197891096,
    -0.00027162957282586596,
    -0.0002689409124950455,
    -0.00026627858646992915,
    -0.0002636423445777165,
    -0.0002610319387886956,
    -0.00025844712320566765,
    -0.00025588765405313755,
    -0.0002533532896662609,
    -0.00025084379047982753,
    -0.00024835891901754805,
    -0.00024589843988189093,
    -0.00024346211974369893,
    -0.00024104972733060114,
    -0.00023866103341433457,
    -0.00023629581079683237,
    -0.00023395383429507434,
    -0.00023163488072568434,
    -0.0002293387288901493,
    -0.00022706515956096514,
    -0.00022481395546797918,
    -0.00022258490128461338,
    -0.00022037778361569738,
    -0.00021819239098751835,
    -0.0002160285138368256,
    -0.00021388594449659392,
    -0.00021176447718085156,
    -0.00020966390797024837,
    -0.00020758403479797437,
    -0.00020552465743621542,
    -0.00020348557748325278,
    -0.0002014665983507449,
    -0.00019946752525078917,
    -0.00019748816518296933,
    -0.0001955283269217704,
    -0.0001935878210042951,
    -0.00019166645971801957,
    -0.0001897640570883307,
    -0.00018788042886591421,
    -0.00018601539251405678,
    -0.00018416876719568444,
    -0.00018234037376020816,
    -0.0001805300347302267,
    -0.00017873757428779656,
    -0.00017696281826025493,
    -0.00017520559410637485,
    -0.00017346573090346257,
    -0.00017174305933490372,
    -0.00017003741167735472,
    -0.000168348621787272,
    -0.00016667652508686634,
    -0.00016502095854980826,
    -0.00016338176068720554,
    -0.00016175877153398638,
    -0.00016015183263528307,
    -0.00015856078703325186,
    -0.00015698547925489773,
    -0.00015542575529996363,
    -0.000153881462627968,
    -0.00015235245014412545,
    -0.00015083856818394974,
    -0.0001493396684972894,
    -0.00014785560423360923,
    -0.00014638622992883487,
    -0.00014493140149128884,
    -0.00014349097618602836,
    -0.0001420648126196452,
    -0.00014065277072594632,
    -0.00013925471175203885,
    -0.0001378704982447823,
    -0.00013649999403705506,
    -0.00013514306423358503,
    -0.00013379957519675577,
    -0.00013246939453264857,
    -0.0001311523910768309,
    -0.0001298484348794113,
    -0.00012855739719009945,
    -0.0001272791504439998,
    -0.0001260135682475153,
    -0.0001247605253638553,
    -0.00012351989769866111,
    -0.00012229156228558323,
    -0.0001210753972710146,
    -0.00011987128189859891,
    -0.00011867909649466829,
    -0.00011749872245438263,
    -0.00011633004222790502,
    -0.0001151729393069634,
    -0.00011402729821247869,
    -0.00011289300448309137,
    -0.00011176994466351414,
    -0.00011065800629200298,
    -0.00010955707788831279,
    -0.0001084670489433448,
    -0.00010738780990794858,
    -0.00010631925217938559,
    -0.00010526126808908784,
    -0.00010421375089259436,
    -0.00010317659475840782,
    -0.00010214969475712665,
    -0.00010113294685320587,
    -0.00010012624789416301,
    -9.912949559314225e-05,
    -9.814258851045707e-05,
    -9.716542603883214e-05,
    -9.61979083902917e-05,
    -9.523993658283302e-05,
    -9.429141242866191e-05,
    -9.335223852634738e-05,
    -9.24223182500293e-05,
    -9.150155572648427e-05,
    -9.05898558073996e-05,
    -8.968712405221641e-05,
    -8.8793266725682e-05,
    -8.790819079257651e-05,
    -8.703180389767445e-05,
    -8.616401434819642e-05,
    -8.530473110497324e-05,
    -8.445386378687671e-05,
    -8.361132270321111e-05,
    -8.277701889584322e-05,
    -8.195086417193186e-05,
    -8.113277112622351e-05,
    -8.032265315332322e-05,
    -7.952042446700611e-05,
    -7.872600012624849e-05,
    -7.793929603554752e-05,
    -7.716022892046365e-05,
    -7.638871632182772e-05,
    -7.562467660484948e-05,
    -7.486802896189396e-05,
    -7.411869345018133e-05,
    -7.337659104594076e-05,
    -7.264164364443526e-05,
    -7.191377405211009e-05,
    -7.119290602248558e-05,
    -7.047896425930185e-05,
    -6.977187437695655e-05,
    -6.907156291655064e-05,
    -6.837795738667632e-05,
    -6.769098628942223e-05,
    -6.701057920491139e-05,
    -6.633666685938749e-05,
    -6.56691810778529e-05,
    -6.500805474187008e-05,
    -6.435322183355864e-05,
    -6.370461747934756e-05,
    -6.306217794084976e-05,
    -6.242584060311751e-05,
    -6.179554398132826e-05,
    -6.117122770253208e-05,
    -6.055283249628405e-05,
    -5.99403002168219e-05,
    -5.933357384049842e-05,
    -5.873259746151949e-05,
    -5.8137316309051254e-05,
    -5.754767677521205e-05,
    -5.696362642959884e-05,
    -5.638511394596818e-05,
    -5.581208898828498e-05,
    -5.524450215437959e-05,
    -5.468230495441371e-05,
    -5.412544977531048e-05,
    -5.35738898438326e-05,
    -5.302757925215298e-05,
    -5.2486473034058374e-05,
    -5.195052720282098e-05,
    -5.141969871149265e-05,
    -5.0893945347547377e-05,
    -5.037322562605799e-05,
    -4.9857498707581755e-05,
    -4.934672428986975e-05,
    -4.8840862525411974e-05,
    -4.833987405496388e-05,
    -4.784372011767509e-05,
    -4.735236267240004e-05,
    -4.6865764465748374e-05,
    -4.638388897129587e-05,
    -4.590670025264915e-05,
    -4.543416285307404e-05,
    -4.496624171197497e-05,
    -4.450290210762389e-05,
    -4.4044109649997e-05,
    -4.358983026206345e-05,
    -4.314003011375825e-05,
    -4.2694675593166915e-05,
    -4.22537333143144e-05,
    -4.181717010148897e-05,
    -4.138495298474026e-05,
    -4.0957049185021454e-05,
    -4.053342603517217e-05,
    -4.011405087418693e-05,
    -3.969889097028595e-05,
    -3.928791351139875e-05,
    -3.888108564764819e-05,
    -3.847837452210106e-05,
    -3.807974726181501e-05,
    -3.768517095164534e-05,
    -3.729461263758652e-05,
    -3.69080393827768e-05,
    -3.652541834413554e-05,
    -3.6146716792766116e-05,
    -3.577190205175681e-05,
    -3.540094146907188e-05,
    -3.503380249832024e-05,
    -3.467045275781755e-05,
    -3.431085998346803e-05,
    -3.395499197773435e-05,
    -3.360281660468358e-05,
    -3.3254301751011104e-05,
    -3.290941523985883e-05,
    -3.256812478072978e-05,
    -3.2230397984539145e-05,
    -3.189620239594361e-05,
    -3.1565505522901534e-05,
    -3.1238274886694714e-05,
    -3.0914478071437366e-05,
    -3.0594082724889485e-05,
    -3.027705653486366e-05,
    -2.9963367223183446e-05,
    -2.9652982550739714e-05,
    -2.934587033062262e-05,
    -2.9041998444971468e-05,
    -2.874133484874693e-05,
    -2.844384757136148e-05,
    -2.8149504742266898e-05,
    -2.785827463306739e-05,
    -2.7570125686073405e-05,
    -2.728502652143127e-05,
    -2.7002945936581035e-05,
    -2.6723852912801202e-05,
    -2.6447716625782407e-05,
    -2.617450644560977e-05,
    -2.590419192995988e-05,
    -2.563674282288868e-05,
    -2.5372129064336225e-05,
    -2.511032080352041e-05,
    -2.4851288400758617e-05,
    -2.459500242367269e-05,
    -2.4341433650046817e-05,
    -2.4090553070079973e-05,
    -2.3842331887519928e-05,
    -2.3596741527506606e-05,
    -2.3353753647586553e-05,
    -2.311334014509534e-05,
    -2.2875473160611176e-05,
    -2.264012507849839e-05,
    -2.2407268524465427e-05,
    -2.217687636511814e-05,
    -2.194892171275287e-05,
    -2.1723377928938855e-05,
    -2.150021862310334e-05,
    -2.1279417649095915e-05,
    -2.1060949103545096e-05,
    -2.0844787330258826e-05,
    -2.063090692796564e-05,
    -2.0419282754679434e-05,
    -2.0209889929168723e-05,
    -2.0002703829911785e-05,
    -1.979770008996306e-05,
    -1.9594854592347093e-05,
    -1.9394143471518212e-05,
    -1.9195543118374254e-05,
    -1.8999030180963796e-05,
    -1.8804581559517406e-05,
    -1.861217440214272e-05,
    -1.842178610391118e-05,
    -1.8233394306986205e-05,
    -1.8046976900431913e-05,
    -1.7862512019225767e-05,
    -1.7679978042056097e-05,
    -1.7499353588814152e-05,
    -1.732061751904974e-05,
    -1.7143748931507673e-05,
    -1.6968727163231065e-05,
    -1.679553178712179e-05,
    -1.6624142609220604e-05,
    -1.6454539667273403e-05,
    -1.628670323047346e-05,
    -1.6120613798412445e-05,
    -1.5956252097238444e-05,
    -1.579359907502241e-05,
    -1.5632635900013448e-05,
    -1.547334395985595e-05,
    -1.5315704857562387e-05,
    -1.515970040534197e-05,
    -1.5005312619652963e-05,
    -1.4852523718562854e-05,
    -1.4701316120760935e-05,
    -1.4551672445049208e-05,
    -1.4403575509181556e-05,
    -1.4257008326931598e-05,
    -1.411195410531484e-05,
    -1.396839624484864e-05,
    -1.3826318338460225e-05,
    -1.3685704164989197e-05,
    -1.3546537683790194e-05,
    -1.3408803037280272e-05,
    -1.3272484558129006e-05,
    -1.3137566773173482e-05,
    -1.3004034402007149e-05,
    -1.2871872352245419e-05,
    -1.2741065711707052e-05,
    -1.2611599740258661e-05,
    -1.2483459865218536e-05,
    -1.2356631681331071e-05,
    -1.2231100953632663e-05,
    -1.2106853617967553e-05,
    -1.1983875778434343e-05,
    -1.1862153706218105e-05,
    -1.1741673839621701e-05,
    -1.162242278311315e-05,
    -1.1504387305322969e-05,
    -1.1387554337093682e-05,
    -1.1271910970992421e-05,
    -1.1157444461144972e-05,
    -1.1044142220251104e-05,
    -1.093199181413648e-05,
    -1.0820980958166759e-05,
    -1.0711097516589411e-05,
    -1.0602329502434755e-05,
    -1.0494665076985233e-05,
    -1.0388092547740042e-05,
    -1.0282600365081895e-05,
    -1.0178177119153967e-05,
    -1.0074811536424423e-05,
    -9.972492477015425e-06,
    -9.871208933877744e-06,
    -9.770950031716544e-06,
    -9.671705023772964e-06,
    -9.573463285045738e-06,
    -9.476214306266445e-06,
    -9.379947695215515e-06,
    -9.284653181666274e-06,
    -9.190320619410021e-06,
    -9.096939983909573e-06,
    -9.00450136689872e-06,
    -8.912994972632903e-06,
    -8.822411118597976e-06,
    -8.73274023680469e-06,
    -8.643972873437503e-06,
    -8.556099689635628e-06,
    -8.469111462001526e-06,
    -8.382999079487377e-06,
    -8.297753539184159e-06,
    -8.213365943535781e-06,
    -8.129827497318297e-06,
    -8.047129503840144e-06,
    -7.96526336230378e-06,
    -7.884220564415162e-06,
    -7.803992687249157e-06,
    -7.724571388654445e-06,
    -7.645948410318938e-06,
    -7.568115581915093e-06,
    -7.491064821185027e-06,
    -7.414788131902353e-06,
    -7.339277602420188e-06,
    -7.264525405869311e-06,
    -7.1905238001258055e-06,
    -7.117265125951516e-06,
    -7.044741805447395e-06,
    -6.972946342144714e-06,
    -6.901871320869013e-06,
    -6.831509406584701e-06,
    -6.761853343282579e-06,
    -6.692895953172699e-06,
    -6.624630136177743e-06,
    -6.557048868939418e-06,
    -6.490145202551953e-06,
    -6.4239122613783145e-06,
    -6.358343243728066e-06,
    -6.293431421514592e-06,
    -6.229170138630965e-06,
    -6.165552810134086e-06,
    -6.102572922494494e-06,
    -6.04022403464796e-06,
    -5.9784997790649155e-06,
    -5.917393860228848e-06,
    -5.856900048960734e-06,
    -5.79701217206301e-06,
    -5.737724099850339e-06,
    -5.67902973932602e-06,
    -5.620923035593607e-06,
    -5.563397974476221e-06,
    -5.50644858109803e-06,
    -5.450068917011774e-06,
    -5.3942530787512644e-06,
    -5.338995198952993e-06,
    -5.2842894540628495e-06,
    -5.230130076173088e-06,
    -5.176511358591011e-06,
    -5.123427654344517e-06,
    -5.070873374688343e-06,
    -5.018842988722136e-06,
    -4.967331022733652e-06,
    -4.916332060455755e-06,
    -4.865840744273952e-06,
    -4.815851776535962e-06,
    -4.766359920022408e-06,
    -4.717359996267029e-06,
    -4.668846883857802e-06,
    -4.620815518618576e-06,
    -4.57326089414971e-06,
    -4.526178063110846e-06,
    -4.479562138575501e-06,
    -4.433408291719156e-06,
    -4.387711747047612e-06,
    -4.34246778058446e-06,
    -4.297671721855449e-06,
    -4.253318955248116e-06,
    -4.209404918219169e-06,
    -4.165925099475973e-06,
    -4.1228750404204215e-06,
    -4.080250338143595e-06,
    -4.038046646292386e-06,
    -3.996259672953065e-06,
    -3.954885178097356e-06,
    -3.91391897249003e-06,
    -3.873356918127581e-06,
    -3.833194930272613e-06,
    -3.7934289791456255e-06,
    -3.7540550888720466e-06,
    -3.715069334801195e-06,
    -3.6764678423741576e-06,
    -3.6382467887934946e-06,
    -3.600402404295785e-06,
    -3.5629309705742923e-06,
    -3.5258288191685827e-06,
    -3.4890923306306877e-06,
    -3.4527179316044282e-06,
    -3.4167020910481207e-06,
    -3.3810413197255066e-06,
    -3.345732173395005e-06,
    -3.310771255573822e-06,
    -3.276155216155729e-06,
    -3.2418807479473436e-06,
    -3.2079445848402886e-06,
    -3.1743435003903882e-06,
    -3.1410743059811256e-06,
    -3.108133850613903e-06,
    -3.075519021496237e-06,
    -3.043226744994232e-06,
    -3.0112539871500522e-06,
    -2.9795977505859222e-06,
    -2.9482550726027553e-06,
    -2.917223028022334e-06,
    -2.886498729229948e-06,
    -2.8560793226759613e-06,
    -2.825961987361116e-06,
    -2.7961439344972546e-06,
    -2.7666224071440544e-06,
    -2.737394680203428e-06,
    -2.708458060380661e-06,
    -2.679809886827594e-06,
    -2.651447532438605e-06,
    -2.623368403639621e-06,
    -2.5955699373490914e-06,
    -2.5680495970013244e-06,
    -2.5408048704318e-06,
    -2.5138332701922114e-06,
    -2.487132334493987e-06,
    -2.46069962646308e-06,
    -2.4345327308685278e-06,
    -2.4086292491502105e-06,
    -2.3829867962442524e-06,
    -2.3576030027301045e-06,
    -2.3324755189750468e-06,
    -2.3076020155170987e-06,
    -2.2829801807775696e-06,
    -2.2586077200213015e-06,
    -2.234482355503661e-06,
    -2.210601827130972e-06,
    -2.1869638943939763e-06,
    -2.1635663376625006e-06,
    -2.140406956287263e-06,
    -2.1174835652666604e-06,
    -2.0947939936151504e-06,
    -2.072336084086281e-06,
    -2.050107693618301e-06,
    -2.0281066956159627e-06,
    -2.006330980976567e-06,
    -1.98477845517915e-06,
    -1.9634470357428116e-06,
    -1.942334652076439e-06,
    -1.9214392455713715e-06,
    -1.9007587701008789e-06,
    -1.8802911929224225e-06,
    -1.860034494320355e-06,
    -1.8399866656725488e-06,
    -1.820145708407983e-06,
    -1.8005096357573189e-06,
    -1.7810764748264812e-06,
    -1.76184426649168e-06,
    -1.7428110640026023e-06,
    -1.7239749320353823e-06,
    -1.7053339470733857e-06,
    -1.6868861985051683e-06,
    -1.6686297898566175e-06,
    -1.6505628398139266e-06,
    -1.6326834818512484e-06,
    -1.6149898633675072e-06,
    -1.5974801460561235e-06,
    -1.580152506456334e-06,
    -1.5630051358361537e-06,
    -1.54603623993087e-06,
    -1.5292440385447968e-06,
    -1.5126267650161605e-06,
    -1.4961826653920783e-06,
    -1.4799099974718219e-06,
    -1.4638070311260367e-06,
    -1.4478720497019337e-06,
    -1.4321033500035197e-06,
    -1.4164992407215447e-06,
    -1.4010580421067322e-06,
    -1.3857780874685805e-06,
    -1.3706577246346348e-06,
    -1.3556953167650187e-06,
    -1.3408892431380261e-06,
    -1.326237899909672e-06,
    -1.3117396999600968e-06,
    -1.2973930719896102e-06,
    -1.28319646020122e-06,
    -1.2691483245590106e-06,
    -1.2552471405918395e-06,
    -1.2414913984635617e-06,
    -1.227879602043431e-06,
    -1.2144102685490871e-06,
    -1.2010819287457995e-06,
    -1.1878931279653438e-06,
    -1.174842427506651e-06,
    -1.1619284050180522e-06,
    -1.1491496537469727e-06,
    -1.1365047813818987e-06,
    -1.1239924083694763e-06,
    -1.1116111663929967e-06,
    -1.0993596983509937e-06,
    -1.0872366591298549e-06,
    -1.0752407159484741e-06,
    -1.0633705486792556e-06,
    -1.0516248498960131e-06,
    -1.040002323877995e-06,
    -1.0285016856264758e-06,
    -1.0171216605406872e-06,
    -1.0058609839705772e-06,
    -9.947184007700868e-07,
    -9.83692665478436e-07,
    -9.727825427410838e-07,
    -9.619868073437933e-07,
    -9.51304244114614e-07,
    -9.407336480665895e-07,
    -9.302738247751119e-07,
    -9.19923590503454e-07,
    -9.09681771359901e-07,
    -8.99547202221696e-07,
    -8.895187265066035e-07,
    -8.795951964184726e-07,
    -8.697754730636687e-07,
    -8.600584258514975e-07,
    -8.504429310673765e-07,
    -8.409278710339856e-07,
    -8.315121346743447e-07,
    -8.221946184104103e-07,
    -8.129742263424762e-07,
    -8.038498699480955e-07,
    -7.94820468005054e-07,
    -7.858849461500681e-07,
    -7.7704223571691e-07,
    -7.682912732602551e-07,
    -7.596310006462287e-07,
    -7.510603642910398e-07,
    -7.425783137692753e-07,
    -7.341838004868475e-07,
    -7.258757770163254e-07,
    -7.176531974724657e-07,
    -7.095150179780038e-07,
    -7.014601959859443e-07,
    -6.934876896811437e-07,
    -6.85596461175088e-07,
    -6.77785483305845e-07,
    -6.700537443976363e-07,
    -6.624002487967162e-07,
    -6.548240159996463e-07,
    -6.473240794763977e-07,
    -6.398994850436971e-07,
    -6.325492898765038e-07,
    -6.252725626073321e-07,
    -6.180683840104092e-07,
    -6.10935847436862e-07,
    -6.038740585547906e-07,
    -5.96882135392812e-07,
    -5.899592095894627e-07,
    -5.831044278469834e-07,
    -5.763169519223886e-07,
    -5.69595957240708e-07,
    -5.629406312998907e-07,
    -5.56350172326326e-07,
    -5.498237883564898e-07,
    -5.433606969259573e-07,
    -5.369601252326547e-07,
    -5.30621310305527e-07,
    -5.243434991848844e-07,
    -5.181259494446475e-07,
    -5.119679293944566e-07,
    -5.05868717617698e-07,
    -4.998276021555408e-07,
    -4.938438793230348e-07,
    -4.879168524929621e-07,
    -4.820458306636772e-07,
    -4.762301273452189e-07,
    -4.704690619189962e-07,
    -4.647619624772631e-07,
    -4.5910816658788947e-07,
    -4.535070201033922e-07,
    -4.479578763216554e-07,
    -4.42460095502319e-07,
    -4.3701304458052425e-07,
    -4.316160976545659e-07,
    -4.262686361243665e-07,
    -4.209700477047172e-07,
    -4.1571972523808865e-07,
    -4.105170656826288e-07,
    -4.0536146928623123e-07,
    -4.0025233894982586e-07,
    -3.951890793773887e-07,
    -3.9017109642180045e-07,
    -3.851977972609821e-07,
    -3.802685908104792e-07,
    -3.75382888188623e-07,
    -3.705401041221355e-07,
    -3.657396582197519e-07,
    -3.609809743071888e-07,
    -3.562634797832586e-07,
    -3.5158660659261417e-07,
    -3.4694979178852907e-07,
    -3.423524779444505e-07,
    -3.3779411459951484e-07,
    -3.332741582797785e-07,
    -3.2879207050756984e-07,
    -3.2434731674664516e-07,
    -3.1993936712637623e-07,
    -3.1556769748247624e-07,
    -3.11231788793944e-07,
    -3.0693112460709976e-07,
    -3.0266518944418266e-07,
    -2.9843346970674723e-07,
    -2.9423545552970656e-07,
    -2.900706427817349e-07,
    -2.8593853362440675e-07,
    -2.818386342313061e-07,
    -2.777704520162298e-07,
    -2.7373349494952364e-07,
    -2.6972727143819817e-07,
    -2.6575128985439803e-07,
    -2.618050616302927e-07,
    -2.578881078205609e-07,
    -2.539999624340385e-07,
    -2.501401711529154e-07,
    -2.463082903505812e-07,
    -2.42503887138287e-07,
    -2.3872653734622213e-07,
    -2.3497582379522062e-07,
    -2.312513407311526e-07,
    -2.275527014659846e-07,
    -2.2387954129693202e-07,
    -2.2023151666879953e-07,
    -2.1660830374827334e-07,
    -2.1300959592328615e-07,
    -2.094351011000976e-07,
    -2.0588453829375241e-07,
    -2.023576359450119e-07,
    -1.9885413543150498e-07,
    -1.953737931899851e-07,
    -1.919163774896259e-07,
    -1.884816660650569e-07,
    -1.8506944663610984e-07,
    -1.816795168988539e-07,
    -1.7831168293969782e-07,
    -1.7496575863736794e-07,
    -1.7164156875632762e-07,
    -1.6833895319543162e-07,
    -1.650577675680614e-07,
    -1.6179788051202574e-07,
    -1.5855917200090836e-07,
    -1.5534153379236143e-07,
    -1.52144868733412e-07,
    -1.4896908834841458e-07,
    -1.4581411319978436e-07,
    -1.4267987951511648e-07,
    -1.3956634877259782e-07,
    -1.3647351048712667e-07,
    -1.3340137633722134e-07,
    -1.3034997532865886e-07,
    -1.2731935232637364e-07,
    -1.2430956480405546e-07,
    -1.2132067955764295e-07,
    -1.1835277170311644e-07,
    -1.1540592308208866e-07,
    -1.1248022122761463e-07,
    -1.0957576118360947e-07,
    -1.0669264728943667e-07,
    -1.038309932090947e-07,
    -1.009909213631225e-07,
    -9.81725623408147e-08,
    -9.537605429485531e-08,
    -9.260154176923166e-08,
    -8.984917288133425e-08,
    -8.711909546129249e-08,
    -8.4411454371096e-08,
    -8.172639051967173e-08,
    -7.906404097345498e-08,
    -7.64245401177835e-08,
    -7.380802026398959e-08,
    -7.121461066882151e-08,
    -6.864443759459475e-08,
    -6.609762640645883e-08,
    -6.357430259356312e-08,
    -6.107459024767763e-08,
    -5.859861057948129e-08,
    -5.6146482440136875e-08,
    -5.371832378509982e-08,
    -5.13142521255673e-08,
    -4.893438261927679e-08,
    -4.6578826672549435e-08,
    -4.4247693353033563e-08,
    -4.1941088539307955e-08,
    -3.9659111853949954e-08,
    -3.740185765820233e-08,
    -3.516941861245942e-08,
    -3.296188693136427e-08,
    -3.0779351419089995e-08,
    -2.8621891398706986e-08,
    -2.648957140687803e-08,
    -2.4382437838619925e-08,
    -2.230051775140856e-08,
    -2.0243820450720526e-08,
    -1.8212340147587776e-08,
    -1.6206059937110483e-08,
    -1.422495596112039e-08,
    -1.2268997402491059e-08,
    -1.033814430901449e-08,
    -8.432347644197933e-09,
    -6.5515507447584936e-09,
    -4.695690369002168e-09,
    -2.864695383231167e-09,
    -1.0584825646385618e-09,
    7.230454536569995e-10,
    2.479997307618176e-09,
    4.2124888871974596e-09,
    5.9206404750611705e-09,
    7.604575554551319e-09,
    9.264421494690988e-09,
    1.0900309331273534e-08,
    1.2512372648232878e-08,
    1.4100749089845955e-08,
    1.5665583517912193e-08,
    1.7207029871406597e-08,
    1.872525207551813e-08,
    2.0220424359271894e-08,
    2.1692730478320585e-08,
    2.3142362438585857e-08,
    2.4569519024274703e-08,
    2.597440413440082e-08,
    2.7357225449526374e-08,
    2.871819391372521e-08,
    3.005752497675601e-08,
    3.1375440537889866e-08,
    3.2672168377188864e-08,
    3.394794037452431e-08,
    3.520299271162927e-08,
    3.643756585727172e-08,
    3.7651903133460534e-08,
    3.884625048661602e-08,
    4.0020856745776364e-08,
    4.117597386004413e-08,
    4.231185893449392e-08,
    4.342877577988032e-08,
    4.4526993309533295e-08,
    4.560678287614531e-08,
    4.666841765980395e-08,
    4.7712173398944157e-08,
    4.873832738340882e-08,
    4.9747157459886436e-08,
    5.073894449570443e-08,
    5.1713975248674286e-08,
    5.267254222653696e-08,
    5.3614942717002096e-08,
    5.454147912559879e-08,
    5.545245976200964e-08,
    5.634819880887952e-08,
    5.722901548090881e-08,
    5.80952340615182e-08,
    5.894718502869066e-08,
    5.978520495387292e-08,
    6.060963559508232e-08,
    6.14208240837858e-08,
    6.22191237933522e-08,
    6.300489569866019e-08,
    6.377850959467877e-08,
    6.454034431731956e-08,
    6.529078715319544e-08,
    6.603023150439291e-08,
    6.675907589400353e-08,
    6.747772680857329e-08,
    6.818659681076587e-08,
    6.888609708504128e-08,
    6.957663698907567e-08,
    7.025862823878003e-08,
    7.093248201474717e-08,
    7.159860204144395e-08,
    7.225738099481816e-08,
    7.290920045160748e-08,
    7.355443181813295e-08,
    7.419343650555495e-08,
    7.482656557171125e-08,
    7.545415904790144e-08,
    7.607654604406692e-08,
    7.669404677489575e-08,
    7.73069740949612e-08,
    7.791563254905465e-08,
    7.85203179697693e-08,
    7.912132055394392e-08,
    7.97189274534925e-08,
    8.031341975991946e-08,
    8.09050662850785e-08,
    8.149411978747606e-08,
    8.20808173719087e-08,
    8.266538376720088e-08,
    8.324803508199438e-08,
    8.382898011917658e-08,
    8.440841911478651e-08,
    8.498654309991364e-08,
    8.556353594506304e-08,
    8.613957646901732e-08,
    8.671483679560604e-08,
    8.72894796066649e-08,
    8.786365919891346e-08,
    8.843752435997072e-08,
    8.901121917346895e-08,
    8.958488126455932e-08,
    9.015863884010204e-08,
    9.073260950369541e-08,
    9.130690130027291e-08,
    9.188161301325289e-08,
    9.245683410346845e-08,
    9.303264703543422e-08,
    9.360913007563915e-08,
    9.418635613951354e-08,
    9.476438916583585e-08,
    9.534328325749954e-08,
    9.592308342745993e-08,
    9.65038242675303e-08,
    9.708552945461853e-08,
    9.766821423522798e-08,
    9.82518862449091e-08,
    9.883654289197054e-08,
    9.942217044885434e-08,
    1.0000874664760818e-07,
    1.0059624245157678e-07,
    1.0118462165567697e-07,
    1.0177383958469495e-07,
    1.0236383995415829e-07,
    1.0295454986400934e-07,
    1.0354587518772555e-07,
    1.0413769960327348e-07,
    1.0472988779223617e-07,
    1.0532228963438335e-07,
    1.0591474401022719e-07,
    1.0650708126672993e-07,
    1.0709912341239704e-07,
    1.0769068479327623e-07,
    1.0828157416417298e-07,
    1.0887159539761116e-07,
    1.0946054774483075e-07,
    1.100482292912241e-07,
    1.1063444175585656e-07,
    1.1121899073081145e-07,
    1.1180168275878156e-07,
    1.1238232559203727e-07,
    1.1296072892056813e-07,
    1.1353670153304104e-07,
    1.1411005161091696e-07,
    1.1468059320944308e-07,
    1.1524815002066802e-07,
    1.1581255164117115e-07,
    1.1637362772533294e-07,
    1.1693120528027025e-07,
    1.1748510946897486e-07,
    1.180351639966702e-07,
    1.1858118852949769e-07,
    1.1912299618055678e-07,
    1.196603940080934e-07,
    1.201931864217054e-07,
    1.2072117892184948e-07,
    1.2124417888619108e-07,
    1.2176199390446255e-07,
    1.2227443057137528e-07,
    1.2278129413484037e-07,
    1.2328238778616302e-07,
    1.2377751275132515e-07,
    1.2426647143544902e-07,
    1.247490715936924e-07,
    1.2522512661341405e-07,
    1.256944524432032e-07,
    1.261568664569832e-07,
    1.2661218961537832e-07,
    1.2706024889416101e-07,
    1.2750087715827007e-07,
    1.2793391129760043e-07,
    1.28359192799446e-07,
    1.287765706563958e-07,
    1.2918590248346909e-07,
    1.2958705391779018e-07,
    1.2997989772716497e-07,
    1.303643129511599e-07,
    1.3074018531582513e-07,
    1.3110740764324678e-07,
    1.3146587901417378e-07,
    1.3181550425440541e-07,
    1.3215619346117952e-07,
    1.3248786096624477e-07,
    1.3281042575112017e-07,
    1.3312381407314885e-07,
    1.334279616792007e-07,
    1.3372281317647277e-07,
    1.3400832033103764e-07,
    1.342844420255806e-07,
    1.345511437335453e-07,
    1.3480839471446062e-07,
    1.3505616682956033e-07,
    1.3529443616566015e-07,
    1.355231833758303e-07,
    1.3574239229513308e-07,
    1.3595204933280673e-07,
    1.3615214337798308e-07,
    1.3634266592573323e-07,
    1.3652361252717293e-07,
    1.366949843866968e-07,
    1.3685678748573143e-07,
    1.3700902981546988e-07,
    1.371517202188894e-07,
    1.3728486999116206e-07,
    1.3740849519889046e-07,
    1.3752261804784704e-07,
    1.3762726697580269e-07,
    1.3772247632954095e-07,
    1.3780828661396772e-07,
    1.3788474490733493e-07,
    1.3795190451217384e-07,
    1.380098240683365e-07,
    1.38058567927364e-07,
    1.3809820807071276e-07,
    1.3812882506609724e-07,
    1.3815050725892912e-07,
    1.3816334982492294e-07,
    1.3816745436445292e-07,
    1.3816292851814315e-07,
    1.381498852794166e-07,
    1.3812844248979542e-07,
    1.3809872297716447e-07,
    1.3806085484338973e-07,
    1.38014971433851e-07,
    1.3796121086187918e-07,
    1.3789971496488756e-07,
    1.3783062873600592e-07,
    1.3775410123028176e-07,
    1.3767028673699113e-07,
    1.3757934492176285e-07,
    1.374814399885003e-07,
    1.373767393224079e-07,
    1.3726541259875098e-07,
    1.371476318928893e-07,
    1.3702357193931814e-07,
    1.3689340985327397e-07,
    1.3675732500325046e-07,
    1.3661549983870467e-07,
    1.3646812085613444e-07,
    1.3631537877186963e-07,
    1.3615746845080178e-07,
    1.3599458833870977e-07,
    1.3582693900467785e-07,
    1.3565472224274244e-07,
    1.3547814138211565e-07,
    1.3529740214144132e-07,
    1.3511271376712697e-07,
    1.3492429006989837e-07,
    1.3473234957812197e-07,
    1.3453711454181066e-07,
    1.3433880969788174e-07,
    1.3413766237973993e-07,
    1.3393390452524967e-07,
    1.3372777542761772e-07,
    1.3351952337910607e-07,
    1.333094048278573e-07,
    1.3309768234157374e-07,
    1.3288462450489016e-07,
    1.3267050667344354e-07,
    1.324556080712959e-07,
    1.3224020547294474e-07,
    1.320245678969902e-07,
    1.3180895410506997e-07,
    1.3159361264522266e-07,
    1.313787836846929e-07,
    1.3116470027988644e-07,
    1.3095158861254586e-07,
    1.3073966853467026e-07,
    1.3052915394956143e-07,
    1.3032025287571712e-07,
    1.3011316732249026e-07,
    1.2990809180112457e-07,
    1.2970521108164768e-07,
    1.295046998742967e-07,
    1.2930672505087356e-07,
    1.2911144758623447e-07,
    1.2891902228747363e-07,
    1.287295969779393e-07,
    1.285433128947307e-07,
    1.283603058154338e-07,
    1.2818070704010486e-07,
    1.280046442248266e-07,
    1.2783224167066825e-07,
    1.2766361966122962e-07,
    1.2749889396519254e-07,
    1.2733817569011107e-07,
    1.271815705231277e-07,
    1.270291781409266e-07,
    1.2688109259941832e-07,
    1.2673740293465584e-07,
    1.265981927396208e-07,
    1.2646353952271235e-07,
    1.2633351659818064e-07,
    1.2620819610300673e-07,
    1.260876493099707e-07,
    1.259719447732766e-07,
    1.2586114706595784e-07,
    1.2575531702819086e-07,
    1.2565451223865518e-07,
    1.2555878704969057e-07,
    1.254681923861787e-07,
    1.2538277458659735e-07,
    1.2530257468550502e-07,
    1.2522762982202374e-07,
    1.2515797468773723e-07,
    1.2509364107197598e-07,
    1.25034657156196e-07,
    1.2498104853586397e-07,
    1.2493283875150253e-07,
    1.2489004728329545e-07,
    1.2485268721819957e-07,
    1.2482076359507028e-07,
    1.247942727506653e-07,
    1.247732040455672e-07,
    1.2475754163451602e-07,
    1.247472635902823e-07,
    1.2474234129948985e-07,
    1.2474274243489243e-07,
    1.2474843456376166e-07,
    1.247593849402665e-07,
    1.2477555690722497e-07,
    1.2479690590621506e-07,
    1.2482337796561208e-07,
    1.2485491133242712e-07,
    1.2489143755636973e-07,
    1.2493288027090693e-07,
    1.2497915514867877e-07,
    1.2503017193643345e-07,
    1.2508583624229552e-07,
    1.2514605107438244e-07,
    1.2521071841503606e-07,
    1.2527973931292438e-07,
    1.2535301246521364e-07,
    1.2543043278290674e-07,
    1.255118902440467e-07,
    1.2559726935525057e-07,
    1.2568644985040686e-07,
    1.2577930802505924e-07,
    1.2587571809464354e-07,
    1.259755532621886e-07,
    1.2607868649157615e-07,
    1.261849903540071e-07,
    1.2629433405917793e-07,
    1.2640657985172954e-07,
    1.2652158253767276e-07,
    1.2663919090333602e-07,
    1.267592497767255e-07,
    1.2688160209845723e-07,
    1.2700608943067996e-07,
    1.271325524696369e-07,
    1.272608318762107e-07,
    1.2739076754927663e-07,
    1.2752219821731093e-07,
    1.2765496352172003e-07,
    1.277889067099464e-07,
    1.2792387422340628e-07,
    1.2805971190227467e-07,
    1.2819626276245823e-07,
    1.2833336939432177e-07,
    1.2847087725941503e-07,
    1.2860863490993801e-07,
    1.2874649208598985e-07,
    1.2888429724506034e-07,
    1.29021895732649e-07,
    1.2915913037392253e-07,
    1.2929584325430995e-07,
    1.2943187658572923e-07,
    1.2956707296869063e-07,
    1.2970127565153507e-07,
    1.2983432878618037e-07,
    1.2996607767978126e-07,
    1.3009636875953327e-07,
    1.302250492567627e-07,
    1.3035196745861256e-07,
    1.3047697323833841e-07,
    1.305999180199419e-07,
    1.3072065528125704e-07,
    1.3083904212511743e-07,
    1.3095494053293832e-07,
    1.3106821829780942e-07,
    1.3117875070544862e-07,
    1.3128642164412596e-07,
    1.3139112260834807e-07,
    1.314927509572216e-07,
    1.3159120898915588e-07,
    1.3168640404899068e-07,
    1.3177824937425405e-07,
    1.3186666491059038e-07,
    1.3195157712214627e-07,
    1.3203291831153374e-07,
    1.321106266744245e-07,
    1.3218464588466921e-07,
    1.3225492373907092e-07,
    1.3232141153673756e-07,
    1.3238406417295047e-07,
    1.3244284067601236e-07,
    1.324977051749351e-07,
    1.325486276029875e-07,
    1.3259558480886964e-07,
    1.3263856207558546e-07,
    1.326775534959031e-07,
    1.3271256124176517e-07,
    1.3274359399443454e-07,
    1.327706645570505e-07,
    1.3279378900842096e-07,
    1.3281298863089848e-07,
    1.3282829158877011e-07,
    1.328397322628856e-07,
    1.328473495570718e-07,
    1.3285118503851465e-07,
    1.328512817280277e-07,
    1.3284768495393188e-07,
    1.328404440066701e-07,
    1.328296127492127e-07,
    1.3281524981187707e-07,
    1.3279741918997957e-07,
    1.3277619064241927e-07,
    1.3275163949733596e-07,
    1.3272384666955854e-07,
    1.3269289889225123e-07,
    1.3265888817421195e-07,
    1.32621910883287e-07,
    1.3258206763932686e-07,
    1.325394634228026e-07,
    1.3249420691553655e-07,
    1.324464106455866e-07,
    1.3239619311617933e-07,
    1.3234368096422362e-07,
    1.3228900998316806e-07,
    1.3223232600284675e-07,
    1.321737856326331e-07,
    1.3211355607810016e-07,
    1.3205181441766957e-07,
    1.3198874732858757e-07,
    1.3192455147196075e-07,
    1.3185943373885154e-07,
    1.3179361032071045e-07,
    1.3172730539343015e-07,
    1.3166075255693243e-07,
    1.3159419957979266e-07,
    1.315279118996822e-07,
    1.3146217246746936e-07,
    1.3139727968244494e-07,
    1.3133354250442698e-07,
    1.312712720313611e-07,
    1.312107743996419e-07,
    1.311523510907885e-07,
    1.310963057797094e-07,
    1.310429473091586e-07,
    1.3099258452236145e-07,
    1.3094552152818862e-07,
    1.3090205645101803e-07,
    1.3086248000657858e-07,
    1.308270745002806e-07,
    1.30796114962398e-07,
    1.3076987147242443e-07,
    1.3074861043805878e-07,
    1.3073259384010196e-07,
    1.3072207683832207e-07,
    1.3071730547963695e-07,
    1.307185197093806e-07,
    1.3072596446683308e-07,
    1.3073989955115488e-07,
    1.3076059764158935e-07,
    1.3078833597707846e-07,
    1.3082339194002395e-07,
    1.308660406409831e-07,
    1.3091655035295637e-07,
    1.309751798841598e-07,
    1.3104217999216326e-07,
    1.3111779528999139e-07,
    1.3120226637312026e-07,
    1.312958329797556e-07,
    1.313987338834555e-07,
    1.315112019079503e-07,
    1.316334613196674e-07,
    1.317657300413729e-07,
    1.319082200873149e-07,
    1.3206113568042656e-07,
    1.3222467271920335e-07,
    1.323990186917599e-07,
    1.3258435209219914e-07,
    1.3278084071198962e-07,
    1.3298863929519311e-07,
    1.3320788928604814e-07,
    1.3343871852609583e-07,
    1.3368123926022958e-07,
    1.339355496698848e-07,
    1.3420173977005987e-07,
    1.344798952776326e-07,
    1.347700955131176e-07,
    1.3507240801418643e-07,
    1.3538688543610182e-07,
    1.35713565559644e-07,
    1.3605247339693147e-07,
    1.3640362555226919e-07,
    1.3676703133895622e-07,
    1.3714269052689953e-07,
    1.3753059610078253e-07,
    1.3793073783764138e-07,
    1.3834309639026234e-07,
    1.387676333560229e-07,
    1.3920429086579515e-07,
    1.3965300048064912e-07,
    1.4011368698121128e-07,
    1.4058626121275123e-07,
    1.410706143300152e-07,
    1.4156662246670538e-07,
    1.4207415071703805e-07,
    1.425930464170095e-07,
    1.4312313313639e-07,
    1.4366421388298924e-07,
    1.442160726745384e-07,
    1.4477846839217584e-07,
    1.4535113119783165e-07,
    1.4593376953762944e-07,
    1.465260800134018e-07,
    1.4712775036547564e-07,
    1.4773845717503222e-07,
    1.4835786174408193e-07,
    1.4898560594919767e-07,
    1.4962131445709997e-07,
    1.502646051960461e-07,
    1.5091509720027658e-07,
    1.515724066540443e-07,
    1.5223613653556364e-07,
    1.5290587265623128e-07,
    1.5358119070401157e-07,
    1.5426166422962249e-07,
    1.5494686350961734e-07,
    1.5563634714723727e-07,
    1.563296537652881e-07,
    1.5702629747154121e-07,
    1.5772576797933745e-07,
    1.5842753975529037e-07,
    1.591310864141023e-07,
    1.5983588689099373e-07,
    1.6054142440931518e-07,
    1.6124718808037772e-07,
    1.6195267279288528e-07,
    1.6265736886876793e-07,
    1.6336074864703263e-07,
    1.6406226366546797e-07,
    1.6476135370949516e-07,
    1.6545745888717367e-07,
    1.661500271768892e-07,
    1.6683851603457434e-07,
    1.675223907673972e-07,
    1.6820112375370432e-07,
    1.688741982828286e-07,
    1.6954111597837204e-07,
    1.7020140234586063e-07,
    1.7085460831645507e-07,
    1.7150031021749544e-07,
    1.721381097218488e-07,
    1.727676330895184e-07,
    1.7338852701947837e-07,
    1.7400045063190555e-07,
    1.7460306983976768e-07,
    1.7519605604081544e-07,
    1.7577908428421816e-07,
    1.7635183403167538e-07,
    1.769139936987693e-07,
    1.7746526007055887e-07,
    1.7800533285009452e-07,
    1.7853391077133422e-07,
    1.790506903587905e-07,
    1.7955537157610863e-07,
    1.8004767094835656e-07,
    1.805273294515223e-07,
    1.8099410740695854e-07,
    1.8144777641582404e-07,
    1.8188811906725378e-07,
    1.823149313083676e-07,
    1.827280196933248e-07,
    1.8312719777465594e-07,
    1.8351228749004656e-07,
    1.8388312370852668e-07,
    1.8423955617986071e-07,
    1.8458144641783583e-07,
    1.849086647292487e-07,
    1.852210925269704e-07,
    1.8551862817391226e-07,
    1.858011919151376e-07,
    1.8606872680459991e-07,
    1.863211971316018e-07,
    1.8655858840755833e-07,
    1.8678090809532095e-07,
    1.8698818443312255e-07,
    1.8718046422642948e-07,
    1.8735781043657756e-07,
    1.8752029890478164e-07,
    1.876680149396653e-07,
    1.8780105272360966e-07,
    1.8791951830346078e-07,
    1.8802353269826568e-07,
    1.8811323259285062e-07,
    1.8818876791904736e-07,
    1.8825029715813224e-07,
    1.8829798407966803e-07,
    1.8833199759523264e-07,
    1.8835251220771571e-07,
    1.883597070141596e-07,
    1.883537639121099e-07,
    1.883348669792158e-07,
    1.8830320429563534e-07,
    1.8825897125420056e-07,
    1.882023726509491e-07,
    1.88133622082047e-07,
    1.8805294084138355e-07,
    1.8796055863695102e-07,
    1.8785671430874177e-07,
    1.8774165408227922e-07,
    1.8761562868482593e-07,
    1.874788925041724e-07,
    1.873317051826245e-07,
    1.8717433341484304e-07,
    1.8700705223603116e-07,
    1.8683014630471734e-07,
    1.8664391073827866e-07,
    1.8644865083955842e-07,
    1.8624468029493458e-07,
    1.8603231854959042e-07,
    1.8581188940057272e-07,
    1.8558372191275637e-07,
    1.8534815295828376e-07,
    1.851055295806779e-07,
    1.848562098520167e-07,
    1.8460056223446166e-07,
    1.843389636581652e-07,
    1.8407179811639508e-07,
    1.8379945807172504e-07,
    1.8352234641860475e-07,
    1.8324087388720378e-07,
    1.8295545005768353e-07,
    1.8266647292105647e-07,
    1.8237432552053081e-07,
    1.8207938358783458e-07,
    1.8178202706522045e-07,
    1.8148264213607432e-07,
    1.8118161442161953e-07,
    1.8087932727144302e-07,
    1.8057616423728193e-07,
    1.8027250590323744e-07,
    1.799687244836957e-07,
    1.796651807539557e-07,
    1.7936222130042707e-07,
    1.790601764270155e-07,
    1.7875936014828768e-07,
    1.7846007155845585e-07,
    1.7816259566070274e-07,
    1.7786720306367656e-07,
    1.775741487565332e-07,
    1.7728367051925667e-07,
    1.7699599028010964e-07,
    1.7671131731082783e-07,
    1.7642984815973692e-07,
    1.7615176600010964e-07,
    1.7587724212582665e-07,
    1.7560643782029438e-07,
    1.7533951148542853e-07,
    1.7507663088746634e-07,
    1.748179763632131e-07,
    1.7456372997329244e-07,
    1.7431406289627803e-07,
    1.7406913140764656e-07,
    1.7382907880134595e-07,
    1.7359403668371235e-07,
    1.733641284923859e-07,
    1.7313947920845212e-07,
    1.729202207318332e-07,
    1.7270648369165125e-07,
    1.7249838604479545e-07,
    1.7229603009352617e-07,
    1.7209950496139723e-07,
    1.719088887908086e-07,
    1.7172425066450774e-07,
    1.7154565299091865e-07,
    1.7137315279931816e-07,
    1.7120680111310436e-07,
    1.7104664070191363e-07,
    1.7089270213846887e-07,
    1.7074500177685904e-07,
    1.7060354580774287e-07,
    1.704683364785367e-07,
    1.7033937476647684e-07,
    1.7021666064448064e-07,
    1.7010019378283606e-07,
    1.6998997126262712e-07,
    1.6988598007977555e-07,
    1.6978819162393372e-07,
    1.6969656208326518e-07,
    1.6961103548617874e-07,
    1.6953154859337235e-07,
    1.6945803633774134e-07,
    1.6939043516288875e-07,
    1.6932868465563345e-07,
    1.6927272696386727e-07,
    1.6922250258737643e-07,
    1.6917794518250187e-07,
    1.6913897992148158e-07,
    1.6910552502288792e-07,
    1.6907749192199905e-07,
    1.6905478314236113e-07,
    1.6903729061054609e-07,
    1.6902489535227805e-07,
    1.6901746813029128e-07,
    1.6901487009975045e-07,
    1.6901695161008185e-07,
    1.690235514891032e-07,
    1.690345005556609e-07,
    1.690496251494383e-07,
    1.6906874692813762e-07,
    1.6909168500700392e-07,
    1.691182623012052e-07,
    1.6914830672648864e-07,
    1.691816454109698e-07,
    1.6921809986788953e-07,
    1.69257482607414e-07,
    1.6929959287152974e-07,
    1.6934421520469737e-07,
    1.69391121757945e-07,
    1.6944007550715218e-07,
    1.6949083433888901e-07,
    1.6954315641775451e-07,
    1.6959680499567774e-07,
    1.696515482368071e-07,
    1.697071528622968e-07,
    1.6976337925508983e-07,
    1.6981998238442054e-07,
    1.698767144663393e-07,
    1.6993332670090548e-07,
    1.699895696991292e-07,
    1.7004519389118663e-07,
    1.7009995158561423e-07,
    1.7015359816003428e-07,
    1.7020589077070483e-07,
    1.702565863170185e-07,
    1.703054402913697e-07,
    1.7035220957290726e-07,
    1.703966585969795e-07,
    1.704385625980535e-07,
    1.7047770652701749e-07,
    1.7051388362010537e-07,
    1.7054689405178244e-07,
    1.7057654220583053e-07,
    1.706026354730732e-07,
    1.7062498628954313e-07,
    1.7064341374943748e-07,
    1.7065774340171796e-07,
    1.7066780704157332e-07,
    1.7067344284337374e-07,
    1.706744951563767e-07,
    1.706708136597866e-07,
    1.7066225286362543e-07,
    1.7064867226823817e-07,
    1.7062993590185725e-07,
    1.7060591216108527e-07,
    1.7057647515465345e-07,
    1.7054150655648585e-07,
    1.7050089733633907e-07,
    1.7045454825068033e-07,
    1.7040236887475142e-07,
    1.7034427640106076e-07,
    1.702801934288965e-07,
    1.7021004611070482e-07,
    1.7013376634168706e-07,
    1.7005129567983598e-07,
    1.699625854701866e-07,
    1.6986759364286707e-07,
    1.6976628290107932e-07,
    1.6965862098781895e-07,
    1.6954458022863956e-07,
    1.6942413660169352e-07,
    1.6929727002132102e-07,
    1.6916396552487328e-07,
    1.690242148335043e-07,
    1.6887801716178117e-07,
    1.6872537800384385e-07,
    1.6856630731527514e-07,
    1.6840081927475984e-07,
    1.6822893311660508e-07,
    1.680506730964464e-07,
    1.6786606742867454e-07,
    1.676751476684066e-07,
    1.6747794930628342e-07,
    1.672745129139485e-07,
    1.6706488465166728e-07,
    1.668491156091367e-07,
    1.6662726042838307e-07,
    1.6639937653449756e-07,
    1.661655253831971e-07,
    1.6592577472358719e-07,
    1.6568019951573233e-07,
    1.6542888122801416e-07,
    1.6517190664806808e-07,
    1.6490936758737377e-07,
    1.646413617766637e-07,
    1.6436799291116634e-07,
    1.6408936889091086e-07,
    1.638056004450955e-07,
    1.6351680126160625e-07,
    1.6322308796481397e-07,
    1.6292457977165045e-07,
    1.626213992462292e-07,
    1.6231367380773145e-07,
    1.6200153673828719e-07,
    1.6168512695936224e-07,
    1.6136458777267486e-07,
    1.6104006594351002e-07,
    1.6071171186168357e-07,
    1.6037968001044083e-07,
    1.6004412914588307e-07,
    1.597052220518811e-07,
    1.593631244444139e-07,
    1.5901800347053502e-07,
    1.586700272508602e-07,
    1.583193657383685e-07,
    1.5796619201390665e-07,
    1.576106835885413e-07,
    1.5725302372312035e-07,
    1.5689340248934833e-07,
    1.5653201729569287e-07,
    1.5616907346253444e-07,
    1.5580478499805966e-07,
    1.5543937339592882e-07,
    1.550730623610401e-07,
    1.5470607188344957e-07,
    1.5433861707441704e-07,
    1.5397091037424283e-07,
    1.5360316305447635e-07,
    1.5323558540374044e-07,
    1.5286838799739735e-07,
    1.5250178623015094e-07,
    1.5213600515174905e-07,
    1.5177127998446274e-07,
    1.5140785038633333e-07,
    1.5104595116032094e-07,
    1.5068580612228568e-07,
    1.5032762753634035e-07,
    1.4997161829663203e-07,
    1.4961797418106348e-07,
    1.492668850073461e-07,
    1.4891853480659587e-07,
    1.4857310130168078e-07,
    1.4823075500506667e-07,
    1.4789165879988727e-07,
    1.4755596856107387e-07,
    1.4722383432801645e-07,
    1.4689540170284022e-07,
    1.4657081366949622e-07,
    1.462502115427098e-07,
    1.4593373388792354e-07,
    1.4562151444741852e-07,
    1.4531367996707708e-07,
    1.450103485091496e-07,
    1.4471162945833335e-07,
    1.444176253010414e-07,
    1.4412843386639984e-07,
    1.4384414963774501e-07,
    1.4356486327302101e-07,
    1.4329066028819427e-07,
    1.4302162094104828e-07,
    1.4275782114748082e-07,
    1.424993323571802e-07,
    1.4224621992439635e-07,
    1.4199854163760707e-07,
    1.4175634705927352e-07,
    1.415196772791561e-07,
    1.4128856644636688e-07,
    1.4106304513377454e-07,
    1.4084314153159467e-07,
    1.4062887927305978e-07,
    1.404202756621274e-07,
    1.402173414511159e-07,
    1.4002008060493214e-07,
    1.398284910065741e-07,
    1.396425668333458e-07,
    1.3946229979347803e-07,
    1.3928767776114065e-07,
    1.3911868314093954e-07,
    1.389552924002706e-07,
    1.3879747656746589e-07,
    1.386452024797876e-07,
    1.3849843331136355e-07,
    1.3835712787219632e-07,
    1.3822123989384544e-07,
    1.3809071755016708e-07,
    1.3796550398733475e-07,
    1.3784553887910214e-07,
    1.3773075898718e-07,
    1.3762109796999902e-07,
    1.3751648644678263e-07,
    1.3741685076482118e-07,
    1.3732211045537854e-07,
    1.3723217801093263e-07,
    1.3714696232252346e-07,
    1.370663708416827e-07,
    1.3699030730340912e-07,
    1.3691866943888062e-07,
    1.3685134878112296e-07,
    1.3678823047525804e-07,
    1.3672919415706182e-07,
    1.3667411590075685e-07,
    1.3662286964950724e-07,
    1.3657532838943988e-07,
    1.365313637386943e-07,
    1.364908436860277e-07,
    1.36453631660662e-07,
    1.3641958772752121e-07,
    1.3638856952157503e-07,
    1.3636043239107695e-07,
    1.363350308589373e-07,
    1.3631222086905672e-07,
    1.362918594003052e-07,
    1.3627380225173712e-07,
    1.362579034143933e-07,
    1.3624401601581177e-07,
    1.3623199325862663e-07,
    1.3622168806227907e-07,
    1.362129511686479e-07,
    1.362056300422119e-07,
    1.3619957008859336e-07,
    1.3619461561379863e-07,
    1.3619060900113096e-07,
    1.361873914015655e-07,
    1.3618480492270296e-07,
    1.3618269230205983e-07,
    1.361808955890921e-07,
    1.3617925681950823e-07,
    1.3617761989274942e-07,
    1.3617583264189783e-07,
    1.3617374718382896e-07,
    1.361712188217011e-07,
    1.3616810732060144e-07,
    1.3616427933659925e-07,
    1.3615960845755553e-07,
    1.3615397453683919e-07,
    1.361472630575522e-07,
    1.3613936383047125e-07,
    1.361301717415214e-07,
    1.3611958906040202e-07,
    1.3610752569545446e-07,
    1.3609389767202715e-07,
    1.3607862543597704e-07,
    1.360616328531783e-07,
    1.3604284710374753e-07,
    1.3602219794625706e-07,
    1.3599961657031105e-07,
    1.359750361639837e-07,
    1.3594839310744093e-07,
    1.3591962585664426e-07,
    1.3588867240669091e-07,
    1.3585546946083108e-07,
    1.3581995325947038e-07,
    1.3578205999037956e-07,
    1.357417257828833e-07,
    1.3569888748907734e-07,
    1.3565348383559444e-07,
    1.3560545595467544e-07,
    1.355547478870999e-07,
    1.355013072594658e-07,
    1.3544508499955697e-07,
    1.3538603467677912e-07,
    1.3532411314868897e-07,
    1.3525928228081932e-07,
    1.3519151024284816e-07,
    1.3512077167863628e-07,
    1.3504704715429556e-07,
    1.349703231430325e-07,
    1.3489059323017865e-07,
    1.3480785842847343e-07,
    1.347221250792297e-07,
    1.3463340297144937e-07,
    1.345417055451567e-07,
    1.3444705026418014e-07,
    1.343494579739557e-07,
    1.3424895243363893e-07,
    1.3414556067897688e-07,
    1.340393135382363e-07,
    1.3393024596924527e-07,
    1.3381839754665616e-07,
    1.3370381294017152e-07,
    1.3358654206665418e-07,
    1.3346663992731582e-07,
    1.3334416598263535e-07,
    1.3321918354174332e-07,
    1.3309176010261202e-07,
    1.3296196800808547e-07,
    1.3282988494502945e-07,
    1.32695595066979e-07,
    1.3255918935584345e-07,
    1.3242076476685904e-07,
    1.3228042493680139e-07,
    1.3213828168677574e-07,
    1.3199445486203315e-07,
    1.3184907205317255e-07,
    1.3170226881487906e-07,
    1.3155418768200833e-07,
    1.3140497690182218e-07,
    1.312547912147861e-07,
    1.311037945675129e-07,
    1.3095216245020288e-07,
    1.3080008212136618e-07,
    1.30647751466566e-07,
    1.3049537837553163e-07,
    1.3034318097054815e-07,
    1.301913878982018e-07,
    1.3004023920955064e-07,
    1.298899883732192e-07,
    1.2974090181571672e-07,
    1.2959325210599487e-07,
    1.294473108055712e-07,
    1.2930334982297282e-07,
    1.291616456995765e-07,
    1.2902247713120748e-07,
    1.288861196730103e-07,
    1.2875284416554828e-07,
    1.2862291779585672e-07,
    1.284966058340413e-07,
    1.2837417240430934e-07,
    1.2825587870961685e-07,
    1.2814198112760884e-07,
    1.2803273111824402e-07,
    1.279283750662954e-07,
    1.2782915411249866e-07,
    1.2773530440166275e-07,
    1.2764705683820022e-07,
    1.2756463859620712e-07,
    1.274882775304099e-07,
    1.2741820586664212e-07,
    1.273546601945394e-07,
    1.2729787873541183e-07,
    1.2724809863633428e-07,
    1.2720555470103732e-07,
    1.271704794394742e-07,
    1.271431033826098e-07,
    1.2712365447591783e-07,
    1.2711235807364926e-07,
    1.2710943851488878e-07,
    1.2711511946665403e-07,
    1.271296229739003e-07,
    1.271531694540737e-07,
    1.2718597727658655e-07,
    1.2722826083769774e-07,
    1.2728022921861703e-07,
    1.2734208662146296e-07,
    1.2741403281105577e-07,
    1.2749626239740921e-07,
    1.2758896576994204e-07,
    1.276923326427182e-07,
    1.2780655281304407e-07,
    1.2793181213158383e-07,
    1.2806828859837286e-07,
    1.282161513489017e-07,
    1.2837556145878047e-07,
    1.285466733316995e-07,
    1.2872963676122292e-07,
    1.2892459865908875e-07,
    1.2913170177136437e-07,
    1.2935108172492956e-07,
    1.2958286434984516e-07,
    1.2982716219883365e-07,
    1.3008407199302337e-07,
    1.3035367543256958e-07,
    1.3063604190608866e-07,
    1.3093122897049568e-07,
    1.312392791735774e-07,
    1.3156021736916273e-07,
    1.318940517929755e-07,
    1.3224077588650802e-07,
    1.3260036623144862e-07,
    1.329727797896994e-07,
    1.3335795663634512e-07,
    1.3375582571402341e-07,
    1.3416630810315722e-07,
    1.345893146479164e-07,
    1.3502473753848858e-07,
    1.3547244533474666e-07,
    1.35932286906145e-07,
    1.3640409400183468e-07,
    1.368876801664946e-07,
    1.3738284364898788e-07,
    1.3788937042157848e-07,
    1.3840703008719527e-07,
    1.3893556927683977e-07,
    1.3947470981533517e-07,
    1.400241510244905e-07,
    1.405835738407113e-07,
    1.4115264425247154e-07,
    1.4173101264904909e-07,
    1.4231831238042204e-07,
    1.4291416003709631e-07,
    1.4351815407676824e-07,
    1.4412987179309483e-07,
    1.4474886719064553e-07,
    1.4537467065022297e-07,
    1.4600678869285926e-07,
    1.4664470385007735e-07,
    1.4728787804339606e-07,
    1.479357594159218e-07,
    1.4858778746887305e-07,
    1.492433931425661e-07,
    1.499019989295632e-07,
    1.5056302072118197e-07,
    1.51225865590758e-07,
    1.5188993047459667e-07,
    1.5255460662406347e-07,
    1.532192816340405e-07,
    1.5388333904510145e-07,
    1.5454616419691592e-07,
    1.5520715374263703e-07,
    1.5586571947481286e-07,
    1.565212852306368e-07,
    1.571732831895407e-07,
    1.5782115614092638e-07,
    1.5846436538233911e-07,
    1.591023947429464e-07,
    1.5973474535912632e-07,
    1.603609272787773e-07,
    1.6098045622617467e-07,
    1.6159285720324957e-07,
    1.621976705104762e-07,
    1.6279445674669878e-07,
    1.6338279652235106e-07,
    1.6396228278126832e-07,
    1.6453251413388226e-07,
    1.6509309520171275e-07,
    1.6564363878120934e-07,
    1.661837661490353e-07,
    1.6671310843087506e-07,
    1.672313111492551e-07,
    1.6773804004032248e-07,
    1.6823298432229454e-07,
    1.6871585605306915e-07,
    1.6918638844448848e-07,
    1.696443352520558e-07,
    1.7008947018791764e-07,
    1.7052158445798415e-07,
    1.709404825715867e-07,
    1.7134597931480663e-07,
    1.71737899604734e-07,
    1.7211608051466082e-07,
    1.724803735517388e-07,
    1.7283064586657773e-07,
    1.7316678210046026e-07,
    1.7348868647310332e-07,
    1.7379628074937337e-07,
    1.740894991457312e-07,
    1.7436828729070427e-07,
    1.7463260573810792e-07,
    1.7488243068567949e-07,
    1.7511775094793727e-07,
    1.7533856785195942e-07,
    1.7554489894747112e-07,
    1.7573677977650488e-07,
    1.7591426245530638e-07,
    1.7607741462911235e-07,
    1.762263185102696e-07,
    1.763610680513848e-07,
    1.764817671816796e-07,
    1.76588530949724e-07,
    1.766814866372386e-07,
    1.7676077331571406e-07,
    1.7682654025642858e-07,
    1.7687894543180084e-07,
    1.76918155571717e-07,
    1.7694434655713593e-07,
    1.769577024116505e-07,
    1.7695841379710234e-07,
    1.7694667772062516e-07,
    1.769226981304954e-07,
    1.7688668680185265e-07,
    1.7683886532145252e-07,
    1.7677946733894563e-07,
    1.7670873892308793e-07,
    1.7662693680412908e-07,
    1.7653432587852756e-07,
    1.764311780988844e-07,
    1.7631777350866563e-07,
    1.7619440125926847e-07,
    1.7606135953699108e-07,
    1.759189549273719e-07,
    1.7576750093504918e-07,
    1.7560731643347692e-07,
    1.7543872535521647e-07,
    1.7526205761896143e-07,
    1.7507765049902607e-07,
    1.7488584964103504e-07,
    1.7468701026986363e-07,
    1.7448149859843835e-07,
    1.7426969126295667e-07,
    1.7405197302516682e-07,
    1.7382873433917333e-07,
    1.736003679344194e-07,
    1.733672661028635e-07,
    1.7312982098795003e-07,
    1.7288842658230555e-07,
    1.7264348080708776e-07,
    1.7239538478771043e-07,
    1.7214453957820285e-07,
    1.7189134528572877e-07,
    1.7163620148795657e-07,
    1.7137950424585165e-07,
    1.711216417660515e-07,
    1.7086299386341783e-07,
    1.706039353658852e-07,
    1.7034483681248713e-07,
    1.7008605462716833e-07,
    1.6982791490696144e-07,
    1.6957070418782767e-07,
    1.6931467206970457e-07,
    1.6906004018514999e-07,
    1.6880700741418874e-07,
    1.6855574747251352e-07,
    1.6830640632513433e-07,
    1.680591031322449e-07,
    1.6781393278295084e-07,
    1.6757096902296288e-07,
    1.6733026595982635e-07,
    1.6709185794285298e-07,
    1.6685576062662221e-07,
    1.6662197322057096e-07,
    1.6639048007685322e-07,
    1.6616125255097989e-07,
    1.6593425205683916e-07,
    1.6570943277434513e-07,
    1.654867442911016e-07,
    1.6526613505496487e-07,
    1.6504755421872157e-07,
    1.648309501046965e-07,
    1.6461626941837516e-07,
    1.6440346122507372e-07,
    1.6419248177087848e-07,
    1.639832951928711e-07,
    1.6377587190628833e-07,
    1.635701881296372e-07,
    1.633662268029157e-07,
    1.631639793163923e-07,
    1.6296344694985537e-07,
    1.6276464067041007e-07,
    1.625675799195765e-07,
    1.6237229045358793e-07,
    1.6217880073138238e-07,
    1.6198713859031794e-07,
    1.6179732939587e-07,
    1.6160939461444689e-07,
    1.6142334975765218e-07,
    1.6123920148341787e-07,
    1.610569453265329e-07,
    1.6087656693471e-07,
    1.606980462806548e-07
]