[
    -0.475516343640983,
    -0.4755717208787323,
    -0.47562698155206884,
    -0.47568212608318217,
    -0.4757371548942617,
    -0.4757920684074971,
    -0.4758468670450779,
    -0.4759015512291935,
    -0.47595612138203347,
    -0.4760105779257874,
    -0.47606492128264466,
    -0.476119151874795,
    -0.4761732701244278,
    -0.47622727645373253,
    -0.4762811712848989,
    -0.4763349550401163,
    -0.4763886281415743,
    -0.4764421910114624,
    -0.4764956440719702,
    -0.4765489877452872,
    -0.4766022224536028,
    -0.47665534861910663,
    -0.47670836666398825,
    -0.47676127701043713,
    -0.4768140800806428,
    -0.4768667762967948,
    -0.47691936608108265,
    -0.4769718498556959,
    -0.477024228042824,
    -0.4770765010646566,
    -0.4771286693433831,
    -0.47718073330119315,
    -0.4772326933602762,
    -0.4772845499428217,
    -0.47733630347101935,
    -0.4773879543670585,
    -0.4774395030531288,
    -0.4774909499514197,
    -0.47754229548412086,
    -0.4775935400734216,
    -0.4776446841415116,
    -0.47769572811058036,
    -0.4777466724028173,
    -0.4777975174404121,
    -0.4778482636455542,
    -0.4778989114404332,
    -0.4779494612472386,
    -0.4779999134881598,
    -0.4780502685853864,
    -0.478100526961108,
    -0.47815068903751407,
    -0.4782007552367941,
    -0.47825072598113766,
    -0.4783006016927343,
    -0.4783503827937735,
    -0.47840006970644483,
    -0.4784496628529377,
    -0.4784991626554418,
    -0.47854856953614666,
    -0.4785978839172416,
    -0.47864710622091633,
    -0.47869623686936025,
    -0.478745276284763,
    -0.47879422488931406,
    -0.4788430831052029,
    -0.47889185135461915,
    -0.4789405300597523,
    -0.47898911964279184,
    -0.4790376205259273,
    -0.47908603313134823,
    -0.4791343578812442,
    -0.47918259519780465,
    -0.47923074550321915,
    -0.4792788092196772,
    -0.47932678676936835,
    -0.4793746785744821,
    -0.479422485057208,
    -0.4794702066397356,
    -0.4795178437442543,
    -0.47956539679295385,
    -0.47961286620802357,
    -0.4796602524116531,
    -0.4797075558260319,
    -0.4797547768733496,
    -0.4798019159757956,
    -0.47984897355555944,
    -0.47989595003483076,
    -0.47994284583579894,
    -0.4799896613806536,
    -0.48003639709158424,
    -0.4800830533907804,
    -0.4801296307004315,
    -0.48017612944272725,
    -0.4802225500398571,
    -0.48026889291401054,
    -0.48031515848737705,
    -0.48036134718214635,
    -0.4804074594205078,
    -0.4804534956246509,
    -0.48049945621676526,
    -0.4805453416190404,
    -0.4805911522536658,
    -0.48063688854283104,
    -0.4806825509087256,
    -0.480728139773539,
    -0.48077365555946083,
    -0.4808190986886806,
    -0.4808644695833878,
    -0.480909768665772,
    -0.48095499635802275,
    -0.4810001530823294,
    -0.48104523926088166,
    -0.48109025531586896,
    -0.48113520166948087,
    -0.48118007874390695,
    -0.48122488696133664,
    -0.4812696267439595,
    -0.4813142985139651,
    -0.4813589026935429,
    -0.4814034397048825,
    -0.48144790997017334,
    -0.48149231391160496,
    -0.481536651951367,
    -0.4815809245116489,
    -0.48162513201464013,
    -0.48166927488253025,
    -0.4817133535375088,
    -0.4817573684017654,
    -0.4818013198974894,
    -0.48184520844687045,
    -0.4818890344720981,
    -0.48193279839536174,
    -0.48197650063885095,
    -0.4820201416247553,
    -0.48206372177526435,
    -0.48210724151256756,
    -0.48215070125885445,
    -0.4821941014363145,
    -0.4822374424671374,
    -0.48228072477351247,
    -0.4823239487776294,
    -0.48236711490167766,
    -0.48241022356784674,
    -0.4824532751983262,
    -0.48249627021530556,
    -0.48253920904097436,
    -0.4825820920975221,
    -0.48262491980713834,
    -0.48266769259201264,
    -0.4827104108743344,
    -0.4827530750762932,
    -0.48279568562007863,
    -0.48283824292788013,
    -0.48288074742188725,
    -0.4829231995242896,
    -0.4829655996572766,
    -0.4830079482430378,
    -0.48305024570376276,
    -0.48309249246164093,
    -0.48313468893886197,
    -0.48317683555761526,
    -0.4832189327400905,
    -0.483260980908477,
    -0.48330298048496445,
    -0.48334493189174227,
    -0.48338683555100004,
    -0.4834286918849273,
    -0.48347050131571356,
    -0.48351226426554833,
    -0.4835539811566211,
    -0.48359565241112157,
    -0.48363727845123905,
    -0.4836788596991632,
    -0.48372039657708343,
    -0.48376188950718946,
    -0.4838033389116706,
    -0.4838447452127165,
    -0.48388610883251665,
    -0.48392743019326057,
    -0.4839687097171378,
    -0.4840099478263378,
    -0.48405114494305024,
    -0.4840923014894646,
    -0.48413341788777026,
    -0.48417449456015693,
    -0.48421553192881406,
    -0.4842565304159312,
    -0.4842974904436978,
    -0.4843384124343035,
    -0.4843792968099377,
    -0.48442014399279,
    -0.4844609544050499,
    -0.484501728468907,
    -0.4845424666065507,
    -0.48458316924017064,
    -0.4846238367919563,
    -0.4846644696840972,
    -0.4847050683387829,
    -0.48474563317820285,
    -0.4847861646245467,
    -0.48482666310000383,
    -0.4848671290267639,
    -0.4849075628270163,
    -0.48494796492295067,
    -0.4849883357367564,
    -0.48502867569062325,
    -0.4850689852067405,
    -0.4851092647072978,
    -0.4851495146144847,
    -0.48518973535049065,
    -0.48522992733750525,
    -0.4852700909977179,
    -0.48531022675331836,
    -0.4853503350264959,
    -0.4853904162394401,
    -0.48543047081434065,
    -0.48547049917338686,
    -0.4855105017387684,
    -0.4855504789326748,
    -0.4855904311772955,
    -0.4856303588948201,
    -0.485670262507438,
    -0.4857101424373389,
    -0.48574999910671224,
    -0.4857898329377475,
    -0.48582964435263437,
    -0.4858694337735622,
    -0.48590920162272055,
    -0.48594894832229896,
    -0.485988674294487,
    -0.4860283799614742,
    -0.48606806574545,
    -0.48610773206860397,
    -0.48614737935312563,
    -0.48618700802120457,
    -0.48622661849503024,
    -0.4862662111967922,
    -0.48630578654867995,
    -0.4863453449728831,
    -0.48638488689159104,
    -0.4864244127269934,
    -0.4864639229012796,
    -0.4865034178366393,
    -0.48654289795526195,
    -0.48658236367933705,
    -0.4866218154310542,
    -0.4866612536326029,
    -0.4867006787061726,
    -0.486740091073953,
    -0.4867794911581334,
    -0.4868188793809035,
    -0.48685825616445283,
    -0.48689762193097075,
    -0.48693697710264694,
    -0.48697632210167086,
    -0.48701565735023206,
    -0.48705498327052005,
    -0.48709430028472434,
    -0.48713360881503454,
    -0.48717290928364004,
    -0.48721220211273053,
    -0.48725148772449534,
    -0.4872907665411242,
    -0.4873300389848065,
    -0.48736930547773183,
    -0.4874085664420897,
    -0.48744782230006956,
    -0.487487073473861,
    -0.4875263203856536,
    -0.4875655634576368,
    -0.48760480311200016,
    -0.48764403977093324,
    -0.48768327385662547,
    -0.48772250579126647,
    -0.48776173599704575,
    -0.48780096489615277,
    -0.4878401929107772,
    -0.4878794204631084,
    -0.487918647975336,
    -0.48795787586964945,
    -0.4879971045682383,
    -0.48803633449329215,
    -0.4880755660670005,
    -0.48811479971155275,
    -0.4881540358491386,
    -0.4881932749019474,
    -0.4882325172921689,
    -0.48827176344199236,
    -0.4883110137736075,
    -0.48835026870920384,
    -0.48838952867097085,
    -0.48842879408109807,
    -0.48846806536177495,
    -0.48850734293519116,
    -0.4885466272235361,
    -0.4885859186489993,
    -0.4886252176337704,
    -0.48866452460003884,
    -0.48870383996999417,
    -0.4887431641658259,
    -0.4887824976097236,
    -0.4888218407238767,
    -0.4888611939304748,
    -0.4889005576517075,
    -0.4889399323097642,
    -0.4889793183268344,
    -0.4890187161251077,
    -0.48905812612677363,
    -0.4890975487540217,
    -0.48913698442904147,
    -0.4891764335740224,
    -0.48921589661115406,
    -0.489255373962626,
    -0.4892948660506276,
    -0.4893343732973486,
    -0.48937389612497845,
    -0.48941343495570655,
    -0.48945299021172256,
    -0.489492562315216,
    -0.4895321516883763,
    -0.48957175875339315,
    -0.4896113839324559,
    -0.48965102764775414,
    -0.4896906903214775,
    -0.4897303723758153,
    -0.48977007423295726,
    -0.4898097963150928,
    -0.4898495390444115,
    -0.4898893028431029,
    -0.4899290881333564,
    -0.4899688953373616,
    -0.49000872487730807,
    -0.4900485771753853,
    -0.4900884526537828,
    -0.49012835173469016,
    -0.49016827484029685,
    -0.4902082223927924,
    -0.49024819481436627,
    -0.4902881925272081,
    -0.4903282159535074,
    -0.49036826551545365,
    -0.4904083416352365,
    -0.49044844473504523,
    -0.49048857523706957,
    -0.49052873356349896,
    -0.4905689201365229,
    -0.49060913537833106,
    -0.49064937971111283,
    -0.49068965355705774,
    -0.4907299573383554,
    -0.49077029147719525,
    -0.4908106563957669,
    -0.49085105251625977,
    -0.4908914802608635,
    -0.49093194005176755,
    -0.49097243231116144,
    -0.49101295746123474,
    -0.4910535159241769,
    -0.4910941081221775,
    -0.49113473447742606,
    -0.49117539541211214,
    -0.49121609134842525,
    -0.49125682270855486,
    -0.4912975899146905,
    -0.49133839338902174,
    -0.49137923355373814,
    -0.49142011083102916,
    -0.4914610256430844,
    -0.4915019784120933,
    -0.49154296956024535,
    -0.4915839995097302,
    -0.4916250686827373,
    -0.49166617750145625,
    -0.49170732638807646,
    -0.4917485157647875,
    -0.491789746053779,
    -0.49183101767724036,
    -0.4918723310573611,
    -0.49191368661633084,
    -0.49195508477633904,
    -0.49199652595957527,
    -0.49203801058822905,
    -0.4920795390844898,
    -0.4921211118705472,
    -0.4921627293685906,
    -0.4922043920008098,
    -0.492246100189394,
    -0.492287854356533,
    -0.4923296549244161,
    -0.492371502315233,
    -0.4924133969511732,
    -0.49245533925442614,
    -0.4924973296471814,
    -0.4925393685516285,
    -0.492581456389957,
    -0.4926235935843563,
    -0.4926657805570161,
    -0.4927080177301258,
    -0.49275030552587495,
    -0.49279264436645315,
    -0.4928350346740498,
    -0.4928774768708546,
    -0.49291997137905685,
    -0.4929625186208463,
    -0.4930051190184123,
    -0.4930477729939445,
    -0.49309048096963237,
    -0.49313324336766545,
    -0.4931760606102332,
    -0.49321893311952525,
    -0.4932618613177311,
    -0.4933048456270402,
    -0.4933478864696421,
    -0.49339098426772643,
    -0.4934341394434826,
    -0.4934773524191002,
    -0.49352062361676874,
    -0.4935639534586777,
    -0.4936073423670167,
    -0.4936507907639752,
    -0.4936942990717427,
    -0.49373786771250877,
    -0.493781497108463,
    -0.49382518768179473,
    -0.49386893985469366,
    -0.49391275404934926,
    -0.49395663068795104,
    -0.4940005701926885,
    -0.4940445729857513,
    -0.49408863948932874,
    -0.4941327701256106,
    -0.49417696531678623,
    -0.4942212254850452,
    -0.4942655510525771,
    -0.49430994244157134,
    -0.4943544000742175,
    -0.4943989243727051,
    -0.4944435157592237,
    -0.4944881746559628,
    -0.4945329014851119,
    -0.4945776966688606,
    -0.49462256062939836,
    -0.4946674937889147,
    -0.4947124965695992,
    -0.4947575693936414,
    -0.4948027126832308,
    -0.4948479268605568,
    -0.4948932123478091,
    -0.49493856956717713,
    -0.49498399894085043,
    -0.4950295008910186,
    -0.4950750758398711,
    -0.4951207242095974,
    -0.49516644642238716,
    -0.4952122429004298,
    -0.49525811406591486,
    -0.4953040603410319,
    -0.49535008214797055,
    -0.4953961799089201,
    -0.49544235404607023,
    -0.4954886049816104,
    -0.49553493313773017,
    -0.4955813389366191,
    -0.49562782280046663,
    -0.4956743851514624,
    -0.49572102641179583,
    -0.49576774700365644,
    -0.49581454734923386,
    -0.4958614278707175,
    -0.495908388990297,
    -0.4959554311301619,
    -0.49600255471250154,
    -0.49604976015950564,
    -0.49609704789336356,
    -0.49614441833626494,
    -0.4961918719103993,
    -0.49623940903795616,
    -0.49628703014112496,
    -0.49633473564209535,
    -0.4963825259630568,
    -0.49643040152619883,
    -0.496478362753711,
    -0.49652641006778275,
    -0.49657454389060374,
    -0.4966227646443634,
    -0.4966710727512513,
    -0.49671946863345684,
    -0.49676795271316976,
    -0.49681652541257937,
    -0.4968651871538754,
    -0.4969139383592472,
    -0.4969627794508844,
    -0.4970117108509765,
    -0.49706073298171305,
    -0.4971098462652835,
    -0.4971590511238774,
    -0.49720834797968444,
    -0.4972577372548939,
    -0.4973072193716955,
    -0.49735679475227856,
    -0.4974064638188328,
    -0.49745622699354763,
    -0.49750608365960053,
    -0.49755603320016883,
    -0.49760607499842996,
    -0.4976562084375613,
    -0.49770643290074024,
    -0.4977567477711442,
    -0.4978071524319506,
    -0.4978576462663369,
    -0.49790822865748036,
    -0.4979588989885584,
    -0.49800965664274843,
    -0.49806050100322785,
    -0.4981114314531741,
    -0.49816244737576454,
    -0.4982135481541766,
    -0.49826473317158765,
    -0.49831600181117514,
    -0.4983673534561164,
    -0.4984187874895888,
    -0.49847030329476977,
    -0.49852190025483684,
    -0.49857357775296723,
    -0.49862533517233837,
    -0.49867717189612776,
    -0.49872908730751264,
    -0.49878108078967054,
    -0.49883315172577886,
    -0.4988852994990149,
    -0.4989375234925561,
    -0.4989898230895799,
    -0.49904219767326363,
    -0.4990946466267847,
    -0.49914716933332065,
    -0.4991997651760487,
    -0.4992524335381463,
    -0.4993051738027908,
    -0.49935798535315973,
    -0.49941086757243036,
    -0.49946381984378013,
    -0.4995168415503865,
    -0.49956993207542677,
    -0.4996230908020784,
    -0.49967631711351873,
    -0.49972961039292524,
    -0.49978297002347527,
    -0.49983639538834634,
    -0.4998898858707156,
    -0.49994344085376063,
    -0.4999970597206588,
    -0.5000507418545874,
    -0.5001044866387241,
    -0.500158293456246,
    -0.5002121616903307,
    -0.5002660907241554,
    -0.5003200799408977,
    -0.5003741287237349,
    -0.5004282364558443,
    -0.5004824025204035,
    -0.5005366263005899,
    -0.5005909071795808,
    -0.5006452445405535,
    -0.5006996377666855,
    -0.5007540862411541,
    -0.500808589347137,
    -0.5008631464678113,
    -0.5009177569863545,
    -0.500972420285944,
    -0.5010271357497571,
    -0.5010819027609714,
    -0.5011367207027642,
    -0.5011915889583127,
    -0.5012465069107946,
    -0.5013014739433872,
    -0.5013564894392679,
    -0.501411552781614,
    -0.501466663353603,
    -0.5015218205384122,
    -0.5015770237192192,
    -0.5016322722792012,
    -0.5016875656015356,
    -0.5017429030693998,
    -0.5017982840659715,
    -0.5018537079744276,
    -0.5019091741779459,
    -0.5019646820597037,
    -0.5020202310028783,
    -0.502075820390647,
    -0.5021314496061875,
    -0.502187118032677,
    -0.502242825053293,
    -0.5022985700512127,
    -0.5023543524096138,
    -0.5024101715116734,
    -0.5024660267405691,
    -0.5025219174794782,
    -0.5025778431115782,
    -0.5026338030200463,
    -0.5026897965880601,
    -0.5027458231987969,
    -0.5028018822354342,
    -0.5028579730811492,
    -0.5029140951191194,
    -0.5029702477325223,
    -0.5030264303045352,
    -0.5030826422183355,
    -0.5031388828571006,
    -0.5031951516040079,
    -0.5032514478422347,
    -0.5033077709549587,
    -0.503364120325357,
    -0.5034204953366072,
    -0.5034768953718864,
    -0.5035333198143723,
    -0.5035897680472422,
    -0.5036462394536735,
    -0.5037027334168435,
    -0.5037592493199297,
    -0.5038157865461095,
    -0.5038723444785603,
    -0.5039289225004595,
    -0.5039855199949844,
    -0.5040421363453125,
    -0.5040987709346212,
    -0.5041554231460879,
    -0.5042120923628899,
    -0.5042687779682047,
    -0.5043254793452097,
    -0.5043821958770821,
    -0.5044389269469995,
    -0.5044956719381394,
    -0.5045524302336789,
    -0.5046092012167956,
    -0.5046659842706669,
    -0.5047227787784702,
    -0.5047795841233826,
    -0.504836399688582,
    -0.5048932248572455,
    -0.5049500590125504,
    -0.5050069015376744,
    -0.5050637518157947,
    -0.5051206092300886,
    -0.5051774731637337,
    -0.5052343429999073,
    -0.5052912181217869,
    -0.5053480979125499,
    -0.5054049817553734,
    -0.5054618690334352,
    -0.5055187591299124,
    -0.5055756514279826,
    -0.5056325453108231,
    -0.5056894401616113,
    -0.5057463353635245,
    -0.5058032302997404,
    -0.5058601243534361,
    -0.5059170169077891,
    -0.5059739073459768,
    -0.5060307950511767,
    -0.506087679406566,
    -0.5061445597953221,
    -0.5062014356006226,
    -0.5062583062056448,
    -0.5063151709935662,
    -0.5063720293475639,
    -0.5064288806508155,
    -0.5064857242864984,
    -0.50654255963779,
    -0.5065993860878677,
    -0.5066562030199089,
    -0.5067130098170909,
    -0.5067698058625912,
    -0.5068265905395871,
    -0.5068833632312562,
    -0.5069401233207756,
    -0.506996870191323,
    -0.5070536032260756,
    -0.507110321808211,
    -0.5071670253209063,
    -0.5072237131473392,
    -0.5072803846706868,
    -0.5073370392741267,
    -0.5073936763408362,
    -0.5074502952539928,
    -0.5075068953967738,
    -0.5075634761523566,
    -0.5076200369039188,
    -0.5076765770346375,
    -0.5077330959276902,
    -0.5077895929662546,
    -0.5078460675335076,
    -0.5079025190126268,
    -0.5079589467867898,
    -0.5080153502391737,
    -0.508071728752956,
    -0.5081280817113142,
    -0.5081844084974255,
    -0.5082407084944676,
    -0.5082969810856175,
    -0.5083532256540529,
    -0.5084094415829512,
    -0.5084656282554897,
    -0.5085217850548457,
    -0.5085779113641968,
    -0.5086340065667202,
    -0.5086900700455935,
    -0.5087461011839939,
    -0.508802099365099,
    -0.508858063972086,
    -0.5089139943881325,
    -0.5089698899964156,
    -0.509025750180113,
    -0.509081574322402,
    -0.50913736180646,
    -0.5091931120154642,
    -0.5092488243325924,
    -0.5093044981410217,
    -0.5093601328239297,
    -0.5094157277644935,
    -0.5094712823458907,
    -0.5095267959512987,
    -0.5095822679638948,
    -0.5096376977668565,
    -0.5096930847433612,
    -0.5097484282765862,
    -0.509803727749709,
    -0.5098589825459069,
    -0.5099141920483573,
    -0.5099693556402378,
    -0.5100244727047256,
    -0.5100795426249982,
    -0.5101345647842328,
    -0.510189538565607,
    -0.5102444633522982,
    -0.5102993385274837,
    -0.5103541634743409,
    -0.5104089375760473,
    -0.5104636602157802,
    -0.510518330776717,
    -0.5105729486420352,
    -0.5106275131949121,
    -0.5106820238185251,
    -0.5107364798960516,
    -0.510790880810669,
    -0.5108452259455548,
    -0.5108995146838863,
    -0.5109537464088408,
    -0.5110079205035959,
    -0.5110620363513289,
    -0.5111160933352172,
    -0.5111700908384382,
    -0.5112240282441693,
    -0.5112779049355879,
    -0.5113317202958714,
    -0.5113854737081973,
    -0.5114391645557428,
    -0.5114927922216853,
    -0.5115463560892024,
    -0.5115998555414714,
    -0.5116532899616696,
    -0.5117066587329745,
    -0.5117599612385635,
    -0.511813196861614,
    -0.5118663649853034,
    -0.511919464992809,
    -0.5119724962673083,
    -0.5120254581919788,
    -0.5120783501499976,
    -0.5121311715245424,
    -0.5121839216987902,
    -0.5122366000559189,
    -0.5122892059791055,
    -0.5123417388515278,
    -0.5123941980563628,
    -0.512446582976788,
    -0.512498892995981,
    -0.5125511274971188,
    -0.5126032858633792,
    -0.5126553674779395,
    -0.5127073717239771,
    -0.5127592979846692,
    -0.5128111456431934,
    -0.512862914082727,
    -0.5129146026864474,
    -0.512966210837532,
    -0.5130177379191584,
    -0.5130691833145037,
    -0.5131205464067454,
    -0.513171826579061,
    -0.5132230232146278,
    -0.5132741356966232,
    -0.5133251634082246,
    -0.5133761057326095,
    -0.5134269620529552,
    -0.513477731752439,
    -0.5135284142142386,
    -0.5135790088215311,
    -0.5136295149574939,
    -0.5136799320053046,
    -0.5137302593481405,
    -0.513780496369179,
    -0.5138306424515975,
    -0.5138806969785733,
    -0.513930659333284,
    -0.5139805288989069,
    -0.5140303050586194,
    -0.5140799871955988,
    -0.5141295746930226,
    -0.5141790669340682,
    -0.514228463301913,
    -0.5142777631797343,
    -0.5143269659507097,
    -0.5143760709980163,
    -0.5144250777048318,
    -0.5144739854543334,
    -0.5145227936296987,
    -0.5145715016141048,
    -0.5146201087907293,
    -0.5146686145427497,
    -0.5147170182533432,
    -0.5147653193056871,
    -0.5148135170829591,
    -0.5148616109683364,
    -0.5149096003449964,
    -0.5149574845961166,
    -0.5150052631048744,
    -0.5150529352544471,
    -0.515100500428012,
    -0.5151479580087468,
    -0.5151953073798288,
    -0.5152425479244351,
    -0.5152896790257436,
    -0.5153367000669313,
    -0.5153836104311758,
    -0.5154304095016543,
    -0.5154770966615444,
    -0.5155236712940233,
    -0.5155701327822687,
    -0.5156164805094577,
    -0.5156627138587678,
    -0.5157088322133765,
    -0.5157548349564611,
    -0.5158007214711989,
    -0.5158464911407675,
    -0.5158921433483443,
    -0.5159376774771065,
    -0.5159830929102316,
    -0.516028389030897,
    -0.5160735652222801,
    -0.5161186208675583,
    -0.516163555349909,
    -0.5162083680525095,
    -0.5162530583585374,
    -0.5162976256511699,
    -0.5163420693135845,
    -0.5163863887289586,
    -0.5164305832804696,
    -0.516474652351295,
    -0.5165185953246119,
    -0.5165624115835978,
    -0.5166061005114304,
    -0.5166496614912868,
    -0.5166930939063443,
    -0.5167363971397806,
    -0.516779570574773,
    -0.5168226135944988,
    -0.5168655255821354,
    -0.5169083059208603,
    -0.5169509539938509,
    -0.5169934691842846,
    -0.5170358508753387,
    -0.5170780984501906,
    -0.5171202112920178,
    -0.5171621887839976,
    -0.5172040303093074,
    -0.5172457352511247,
    -0.5172873029926268,
    -0.5173287329169912,
    -0.5173700244073952,
    -0.5174111768470162,
    -0.5174521896190316,
    -0.5174930621066189,
    -0.5175337936929554,
    -0.5175743837612186,
    -0.5176148316945858,
    -0.5176551368762343,
    -0.5176952986893417,
    -0.5177353165170853,
    -0.5177751897426425,
    -0.5178149177491908,
    -0.5178544999199073,
    -0.5178939356379697,
    -0.5179332242865554,
    -0.5179723652488416,
    -0.5180113579080058,
    -0.5180502016472255,
    -0.518088895849678,
    -0.5181274398985405,
    -0.5181658331769907,
    -0.518204075068206,
    -0.5182421649553635,
    -0.5182801022216409,
    -0.5183178862502155,
    -0.5183555164242646,
    -0.5183929921269657,
    -0.5184303127414961,
    -0.5184674776510334,
    -0.5185044862387548,
    -0.5185413378878377,
    -0.5185780319814598,
    -0.5186145679027981,
    -0.5186509450350302,
    -0.5186871627613334,
    -0.5187232204648853,
    -0.5187591175288631,
    -0.5187948533364442,
    -0.518830427270806,
    -0.518865838715126,
    -0.5189010870525815,
    -0.5189361716663501,
    -0.5189710919396089,
    -0.5190058472555356,
    -0.5190404369973073,
    -0.5190748605481016,
    -0.5191091172910958,
    -0.5191432066094673,
    -0.5191771278863936,
    -0.519210880505052,
    -0.51924446384862,
    -0.5192778773002749,
    -0.5193111202431939,
    -0.5193441920605548,
    -0.5193770921355348,
    -0.5194098198513114,
    -0.5194423745910619,
    -0.5194747557379636,
    -0.5195069626751941,
    -0.5195389947859307,
    -0.5195708514533508,
    -0.5196025320606318,
    -0.519634035990951,
    -0.5196653626274861,
    -0.5196965113534141,
    -0.5197274815519127,
    -0.5197582726061591,
    -0.519788883899331,
    -0.5198193148146054,
    -0.51984956473516,
    -0.519879633044172,
    -0.5199095191248189,
    -0.5199392223602781,
    -0.5199687421337269,
    -0.5199980778283428,
    -0.5200272288273033,
    -0.5200561945137856,
    -0.5200849742709671,
    -0.5201135674820254,
    -0.5201419735301377,
    -0.5201701917984813,
    -0.520198221670234,
    -0.520226062528573,
    -0.5202537137566755,
    -0.5202811747377191,
    -0.520308444854881,
    -0.5203355234913389,
    -0.5203624100302701,
    -0.5203891038548518,
    -0.5204156043482617,
    -0.520441910893677,
    -0.5204680228742751,
    -0.5204939396732334,
    -0.5205196606737295,
    -0.5205451852589404,
    -0.5205705128120439,
    -0.5205956427162172,
    -0.5206205743546377,
    -0.5206453071104828,
    -0.52066984036693,
    -0.5206941735071565,
    -0.52071830591434,
    -0.5207422369716576,
    -0.5207659660622868,
    -0.520789492569405,
    -0.5208128158761897,
    -0.5208359353658181,
    -0.5208588504214677,
    -0.5208815604263161,
    -0.5209040647635403,
    -0.520926362816318,
    -0.5209484539678265,
    -0.5209703376012431,
    -0.5209920130997454,
    -0.5210134798465107,
    -0.5210347372247163,
    -0.5210557846175397,
    -0.5210766214081584,
    -0.5210972469797495,
    -0.5211176607154907,
    -0.5211378619985592,
    -0.5211578502121326,
    -0.5211776247393881,
    -0.5211971849635032,
    -0.5212165311146729,
    -0.5212356634230926,
    -0.5212545821189573,
    -0.521273287432462,
    -0.5212917795938021,
    -0.5213100588331726,
    -0.5213281253807687,
    -0.5213459794667855,
    -0.5213636213214182,
    -0.521381051174862,
    -0.5213982692573118,
    -0.521415275798963,
    -0.5214320710300104,
    -0.5214486551806496,
    -0.5214650284810755,
    -0.5214811911614832,
    -0.521497143452068,
    -0.5215128855830249,
    -0.5215284177845491,
    -0.5215437402868357,
    -0.5215588533200799,
    -0.5215737571144768,
    -0.5215884519002216,
    -0.5216029379075096,
    -0.5216172153665355,
    -0.5216312845074947,
    -0.5216451455605825,
    -0.5216587987559937,
    -0.5216722443239238,
    -0.5216854824945677,
    -0.5216985134981207,
    -0.5217113375647777,
    -0.5217239549247341,
    -0.521736365808185,
    -0.5217485704453254,
    -0.5217605690663507,
    -0.5217723619014557,
    -0.5217839491808358,
    -0.521795331134686,
    -0.5218065079932015,
    -0.5218174799865776,
    -0.5218282473450091,
    -0.5218388102986915,
    -0.5218491690778196,
    -0.5218593239125888,
    -0.5218692750331942,
    -0.521879022669831,
    -0.5218885670526942,
    -0.5218979084119789,
    -0.5219070469778805,
    -0.5219159829805938,
    -0.5219247166503143,
    -0.5219332482172369,
    -0.5219415779115567,
    -0.5219497059634691,
    -0.5219576326031691,
    -0.5219653580608518,
    -0.5219728825667124,
    -0.521980206350946,
    -0.5219873296437478,
    -0.521994252675313,
    -0.5220009756758366,
    -0.5220074988755138,
    -0.5220138225045396,
    -0.5220199467931095,
    -0.5220258719714184,
    -0.5220315982696614,
    -0.5220371259180338,
    -0.5220424551467306,
    -0.522047586185947,
    -0.5220525192658783,
    -0.5220572546167194,
    -0.5220617924686655,
    -0.5220661330519119,
    -0.5220702765966535,
    -0.5220742233330856,
    -0.5220779734914033,
    -0.5220815273018018,
    -0.5220848849944761,
    -0.5220880467996216,
    -0.5220910129474332,
    -0.5220937836681061,
    -0.5220963591918355,
    -0.5220987397488166,
    -0.5221009255692444,
    -0.522102916883314,
    -0.5221047139212207,
    -0.5221063169131598,
    -0.522107726089326,
    -0.5221089416799147,
    -0.5221099639151211,
    -0.5221107930251402,
    -0.5221114292401672,
    -0.5221118727903973,
    -0.5221121239060256,
    -0.5221121828172471,
    -0.5221120497542573,
    -0.522111724947251,
    -0.5221112086264235,
    -0.5221105010219699,
    -0.5221096023640853,
    -0.522108512882965,
    -0.522107232808804,
    -0.5221057623717974,
    -0.5221041018021405,
    -0.5221022513300284,
    -0.5221002111856562,
    -0.522097981599219,
    -0.5220955628009121,
    -0.5220929550209304,
    -0.5220901584894693,
    -0.5220871734367238,
    -0.522084000092889,
    -0.5220806386881603,
    -0.5220770894527326,
    -0.5220733526168011,
    -0.5220694284105608,
    -0.5220653170642071,
    -0.5220610188079351,
    -0.5220565338719398,
    -0.5220518624864164,
    -0.5220470048815601,
    -0.522041961287566,
    -0.5220367319346293,
    -0.522031317052945,
    -0.5220257168727085,
    -0.5220199316241146,
    -0.5220139615373588,
    -0.5220078068426359,
    -0.5220014677701413,
    -0.52199494455007,
    -0.5219882374126172,
    -0.5219813465879781,
    -0.5219742723063479,
    -0.5219670147979214,
    -0.5219595742928941,
    -0.521951951021461,
    -0.5219441452138172,
    -0.521936157100158,
    -0.5219279869106784,
    -0.5219196348755736,
    -0.5219111012250387,
    -0.5219023861892689,
    -0.5218934899984593,
    -0.5218844128828051,
    -0.5218751550725014,
    -0.5218657167977432,
    -0.5218560982887259,
    -0.5218462997756446,
    -0.5218363214886943,
    -0.5218261636580703,
    -0.5218158265139676,
    -0.5218053102865815,
    -0.521794615206107,
    -0.5217837415027393,
    -0.5217726894066735,
    -0.5217614591481048,
    -0.5217500509572284,
    -0.5217384650642393,
    -0.5217267016993327,
    -0.5217147610927038,
    -0.5217026434745476,
    -0.5216903490750594,
    -0.5216778781244343,
    -0.5216652308528675,
    -0.5216524074905541,
    -0.5216394082676891,
    -0.5216262334144678,
    -0.5216128831610852,
    -0.5215993577377367,
    -0.5215856573746173,
    -0.521571782301922,
    -0.5215577327498462,
    -0.5215435089485848,
    -0.5215291111283331,
    -0.5215145395192863,
    -0.5214997943516393,
    -0.5214848758555876,
    -0.521469784261326,
    -0.5214545197990498,
    -0.5214390826989541,
    -0.5214234731912342,
    -0.5214076915060849,
    -0.5213917378737016,
    -0.5213756125242796,
    -0.5213593156880136,
    -0.5213428475950991,
    -0.5213262084757311,
    -0.5213093985601048,
    -0.5212924180784153,
    -0.5212752672608578,
    -0.5212579463376273,
    -0.5212404555389192,
    -0.5212227950949284,
    -0.5212049652358501,
    -0.5211869661918795,
    -0.5211687981932117,
    -0.521150461470042,
    -0.5211319562525651,
    -0.5211132827709768,
    -0.5210944412554717,
    -0.5210754319362452,
    -0.5210562550434923,
    -0.5210369108074083,
    -0.5210173994581883,
    -0.5209977212260273,
    -0.5209778763411206,
    -0.5209578650336633,
    -0.5209376875338505,
    -0.5209173440718774,
    -0.5208968348779391,
    -0.5208761601822308,
    -0.5208553202149476,
    -0.5208343152062848,
    -0.5208131453864372,
    -0.5207918109856002,
    -0.520770312233969,
    -0.5207486493617385,
    -0.520726822599104,
    -0.5207048321762606,
    -0.5206826783234035,
    -0.5206603612707278,
    -0.5206378812484287,
    -0.5206152384867012,
    -0.5205924332157406,
    -0.5205694656657419,
    -0.5205463360669004,
    -0.520523044649411,
    -0.5204995916434692,
    -0.5204759772792699,
    -0.5204522017870082,
    -0.5204282653968795,
    -0.5204041683390787,
    -0.520379910843801,
    -0.5203554931412415,
    -0.5203309154615956,
    -0.5203061780350581,
    -0.5202812810918244,
    -0.5202562248620894,
    -0.5202310095760485,
    -0.5202056354638966,
    -0.5201801027558292,
    -0.5201544116820411,
    -0.5201285624727275,
    -0.5201025553580837,
    -0.5200763905683047,
    -0.5200500683335856,
    -0.5200235888841217,
    -0.5199969524501081,
    -0.51997015926174,
    -0.5199432095492122,
    -0.5199161035427203,
    -0.5198888414724593,
    -0.5198614235686241,
    -0.5198338500614101,
    -0.5198061211810125,
    -0.5197782371576263,
    -0.5197501982214465,
    -0.5197220046026686,
    -0.5196936565314875,
    -0.5196651542380983,
    -0.5196364979526963,
    -0.5196076879054766,
    -0.5195787243266343,
    -0.5195496074463646,
    -0.5195203374948626,
    -0.5194909147023234,
    -0.5194613392989422,
    -0.5194316115149142,
    -0.5194017315804346,
    -0.5193716997256982,
    -0.5193415161809005,
    -0.5193111811762365,
    -0.5192806949419013,
    -0.5192500577080902,
    -0.5192192697049982,
    -0.5191883311628205,
    -0.5191572423117522,
    -0.5191260033819884,
    -0.5190946146037245,
    -0.5190630762071553,
    -0.5190313884224763,
    -0.5189995514798823,
    -0.5189675656095687,
    -0.5189354310417303,
    -0.5189031480065627,
    -0.5188707167342608,
    -0.5188381374550197,
    -0.5188054103990347,
    -0.5187725357965007,
    -0.5187395138776132,
    -0.518706344872567,
    -0.5186730290115574,
    -0.5186395665247795,
    -0.5186059576424286,
    -0.5185722025946996,
    -0.5185383016117878,
    -0.5185042549238883,
    -0.5184700627611962,
    -0.5184357253539067,
    -0.518401242932215,
    -0.518366615726316,
    -0.5183318439664052,
    -0.5182969278826774,
    -0.5182618677053281,
    -0.5182266636645522,
    -0.5181913159905449,
    -0.5181558249135012,
    -0.5181201906636165,
    -0.5180844134710858,
    -0.5180484935661042,
    -0.518012431178867,
    -0.5179762265395691,
    -0.517939879878406,
    -0.5179033914255724,
    -0.5178667614112639,
    -0.5178299900656753,
    -0.5177930776190018,
    -0.5177560243014387,
    -0.5177188303431812,
    -0.5176814959744241,
    -0.5176440214253629,
    -0.5176064069261925,
    -0.5175686527071081,
    -0.5175307589983049,
    -0.517492726029978,
    -0.5174545540323225,
    -0.5174162432355337,
    -0.5173777938698066,
    -0.5173392061653365,
    -0.5173004803523182,
    -0.5172616166609473,
    -0.5172226153214187,
    -0.5171834765639275,
    -0.5171442006186688,
    -0.517104787715838,
    -0.5170652380856301,
    -0.5170255519582401,
    -0.5169857295638633,
    -0.5169457711326949,
    -0.51690567689493,
    -0.5168654470807637,
    -0.516825081920391,
    -0.5167845816440073,
    -0.5167439464818077,
    -0.5167031766639872,
    -0.5166622724207411,
    -0.5166212339822644,
    -0.5165800615787524,
    -0.5165387554404001,
    -0.5164973157974027,
    -0.5164557428799553,
    -0.516414036918253,
    -0.5163721981424912,
    -0.5163302267828649,
    -0.5162881230695691,
    -0.5162458872327991,
    -0.51620351950275,
    -0.516161020109617,
    -0.5161183892835951,
    -0.5160756272548797,
    -0.5160327342536656,
    -0.5159897105101481,
    -0.5159465562545225,
    -0.5159032717169837,
    -0.515859857127727,
    -0.5158163127169475,
    -0.5157726387148402,
    -0.5157288353516005,
    -0.5156849028574235,
    -0.5156408414625042,
    -0.5155966513970378,
    -0.5155523328912195,
    -0.5155078861752443,
    -0.5154633114793076,
    -0.5154186090336043,
    -0.5153737790683296,
    -0.5153288218136787,
    -0.5152837374998467,
    -0.5152385263570287,
    -0.51519318861542,
    -0.5151477245052155,
    -0.5151021342566107,
    -0.5150564180998004,
    -0.5150105762649799,
    -0.5149646089823443,
    -0.5149185164820888,
    -0.5148722989944085,
    -0.5148259567494985,
    -0.514779489977554,
    -0.5147328989087702,
    -0.5146861837733421,
    -0.5146393448014649,
    -0.5145923822233338,
    -0.5145452962691439,
    -0.5144980871690904,
    -0.5144507551533684,
    -0.5144033004521731,
    -0.5143557232956995,
    -0.5143080239141428,
    -0.5142602025376982,
    -0.5142122593965608,
    -0.5141641947209257,
    -0.5141160087409882,
    -0.5140677016869433,
    -0.5140192737889862,
    -0.513970725277312,
    -0.5139220563821159,
    -0.513873267333593,
    -0.5138243583619384,
    -0.5137753296973474,
    -0.513726181570015,
    -0.5136769142101365,
    -0.5136275278479068,
    -0.5135780227135212,
    -0.5135283990371748,
    -0.5134786570490628,
    -0.5134287969793803,
    -0.5133788190583225,
    -0.5133287235160844,
    -0.5132785105828612,
    -0.5132281804888482,
    -0.5131777334642404,
    -0.513127169739233,
    -0.5130764895440211,
    -0.5130256931087998,
    -0.5129747806637643,
    -0.5129237524391097,
    -0.5128726086650313,
    -0.512821349571724,
    -0.5127699753893832,
    -0.5127184863482038,
    -0.5126668826783811,
    -0.5126151646101103,
    -0.5125633323735862,
    -0.5125113861990044,
    -0.5124593263165598,
    -0.5124071529564476,
    -0.5123548663488627,
    -0.5123024667240007,
    -0.5122499543120564,
    -0.512197329343225,
    -0.5121445920477018,
    -0.5120917426556818,
    -0.5120387813973601,
    -0.5119857085029321,
    -0.5119325242025926,
    -0.511879228726537,
    -0.5118258223049603,
    -0.5117723051680578,
    -0.5117186775460244,
    -0.5116649396690555,
    -0.511611091767346,
    -0.5115571340710913,
    -0.5115030668104863,
    -0.5114488902157263,
    -0.5113946045170064,
    -0.5113402099445217,
    -0.5112857067284674,
    -0.5112310950990386,
    -0.5111763752864306,
    -0.5111215475208383,
    -0.511066612032457,
    -0.5110115690514818,
    -0.5109564188081078,
    -0.5109011615325303,
    -0.5108457974549442,
    -0.5107903268055448,
    -0.5107347498145273,
    -0.5106790667120867,
    -0.5106232777284182,
    -0.510567383093717,
    -0.5105113830381781,
    -0.5104552777919968,
    -0.5103990675853682,
    -0.5103427526484875,
    -0.5102863332115496,
    -0.5102298095047499,
    -0.5101731817582834,
    -0.5101164502023453,
    -0.5100596150671308,
    -0.5100026765828349,
    -0.509945634979653,
    -0.5098884904877798,
    -0.5098312433374109,
    -0.5097738937587413,
    -0.509716441981966,
    -0.5096588882372802,
    -0.5096012327548792,
    -0.509543475764958,
    -0.5094856174977117,
    -0.5094276581833356,
    -0.5093695980520246,
    -0.5093114373339742,
    -0.5092531762593793,
    -0.509194815058435,
    -0.5091363539613366,
    -0.5090777931982792,
    -0.5090191329994579,
    -0.5089603735950678,
    -0.508901515876643,
    -0.5088425607357173,
    -0.5087835090638246,
    -0.508724361752499,
    -0.5086651196932743,
    -0.5086057837776844,
    -0.5085463548972634,
    -0.508486833943545,
    -0.5084272218080633,
    -0.5083675193823523,
    -0.5083077275579457,
    -0.5082478472263776,
    -0.508187879279182,
    -0.5081278246078926,
    -0.5080676841040436,
    -0.5080074586591686,
    -0.5079471491648019,
    -0.5078867565124772,
    -0.5078262815937286,
    -0.5077657253000897,
    -0.5077050885230948,
    -0.5076443721542777,
    -0.5075835770851723,
    -0.5075227042073126,
    -0.5074617544122324,
    -0.5074007285914658,
    -0.5073396276365467,
    -0.507278452439009,
    -0.5072172038903866,
    -0.5071558828822135,
    -0.5070944903060235,
    -0.5070330270533506,
    -0.5069714940157289,
    -0.5069098920846922,
    -0.5068482221517743,
    -0.5067864851085093,
    -0.5067246818464312,
    -0.5066628132570736,
    -0.5066008802319709,
    -0.5065388836626568,
    -0.506476824440665,
    -0.5064147034575298,
    -0.506352521604785,
    -0.5062902797739646,
    -0.5062279788566023,
    -0.5061656197442322,
    -0.5061032033283884,
    -0.5060407305006046,
    -0.5059782021524147,
    -0.5059156191753528,
    -0.5058529824609528,
    -0.5057902929007485,
    -0.505727551386274,
    -0.5056647588090631,
    -0.5056019160606499,
    -0.5055390240325681,
    -0.5054760836163519,
    -0.505413095703535,
    -0.5053500611856514,
    -0.5052869809542351,
    -0.50522385590082,
    -0.5051606869169399,
    -0.505097474894129,
    -0.5050342207239211,
    -0.5049709252978501,
    -0.5049075895074501,
    -0.5048442142442546,
    -0.504780800399798,
    -0.5047173488656141,
    -0.5046538605332367,
    -0.5045903362941999,
    -0.5045267770400376,
    -0.5044631836622835,
    -0.5043995570524719,
    -0.5043358981021365,
    -0.5042722077028112,
    -0.5042084867460302,
    -0.5041447361233272,
    -0.5040809567262362,
    -0.5040171494462912,
    -0.5039533151750258,
    -0.5038894548039744,
    -0.5038255692246707,
    -0.5037616593286487,
    -0.5036977260074422,
    -0.5036337701525853,
    -0.5035697926556117,
    -0.5035057944080557,
    -0.5034417763014509,
    -0.5033777392273314,
    -0.5033136840772312,
    -0.503249611742684,
    -0.5031855231152239,
    -0.5031214190863847,
    -0.5030573005477006,
    -0.5029931683907052,
    -0.5029290235069326,
    -0.5028648667879169,
    -0.5028006991251917,
    -0.502736521410291,
    -0.502672334534749,
    -0.5026081393900994,
    -0.5025439368678762,
    -0.5024797278596134,
    -0.5024155132568447,
    -0.5023512939511043,
    -0.5022870708339261,
    -0.5022228447968439,
    -0.5021586167313916,
    -0.5020943875291033,
    -0.5020301580815127,
    -0.5019659292801542,
    -0.5019017020165611,
    -0.5018374771822679,
    -0.5017732556688081,
    -0.5017090383677161,
    -0.5016448261705253,
    -0.50158061996877,
    -0.501516420653984,
    -0.5014522291177013,
    -0.5013880462514557,
    -0.5013238729467813,
    -0.501259710095212,
    -0.5011955585882816,
    -0.5011314193175241,
    -0.5010672931744735,
    -0.5010031810506638,
    -0.5009390838376286,
    -0.5008750024269022,
    -0.5008109377100185,
    -0.5007468905785112,
    -0.5006828619239143,
    -0.5006188526377618,
    -0.5005548636115877,
    -0.5004908957369258,
    -0.5004269499053101,
    -0.5003630270082746,
    -0.5002991279373531,
    -0.5002352535840796,
    -0.500171404839988,
    -0.5001075825966123,
    -0.5000437877454863,
    -0.4999800211781441,
    -0.4999162837861196,
    -0.4998525764609466,
    -0.4997889000941591,
    -0.49972525557729114,
    -0.4996616438018765,
    -0.49959806565944925,
    -0.49953452204154325,
    -0.4994710138396924,
    -0.4994075419454307,
    -0.49934410725029205,
    -0.49928071064581037,
    -0.49921735302351966,
    -0.4991540352749538,
    -0.4990907582916467,
    -0.4990275229651323,
    -0.4989643301869446,
    -0.49890118084861745,
    -0.4988380758416848,
    -0.4987750160576807,
    -0.49871200238813895,
    -0.4986490357245935,
    -0.49858611695857835,
    -0.4985232469816273,
    -0.49846042668527446,
    -0.4983976569610537,
    -0.4983349387004989,
    -0.49827227279514397,
    -0.4982096601365229,
    -0.49814710161616965,
    -0.4980845981256181,
    -0.4980221505564022,
    -0.4979597598000559,
    -0.49789742674811316,
    -0.49783515229210784,
    -0.4977729373235739,
    -0.4977107827340453,
    -0.49764868941505597,
    -0.49758665825813986,
    -0.4975246901548308,
    -0.4974627859966628,
    -0.4974009466751698,
    -0.49733917308188574,
    -0.4972774661083445,
    -0.49721582664608005,
    -0.49715425558662635,
    -0.4970927538215173,
    -0.4970313222422868,
    -0.49696996174046887,
    -0.49690867320759735,
    -0.49684745753520626,
    -0.49678631561482955,
    -0.496725248338001,
    -0.4966642565962547,
    -0.49660334128112443,
    -0.4965425032841443,
    -0.4964817434968481,
    -0.4964210628107698,
    -0.4963604621174434,
    -0.4962999423084028,
    -0.4962395042751819,
    -0.49617914890931464,
    -0.496118877102335,
    -0.4960586897457768,
    -0.4959985877311742,
    -0.4959385719500609,
    -0.4958786432939709,
    -0.49581880265443823,
    -0.49575905092299666,
    -0.49569938899118027,
    -0.4956398177505229,
    -0.4955803380925585,
    -0.49552095090882103,
    -0.49546165709084444,
    -0.49540245753016265,
    -0.4953433531183095,
    -0.4952843447468191,
    -0.4952254333072253,
    -0.49516661969106196,
    -0.49510790478986305,
    -0.4950492894951626,
    -0.4949907746984944,
    -0.49493236129139245,
    -0.4948740501653907,
    -0.49481584221202307,
    -0.49475773832282355,
    -0.49469973938932593,
    -0.4946418463030643,
    -0.4945840599555725,
    -0.4945263812383845,
    -0.4944688110430342,
    -0.49441135026105554,
    -0.4943539997839825,
    -0.4942967605033489,
    -0.4942396333106888,
    -0.49418261909753614,
    -0.4941257187554247,
    -0.49406893317588857,
    -0.4940122632504616,
    -0.4939557098706778,
    -0.493899273928071,
    -0.4938429563141752,
    -0.49378675792052434,
    -0.49373067963865236,
    -0.49367472236009313,
    -0.49361888697638057,
    -0.49356317437904873,
    -0.4935075854596314,
    -0.49345212110966263,
    -0.49339678222067634,
    -0.4933415696842064,
    -0.4932864843917868,
    -0.4932315272349514,
    -0.4931766991052342,
    -0.4931220008941692,
    -0.49306743349329013,
    -0.49301299779413116,
    -0.49295869468822606,
    -0.4929045250671088,
    -0.49285048982231333,
    -0.4927965898453736,
    -0.4927428260278235,
    -0.492689199261197,
    -0.492635710437028,
    -0.4925823604468504,
    -0.4925291501821982,
    -0.4924760805346054,
    -0.4924231523956058,
    -0.4923703666567334,
    -0.49231772420952213,
    -0.49226522594550587,
    -0.4922128727562186,
    -0.49216066553319426,
    -0.4921086051679668,
    -0.4920566925520701,
    -0.49200492857703804,
    -0.4919533141344047,
    -0.4919018501157039,
    -0.4918505374124697,
    -0.4917993769162359,
    -0.4917483695185365,
    -0.49169751611090545,
    -0.4916468175848766,
    -0.4915962748319839,
    -0.49154588874376137,
    -0.4914956602117429,
    -0.49144559012746236,
    -0.49139567938245376,
    -0.491345928868251,
    -0.49129633947638807,
    -0.4912469120983988,
    -0.4911976476258172,
    -0.4911485469501772,
    -0.4910996109630127,
    -0.4910508405558577,
    -0.491002236620246,
    -0.49095380004771166,
    -0.49090553172978857,
    -0.4908574325580107,
    -0.49080950342391183,
    -0.4907617452190261,
    -0.49071415883488734,
    -0.49066674516302944,
    -0.4906195050949864,
    -0.49057243952229224,
    -0.4905255493364807,
    -0.4904788354290858,
    -0.4904322986916416,
    -0.49038594001568186,
    -0.4903397602927405,
    -0.4902937604143516,
    -0.49024794127204896,
    -0.4902023037573666,
    -0.4901568487618384,
    -0.4901115771769983,
    -0.4900664898943803,
    -0.49002158780551824,
    -0.48997687180194616,
    -0.4899323427751978,
    -0.48988800161680734,
    -0.4898438492183086,
    -0.48979988647123546,
    -0.4897561142671219,
    -0.4897125334975019,
    -0.4896691450539093,
    -0.48962594982787805,
    -0.48958294871094216,
    -0.4895401425946355,
    -0.48949753237049204,
    -0.4894551189300457,
    -0.4894129031648304,
    -0.48937088596638006,
    -0.4893290682262286,
    -0.48928745083591013,
    -0.4892460346869583,
    -0.48920482067090726,
    -0.48916380967929085,
    -0.489123002603643,
    -0.48908240033549766,
    -0.4890420037663888,
    -0.4890018137878503,
    -0.48896183129141607,
    -0.48892205716862014,
    -0.4888824923109964,
    -0.48884313761007875,
    -0.4888039939574012,
    -0.48876506224449756,
    -0.4887263433629018,
    -0.488687838204148,
    -0.4886495476597699,
    -0.48861147262130156,
    -0.4885736139802768,
    -0.4885359726282297,
    -0.4884985494566941,
    -0.48846134535720387,
    -0.48842436122129307,
    -0.4883875979404956,
    -0.48835105640634535,
    -0.48831473751037624,
    -0.48827864214412237,
    -0.48824277119911746,
    -0.48820712556689555,
    -0.4881717061389905,
    -0.48813651380693635,
    -0.48810154946226697,
    -0.4880668139965163,
    -0.48803230830121824,
    -0.4879980332679068,
    -0.4879639897881159,
    -0.4879301787533794,
    -0.48789660105523125,
    -0.4878632575852055,
    -0.487830149234836,
    -0.4877972768956566,
    -0.48776464145920134,
    -0.4877322438170041,
    -0.48770008486059885,
    -0.48766816548151953,
    -0.48763648657130004,
    -0.48760504902147433,
    -0.48757385372357637,
    -0.48754290156914,
    -0.4875121934496992,
    -0.487481730256788,
    -0.48745151288194016,
    -0.48742154221668976,
    -0.4873918191525707,
    -0.48736234458111677,
    -0.4873331193938621,
    -0.4873041444823405,
    -0.48727542073808594,
    -0.4872469490526324,
    -0.4872187303175137,
    -0.4871907654242639,
    -0.4871630552644169,
    -0.48713560072950657,
    -0.48710840271106687,
    -0.4870814621006318,
    -0.4870547797897352,
    -0.48702835666991107,
    -0.4870021936326933,
    -0.48697629156961586,
    -0.48695065137221266,
    -0.4869252739320176,
    -0.4869001601405647,
    -0.4868753108893878,
    -0.4868507270700209,
    -0.4868264095739979,
    -0.48680235929285276,
    -0.4867785771181194,
    -0.4867550639413318,
    -0.48673182065402376,
    -0.4867088481477293,
    -0.48668614731398235,
    -0.4866637190443169,
    -0.4866415642302668,
    -0.48661968376336595,
    -0.4865980785351484,
    -0.486576749437148,
    -0.48655569736089876,
    -0.4865349231979345,
    -0.48651442783978927,
    -0.48649421217799693,
    -0.48647427710409147,
    -0.4864546235096068,
    -0.48643525228607676,
    -0.48641616432503537,
    -0.4863973605180166,
    -0.48637884175655427,
    -0.48636060893218247,
    -0.48634266293643497,
    -0.4863250046608458,
    -0.4863076349969489,
    -0.48629055483627814,
    -0.48627376507036757,
    -0.48625726659075097,
    -0.4862410602889624,
    -0.4862251470565357,
    -0.4862095277850048,
    -0.48619420336590374,
    -0.4861791746907664,
    -0.4861644426511266,
    -0.4861500081385185,
    -0.48613587204447584,
    -0.4861220352605326,
    -0.4861084986782228,
    -0.48609526318908025,
    -0.486082329684639,
    -0.4860696990564329,
    -0.48605737219599593,
    -0.486045349994862,
    -0.486033633344565,
    -0.4860222231366389,
    -0.48601112026261767,
    -0.4860003256140352,
    -0.48598984008242546,
    -0.48597966455932234,
    -0.4859697999362598,
    -0.4859602471047718,
    -0.4859510069563922,
    -0.485942080382655,
    -0.48593346827509415,
    -0.4859251715252435,
    -0.48591719102463704,
    -0.48590952766480866,
    -0.4859021823372923,
    -0.4858951559336219,
    -0.4858884493453315,
    -0.48588206346395485,
    -0.48587599918102603,
    -0.4858702573880789,
    -0.4858648389766474,
    -0.4858597448382655,
    -0.4858549758644671,
    -0.4858505329467861,
    -0.48584641697675657,
    -0.4858426288459122,
    -0.4858391694457872,
    -0.48583603966791533,
    -0.4858332404038306,
    -0.48583077254506685,
    -0.4858286369831581,
    -0.4858268346096382,
    -0.48582536631604123,
    -0.485824232993901,
    -0.48582343553475144,
    -0.48582297483012654,
    -0.48582285177156026,
    -0.4858230672505865,
    -0.48582362215873914,
    -0.4858245173875521,
    -0.4858257538285594,
    -0.485827332373295,
    -0.4858292539132927,
    -0.48583151934008656,
    -0.4858341295452104,
    -0.48583708542019827,
    -0.485840387856584,
    -0.4858440355385746,
    -0.4858480271503769,
    -0.4858523613761979,
    -0.4858570369002445,
    -0.48586205240672364,
    -0.4858674065798422,
    -0.4858730981038071,
    -0.48587912566282526,
    -0.4858854879411037,
    -0.4858921836228492,
    -0.48589921139226877,
    -0.48590656993356934,
    -0.48591425793095777,
    -0.485922274068641,
    -0.48593061703082596,
    -0.48593928550171966,
    -0.48594827816552894,
    -0.48595759370646063,
    -0.4859672308087218,
    -0.4859771881565193,
    -0.4859874644340601,
    -0.48599805832555104,
    -0.48600896851519915,
    -0.4860201936872112,
    -0.4860317325257943,
    -0.48604358371515527,
    -0.486055745939501,
    -0.4860682178830385,
    -0.4860809982299747,
    -0.4860940856645164,
    -0.4861074788708706,
    -0.48612117653324416,
    -0.4861351773358441,
    -0.4861494799628773,
    -0.48616408309855064,
    -0.4861789854270711,
    -0.4861941856326456,
    -0.48620968239948104,
    -0.4862254744117843,
    -0.4862415603537624,
    -0.4862579389096222,
    -0.4862746087635707,
    -0.4862915685998147,
    -0.4863088171025612,
    -0.48632635295601706,
    -0.48634417484438924,
    -0.48636228145188465,
    -0.48638067146271025,
    -0.48639934356107295,
    -0.4864182964311796,
    -0.4864375287572373,
    -0.48645703922345274,
    -0.486476826514033,
    -0.48649688931318497,
    -0.48651722630511557,
    -0.4865378361740317,
    -0.48655871760414027,
    -0.48657986927964825,
    -0.48660128988476253,
    -0.48662297810369004,
    -0.4866449326206377,
    -0.48666715211981243,
    -0.48668963528542114,
    -0.4867123808016708,
    -0.4867353873527683,
    -0.48675865362292053,
    -0.4867821782963345,
    -0.4868059600572171,
    -0.4868299975897752,
    -0.4868542895782157,
    -0.4868788347067456,
    -0.4869036316595718,
    -0.4869286791209012,
    -0.48695397577494076,
    -0.48697952030589736,
    -0.487005311397978,
    -0.4870313477353895,
    -0.4870576280023388,
    -0.4870841508830329,
    -0.4871109150616787,
    -0.48713791922248306,
    -0.48716516204965293,
    -0.4871926422273952,
    -0.48722035843991685,
    -0.4872483093714248,
    -0.48727649370612597,
    -0.48730491012822724,
    -0.48733355732193556,
    -0.48736243397145784,
    -0.48739153876100105,
    -0.48742087037477205,
    -0.4874504274969778,
    -0.4874802088118252,
    -0.4875102130035212,
    -0.48754043875627273,
    -0.4875708847542866,
    -0.4876015496817699,
    -0.4876324322229294,
    -0.48766353106197213,
    -0.48769484488310494,
    -0.48772637237053484,
    -0.48775811220846865,
    -0.48779006308111333,
    -0.48782222367267586,
    -0.4878545926673631,
    -0.4878871687493819,
    -0.48791995060293947,
    -0.4879529369122424,
    -0.48798612636149774,
    -0.4880195176349124,
    -0.48805310941669333,
    -0.48808690039104746,
    -0.48812088924218167,
    -0.4881550746543029,
    -0.48818945531161806,
    -0.48822402989833413,
    -0.488258797098658,
    -0.4882937555967965,
    -0.4883289040769567,
    -0.4883642412233455,
    -0.4883997657201697,
    -0.4884354762516363,
    -0.48847137150195225,
    -0.48850745015532443,
    -0.48854371089595977,
    -0.4885801524080652,
    -0.48861677337584764,
    -0.488653572483514,
    -0.48869054841527126,
    -0.4887276998553262,
    -0.4887650254878859,
    -0.4888025239971573,
    -0.4888401940673472,
    -0.4888780343826625,
    -0.4889160436273102,
    -0.48895422048549725,
    -0.48899256364143046,
    -0.4890310717793169,
    -0.48906974358336336,
    -0.48910857773777683,
    -0.4891475729267642,
    -0.48918672783453243,
    -0.48922604114528845,
    -0.4892655115432391,
    -0.48930513771259143,
    -0.4893449183375523,
    -0.4893848521023285,
    -0.48942493769112716,
    -0.48946517378815513,
    -0.4895055590776193,
    -0.4895460922437266,
    -0.4895867719706839,
    -0.48962759694269825,
    -0.4896685658439765,
    -0.48970967735872556,
    -0.48975093017115234,
    -0.4897923229654639,
    -0.489833854425867,
    -0.4898755232365686,
    -0.4899173280817756,
    -0.48995926764569503,
    -0.4900013406125337,
    -0.4900435456664986,
    -0.4900858814917966,
    -0.49012834677263467,
    -0.4901709401932197,
    -0.4902136604377586,
    -0.49025650619045835,
    -0.4902994761355258,
    -0.490342568957168,
    -0.4903857833395917,
    -0.49042911796700395,
    -0.49047257152361157,
    -0.4905161426936216,
    -0.49055983016124083,
    -0.4906036326106763,
    -0.49064754872613486,
    -0.49069157719182344,
    -0.490735716691949,
    -0.49077996591071843,
    -0.4908243235323387,
    -0.49086878824101665,
    -0.4909133587209592,
    -0.49095803365637347,
    -0.4910028117314661,
    -0.4910476916304442,
    -0.4910926720375146,
    -0.4911377516368843,
    -0.4911829291127601,
    -0.49122820314934906,
    -0.491273572430858,
    -0.49131903564149393,
    -0.4913645914654637,
    -0.49141023858697425,
    -0.4914559756902325,
    -0.49150180145944544,
    -0.49154771457881996,
    -0.4915937137325629,
    -0.49163979760488125,
    -0.4916859648799819,
    -0.4917322142420718,
    -0.4917785443753579,
    -0.491824953964047,
    -0.4918714416923462,
    -0.4919180062444623,
    -0.49196464630460224,
    -0.492011360556973,
    -0.4920581476857814,
    -0.4921050063752344,
    -0.49215193530953905,
    -0.4921989331729021,
    -0.49224599864953056,
    -0.49229313042363126,
    -0.4923403271794113,
    -0.49238758760107737,
    -0.4924349103728366,
    -0.4924822941788958,
    -0.49252973770346187,
    -0.49257723963074185,
    -0.4926247986449426,
    -0.49267241343027096,
    -0.492720082670934,
    -0.49276780505113854,
    -0.49281557925509156,
    -0.4928634039669999,
    -0.49291127787107053,
    -0.4929591996515104,
    -0.4930071679925264,
    -0.4930551815783255,
    -0.49310323909311454,
    -0.4931513392211005,
    -0.4931994806464903,
    -0.49324766205349085,
    -0.49329588212630904,
    -0.49334413954915185,
    -0.4933924330062262,
    -0.49344076118173896,
    -0.4934891227598971,
    -0.49353751642490745,
    -0.49358594086097707,
    -0.4936343947523128,
    -0.49368287678312156,
    -0.4937313856376103,
    -0.49377991999998594,
    -0.49382847855445544,
    -0.4938770599852256,
    -0.4939256629765034,
    -0.49397428621249595,
    -0.49402292837740985,
    -0.4940715881554522,
    -0.4941202642308299,
    -0.4941689552877499,
    -0.49421766001041906,
    -0.49426637708304433,
    -0.4943151051898326,
    -0.49436384301499087,
    -0.494412589242726,
    -0.494461342557245,
    -0.49451010164275466,
    -0.494558865183462,
    -0.4946076318635739,
    -0.4946564003672973,
    -0.49470516937883907,
    -0.49475393758240616,
    -0.4948027036622056,
    -0.4948514663024441,
    -0.49490022418732876,
    -0.4949489760010664,
    -0.49499772042786405,
    -0.49504645615192855,
    -0.4950951818574668,
    -0.49514389622868576,
    -0.4951925979497924,
    -0.49524128570499365,
    -0.4952899581784963,
    -0.4953386140545073,
    -0.49538725201723366,
    -0.4954358707508823,
    -0.4954844689396601,
    -0.4955330452677739,
    -0.4955815984194308,
    -0.4956301270788376,
    -0.49567862993020123,
    -0.4957271056577287,
    -0.4957755529456268,
    -0.49582397047810256,
    -0.4958723569393629,
    -0.4959207110136146,
    -0.49596903138506476,
    -0.4960173167379202,
    -0.4960655657563879,
    -0.49611377712467475,
    -0.4961619495269876,
    -0.4962100816475335,
    -0.4962581721705193,
    -0.496306219780152,
    -0.49635422316063843,
    -0.4964021809961855,
    -0.4964500919710002,
    -0.4964979547692895,
    -0.4965457680752602,
    -0.4965935305731192,
    -0.4966412409470736,
    -0.4966888978813302,
    -0.4967365000600959,
    -0.49678404616757765,
    -0.49683153488798243,
    -0.4968789649055171,
    -0.49692633490438853,
    -0.4969736435688038,
    -0.4970208895829697,
    -0.4970680716310932,
    -0.4971151883973812,
    -0.4971622385660407,
    -0.4972092208212785,
    -0.4972561338473016,
    -0.4973029763283169,
    -0.49734974694853135,
    -0.4973964443921518,
    -0.4974430673433852,
    -0.4974896144864386,
    -0.4975360845055187,
    -0.4975824760848326,
    -0.4976287879085871,
    -0.4976750186609893,
    -0.4977211670262459,
    -0.49776723168856396,
    -0.4978132113321504,
    -0.497859104641212,
    -0.49790491029995587,
    -0.49795062699258885,
    -0.4979962534033179,
    -0.4980417882163498,
    -0.4980872301158917,
    -0.4981325777861503,
    -0.49817782991133264,
    -0.49822298517564567,
    -0.49826804226329624,
    -0.49831299985849137,
    -0.49835785664543786,
    -0.4984026113083426,
    -0.4984472625314127,
    -0.4984918089988549,
    -0.4985362493948763,
    -0.49858058240368364,
    -0.49862480670948395,
    -0.49866892099648413,
    -0.4987129239488911,
    -0.4987568142509118,
    -0.4988005905867531,
    -0.4988442516406219,
    -0.4988877960967253,
    -0.49893122263927003,
    -0.4989745299524631,
    -0.4990177167205114,
    -0.49906078162762185,
    -0.4991037233580014,
    -0.49914654059585695,
    -0.49918923202539545,
    -0.49923179633082376,
    -0.49927423219634887,
    -0.4993165383061777,
    -0.49935871334451715,
    -0.4994007559955741,
    -0.4994426649435556,
    -0.4994844388726684,
    -0.49952607646711955,
    -0.4995675764111159,
    -0.4996089373888644,
    -0.49965015808457197,
    -0.49969123718244557,
    -0.49973217336669207,
    -0.4997729653215184,
    -0.4998136117311315,
    -0.4998541112797383,
    -0.4998944626515457,
    -0.49993466453076063,
    -0.49997471560159,
    -0.5000146145482407,
    -0.5000543600549198,
    -0.5000939508058341,
    -0.5001333854851904,
    -0.5001726627771959,
    -0.5002117813660573,
    -0.5002507399359817,
    -0.5002895371711757,
    -0.5003281717558468,
    -0.5003666423742013,
    -0.5004049477104464,
    -0.5004430864487892,
    -0.5004810572734364,
    -0.5005188588685948,
    -0.5005564899184716,
    -0.5005939491072736,
    -0.5006312351192077,
    -0.5006683466384808,
    -0.5007052823492999,
    -0.5007420409358719,
    -0.5007786210824038,
    -0.5008150214731023,
    -0.5008512407921746,
    -0.5008872777238274,
    -0.5009231309522677,
    -0.5009587991617024,
    -0.5009942810363385,
    -0.5010295752603828,
    -0.5010646805180423,
    -0.501099595493524,
    -0.5011343188710347,
    -0.5011688493347813,
    -0.5012031855689708,
    -0.5012373262578101,
    -0.5012712700855061,
    -0.5013050157362658,
    -0.501338561894296,
    -0.5013719072438039,
    -0.501405050468996,
    -0.5014379902540795,
    -0.5014707252832612,
    -0.5015032542407482,
    -0.5015355758107471,
    -0.5015676886774652,
    -0.5015995915251091,
    -0.501631283037886,
    -0.5016627619000026,
    -0.501694026795666,
    -0.5017250764090829,
    -0.5017559094244605,
    -0.5017865245260055,
    -0.5018169203979249,
    -0.5018470957244257,
    -0.5018770491897145,
    -0.5019067794779987,
    -0.5019362852734849,
    -0.5019655652603802,
    -0.5019946181228913,
    -0.5020234425452254,
    -0.5020520372115891,
    -0.5020804008061895,
    -0.5021085320132337,
    -0.5021364295169283,
    -0.5021640920014805,
    -0.502191518151097,
    -0.5022187066499847,
    -0.5022456561823507,
    -0.502272365432402,
    -0.5022988330843452,
    -0.5023250578223875,
    -0.5023510383307356,
    -0.5023767732935965,
    -0.5024022613951773,
    -0.5024275013196847,
    -0.5024524917513258,
    -0.5024772313743074,
    -0.5025017188728365,
    -0.5025259529311199,
    -0.5025499322333645,
    -0.5025736554637775,
    -0.5025971213065655,
    -0.5026203284459356,
    -0.5026432755660948,
    -0.5026659613512497,
    -0.5026883844856076,
    -0.5027105436533751,
    -0.5027324375387594,
    -0.5027540648259672,
    -0.5027754241992055,
    -0.5027965143426814,
    -0.5028173339406016,
    -0.502837881677173,
    -0.5028581562366026,
    -0.5028781563030974,
    -0.5028978805608642,
    -0.5029173276941099,
    -0.5029364963870416,
    -0.5029553853238661,
    -0.5029739931887903,
    -0.5029923186660211,
    -0.5030103604397657,
    -0.5030281171942306,
    -0.503045587613623,
    -0.5030627703821497,
    -0.5030796641840177,
    -0.5030962677034339,
    -0.5031125796246052,
    -0.5031285986317385,
    -0.5031443234090408,
    -0.503159752640719,
    -0.50317488501098,
    -0.5031897192040305,
    -0.503204253904078,
    -0.5032184877953289,
    -0.5032324195619903,
    -0.5032460478882691,
    -0.5032593714583722,
    -0.5032723889565066,
    -0.5032850990668791,
    -0.5032975004736968,
    -0.5033095918611665,
    -0.5033213719134951,
    -0.5033328415686975,
    -0.5033440017647884,
    -0.5033548534397827,
    -0.5033653975316952,
    -0.5033756349785407,
    -0.5033855667183339,
    -0.5033951936890897,
    -0.5034045168288229,
    -0.5034135370755483,
    -0.5034222553672807,
    -0.5034306726420349,
    -0.5034387898378258,
    -0.5034466078926679,
    -0.5034541277445764,
    -0.5034613503315659,
    -0.5034682765916513,
    -0.5034749074628473,
    -0.5034812438831687,
    -0.5034872867906305,
    -0.5034930371232473,
    -0.5034984958190339,
    -0.5035036638160053,
    -0.5035085420521761,
    -0.5035131314655612,
    -0.5035174329941754,
    -0.5035214475760336,
    -0.5035251761491504,
    -0.5035286196515407,
    -0.5035317790212194,
    -0.5035346551962011,
    -0.5035372491145008,
    -0.5035395617141333,
    -0.5035415939331134,
    -0.5035433467094557,
    -0.5035448209811751,
    -0.5035460176862867,
    -0.5035469377628049,
    -0.5035475821487447,
    -0.503547951782121,
    -0.5035480476009483,
    -0.5035478705432417,
    -0.5035474215470159,
    -0.5035467015502857,
    -0.5035457114910659,
    -0.5035444523073713,
    -0.5035429249372169,
    -0.5035411303186171,
    -0.503539069389587,
    -0.5035367430881413,
    -0.503534152352295,
    -0.5035312981200627,
    -0.5035281813294592,
    -0.5035248029184994,
    -0.5035211638251981,
    -0.5035172649875701,
    -0.5035131073436301,
    -0.503508691831393,
    -0.5035040193888737,
    -0.5034990909540868
]