[
    -1.4450581454102644,
    -1.4451334335842876,
    -1.4452088392863502,
    -1.445284362301408,
    -1.4453600024144164,
    -1.4454357594103315,
    -1.4455116330741085,
    -1.4455876231907028,
    -1.4456637295450703,
    -1.4457399519221663,
    -1.4458162901069467,
    -1.445892743884367,
    -1.445969313039383,
    -1.4460459973569495,
    -1.446122796622023,
    -1.4461997106195588,
    -1.446276739134512,
    -1.4463538819518387,
    -1.4464311388564945,
    -1.4465085096334347,
    -1.446585994067615,
    -1.446663591943991,
    -1.4467413030475185,
    -1.4468191271631528,
    -1.4468970640758494,
    -1.4469751135705644,
    -1.447053275432253,
    -1.4471315494458705,
    -1.4472099353963728,
    -1.447288433068716,
    -1.4473670422478548,
    -1.4474457627187451,
    -1.4475245942663428,
    -1.4476035366756033,
    -1.4476825897314818,
    -1.4477617532189344,
    -1.4478410269229165,
    -1.4479204106283836,
    -1.4479999041202916,
    -1.4480795071835957,
    -1.4481592196032516,
    -1.448239041164215,
    -1.4483189716514413,
    -1.4483990108498865,
    -1.4484791585445056,
    -1.4485594145202545,
    -1.4486397785620888,
    -1.448720250454964,
    -1.4488008299838357,
    -1.4488815169336597,
    -1.4489623110893914,
    -1.4490432122359862,
    -1.4491242201583998,
    -1.4492053346415883,
    -1.4492865554705063,
    -1.4493678824301102,
    -1.4494493153053554,
    -1.4495308538811973,
    -1.4496124979425915,
    -1.4496942472744936,
    -1.4497761016618596,
    -1.4498580608896443,
    -1.449940124742804,
    -1.450022293006294,
    -1.45010456546507,
    -1.4501869419040871,
    -1.4502694221083015,
    -1.4503520058626689,
    -1.4504346929521441,
    -1.4505174831616832,
    -1.4506003762762418,
    -1.4506833720807752,
    -1.4507664703602394,
    -1.4508496708995897,
    -1.450932973483782,
    -1.4510163778977712,
    -1.4510998839265135,
    -1.4511834913549644,
    -1.4512671999680793,
    -1.4513510095508138,
    -1.4514349198881236,
    -1.4515189307649645,
    -1.4516030419662918,
    -1.4516872532770608,
    -1.4517715644822278,
    -1.4518559753667477,
    -1.4519404857155764,
    -1.4520250953136697,
    -1.4521098039459828,
    -1.4521946113974713,
    -1.4522795174530911,
    -1.4523645218977979,
    -1.4524496245165466,
    -1.452534825094293,
    -1.4526201234159934,
    -1.4527055192666025,
    -1.4527910124310763,
    -1.4528766026943702,
    -1.4529622898414403,
    -1.4530480736572415,
    -1.4531339539267296,
    -1.4532199304348605,
    -1.4533060029665894,
    -1.453392171306872,
    -1.453478435240664,
    -1.453564794552921,
    -1.4536512490285987,
    -1.453737798452652,
    -1.4538244426100373,
    -1.4539111812857097,
    -1.453998014264625,
    -1.4540849413317385,
    -1.4541719622720064,
    -1.4542590768703836,
    -1.454346284911826,
    -1.4544335861812894,
    -1.454520980463729,
    -1.4546084675441004,
    -1.4546960472073596,
    -1.4547837192384616,
    -1.4548714834223626,
    -1.4549593395440177,
    -1.4550472873883826,
    -1.455135326740413,
    -1.4552234573850646,
    -1.4553116791072929,
    -1.455399991692053,
    -1.4554883949243012,
    -1.4555768885889926,
    -1.4556654724710831,
    -1.4557541463555281,
    -1.4558429100272832,
    -1.4559317632713042,
    -1.4560207058725463,
    -1.4561097376159653,
    -1.4561988582865169,
    -1.4562880676691565,
    -1.45637736554884,
    -1.4564667517105223,
    -1.4565562259391598,
    -1.4566457880197075,
    -1.456735437737121,
    -1.4568251748763563,
    -1.456914999222369,
    -1.4570049105601142,
    -1.4570949086745475,
    -1.4571849933506251,
    -1.4572751643733022,
    -1.4573654215275342,
    -1.457455764598277,
    -1.457546193370486,
    -1.4576367076291168,
    -1.457727307159125,
    -1.4578179917454666,
    -1.4579087611730963,
    -1.4579996152269705,
    -1.4580905536920445,
    -1.4581815763532737,
    -1.4582726829956139,
    -1.4583638734040205,
    -1.4584551473634495,
    -1.4585465046588562,
    -1.4586379450751958,
    -1.4587294683974248,
    -1.458821074410498,
    -1.4589127628993712,
    -1.459004533649,
    -1.4590963864443403,
    -1.4591883210703471,
    -1.4592803373119763,
    -1.459372434954184,
    -1.4594646137819245,
    -1.4595568735801545,
    -1.459649214133829,
    -1.4597416352279045,
    -1.4598341366473353,
    -1.4599267181770776,
    -1.4600193796020873,
    -1.4601121207073195,
    -1.4602049412777298,
    -1.460297841098274,
    -1.460390819953908,
    -1.4604838776295865,
    -1.4605770139102656,
    -1.4606702285809012,
    -1.4607635214264485,
    -1.460856892231863,
    -1.4609503407821007,
    -1.4610438668621166,
    -1.4611374702568667,
    -1.4612311507513065,
    -1.4613249081303916,
    -1.4614187421790776,
    -1.46151265268232,
    -1.4616066394250744,
    -1.4617007021922965,
    -1.4617948407689416,
    -1.4618890549399657,
    -1.461983344490324,
    -1.4620777092049726,
    -1.4621721488688664,
    -1.4622666632669616,
    -1.4623612521842133,
    -1.4624559154055774,
    -1.4625506527160093,
    -1.462645463900465,
    -1.4627403487438992,
    -1.4628353070312683,
    -1.4629303385475279,
    -1.463025443077633,
    -1.4631206204065395,
    -1.463215870319203,
    -1.4633111926005793,
    -1.4634065870356237,
    -1.4635020534092917,
    -1.4635975915065391,
    -1.4636932011123214,
    -1.4637888820115943,
    -1.4638846339893132,
    -1.4639804568304338,
    -1.4640763503199115,
    -1.464172314242702,
    -1.4642683483837615,
    -1.4643644525280446,
    -1.4644606264605071,
    -1.4645568699661053,
    -1.464653182829794,
    -1.464749564836529,
    -1.464846015771266,
    -1.4649425354189605,
    -1.4650391235645681,
    -1.4651357799930445,
    -1.4652325044893453,
    -1.4653292968384257,
    -1.4654261568252416,
    -1.4655230842347484,
    -1.4656200788519023,
    -1.465717140461658,
    -1.4658142688489717,
    -1.4659114637987989,
    -1.466008725096095,
    -1.4661060525258154,
    -1.466203445872916,
    -1.4663009049223525,
    -1.4663984294590804,
    -1.466496019268055,
    -1.4665936741342323,
    -1.4666913938425674,
    -1.4667891781780162,
    -1.4668870269255345,
    -1.4669849398700774,
    -1.4670829167966006,
    -1.46718095749006,
    -1.4672790617354112,
    -1.4673772293176093,
    -1.46747546002161,
    -1.4675737536323694,
    -1.4676721099348424,
    -1.467770528713985,
    -1.4678690097547529,
    -1.4679675528421015,
    -1.4680661577609861,
    -1.4681648242963625,
    -1.4682635522331868,
    -1.4683623413564137,
    -1.4684611914509993,
    -1.4685601023018993,
    -1.468659073694069,
    -1.4687581054124639,
    -1.46885719724204,
    -1.4689563489677526,
    -1.4690555603745572,
    -1.4691548312474094,
    -1.469254161371265,
    -1.4693535505310797,
    -1.4694529985118088,
    -1.4695525050984077,
    -1.4696520700758327,
    -1.4697516932290384,
    -1.469851374342981,
    -1.4699511132026164,
    -1.4700509095928995,
    -1.4701507632987862,
    -1.470250674105232,
    -1.4703506417971928,
    -1.4704506661596237,
    -1.4705507469774803,
    -1.4706508840357189,
    -1.4707510771192942,
    -1.4708513260131624,
    -1.4709516305022785,
    -1.471051990371599,
    -1.4711524054060785,
    -1.471252875390673,
    -1.4713534001103385,
    -1.4714539793500299,
    -1.471554612894703,
    -1.4716553005293134,
    -1.471756042038817,
    -1.471856837208169,
    -1.4719576858223251,
    -1.472058587666241,
    -1.4721595425248721,
    -1.472260550183174,
    -1.4723616104261024,
    -1.472462723038613,
    -1.4725638878056608,
    -1.4726651045122021,
    -1.4727663729431923,
    -1.4728676928835869,
    -1.4729690641183413,
    -1.4730704864324111,
    -1.4731719596107524,
    -1.47327348343832,
    -1.4733750577000704,
    -1.4734766821809586,
    -1.47357835666594,
    -1.4736800809399706,
    -1.473781854788006,
    -1.4738836779950013,
    -1.4739855503459127,
    -1.4740874716256953,
    -1.4741894416193053,
    -1.4742914601116974,
    -1.4743935268878279,
    -1.4744956417326522,
    -1.4745978044311259,
    -1.4747000147682043,
    -1.4748022725288432,
    -1.4749045774979985,
    -1.4750069294606252,
    -1.4751093282016792,
    -1.4752117735061163,
    -1.4753142651588915,
    -1.4754168029449608,
    -1.4755193866492797,
    -1.475622016056804,
    -1.475724690952489,
    -1.4758274111212903,
    -1.4759301763481636,
    -1.4760329864180644,
    -1.4761358411159482,
    -1.476238740226771,
    -1.476341683535488,
    -1.4764446708270547,
    -1.476547701886427,
    -1.4766507764985604,
    -1.4767538944484104,
    -1.4768570555209324,
    -1.4769602595010827,
    -1.477063506173816,
    -1.4771667953240883,
    -1.477270126736855,
    -1.4773735001970725,
    -1.4774769154896952,
    -1.4775803723996792,
    -1.4776838707119806,
    -1.477787410211554,
    -1.4778909906833555,
    -1.4779946119123408,
    -1.4780982736834656,
    -1.4782019757816849,
    -1.4783057179919545,
    -1.4784095000992306,
    -1.4785133218884678,
    -1.4786171831446224,
    -1.4787210836526496,
    -1.4788250231975055,
    -1.4789290015641452,
    -1.4790330185375242,
    -1.4791370739025986,
    -1.4792411674443235,
    -1.4793452989476548,
    -1.4794494681975476,
    -1.4795536749789584,
    -1.479657919076842,
    -1.4797622002761541,
    -1.4798665183618507,
    -1.4799708731188868,
    -1.4800752643322184,
    -1.480179691786801,
    -1.48028415526759,
    -1.4803886545595413,
    -1.48049318944761,
    -1.4805977597167526,
    -1.4807023651519235,
    -1.4808070055380793,
    -1.480911680660175,
    -1.4810163903031663,
    -1.4811211342520088,
    -1.4812259122916582,
    -1.4813307242070701,
    -1.4814355697831998,
    -1.4815404488050032,
    -1.4816453610574358,
    -1.4817503063254531,
    -1.4818552843940107,
    -1.4819602950480641,
    -1.4820653380725692,
    -1.4821704132524813,
    -1.4822755203727562,
    -1.4823806592183493,
    -1.4824858295742163,
    -1.4825910312253126,
    -1.4826962639565937,
    -1.482801527553016,
    -1.482906821799534,
    -1.483012146481104,
    -1.4831175013826814,
    -1.4832228862892216,
    -1.4833283009856804,
    -1.4834337452570132,
    -1.483539218888176,
    -1.4836447216641238,
    -1.4837502533698124,
    -1.4838558137901978,
    -1.483961402710235,
    -1.48406701991488,
    -1.484172665189088,
    -1.484278338317815,
    -1.4843840390860163,
    -1.4844897672786475,
    -1.4845955226806646,
    -1.4847013050770226,
    -1.4848071142526773,
    -1.4849129499925844,
    -1.4850188120816994,
    -1.4851247003049777,
    -1.4852306144473753,
    -1.4853365542938475,
    -1.48544251962935,
    -1.4855485102388382,
    -1.485654525907268,
    -1.4857605664195945,
    -1.4858666315607738,
    -1.4859727211157612,
    -1.4860788348695124,
    -1.486184972606983,
    -1.4862911341131284,
    -1.4863973191729045,
    -1.4865035275712666,
    -1.4866097590931704,
    -1.4867160135235713,
    -1.4868222906474255,
    -1.4869285902496878,
    -1.4870349121153141,
    -1.4871412560292603,
    -1.4872476217764814,
    -1.4873540091419335,
    -1.487460417910572,
    -1.4875668478673523,
    -1.48767329879723,
    -1.487779770485161,
    -1.487886262716101,
    -1.4879927752750048,
    -1.4880993079468288,
    -1.4882058605165283,
    -1.4883124327690587,
    -1.4884190244893758,
    -1.488525635462435,
    -1.4886322654731923,
    -1.4887389143066028,
    -1.4888455817476223,
    -1.4889522675812066,
    -1.4890589715923106,
    -1.4891656935658906,
    -1.4892724332869018,
    -1.4893791905403004,
    -1.489485965111041,
    -1.4895927567840799,
    -1.4896995653443725,
    -1.4898063905768741,
    -1.4899132322665407,
    -1.4900200901983276,
    -1.4901269641571908,
    -1.4902338539280855,
    -1.4903407592959672,
    -1.490447680045792,
    -1.490554615962515,
    -1.4906615668310919,
    -1.4907685324364783,
    -1.49087551256363,
    -1.4909825069975022,
    -1.4910895155230506,
    -1.4911965379252312,
    -1.491303573988999,
    -1.4914106234993099,
    -1.4915176862411195,
    -1.4916247619993832,
    -1.4917318505590567,
    -1.4918389517050956,
    -1.4919460652224557,
    -1.4920531908960921,
    -1.4921603285109606,
    -1.492267477852017,
    -1.4923746387042167,
    -1.4924818108525153,
    -1.4925889940818682,
    -1.4926961881772314,
    -1.4928033929235602,
    -1.49291060810581,
    -1.493017833508937,
    -1.4931250688709163,
    -1.4932323139297234,
    -1.4933395684233344,
    -1.4934468320897247,
    -1.4935541046668697,
    -1.4936613858927452,
    -1.4937686755053268,
    -1.49387597324259,
    -1.4939832788425103,
    -1.4940905920430638,
    -1.4941979125822256,
    -1.4943052401979713,
    -1.4944125746282766,
    -1.4945199156111177,
    -1.4946272628844692,
    -1.4947346161863073,
    -1.4948419752546078,
    -1.4949493398273457,
    -1.4950567096424967,
    -1.495164084438037,
    -1.4952714639519418,
    -1.4953788479221863,
    -1.4954862360867467,
    -1.4955936281835986,
    -1.4957010239507174,
    -1.4958084231260784,
    -1.4959158254476577,
    -1.496023230653431,
    -1.4961306384813733,
    -1.4962380486694604,
    -1.4963454609556686,
    -1.4964528750779724,
    -1.496560290774348,
    -1.496667707782771,
    -1.4967751258412174,
    -1.496882544687662,
    -1.4969899640600806,
    -1.4970973836964492,
    -1.4972048033347432,
    -1.4973122227129378,
    -1.4974196415690093,
    -1.497527059640933,
    -1.4976344766666843,
    -1.4977418923842392,
    -1.497849306531573,
    -1.4979567188466614,
    -1.4980641290674799,
    -1.4981715369320043,
    -1.49827894217821,
    -1.4983863445440726,
    -1.498493743767568,
    -1.4986011395866718,
    -1.4987085317393591,
    -1.498815919963606,
    -1.498923303997388,
    -1.4990306835786802,
    -1.499138058445459,
    -1.4992454283356995,
    -1.4993527929873776,
    -1.4994601521384685,
    -1.4995675055269482,
    -1.4996748528907922,
    -1.4997821939679759,
    -1.499889528496475,
    -1.4999968562142654,
    -1.5001041768593224,
    -1.5002114901696215,
    -1.5003187958831385,
    -1.5004260937378493,
    -1.500533383471729,
    -1.5006406648227533,
    -1.5007479375288977,
    -1.5008552013281384,
    -1.5009624559584502,
    -1.5010697011578094,
    -1.5011769366641914,
    -1.5012841622155713,
    -1.5013913775499252,
    -1.501498582405229,
    -1.5016057765194575,
    -1.5017129596305867,
    -1.5018201314765924,
    -1.50192729179545,
    -1.5020344403251351,
    -1.5021415768036233,
    -1.5022487009688905,
    -1.5023558125589118,
    -1.502462911311663,
    -1.5025699969651196,
    -1.5026770692572577,
    -1.5027841279260525,
    -1.5028911727094794,
    -1.5029982033455147,
    -1.5031052195721333,
    -1.503212221127311,
    -1.5033192077490234,
    -1.5034261791752463,
    -1.5035331351439551,
    -1.5036400753931256,
    -1.5037469996607336,
    -1.503853907684754,
    -1.5039607992031625,
    -1.5040676739539354,
    -1.5041745316750479,
    -1.5042813721044754,
    -1.5043881949801938,
    -1.5044950000401789,
    -1.5046017870224058,
    -1.50470855566485,
    -1.504815305705488,
    -1.5049220368822944,
    -1.5050287489332452,
    -1.5051354415963163,
    -1.505242114609483,
    -1.505348767710721,
    -1.5054554006380054,
    -1.5055620131293128,
    -1.505668604922618,
    -1.5057751757558968,
    -1.5058817253671248,
    -1.505988253494278,
    -1.5060947598753314,
    -1.5062012442482606,
    -1.5063077063510422,
    -1.5064141459216505,
    -1.5065205626980618,
    -1.5066269564182515,
    -1.5067333268201955,
    -1.506839673641869,
    -1.506945996621248,
    -1.5070522954963077,
    -1.507158570005024,
    -1.5072648198853724,
    -1.5073710448753284,
    -1.507477244712868,
    -1.507583419135966,
    -1.507689567882599,
    -1.507795690690742,
    -1.5079017872983707,
    -1.5080078574434606,
    -1.5081139008639874,
    -1.5082199172979271,
    -1.5083259064832546,
    -1.5084318681579458,
    -1.508537802059977,
    -1.5086437079273225,
    -1.5087495854979585,
    -1.508855434509861,
    -1.5089612547010052,
    -1.5090670458093665,
    -1.509172807572921,
    -1.5092785397296442,
    -1.5093842420175112,
    -1.5094899141744982,
    -1.5095955559385807,
    -1.509701167047734,
    -1.509806747239934,
    -1.509912296253156,
    -1.5100178138253761,
    -1.5101232996945693,
    -1.5102287535987116,
    -1.5103341752757786,
    -1.5104395644637458,
    -1.5105449209005888,
    -1.510650244324283,
    -1.5107555344728045,
    -1.5108607910841285,
    -1.5109660138962306,
    -1.511071202647087,
    -1.5111763570746726,
    -1.511281476916963,
    -1.5113865619119342,
    -1.5114916117975616,
    -1.511596626311821,
    -1.5117016051926877,
    -1.5118065481781378,
    -1.511911455006146,
    -1.5120163254146888,
    -1.5121211591417416,
    -1.5122259559252795,
    -1.5123307155032788,
    -1.5124354376137146,
    -1.5125401219945627,
    -1.5126447683837987,
    -1.5127493765193982,
    -1.5128539461393369,
    -1.5129584769815903,
    -1.5130629687841337,
    -1.513167421284943,
    -1.5132718342219942,
    -1.5133762073332624,
    -1.513480540356723,
    -1.5135848330303525,
    -1.5136890850921254,
    -1.513793296280018,
    -1.5138974663320057,
    -1.5140015949860643,
    -1.514105681980169,
    -1.5142097270522956,
    -1.5143137299404201,
    -1.5144176903825175,
    -1.5145216081165636,
    -1.5146254828805341,
    -1.5147293144124048,
    -1.5148331024501507,
    -1.5149368467317479,
    -1.515040546995172,
    -1.5151442029783984,
    -1.5152478144194026,
    -1.5153513810561605,
    -1.5154549026266477,
    -1.5155583788688394,
    -1.5156618095207117,
    -1.5157651943202402,
    -1.5158685330053998,
    -1.515971825314167,
    -1.516075070984517,
    -1.516178269754425,
    -1.5162814213618674,
    -1.5163845255448192,
    -1.5164875820412564,
    -1.5165905905891544,
    -1.5166935509264887,
    -1.5167964627912351,
    -1.5168993259213692,
    -1.5170021400548663,
    -1.5171049049297025,
    -1.5172076202838531,
    -1.5173102858552938,
    -1.517412901382,
    -1.5175154666019475,
    -1.5176179812531119,
    -1.5177204450734687,
    -1.5178228578009936,
    -1.517925219173662,
    -1.51802752892945,
    -1.5181297868063326,
    -1.518231992542286,
    -1.5183341458752853,
    -1.5184362465433061,
    -1.5185382942843244,
    -1.5186402888363155,
    -1.518742229937255,
    -1.5188441173251188,
    -1.5189459507378824,
    -1.519047729913521,
    -1.5191494545900106,
    -1.519251124505327,
    -1.5193527393974453,
    -1.5194542990043411,
    -1.5195558030639906,
    -1.519657251314369,
    -1.5197586434934518,
    -1.5198599793392147,
    -1.5199612585896334,
    -1.5200624809826835,
    -1.5201636462563404,
    -1.5202647541485799,
    -1.5203658043973776,
    -1.520466796740709,
    -1.5205677309165497,
    -1.5206686066628758,
    -1.520769423717662,
    -1.5208701818188846,
    -1.5209708807045188,
    -1.5210715201125404,
    -1.521172099780925,
    -1.5212726194476482,
    -1.5213730788506858,
    -1.521473477728013,
    -1.5215738158176055,
    -1.5216740928574393,
    -1.5217743085854896,
    -1.521874462739732,
    -1.521974555058142,
    -1.5220745852786959,
    -1.5221745531393687,
    -1.5222744583781358,
    -1.5223743007329735,
    -1.5224740799418568,
    -1.5225737957427616,
    -1.5226734478736634,
    -1.522773036072538,
    -1.5228725600773607,
    -1.5229720196261072,
    -1.5230714144567534,
    -1.5231707443072744,
    -1.5232700089156461,
    -1.523369208019844,
    -1.523468341357844,
    -1.5235674086676212,
    -1.5236664096871517,
    -1.5237653441544108,
    -1.5238642118073742,
    -1.5239630123840173,
    -1.524061745622316,
    -1.524160411260246,
    -1.5242590090357826,
    -1.5243575386869013,
    -1.524455999951578,
    -1.5245543925677882,
    -1.5246527162735075,
    -1.5247509708067115,
    -1.524849155905376,
    -1.5249472713074763,
    -1.525045316750988,
    -1.5251432919738872,
    -1.5252411967141488,
    -1.5253390307097487,
    -1.5254367936986628,
    -1.5255344854188662,
    -1.5256321056083346,
    -1.525729654005044,
    -1.52582713034697,
    -1.5259245343720875,
    -1.5260218658183726,
    -1.5261191244238013,
    -1.5262163099263484,
    -1.5263134220639898,
    -1.5264104605747013,
    -1.5265074251964585,
    -1.5266043156672366,
    -1.5267011317250117,
    -1.5267978731077594,
    -1.5268945395534546,
    -1.5269911308000736,
    -1.5270876465855918,
    -1.5271840866479849,
    -1.5272804507252282,
    -1.5273767385552977,
    -1.5274729498761688,
    -1.5275690844258172,
    -1.527665141942218,
    -1.5277611221633476,
    -1.5278570248271812,
    -1.5279528496716943,
    -1.5280485964348627,
    -1.5281442648546621,
    -1.5282398546690676,
    -1.5283353656160554,
    -1.5284307974336009,
    -1.5285261498596794,
    -1.528621422632267,
    -1.5287166154893388,
    -1.528811728168871,
    -1.5289067604088384,
    -1.5290017119472175,
    -1.5290965825219833,
    -1.5291913718711116,
    -1.5292860797325778,
    -1.5293807058443578,
    -1.5294752499444273,
    -1.5295697117707616,
    -1.5296640910613362,
    -1.5297583875541272,
    -1.5298526009871096,
    -1.5299467310982595,
    -1.5300407776255522,
    -1.5301347403069636,
    -1.5302286188804688,
    -1.5303224130840438,
    -1.5304161226556645,
    -1.5305097473333058,
    -1.5306032868549435,
    -1.5306967409585535,
    -1.5307901093821115,
    -1.5308833918635925,
    -1.5309765881409725,
    -1.5310696979522271,
    -1.5311627210353318,
    -1.5312556571282623,
    -1.531348505968994,
    -1.5314412672955031,
    -1.5315339408457644,
    -1.5316265263577538,
    -1.5317190235694473,
    -1.5318114322188199,
    -1.5319037520438477,
    -1.531995982782506,
    -1.5320881241727704,
    -1.5321801759526166,
    -1.5322721378600201,
    -1.532364009632957,
    -1.532455791009402,
    -1.5325474817273315,
    -1.532639081524721,
    -1.5327305901395456,
    -1.5328220073097811,
    -1.5329133327734035,
    -1.5330045662683882,
    -1.5330957075327105,
    -1.5331867563043462,
    -1.533277712321271,
    -1.5333685753214605,
    -1.5334593450428902,
    -1.5335500212235358,
    -1.533640603601373,
    -1.533731091914377,
    -1.5338214859005235,
    -1.5339117852977886,
    -1.5340019898441475,
    -1.5340920992775757,
    -1.534182113336049,
    -1.5342720317575431,
    -1.5343618542800335,
    -1.5344515806414956,
    -1.5345412105799054,
    -1.5346307438332383,
    -1.5347201801394696,
    -1.5348095192365756,
    -1.534898760862531,
    -1.534987904755312,
    -1.5350769506528945,
    -1.5351658982932537,
    -1.5352547474143647,
    -1.535343497754204,
    -1.5354321490507468,
    -1.5355207010419687,
    -1.5356091534658451,
    -1.535697506060352,
    -1.535785758563465,
    -1.5358739107131594,
    -1.5359619622474108,
    -1.5360499129041953,
    -1.5361377624214878,
    -1.5362255105372644,
    -1.5363131569895006,
    -1.536400701516172,
    -1.536488143855254,
    -1.5365754837447223,
    -1.536662720922553,
    -1.5367498551267207,
    -1.5368368860952017,
    -1.5369238135659717,
    -1.5370106372770063,
    -1.5370973569662805,
    -1.5371839723717704,
    -1.5372704832314517,
    -1.5373568892832994,
    -1.5374431902652896,
    -1.537529385915398,
    -1.5376154759715999,
    -1.537701460171871,
    -1.537787338254187,
    -1.5378731099565235,
    -1.5379587750168557,
    -1.5380443331731597,
    -1.5381297841634112,
    -1.538215127725585,
    -1.5383003635976575,
    -1.538385491517604,
    -1.5384705112234005,
    -1.5385554224530218,
    -1.5386402249444442,
    -1.538724918435643,
    -1.5388095026645938,
    -1.5388939773692722,
    -1.538978342287654,
    -1.5390625971577148,
    -1.5391467417174298,
    -1.539230775704775,
    -1.539314698857726,
    -1.539398510914258,
    -1.539482211612347,
    -1.5395658006899686,
    -1.5396492778850983,
    -1.5397326429357117,
    -1.5398158955797843,
    -1.539899035555292,
    -1.5399820626002099,
    -1.540064976452514,
    -1.54014777685018,
    -1.5402304635311832,
    -1.5403130362334994,
    -1.540395494695104,
    -1.5404778386539728,
    -1.5405600678480813,
    -1.540642182015405,
    -1.54072418089392,
    -1.5408060642216013,
    -1.5408878317364247,
    -1.540969483176366,
    -1.5410510182794008,
    -1.5411324367835042,
    -1.5412137384266524,
    -1.541294922946821,
    -1.5413759900819848,
    -1.5414569395701203,
    -1.5415377711492027,
    -1.5416184845572078,
    -1.541699079532111,
    -1.5417795558118879,
    -1.5418599131345143,
    -1.5419401512379658,
    -1.5420202698602177,
    -1.5421002687392458,
    -1.542180147613026,
    -1.5422599062195332,
    -1.5423395442967436,
    -1.5424190615826328,
    -1.5424984583186012,
    -1.5425777347460499,
    -1.5426568911063796,
    -1.5427359276409913,
    -1.5428148445912855,
    -1.5428936421986632,
    -1.5429723207045256,
    -1.5430508803502727,
    -1.5431293213773056,
    -1.5432076440270257,
    -1.543285848540833,
    -1.5433639351601287,
    -1.5434419041263137,
    -1.5435197556807887,
    -1.5435974900649543,
    -1.5436751075202115,
    -1.5437526082879613,
    -1.5438299926096042,
    -1.5439072607265412,
    -1.5439844128801727,
    -1.5440614493119005,
    -1.5441383702631244,
    -1.5442151759752454,
    -1.5442918666896648,
    -1.544368442647783,
    -1.5444449040910009,
    -1.5445212512607194,
    -1.5445974843983392,
    -1.544673603745261,
    -1.5447496095428859,
    -1.5448255020326147,
    -1.544901281455848,
    -1.5449769480539866,
    -1.5450525020684314,
    -1.5451279437405834,
    -1.545203273311843,
    -1.5452784910236115,
    -1.5453535971172894,
    -1.5454285918342774,
    -1.5455034754159764,
    -1.5455782481037876,
    -1.5456529101391114,
    -1.5457274617633485,
    -1.5458019032179,
    -1.5458762347441668,
    -1.5459504565835496,
    -1.5460245689774488,
    -1.546098572167266,
    -1.5461724663944012,
    -1.5462462519002558,
    -1.5463199289262302,
    -1.5463934977137257,
    -1.5464669585041426,
    -1.546540311538882,
    -1.546613557059345,
    -1.5466866953069316,
    -1.546759726523043,
    -1.5468326509490804,
    -1.5469054688264443,
    -1.5469781803965352,
    -1.5470507859007545,
    -1.5471232855805028,
    -1.5471956796771806,
    -1.5472679684321888,
    -1.5473401520869288,
    -1.5474122308828009,
    -1.5474842050612057,
    -1.5475560748635444,
    -1.5476278405312178,
    -1.5476995023056266,
    -1.5477710604281716,
    -1.5478425151402537,
    -1.5479138666832737,
    -1.5479851152986321,
    -1.5480562612277302,
    -1.5481273047119686,
    -1.548198245992748,
    -1.5482690853114693,
    -1.5483398229095335,
    -1.5484104590283412,
    -1.548480993909293,
    -1.54855142779379,
    -1.5486217609232333,
    -1.548691993539023,
    -1.5487621258825606,
    -1.5488321581952464,
    -1.5489020907184816,
    -1.5489719236936665,
    -1.5490416573622026,
    -1.5491112919654904,
    -1.5491808277449302,
    -1.5492502649419235,
    -1.5493196037978711,
    -1.5493888445541733,
    -1.5494579874522314,
    -1.5495270327334458,
    -1.5495959806392179,
    -1.5496648314109478,
    -1.5497335852900367,
    -1.5498022425178855,
    -1.5498708033358948,
    -1.5499392679854653,
    -1.5500076367079982,
    -1.5500759097448942,
    -1.550144087337554,
    -1.5502121697273783,
    -1.5502801571557683,
    -1.5503480498641242,
    -1.5504158480938472,
    -1.5504835520863385,
    -1.5505511620829981,
    -1.5506186783252272,
    -1.5506861010544266,
    -1.5507534305119974,
    -1.5508206669393398,
    -1.5508878105778552,
    -1.5509548616689441,
    -1.5510218204540074,
    -1.5510886871744458,
    -1.55115546207166,
    -1.5512221453870516,
    -1.5512887373620203,
    -1.5513552382379676,
    -1.5514216482562941,
    -1.5514879676584008,
    -1.551554196685688,
    -1.551620335579557,
    -1.5516863845814088,
    -1.5517523439326437,
    -1.5518182138746626,
    -1.5518839946488667,
    -1.5519496864966562,
    -1.5520152896594324,
    -1.5520808043785959,
    -1.5521462308955478,
    -1.5522115694516883,
    -1.5522768202884187,
    -1.55234198364714,
    -1.5524070597692523,
    -1.552472048896157,
    -1.552536951269255,
    -1.5526017671299466,
    -1.5526664967196326,
    -1.5527311402797144,
    -1.5527956980515925,
    -1.5528601702766676,
    -1.5529245571963404,
    -1.5529888590520122,
    -1.5530530760850834,
    -1.553117208536955,
    -1.5531812566490277,
    -1.5532452206627025,
    -1.5533091008193798,
    -1.5533728973604608,
    -1.5534366105273465,
    -1.553500240561437,
    -1.5535637877041335,
    -1.553627252196837,
    -1.5536906342809482,
    -1.553753934197868,
    -1.5538171521889965,
    -1.5538802884957357,
    -1.5539433433594854,
    -1.554006317021647,
    -1.5540692097236208,
    -1.5541320217068084,
    -1.5541947532126097,
    -1.554257404482426,
    -1.5543199757576585,
    -1.554382467279707,
    -1.5544448792899732,
    -1.5545072120298575,
    -1.5545694657407607,
    -1.5546316406640839,
    -1.5546937370412275,
    -1.5547557551135929,
    -1.5548176951225803,
    -1.5548795573095906,
    -1.5549413419160252,
    -1.5550030491832842,
    -1.5550646793527687,
    -1.5551262326658795,
    -1.5551877093640174,
    -1.5552491096885834,
    -1.5553104338809778,
    -1.5553716821826022,
    -1.5554328548348566,
    -1.5554939520791422,
    -1.55555497415686,
    -1.5556159213094105,
    -1.5556767937781946,
    -1.555737591804613,
    -1.555798315630067,
    -1.5558589654959567,
    -1.5559195416436833,
    -1.5559800443146474,
    -1.5560404737502505,
    -1.5561008301918924,
    -1.5561611138809746,
    -1.5562213250588979,
    -1.5562814639670626,
    -1.5563415308468698,
    -1.5564015259397204,
    -1.5564614494870155,
    -1.5565213017301551,
    -1.5565810829105406,
    -1.556640793269573,
    -1.5567004330486525,
    -1.5567600024891803,
    -1.5568195018325572,
    -1.5568789313201838,
    -1.556938291193461,
    -1.5569975816937898,
    -1.5570568030625709,
    -1.557115955541205,
    -1.557175039371093,
    -1.5572340547936359,
    -1.557293002050234,
    -1.5573518813822886,
    -1.5574106930312002,
    -1.55746943723837,
    -1.5575281142451984,
    -1.5575867242930863,
    -1.557645267623435,
    -1.5577037444776445,
    -1.557762155097116,
    -1.5578204997232503,
    -1.5578787785974484,
    -1.5579369919611108,
    -1.5579951400556387,
    -1.5580532231224324,
    -1.5581112414028933,
    -1.5581691951384216,
    -1.5582270845704183,
    -1.5582849099402847,
    -1.5583426714894208,
    -1.558400369459228,
    -1.5584580040911074,
    -1.5585155756264588,
    -1.5585730843066836,
    -1.5586305303731827,
    -1.5586879140673569,
    -1.5587452356306066,
    -1.5588024953043331,
    -1.5588596933299372,
    -1.5589168299488194,
    -1.5589739054023806,
    -1.5590309199320218,
    -1.5590878737791436,
    -1.5591447671851468,
    -1.5592016003914322,
    -1.559258373639401,
    -1.5593150871704535,
    -1.5593717412259909,
    -1.5594283360474137,
    -1.559484871876123,
    -1.5595413489535193,
    -1.5595977675210035,
    -1.5596541278199767,
    -1.5597104300918394,
    -1.5597666745779926,
    -1.559822861519837,
    -1.5598789911587734,
    -1.5599350637362026,
    -1.5599910794935254,
    -1.560047038672143,
    -1.5601029415134555,
    -1.5601587882588641,
    -1.56021457914977,
    -1.5602703144275734,
    -1.5603259943336751,
    -1.5603816191094764,
    -1.5604371889963777,
    -1.56049270423578,
    -1.560548165069084,
    -1.560603571737691,
    -1.560658924483001,
    -1.560714223546415,
    -1.5607694691693346,
    -1.5608246615931596,
    -1.5608798010592912,
    -1.5609348878091305,
    -1.560989922084078,
    -1.5610449041255345,
    -1.561099834174901,
    -1.561154712473578,
    -1.5612095392629668,
    -1.5612643147844676,
    -1.5613190392794816,
    -1.5613737129894099,
    -1.5614283361556525,
    -1.5614829090196107,
    -1.5615374318226858,
    -1.5615919048062776,
    -1.5616463282117874,
    -1.5617007022806162,
    -1.5617550272541647,
    -1.5618093033738334,
    -1.5618635308810234,
    -1.5619177100171355,
    -1.5619718410235703,
    -1.562025924141729,
    -1.5620799596130124,
    -1.5621339476788207,
    -1.5621878885805551,
    -1.5622417825596167,
    -1.562295629857406,
    -1.5623494307153236,
    -1.5624031853747706,
    -1.5624568940771482,
    -1.5625105570638564,
    -1.5625641745762964,
    -1.562617746855869,
    -1.5626712741439752,
    -1.5627247566820155,
    -1.5627781947113908,
    -1.5628315884735022,
    -1.56288493820975,
    -1.5629382441615354,
    -1.562991506570259,
    -1.5630447256773219,
    -1.5630979017241244,
    -1.5631510349520679,
    -1.5632041256025528,
    -1.56325717391698,
    -1.5633101801367504,
    -1.5633631445032647,
    -1.563416067257924,
    -1.5634689486421287,
    -1.5635217888972799,
    -1.5635745882647785,
    -1.5636273469860247,
    -1.5636800653024199,
    -1.5637327434553647,
    -1.5637853816862601,
    -1.5638379802365068,
    -1.5638905393475053,
    -1.5639430592606571,
    -1.5639955402173622,
    -1.564047982459022,
    -1.564100386227037,
    -1.5641527517628084,
    -1.5642050793077367,
    -1.5642573691032227,
    -1.5643096213906673,
    -1.5643618364114713,
    -1.5644140144070353,
    -1.5644661556187607,
    -1.5645182602880474,
    -1.564570328656297,
    -1.56462236096491,
    -1.5646743574552875,
    -1.5647263183688298,
    -1.564778243946938,
    -1.564830134431013,
    -1.5648819900624553,
    -1.564933811082666,
    -1.5649855977330458,
    -1.5650373502549957,
    -1.5650890688899162,
    -1.5651407538792081,
    -1.565192405464273,
    -1.5652440238865104,
    -1.565295609387322,
    -1.5653471622081083,
    -1.5653986825902706,
    -1.565450170775209,
    -1.5655016270043247,
    -1.5655530515190186,
    -1.5656044445606911,
    -1.5656558063707433,
    -1.5657071371905762,
    -1.5657584372615903,
    -1.5658097068251864,
    -1.5658609461227655,
    -1.5659121553957285,
    -1.5659633348854758,
    -1.5660144848334083,
    -1.5660656054809274,
    -1.5661166970694331,
    -1.5661677598403267,
    -1.566218794035009,
    -1.5662697998948807,
    -1.5663207776613426,
    -1.5663717275757953,
    -1.5664226498796403,
    -1.5664735448142777,
    -1.5665244126211084,
    -1.5665752535415336,
    -1.566626067816954,
    -1.56667685568877,
    -1.5667276173983828,
    -1.5667783531871933,
    -1.566829063296602,
    -1.5668797479680099,
    -1.5669304074428176,
    -1.5669810419624264,
    -1.5670316517682363,
    -1.5670822371016488,
    -1.5671327982040648,
    -1.5671833353168845,
    -1.5672338486815092,
    -1.5672843385393396,
    -1.5673348051317761,
    -1.56738524870022,
    -1.567435669486072,
    -1.567486067730733,
    -1.5675364436756036,
    -1.5675867975620847,
    -1.5676371296315772,
    -1.5676874401254817,
    -1.5677377292851993,
    -1.5677879973521305,
    -1.5678382445676764,
    -1.5678884711732375,
    -1.5679386774102149,
    -1.5679888635200094,
    -1.5680390297440214,
    -1.5680891763236522,
    -1.5681393035003024,
    -1.5681894115153732,
    -1.5682395006102645,
    -1.568289571026378,
    -1.5683396230051143,
    -1.5683896567878737,
    -1.5684396726160577,
    -1.5684896707310665,
    -1.5685396513743017,
    -1.5685896147871632,
    -1.5686395612110524,
    -1.56868949088737,
    -1.5687394040575169,
    -1.5687893009628935,
    -1.568839181844901,
    -1.5688890469449404,
    -1.5689388965044118,
    -1.5689887307647166,
    -1.5690385499672554,
    -1.569088354353429,
    -1.5691381441646384,
    -1.5691879196422844,
    -1.5692376810277673,
    -1.5692874285624885,
    -1.5693371624878485,
    -1.5693868830452484,
    -1.5694365904760887,
    -1.5694862850217703,
    -1.5695359669236946,
    -1.5695856364232612,
    -1.5696352937618718,
    -1.5696849391809269,
    -1.5697345729218277,
    -1.5697841952259743,
    -1.569833806334768,
    -1.56988340648961,
    -1.5699329959319002,
    -1.5699825749030398,
    -1.5700321436444298,
    -1.5700817023974711,
    -1.5701312514035641,
    -1.5701807909041097,
    -1.570230321140509,
    -1.5702798423541626,
    -1.5703293547864712,
    -1.5703788586788356,
    -1.5704283542726574,
    -1.5704778418093361,
    -1.5705273215302735,
    -1.5705767936768702,
    -1.5706262584905266,
    -1.570675716212644,
    -1.5707251670846232,
    -1.5707746113478644,
    -1.5708240492437693,
    -1.570873481013738,
    -1.5709229068991717,
    -1.5709723271414708,
    -1.5710217419820367,
    -1.57107115166227,
    -1.5711205564235713,
    -1.5711699565073414,
    -1.571219352154981,
    -1.5712687436078918,
    -1.5713181311074735,
    -1.5713675148951276,
    -1.5714168952122547,
    -1.5714662723002555,
    -1.5715156464005309,
    -1.5715650177544818,
    -1.571614386603509,
    -1.571663753189013,
    -1.571713117752395,
    -1.5717624805350559,
    -1.571811841778396,
    -1.5718612017238163,
    -1.5719105606127177,
    -1.5719599186865014,
    -1.5720092761865676,
    -1.5720586333543174,
    -1.5721079904311515,
    -1.5721573474995936,
    -1.5722067046421677,
    -1.5722560619413974,
    -1.5723054194798063,
    -1.5723547773399185,
    -1.5724041356042573,
    -1.572453494355347,
    -1.5725028536757106,
    -1.5725522136478727,
    -1.5726015743543564,
    -1.572650935877686,
    -1.5727002983003844,
    -1.572749661704976,
    -1.572799026173985,
    -1.572848391789934,
    -1.5728977586353476,
    -1.5729471267927493,
    -1.5729964963446628,
    -1.5730458673736116,
    -1.5730952399621199,
    -1.5731446141927115,
    -1.5731939901479097,
    -1.5732433679102384,
    -1.5732927475622216,
    -1.5733421291863827,
    -1.5733915128652458,
    -1.5734408986813342,
    -1.5734902867171723,
    -1.5735396770552832,
    -1.573589069778191,
    -1.5736384649684194,
    -1.5736878627084918,
    -1.5737372630809325,
    -1.5737866661682651,
    -1.5738360720530131,
    -1.5738854808177005,
    -1.5739348925448509,
    -1.5739843073169881,
    -1.5740337252166359,
    -1.5740831463263179,
    -1.574132570728558,
    -1.5741819985058798,
    -1.5742314297408073,
    -1.574280864515864,
    -1.5743303029135738,
    -1.5743797450164603,
    -1.5744291909070474,
    -1.5744786406678588,
    -1.5745280943814182,
    -1.5745775521302494,
    -1.574627013996876,
    -1.5746764800638222,
    -1.5747259504136113,
    -1.574775425128767,
    -1.5748249042918134,
    -1.574874387985274,
    -1.5749238762916726,
    -1.574973369293533,
    -1.5750228670733792,
    -1.5750723697137343,
    -1.5751218772971225,
    -1.5751713899060678,
    -1.5752209076230932,
    -1.5752704305307228,
    -1.5753199587114806,
    -1.5753694922478905,
    -1.5754190312224754,
    -1.5754685757177598,
    -1.5755181258162672,
    -1.5755676816005213,
    -1.575617243153046,
    -1.575666810556365,
    -1.5757163838930017,
    -1.5757659632454803,
    -1.5758155486963243,
    -1.575865140328058,
    -1.5759147382232044,
    -1.5759643424642873,
    -1.576013953133831,
    -1.576063570314359,
    -1.5761131940883948,
    -1.5761628245384625,
    -1.5762124617470856,
    -1.576262105796788,
    -1.5763117567700933,
    -1.5763614147495255,
    -1.5764110798176079,
    -1.5764607520568648,
    -1.5765104315498195,
    -1.5765601183789961,
    -1.5766098126269181,
    -1.5766595143761093,
    -1.5767092237090936,
    -1.5767589407083944,
    -1.5768086654565359,
    -1.5768583980360413,
    -1.576908138529435,
    -1.5769578870192404,
    -1.5770076435879812,
    -1.5770574083181812,
    -1.5771071812923643,
    -1.5771569625930537,
    -1.5772067523027742,
    -1.5772565505040483,
    -1.5773063572794008,
    -1.5773561727113548,
    -1.5774059968824343,
    -1.577455829875163,
    -1.5775056717720646,
    -1.5775555226556632,
    -1.577605382608482,
    -1.5776552517130449,
    -1.5777051300518758,
    -1.5777550177074986,
    -1.5778049147624367,
    -1.577854821299214,
    -1.5779047374003545,
    -1.5779546631483814,
    -1.5780045986258187,
    -1.5780545439151903,
    -1.57810449909902,
    -1.578154464259831,
    -1.5782044394801478,
    -1.578254424842494,
    -1.5783044204293926,
    -1.578354426323368,
    -1.5784044426069441,
    -1.578454469362644,
    -1.5785045066729921,
    -1.5785545546205118,
    -1.578604613287727,
    -1.5786546827571613,
    -1.5787047631113384,
    -1.5787548544327825,
    -1.5788049568040168,
    -1.5788550703075652,
    -1.5789051950259516,
    -1.5789553310417,
    -1.5790054784373333,
    -1.579055637295376,
    -1.5791058076983517,
    -1.579155989728784,
    -1.5792061834691966,
    -1.5792563890021134,
    -1.5793066064100583,
    -1.5793568357755545,
    -1.5794070771811264,
    -1.5794573307092974,
    -1.5795075964425913,
    -1.5795578744635317,
    -1.5796081648546425,
    -1.5796584676984478,
    -1.5797087830774708,
    -1.5797591110742353,
    -1.5798094517712653,
    -1.5798598052510846,
    -1.5799101715962165,
    -1.5799605508891852,
    -1.5800109432125145,
    -1.5800613486487276,
    -1.5801117672803486,
    -1.5801621991899015,
    -1.5802126444599096,
    -1.5802631031728969,
    -1.5803135754113868,
    -1.5803640612579037,
    -1.580414560794971,
    -1.580465074105112,
    -1.5805156012708514,
    -1.5805661423747122,
    -1.5806166974992184,
    -1.5806672667268937,
    -1.580717850140262,
    -1.5807684478218467,
    -1.5808190598541718,
    -1.580869686319761,
    -1.5809203273011383,
    -1.580970982880827,
    -1.5810216531413512,
    -1.5810723381652343,
    -1.5811230380350005,
    -1.581173752833173,
    -1.5812244826422763,
    -1.5812752275448334,
    -1.5813259876233685,
    -1.5813767629604052,
    -1.5814275536384672,
    -1.581478359740078,
    -1.581529181347762,
    -1.5815800185440427,
    -1.5816308714114435,
    -1.5816817400324885,
    -1.5817326244897016,
    -1.5817835248656058,
    -1.5818344412427257,
    -1.5818853737035845,
    -1.5819363223307064,
    -1.5819872872066145,
    -1.5820382684138332,
    -1.582089266034886,
    -1.5821402801522966,
    -1.5821913108485886,
    -1.5822423582062863,
    -1.5822934223079128,
    -1.582344503235992,
    -1.582395601073048,
    -1.5824467159016045,
    -1.5824978478041847,
    -1.5825489968633129,
    -1.5826001631615128,
    -1.582651346781308,
    -1.582702547805222,
    -1.582753766315779,
    -1.5828050023955025,
    -1.5828562561269164,
    -1.5829075275925442,
    -1.5829588168749102,
    -1.5830101240565373,
    -1.58306144921995,
    -1.5831127924476716,
    -1.5831641538222263,
    -1.5832155334261373,
    -1.5832669313419285,
    -1.583318347652124,
    -1.5833697824392472,
    -1.583421235785822,
    -1.5834727077743722,
    -1.5835241984874213,
    -1.583575708007493,
    -1.5836272364171116,
    -1.5836787837988004,
    -1.5837303502350832,
    -1.5837819358084837,
    -1.583833540601526,
    -1.5838851646967333,
    -1.5839368081766299,
    -1.5839884711237389,
    -1.5840401536205848,
    -1.584091855749691,
    -1.584143577593581,
    -1.584195319234779,
    -1.5842470807558084,
    -1.5842988622391931,
    -1.5843506637674567,
    -1.5844024854231233,
    -1.5844543272887164,
    -1.5845061894467596,
    -1.5845580719797772,
    -1.5846099749702922,
    -1.5846618985008287,
    -1.5847138426539105,
    -1.5847658075120616,
    -1.5848177931578054,
    -1.5848697996736654,
    -1.5849218271421661,
    -1.5849738756458305,
    -1.5850259452671827,
    -1.5850780360887462,
    -1.5851301481930455,
    -1.5851822816626033,
    -1.5852344365799442,
    -1.5852866130275916,
    -1.585338811088069,
    -1.5853910308439005,
    -1.5854432723776097,
    -1.5854955357717206,
    -1.5855478211087566,
    -1.5856001284712415,
    -1.5856524579416995,
    -1.5857048096026538,
    -1.5857571835366282,
    -1.585809579826147,
    -1.585861998553733,
    -1.5859144398019107,
    -1.5859669036532036,
    -1.5860193901901358,
    -1.5860718994952303,
    -1.5861244316510115,
    -1.586176986740003,
    -1.5862295648447284,
    -1.5862821660477113,
    -1.586334790431476,
    -1.5863874380785459,
    -1.5864401090714446,
    -1.5864928034926962,
    -1.5865455214248243,
    -1.5865982629503526,
    -1.5866510281518045,
    -1.5867038171117045,
    -1.586756629912576,
    -1.5868094666369426,
    -1.586862327367328,
    -1.5869152121862564,
    -1.5869681211762512,
    -1.587021054419836,
    -1.5870740119995348,
    -1.5871269939978716,
    -1.5871800004973695,
    -1.5872330315805527,
    -1.5872860873299452,
    -1.5873391678280702,
    -1.5873922731574515,
    -1.5874454034006131,
    -1.5874985586400787,
    -1.5875517389583718,
    -1.5876049444380165,
    -1.5876581751615364,
    -1.5877114312114553,
    -1.5877647126702967,
    -1.5878180196205849,
    -1.5878713521448429,
    -1.587924710325595,
    -1.5879780942453647,
    -1.588031503986676,
    -1.5880849396320524,
    -1.5881384012640176,
    -1.5881918889650959,
    -1.5882454028178101,
    -1.5882989429046848,
    -1.5883525093082431,
    -1.5884061021110096,
    -1.5884597213955072,
    -1.58851336724426,
    -1.588567039739792,
    -1.5886207389646263,
    -1.588674465001287,
    -1.5887282179322981,
    -1.5887819978401831,
    -1.5888358048074656,
    -1.5888896389166696,
    -1.588943500250319,
    -1.5889973888909368,
    -1.5890513049210475,
    -1.589105248423175,
    -1.589159219479842,
    -1.5892132181735732,
    -1.589267244586892,
    -1.5893212988023226,
    -1.5893753809023878,
    -1.5894294909696123,
    -1.5894836290865193,
    -1.5895377953356327,
    -1.5895919897994761,
    -1.5896462125605735,
    -1.5897004637014487,
    -1.5897547433046253,
    -1.5898090514526266,
    -1.5898633882279773,
    -1.5899177537132005,
    -1.58997214799082,
    -1.5900265711433597,
    -1.5900810232533433,
    -1.5901355044032943,
    -1.5901900146757368,
    -1.5902445541531949,
    -1.5902991229181913,
    -1.5903537210532506,
    -1.590408348640896,
    -1.590463005763652,
    -1.5905176925040414,
    -1.5905724089445885,
    -1.5906271551678173,
    -1.590681931256251,
    -1.5907367372924135,
    -1.5907915733588287,
    -1.5908464395380204,
    -1.5909013359125121,
    -1.5909562625648275,
    -1.5910112195774908,
    -1.5910662070330253,
    -1.591121225013955,
    -1.5911762736028037,
    -1.5912313528820947,
    -1.591286462934352,
    -1.5913416038420996,
    -1.591396775687861,
    -1.59145197855416,
    -1.5915072125235203,
    -1.591562477678466,
    -1.5916177741015203,
    -1.5916731018752073,
    -1.5917284610820503,
    -1.591783851804574,
    -1.5918392741253011,
    -1.591894728126756,
    -1.591950213891462,
    -1.5920057315019434,
    -1.5920612810407233,
    -1.592116862590326,
    -1.5921724762332752,
    -1.5922281220520942,
    -1.592283800129307,
    -1.5923395105474376,
    -1.5923952533890093,
    -1.5924510287365463,
    -1.5925068366725719,
    -1.5925626772796104,
    -1.592618550640185,
    -1.5926744568368196,
    -1.5927303959520382,
    -1.5927863680683645,
    -1.5928423732683217,
    -1.5928984116344345,
    -1.5929544832492257,
    -1.5930105881952195,
    -1.5930667265549396,
    -1.59312289841091,
    -1.593179103845654,
    -1.5932353429416957,
    -1.5932916157815586,
    -1.5933479224477667,
    -1.5934042630228433,
    -1.5934606375893126,
    -1.5935170462296986,
    -1.593573489026524,
    -1.5936299660623137,
    -1.593686477419591,
    -1.5937430231808791,
    -1.5937996034287025,
    -1.5938562182455847,
    -1.5939128677140495,
    -1.5939695519166206,
    -1.5940262709358215,
    -1.5940830248541766,
    -1.5941398137542089,
    -1.5941966377184427,
    -1.5942534968294015,
    -1.594310391169609,
    -1.594367320821589,
    -1.5944242858678652,
    -1.5944812863909619,
    -1.594538322473402,
    -1.5945953941977096,
    -1.5946525016464086,
    -1.5947096449020226,
    -1.5947668240470754,
    -1.5948240391640907,
    -1.5948812903355922,
    -1.5949385776441038,
    -1.594995901172149,
    -1.595053261002252,
    -1.5951106572169362,
    -1.5951680898987253,
    -1.5952255591301432,
    -1.5952830649937138,
    -1.5953406075719605,
    -1.5953981869474072,
    -1.5954558032025776,
    -1.5955134564199955,
    -1.595571146682185,
    -1.595628874071669,
    -1.595686638670972,
    -1.5957444405626175,
    -1.5958022798291294,
    -1.5958601565530313,
    -1.5959180708168466,
    -1.5959760227030995,
    -1.5960340122943137,
    -1.5960920396730132,
    -1.596150104921721,
    -1.5962082081229614,
    -1.5962663493592584,
    -1.596324528713135,
    -1.5963827462671154,
    -1.5964410021037232,
    -1.5964992963054825,
    -1.5965576289549166,
    -1.5966160001345495,
    -1.596674409926905,
    -1.5967328584145064,
    -1.596791345679878,
    -1.5968498718055435,
    -1.596908436874026,
    -1.59696704096785,
    -1.597025684169539,
    -1.5970843665616168,
    -1.5971430882266069,
    -1.5972018492470332,
    -1.5972606497054198,
    -1.5973194896842897,
    -1.5973783692661672,
    -1.597437288533576,
    -1.5974962475690397,
    -1.5975552464550822,
    -1.597614285274227,
    -1.5976733641089982,
    -1.5977324830419193,
    -1.5977916421555138,
    -1.597850841532306,
    -1.5979100812548197,
    -1.5979693614055779,
    -1.598028682067105,
    -1.5980880433219247,
    -1.5981474452525604,
    -1.5982068879415359,
    -1.5982663714713754,
    -1.5983258959246023,
    -1.59838546138374,
    -1.598445067931313,
    -1.5985047156498449,
    -1.598564404463226,
    -1.5986241342953469,
    -1.5986839050700994,
    -1.5987437167113732,
    -1.5988035691430593,
    -1.5988634622890487,
    -1.5989233960732323,
    -1.5989833704195004,
    -1.5990433852517438,
    -1.5991034404938536,
    -1.5991635360697203,
    -1.5992236719032344,
    -1.599283847918287,
    -1.599344064038769,
    -1.5994043201885706,
    -1.5994646162915829,
    -1.599524952271697,
    -1.5995853280528027,
    -1.5996457435587916,
    -1.599706198713554,
    -1.599766693440981,
    -1.599827227664963,
    -1.599887801309391,
    -1.5999484142981555,
    -1.6000090665551474,
    -1.6000697580042575,
    -1.6001304885693766,
    -1.6001912581743951,
    -1.600252066743204,
    -1.6003129141996941,
    -1.6003738004677561,
    -1.6004347254712807,
    -1.6004956891341586,
    -1.600556691380281,
    -1.6006177321335378,
    -1.60067881131782,
    -1.600739928857019,
    -1.6008010846750251,
    -1.600862278695729,
    -1.6009235108430213,
    -1.6009847810407933,
    -1.6010460892129352,
    -1.6011074352833379,
    -1.6011688191758924,
    -1.6012302408144892,
    -1.601291700123019,
    -1.6013531970253725,
    -1.6014147314454408,
    -1.6014763033071144,
    -1.601537912534284,
    -1.6015995590508403,
    -1.6016612427806747,
    -1.6017229636476769,
    -1.6017847215757384,
    -1.6018465164887496,
    -1.6019083483106016,
    -1.6019702169651846,
    -1.6020321223763898,
    -1.6020940644681079,
    -1.6021560431642294,
    -1.6022180583886454,
    -1.6022801100652464,
    -1.6023421981179231,
    -1.6024043224705664,
    -1.602466483047067,
    -1.6025286797713159,
    -1.602590912567203,
    -1.6026531813586202,
    -1.6027154860694577,
    -1.602777826623606,
    -1.602840202944956,
    -1.6029026149573986,
    -1.6029650625848246,
    -1.6030275457511245,
    -1.603090064380189,
    -1.6031526183959095,
    -1.6032152077221762,
    -1.6032778322828796,
    -1.603340492001911,
    -1.6034031868031609,
    -1.6034659166105198,
    -1.603528681347879,
    -1.603591480939129,
    -1.6036543153081604,
    -1.603717184378864,
    -1.6037800880751307,
    -1.6038430263208512,
    -1.603905999039916,
    -1.603969006156216,
    -1.6040320475936423,
    -1.6040951232760852,
    -1.6041582331274356,
    -1.6042213770715843,
    -1.6042845550324218,
    -1.604347766933839,
    -1.604411012699727,
    -1.604474292253976,
    -1.604537605520477,
    -1.6046009524231208,
    -1.6046643328857981,
    -1.6047277468323995,
    -1.6047911941868158,
    -1.6048546748729382,
    -1.6049181888146566,
    -1.6049817359358625,
    -1.6050453161604463,
    -1.6051089294122989,
    -1.6051725756153108,
    -1.6052362546933727,
    -1.605299966570376,
    -1.6053637111702108,
    -1.605427488416768,
    -1.6054912982339384,
    -1.605555140545613,
    -1.605619015275682,
    -1.6056829223480364,
    -1.6057468616865673,
    -1.6058108332151648,
    -1.60587483685772,
    -1.6059388725381238,
    -1.606002940180267,
    -1.6060670397080397,
    -1.6061311710453332,
    -1.6061953341160382,
    -1.6062595288440453,
    -1.6063237551532452,
    -1.6063880129675292,
    -1.606452302210787,
    -1.6065166228069103,
    -1.6065809746797894,
    -1.6066453577533155,
    -1.6067097719513788,
    -1.60677421719787,
    -1.6068386934166805,
    -1.6069032005317003,
    -1.6069677384668206,
    -1.607032307145932,
    -1.6070969064929255,
    -1.6071615364316916,
    -1.6072261968861208,
    -1.6072908877801044,
    -1.607355609037533,
    -1.6074203605822968,
    -1.6074851423382872,
    -1.607549954229395,
    -1.6076147961795102,
    -1.6076796681125243,
    -1.6077445699523278,
    -1.6078095016228113,
    -1.6078744630478656,
    -1.6079394541513816,
    -1.6080044748572502,
    -1.6080695250893615,
    -1.6081346047716067,
    -1.608199713827877,
    -1.6082648521820622,
    -1.6083300197580535,
    -1.6083952164797417,
    -1.6084604422710176,
    -1.6085256970557718,
    -1.6085909807578949,
    -1.6086562933012782,
    -1.6087216346098119,
    -1.6087870046073869,
    -1.608852403217894,
    -1.6089178303652238,
    -1.6089832859732673,
    -1.6090487699659153,
    -1.6091142822670583,
    -1.609179822800587,
    -1.6092453914903921,
    -1.609310988260365,
    -1.6093766130343956,
    -1.609442265736375,
    -1.609507946290194,
    -1.6095736546197437,
    -1.609639390648914,
    -1.609705154301596,
    -1.609770945501681,
    -1.609836764173059,
    -1.6099026102396212,
    -1.6099684836252581,
    -1.6100343842538607,
    -1.6101003120493194,
    -1.6101662669355252,
    -1.610232248836369,
    -1.610298257675741,
    -1.6103642933775324,
    -1.6104303558656337,
    -1.610496445063936,
    -1.6105625608963297,
    -1.6106287032867057,
    -1.610694872158955,
    -1.6107610674369677,
    -1.610827289044635,
    -1.6108935369058477,
    -1.6109598109444963,
    -1.6110261110844715,
    -1.6110924372496642,
    -1.6111587893639656,
    -1.6112251673512656,
    -1.6112915711354554,
    -1.611358000640426,
    -1.6114244557900677,
    -1.6114909365082712,
    -1.6115574427189274,
    -1.6116239743459275,
    -1.6116905313131615,
    -1.6117571135445206,
    -1.6118237209638957,
    -1.6118903534951767,
    -1.6119570110622554,
    -1.6120236935890218,
    -1.6120904009993673,
    -1.6121571332171818,
    -1.6122238901663568,
    -1.6122906717707828,
    -1.6123574779543504,
    -1.6124243086409504,
    -1.6124911637544737,
    -1.6125580432188111,
    -1.612624946957853,
    -1.6126918748954904,
    -1.6127588269556141,
    -1.6128258030621148,
    -1.612892803138883,
    -1.6129598271098098,
    -1.6130268748987857,
    -1.6130939464297014,
    -1.613161041626448,
    -1.6132281604129162,
    -1.6132953027129964,
    -1.6133624684505794,
    -1.6134296575495564,
    -1.6134968699338175,
    -1.6135641055272538,
    -1.613631364253756,
    -1.6136986460372154,
    -1.6137659508015216,
    -1.6138332784705662,
    -1.61390062896824,
    -1.613968002218433,
    -1.6140353981450366,
    -1.6141028166719413,
    -1.6141702577230381,
    -1.6142377212222174,
    -1.61430520709337,
    -1.6143727152603873,
    -1.614440245647159,
    -1.6145077981775764,
    -1.61457537277553,
    -1.6146429693649111,
    -1.61471058786961,
    -1.6147782282135175,
    -1.6148458903205245,
    -1.6149135741145215,
    -1.6149812795193994,
    -1.6150490064590488,
    -1.615116754857361,
    -1.615184524638226,
    -1.6152523157255347,
    -1.6153201280431786,
    -1.6153879615150475,
    -1.6154558160650323,
    -1.6155236916170241,
    -1.6155915880949139,
    -1.6156595054225917,
    -1.6157274435239486,
    -1.6157954023228756,
    -1.615863381743263,
    -1.6159313817090017,
    -1.6159994021439827,
    -1.6160674429720965,
    -1.6161355041172338,
    -1.6162035855032855,
    -1.6162716870541423,
    -1.6163398086936949,
    -1.616407950345834,
    -1.6164761119344508,
    -1.6165442933834353,
    -1.6166124946166787,
    -1.6166807155580716,
    -1.6167489561315052,
    -1.6168172162608696,
    -1.6168854958700558,
    -1.6169537948829547,
    -1.6170221132234568,
    -1.6170904508154529,
    -1.617158807582834,
    -1.6172271834494907,
    -1.6172955783393135,
    -1.6173639921761933,
    -1.6174324248840213,
    -1.6175008763866876,
    -1.6175693466080832,
    -1.617637835472099,
    -1.6177063429026253,
    -1.6177748688235534,
    -1.6178434131587736,
    -1.617911975832177,
    -1.617980556767654,
    -1.6180491558890957,
    -1.6181177731203926,
    -1.6181864083854356,
    -1.6182550616081153,
    -1.6183237327123225,
    -1.6183924216219483,
    -1.6184611282608827,
    -1.618529852553017,
    -1.618598594422242,
    -1.618667353792448,
    -1.618736130587526,
    -1.618804924731367,
    -1.6188737361478616,
    -1.6189425647609001,
    -1.6190114104943738,
    -1.6190802732721734,
    -1.6191491530181892,
    -1.6192180496563122,
    -1.6192869631104334,
    -1.6193558933044434,
    -1.6194248401622329,
    -1.6194938036076925,
    -1.619562783564713,
    -1.6196317799571855,
    -1.6197007927090001,
    -1.6197698217440484,
    -1.6198388669862205,
    -1.6199079283594071,
    -1.6199770057874994,
    -1.620046099194388,
    -1.6201152085039634,
    -1.6201843336401165,
    -1.6202534745267383,
    -1.620322631087719,
    -1.6203918032469498,
    -1.6204609909283212,
    -1.6205301940557244,
    -1.6205994125530494,
    -1.6206686463441875,
    -1.6207378953530296,
    -1.6208071595034659,
    -1.6208764387193872,
    -1.6209457329246846,
    -1.6210150420432488,
    -1.6210843659989702,
    -1.62115370471574,
    -1.621223058117449,
    -1.621292426127987,
    -1.6213618086712458,
    -1.6214312056711158,
    -1.6215006170514878,
    -1.6215700427362523,
    -1.6216394826493001,
    -1.6217089367145225,
    -1.6217784048558095,
    -1.6218478869970523,
    -1.6219173830621414,
    -1.621986892974968,
    -1.622056416659422,
    -1.6221259540393949,
    -1.6221955050387773,
    -1.6222650695814596,
    -1.622334647591333,
    -1.622404238992288,
    -1.6224738437082153,
    -1.622543461663006,
    -1.6226130927805502,
    -1.6226827369847394,
    -1.622752394199464,
    -1.6228220643486144,
    -1.622891747356082,
    -1.622961443145757,
    -1.6230311516415306,
    -1.623100872767293,
    -1.6231706064469358,
    -1.6232403526043486,
    -1.6233101111634232,
    -1.6233798820480498,
    -1.6234496651821193,
    -1.6235194604895222,
    -1.6235892678941497,
    -1.6236590873198924,
    -1.6237289186906407,
    -1.6237987619302856,
    -1.6238686169627181,
    -1.6239384837118287,
    -1.6240083621015078,
    -1.6240782520556467,
    -1.6241481534981361,
    -1.6242180663528665,
    -1.6242879905437284,
    -1.6243579259946135,
    -1.6244278726294115,
    -1.6244978303720137,
    -1.6245677991463108,
    -1.6246377788761932,
    -1.624707769485552,
    -1.624777770898278,
    -1.6248477830382622,
    -1.6249178058293945,
    -1.624987839195566,
    -1.6250578830606681,
    -1.6251279373485905,
    -1.6251980019832246,
    -1.625268076888461,
    -1.6253381619881908,
    -1.625408257206304,
    -1.6254783624666918,
    -1.6255484776932452,
    -1.6256186028098543,
    -1.6256887377404103,
    -1.6257588824088038,
    -1.6258290367389259,
    -1.6258992006546666,
    -1.6259693740799173,
    -1.6260395569385686,
    -1.6261097491545111,
    -1.6261799506516355,
    -1.6262501613538327,
    -1.6263203811849938,
    -1.6263906100690089,
    -1.6264608479297689,
    -1.626531094691165,
    -1.6266013502770873,
    -1.626671614611427,
    -1.6267418876180748,
    -1.6268121692209214,
    -1.6268824593438573,
    -1.6269527579107734,
    -1.6270230648455608,
    -1.6270933800721097,
    -1.6271637035143112,
    -1.6272340350960561,
    -1.6273043747412348,
    -1.6273747223737383,
    -1.6274450779174572,
    -1.6275154412962825,
    -1.6275858124341047,
    -1.6276561912548146,
    -1.627726577682303,
    -1.6277969716404608,
    -1.6278673730531783,
    -1.6279377818443466,
    -1.6280081979378567,
    -1.6280786212575986,
    -1.6281490517274635,
    -1.6282194892713424,
    -1.6282899338131256,
    -1.628360385276704,
    -1.6284308435859682,
    -1.6285013086648097,
    -1.628571780437118,
    -1.6286422588267848,
    -1.6287127437577007,
    -1.6287832351537561,
    -1.628853732938842,
    -1.6289242370368489
]