[
    0.10248289389128562,
    0.10261932105877086,
    0.10275048368817491,
    0.10287639963515283,
    0.10299708675535996,
    0.10311256290445159,
    0.1032228459380829,
    0.10332795371190934,
    0.10342790408158603,
    0.10352271490276826,
    0.10361240403111138,
    0.10369698932227056,
    0.10377648863190114,
    0.1038509198156583,
    0.10392030072919733,
    0.10398464922817358,
    0.10404398316824226,
    0.10409832040505873,
    0.10414767879427811,
    0.1041920761915558,
    0.1042315304525469,
    0.10426605943290684,
    0.1042956809882909,
    0.10432041297435424,
    0.10434027324675216,
    0.10435527966113989,
    0.10436545007317288,
    0.10437080233850621,
    0.10437135431279515,
    0.10436712385169522,
    0.10435812881086132,
    0.10434438704594895,
    0.10432591641261335,
    0.1043027347665097,
    0.10427485996329344,
    0.10424230985861965,
    0.10420510230814373,
    0.1041632551675209,
    0.10411678629240645,
    0.10406571353845562,
    0.10401005476132369,
    0.10394982781666595,
    0.10388505056013753,
    0.10381574084739387,
    0.10374191653409032,
    0.10366359547588189,
    0.10358079552842403,
    0.10349353454737192,
    0.10340183038838097,
    0.10330570090710617,
    0.1032051639592031,
    0.10310023740032687,
    0.1029909390861326,
    0.10287728687227593,
    0.10275929861441191,
    0.10263699216819583,
    0.10251038538928287,
    0.10237949613332842,
    0.10224434225598772,
    0.10210494161291606,
    0.1019613120597686,
    0.10181347145220082,
    0.10166143764586777,
    0.10150522849642485,
    0.10134486185952724,
    0.10118035559083033,
    0.1010117275459893,
    0.10083899558065934,
    0.100662177550496,
    0.10048129131115419,
    0.10029635471828946,
    0.100107385627557,
    0.09991440189461193,
    0.09971742137510975,
    0.09951646192470553,
    0.09931154139905474,
    0.09910267765381242,
    0.09888988854463404,
    0.09867319192717477,
    0.09845260565708985,
    0.09822814759003468,
    0.09799983558166436,
    0.09776768748763431,
    0.09753172116359976,
    0.09729195446521582,
    0.09704840524813796,
    0.0968010913680214,
    0.09655003068052137,
    0.09629524104129317,
    0.09603674030599207,
    0.09577454633027327,
    0.0955086769697922,
    0.09523915008020395,
    0.0949659835171639,
    0.09468919513632723,
    0.09440880279334929,
    0.0941248243438853,
    0.09383727764359062,
    0.0935461805481203,
    0.09325155091312992,
    0.09295340659427453,
    0.09265176544720938,
    0.0923466453275899,
    0.09203806409107135,
    0.09172603959330877,
    0.09141058968995769,
    0.09109173223667322,
    0.0907694850891107,
    0.09044386610292537,
    0.09011489313377252,
    0.08978258403730738,
    0.08944695666918528,
    0.08910802888506147,
    0.08876581854059118,
    0.08842034349142963,
    0.08807162159323229,
    0.08771967070165426,
    0.0873645086723509,
    0.08700615336097733,
    0.08664462262318895,
    0.08627993431464104,
    0.08591210629098878,
    0.08554115640788756,
    0.08516710252099247,
    0.08478996248595899,
    0.08440975415844226,
    0.08402649539409746,
    0.08364020404858008,
    0.08325089797754531,
    0.08285859503664839,
    0.08246331308154448,
    0.08206506996788904,
    0.0816638835513373,
    0.08125977168754445,
    0.08085275223216581,
    0.08044284304085653,
    0.08003006196927209,
    0.07961442687306763,
    0.07919595560789844,
    0.0787746660294198,
    0.07835057599328693,
    0.07792370335515525,
    0.07749406597067987,
    0.07706168169551603,
    0.07662656838531912,
    0.07618874389574432,
    0.07574822608244708,
    0.07530503280108247,
    0.07485918190730584,
    0.07441069125677241,
    0.07395957870513747,
    0.07350586210805626,
    0.07304955932118418,
    0.07259068820017645,
    0.07212926660068819,
    0.07166531237837481,
    0.07119884338889154,
    0.07072987748789372,
    0.07025843253103653,
    0.06978452637397531,
    0.06930817687236507,
    0.06882940188186154,
    0.06834821925811957,
    0.06786464685679472,
    0.06737870253354211,
    0.06689040414401698,
    0.06639976954387472,
    0.06590681658877046,
    0.0654115631343597,
    0.06491402703629734,
    0.06441422615023906,
    0.06391217833183993,
    0.06340790143675507,
    0.06290141332063998,
    0.06239273183914984,
    0.06188187484794,
    0.061368860202665576,
    0.06085370575898197,
    0.06033642937254441,
    0.05981704889900802,
    0.05929558219402831,
    0.058772047113260506,
    0.05824646151235968,
    0.057718843246981344,
    0.05718921017278067,
    0.056657580145412834,
    0.05612397102053329,
    0.05558840065379711,
    0.055050886900859686,
    0.05451144761737625,
    0.05397010065900215,
    0.053426863881392506,
    0.05288175514020271,
    0.05233479229108795,
    0.051785993189703505,
    0.05123537569170472,
    0.05068295765274683,
    0.05012875692848506,
    0.049572791374574765,
    0.049015078846671056,
    0.04845563720042945,
    0.047894484291504946,
    0.04733163797555301,
    0.04676711610822876,
    0.04620093654518764,
    0.045633117142084734,
    0.04506367575457543,
    0.04449263023831501,
    0.04391999844895872,
    0.04334579824216167,
    0.042770047473579376,
    0.04219276399886701,
    0.04161396567367981,
    0.04103367035367306,
    0.04045189589450199,
    0.039868660151822,
    0.039283980981288213,
    0.03869787623855597,
    0.038110363779280454,
    0.03752146145911717,
    0.03693118713372112,
    0.03633955865874766,
    0.03574659388985213,
    0.0351523106826897,
    0.03455672689291572,
    0.033959860376185536,
    0.033361728988154205,
    0.03276235058447702,
    0.032161743020809375,
    0.03155992415280651,
    0.0309569118361237,
    0.030352723926416247,
    0.02974737827933921,
    0.029140892750548097,
    0.028533285195698144,
    0.027924573470444414,
    0.027314775430442417,
    0.02670390893134733,
    0.026091991828814443,
    0.02547904197849904,
    0.024865077236056243,
    0.024250115457141508,
    0.02363417449741012,
    0.023017272212517093,
    0.022399426458117988,
    0.021780655089867818,
    0.02116097596342209,
    0.02054040693443604,
    0.019918965858564674,
    0.01929667059146356,
    0.01867353898878793,
    0.018049588906192904,
    0.017424838199333825,
    0.016799304723865927,
    0.016173006335444606,
    0.015545960889724875,
    0.014918186242362352,
    0.014289700249012105,
    0.01366052076532931,
    0.013030665646969475,
    0.012400152749587612,
    0.01176899992883923,
    0.01113722504037945,
    0.010504845939863616,
    0.00987188048294696,
    0.009238346525284713,
    0.008604261922532164,
    0.0079696445303446,
    0.007334512204377419,
    0.006698882800285633,
    0.006062774173724694,
    0.005426204180349836,
    0.004789190675816235,
    0.0041517515157792895,
    0.0035139045558942317,
    0.002875667651816294,
    0.002237058659200708,
    0.0015980954337028175,
    0.0009587958309780209,
    0.0003191777066813284,
    -0.00032074108353186137,
    -0.0009609426840063162,
    -0.0016014092390867485,
    -0.002242122893117926,
    -0.00288306579044445,
    -0.0035242200754111996,
    -0.004165567892362831,
    -0.004807091385644113,
    -0.005448772699599758,
    -0.006090593978574477,
    -0.006732537366913038,
    -0.007374585008960155,
    -0.008016719049060539,
    -0.008658921631558902,
    -0.009301174900800124,
    -0.009943461001128695,
    -0.010585762076889493,
    -0.011228060272427287,
    -0.011870337732086844,
    -0.012512576600212655,
    -0.013154759021149598,
    -0.013796867139242441,
    -0.014438883098835897,
    -0.015080789044274678,
    -0.015722567119903497,
    -0.016364199470067065,
    -0.01700566823911015,
    -0.01764695557137763,
    -0.018288043611213944,
    -0.018928914502964023,
    -0.019569550390972468,
    -0.02020993341958427,
    -0.020850045733143807,
    -0.02148986947599596,
    -0.022129386792485606,
    -0.022768579826957236,
    -0.023407430723755784,
    -0.024045921627225797,
    -0.024684034681712153,
    -0.025321752031559508,
    -0.02595905582111263,
    -0.026595928194716345,
    -0.027232351296715085,
    -0.02786830727145384,
    -0.02850377826327727,
    -0.029138746416530137,
    -0.029773193875557075,
    -0.030407102784702933,
    -0.03104045528831237,
    -0.03167323353073012,
    -0.03230541965630099,
    -0.032936995809369596,
    -0.033567944134280714,
    -0.03419824677537914,
    -0.034827885877009496,
    -0.035456843583516556,
    -0.03608510203924514,
    -0.0367126433885398,
    -0.03733944977574538,
    -0.03796550334520668,
    -0.0385907862412683,
    -0.03921528060827503,
    -0.03983896859057154,
    -0.04046183233250275,
    -0.041083853978413104,
    -0.04170501567264748,
    -0.04232529955955072,
    -0.042944687783467356,
    -0.04356316248874226,
    -0.044180705819720056,
    -0.04479729992074555,
    -0.04541292693616353,
    -0.046027569010318514,
    -0.04664120828755544,
    -0.047253826912218966,
    -0.04786540702865383,
    -0.04847593078120477,
    -0.04908538031421644,
    -0.0496937377720337,
    -0.05030098529900118,
    -0.05090710503946372,
    -0.05151207913776584,
    -0.05211588973825251,
    -0.05271851898526836,
    -0.053319949023158064,
    -0.05392016199626648,
    -0.05451914004893818,
    -0.05511686532551807,
    -0.0557133199703507,
    -0.05630848612778097,
    -0.056902345942153515,
    -0.05749488155781307,
    -0.05808607511910441,
    -0.05867590877037224,
    -0.05926436465596127,
    -0.05985142492021628,
    -0.06043707170748189,
    -0.06102128716210298,
    -0.06160405342842423,
    -0.06218535265079028,
    -0.062765166973546,
    -0.06334347854103603,
    -0.0639202694976051,
    -0.06449552198759803,
    -0.06506921815535943,
    -0.06564134014523415,
    -0.06621187010156682,
    -0.06678079016870223,
    -0.06734808249098503,
    -0.06791372921276004,
    -0.06847771247837203,
    -0.06904001443216559,
    -0.06960061721848562,
    -0.07015950298167664,
    -0.0707166538660835,
    -0.07127205201605102,
    -0.07182567957592376,
    -0.0723775186900466,
    -0.07292755150276412,
    -0.07347576015842117,
    -0.0740221268013625,
    -0.07456663357593268,
    -0.07510926262647663,
    -0.07564999609733894,
    -0.07618881613286443,
    -0.07672570487739777,
    -0.07726064447528369,
    -0.07779361707086702,
    -0.0783246048084924,
    -0.0788535898325046,
    -0.07938055428724827,
    -0.07990548031706823,
    -0.08042835006630919,
    -0.08094914567931585,
    -0.08146784930043305,
    -0.08198444307400535,
    -0.08249890914437757,
    -0.08301122965589447,
    -0.08352138675290066,
    -0.08402936257974111,
    -0.08453513928076029,
    -0.08503869900030306,
    -0.08554002388271417,
    -0.08603909607233826,
    -0.08653589771352019,
    -0.08703041095060454,
    -0.08752261792793614,
    -0.08801250078985975,
    -0.08850004168071995,
    -0.08898522274486165,
    -0.08946802612662946,
    -0.08994843397036814,
    -0.09042642842042248,
    -0.0909019916211371,
    -0.09137510571685684,
    -0.09184575285192637,
    -0.09231391517069043,
    -0.09277957481749377,
    -0.09324271393668107,
    -0.09370331467259715,
    -0.09416135916958665,
    -0.09461682957199438,
    -0.095069708024165,
    -0.09551997667044326,
    -0.09596761765517392,
    -0.09641261312270169,
    -0.09685494521737131,
    -0.0972945960835275,
    -0.09773154786551502,
    -0.0981657827076785,
    -0.09859728275436278,
    -0.09902603014991262,
    -0.09945200703867263,
    -0.09987519556498764,
    -0.10029557787320229,
    -0.10071313610766136,
    -0.10112785241270963,
    -0.10153970893269174,
    -0.10194868781195254,
    -0.10235477119483663,
    -0.10275794122568882,
    -0.10315818004885377,
    -0.10355546980867628,
    -0.1039497926495011,
    -0.10434113071567283,
    -0.10472946615153633,
    -0.10511478110143635,
    -0.10549705770971751,
    -0.10587627812072467,
    -0.10625242447880234,
    -0.10662547892829546,
    -0.10699542361354875,
    -0.10736224067890682,
    -0.10772591226871456,
    -0.10808642052731651,
    -0.1084437475990575,
    -0.10879787562828233,
    -0.10914878675933559,
    -0.10949646313656217,
    -0.10984088690430666,
    -0.11018204020691388,
    -0.11051990518872845,
    -0.11085446399409521,
    -0.1111856987673589,
    -0.11151359165286415,
    -0.1118381247949558,
    -0.1121592803379785,
    -0.11247704042627699,
    -0.1127913872041961,
    -0.11310230281608039,
    -0.11340976940627476,
    -0.11371376911912381,
    -0.11401428409897235,
    -0.11431129649016505,
    -0.11460478843704672,
    -0.11489474208396205,
    -0.11518113957525575,
    -0.1154639630552726,
    -0.11574319466835725,
    -0.11601881655885449,
    -0.11629081087110907,
    -0.11655915974946565,
    -0.11682387312936601,
    -0.11708496094625165,
    -0.11734243313556428,
    -0.11759629963274562,
    -0.11784657037323717,
    -0.11809325529248074,
    -0.11833636432591788,
    -0.11857590740899032,
    -0.1188118944771396,
    -0.11904433546580748,
    -0.1192732403104356,
    -0.11949861894646552,
    -0.11972048130933896,
    -0.11993883733449762,
    -0.12015369695738301,
    -0.12036507011343692,
    -0.12057296673810095,
    -0.12077739676681673,
    -0.12097837013502596,
    -0.12117589677817026,
    -0.12136998663169127,
    -0.12156064963103061,
    -0.12174789571163003,
    -0.12193173480893113,
    -0.12211217685837553,
    -0.12228923179540496,
    -0.12246290955546096,
    -0.12263322007398528,
    -0.12280017328641951,
    -0.12296377912820539,
    -0.12312404753478444,
    -0.12328098844159845,
    -0.1234346117840889,
    -0.12358492749769762,
    -0.12373194551786618,
    -0.12387567578003622,
    -0.12401612821964941,
    -0.12415331277214736,
    -0.12428723937297179,
    -0.12441791795756435,
    -0.12454535846136665,
    -0.12466957081982034,
    -0.12479056496836706,
    -0.12490835084244853,
    -0.12502293837750633,
    -0.12513433750898217,
    -0.1252425581723177,
    -0.1253476103029545,
    -0.12544950383633424,
    -0.1255482487078986,
    -0.12564385485308927,
    -0.12573633220734787,
    -0.125825690706116,
    -0.1259119402848353,
    -0.12599509087894756,
    -0.1260751524238943,
    -0.12615213485511725,
    -0.126226048108058,
    -0.12629690211815822,
    -0.12636470682085965,
    -0.12642947215160377,
    -0.12649120804583236,
    -0.126549924438987,
    -0.12660563126650945,
    -0.12665833846384122,
    -0.12670805596642404,
    -0.12675479370969955,
    -0.12679856162910946,
    -0.12683936966009535,
    -0.1268772277380988,
    -0.1269121457985616,
    -0.12694413377692537,
    -0.1269732016086317,
    -0.1269993592291223,
    -0.12702261657383881,
    -0.1270429835782229,
    -0.12706047017771616,
    -0.12707508630776027,
    -0.12708684190379688,
    -0.12709574690126768,
    -0.12710181123561426,
    -0.1271050448422783,
    -0.1271054576567015,
    -0.12710305961432544,
    -0.1270978606505918,
    -0.12708987070094221,
    -0.12707909970081832,
    -0.12706555758566185,
    -0.1270492542909144,
    -0.12703019975201763,
    -0.12700840390441315,
    -0.12698387668354266,
    -0.1269566280248478,
    -0.12692666786377022,
    -0.12689400613575158,
    -0.12685865277623354,
    -0.1268206177206577,
    -0.12677991090446572,
    -0.12673654226309933,
    -0.1266905217320001,
    -0.12664185924660973,
    -0.12659056474236985,
    -0.1265366481547221,
    -0.12648011941910814,
    -0.12642098847096964,
    -0.12635926524574823,
    -0.1262949596788856,
    -0.12622808170582334,
    -0.1261586412620031,
    -0.1260866482828666,
    -0.12601211270385543,
    -0.12593504446041132,
    -0.12585545348797583,
    -0.12577334972199067,
    -0.1256887430978974,
    -0.12560164355113784,
    -0.1255120610171535,
    -0.1254200054313861,
    -0.1253254867292772,
    -0.12522851484626857,
    -0.12512909971780178,
    -0.12502725127931855,
    -0.12492297946626046,
    -0.12481629421406921,
    -0.12470720545818643,
    -0.12459572313405376,
    -0.12448185717711288,
    -0.12436561752280544,
    -0.12424701410657307,
    -0.12412605686385744,
    -0.12400275573010015,
    -0.12387712064074295,
    -0.12374916153122742,
    -0.12361888833699525,
    -0.12348631099348803,
    -0.12335143943614746,
    -0.1232142836004152,
    -0.12307485342173287,
    -0.12293315883554214,
    -0.12278920977728466,
    -0.12264301618240207,
    -0.12249458798633603,
    -0.12234393512452818,
    -0.1221910675324202,
    -0.12203599514545374,
    -0.12187872789907041,
    -0.12171927572871188,
    -0.12155764856981983,
    -0.12139385635783588,
    -0.1212279090282017,
    -0.12105981651635891,
    -0.12088958875774919,
    -0.12071723568781423,
    -0.12054276724199557,
    -0.12036619335573498,
    -0.12018752396447403,
    -0.12000676900365441,
    -0.11982393840871779,
    -0.11963904211510575,
    -0.11945209005825999,
    -0.11926309217362217,
    -0.11907205839663394,
    -0.11887899866273693,
    -0.11868392290737279,
    -0.11848684106598319,
    -0.11828776307400979,
    -0.11808669886689423,
    -0.11788365838007811,
    -0.11767865154900319,
    -0.117471688309111,
    -0.11726277859584329,
    -0.11705193234464167,
    -0.1168391594909478,
    -0.11662446997020331,
    -0.11640787371784986,
    -0.11618938066932913,
    -0.11596900076008274,
    -0.11574674392555237,
    -0.11552262010117963,
    -0.11529663922240618,
    -0.11506881122467372,
    -0.11483914604342386,
    -0.11460765361409826,
    -0.11437434387213857,
    -0.11413922675298643,
    -0.1139023121920835,
    -0.11366361012487146,
    -0.11342313048679194,
    -0.11318088321328655,
    -0.11293687823979702,
    -0.11269112550176491,
    -0.11244363493463197,
    -0.11219441647383979,
    -0.11194348005483004,
    -0.11169083561304437,
    -0.11143649308392438,
    -0.11118046240291181,
    -0.11092275350544831,
    -0.11066337632697541,
    -0.1104023408029349,
    -0.11013965686876837,
    -0.10987533445991743,
    -0.10960938351182384,
    -0.10934181395992913,
    -0.10907263573967506,
    -0.10880185878650322,
    -0.10852949303585525,
    -0.10825554842317285,
    -0.10798003488389765,
    -0.1077029623534713,
    -0.10742434076733544,
    -0.10714418006093171,
    -0.10686249016970183,
    -0.1065792810290874,
    -0.10629456257453,
    -0.10600834474147143,
    -0.10572063746535326,
    -0.1054314506816171,
    -0.10514079432570474,
    -0.10484867833305767,
    -0.10455511263911764,
    -0.1042601071793263,
    -0.10396367188912521,
    -0.10366581670395617,
    -0.10336655155926068,
    -0.1030658863904805,
    -0.10276383113305723,
    -0.10246039572243253,
    -0.1021555900940481,
    -0.10184942418334551,
    -0.10154190792576642,
    -0.10123305125675257,
    -0.1009228641117455,
    -0.10061135642618695,
    -0.10029853813551853,
    -0.09998441917518186,
    -0.09966900948061867,
    -0.09935231898727055,
    -0.09903435763057916,
    -0.09871513534598621,
    -0.09839466206893324,
    -0.098072947734862,
    -0.09775000227921411,
    -0.0974258356374312,
    -0.09710045774495495,
    -0.09677387853722699,
    -0.096446107949689,
    -0.09611715591778258,
    -0.09578703237694947,
    -0.09545574726263123,
    -0.09512331051026954,
    -0.09478973205530605,
    -0.09445502183318247,
    -0.09411918977934038,
    -0.09378224582922144,
    -0.09344419991826733,
    -0.09310506198191965,
    -0.09276484195562014,
    -0.09242354977481038,
    -0.09208119537493205,
    -0.09173778869142676,
    -0.09139333965973624,
    -0.09104785821530205,
    -0.09070135429356589,
    -0.09035383782996943,
    -0.09000531875995431,
    -0.08965580701896216,
    -0.08930531254243461,
    -0.08895384526581337,
    -0.08860141512454009,
    -0.08824803205405639,
    -0.08789370598980392,
    -0.0875384468672243,
    -0.08718226462175925,
    -0.0868251691888504,
    -0.08646717050393941,
    -0.08610827850246788,
    -0.08574850311987754,
    -0.08538785429160994,
    -0.08502634195310682,
    -0.08466397603980982,
    -0.08430076648716056,
    -0.08393672323060071,
    -0.08357185620557187,
    -0.08320617534751579,
    -0.08283969059187404,
    -0.08247241187408832,
    -0.08210434912960027,
    -0.08173551229385151,
    -0.08136591130228371,
    -0.08099555609033857,
    -0.08062445659345766,
    -0.08025262274708267,
    -0.07988006448665527,
    -0.07950679174761704,
    -0.07913281446540973,
    -0.07875814257547492,
    -0.07838278601325432,
    -0.07800675471418952,
    -0.07763005861372221,
    -0.07725270764729406,
    -0.07687471175034663,
    -0.07649608085832166,
    -0.07611682490666077,
    -0.07573695383080561,
    -0.07535647756619784,
    -0.07497540604827915,
    -0.07459374921249112,
    -0.07421151699427542,
    -0.07382871932907376,
    -0.07344536615232769,
    -0.07306146739947894,
    -0.07267703300596912,
    -0.07229207290723993,
    -0.07190659703873298,
    -0.07152061533588991,
    -0.07113413773415245,
    -0.07074717416896215,
    -0.0703597345757607,
    -0.06997182888998979,
    -0.06958346704709098,
    -0.06919465898250604,
    -0.06880541463167658,
    -0.06841574393004418,
    -0.06802565681305053,
    -0.06763516321613736,
    -0.06724427307474626,
    -0.06685299632431882,
    -0.06646134290029676,
    -0.06606932273812177,
    -0.0656769457732354,
    -0.06528422194107941,
    -0.06489116117709534,
    -0.06449777341672494,
    -0.06410406859540982,
    -0.06371005664859161,
    -0.06331574751171198,
    -0.0629211511202126,
    -0.06252627740953512,
    -0.06213113631512113,
    -0.06173573777241237,
    -0.06134009171685045,
    -0.060944208083877016,
    -0.060548096808933694,
    -0.060151767827462205,
    -0.0597552310749041,
    -0.05935849648670116,
    -0.058961573998294964,
    -0.05856447354512717,
    -0.058167205062639366,
    -0.05776977848627332,
    -0.05737220375147062,
    -0.05697449079367295,
    -0.056576649548321895,
    -0.056178689950859145,
    -0.05578062193672639,
    -0.05538245544136522,
    -0.05498420040021734,
    -0.05458586674872437,
    -0.05418746442232794,
    -0.053789003356469745,
    -0.05339049348659142,
    -0.052991944748134595,
    -0.05259336707654097,
    -0.05219477040725215,
    -0.0517961646757098,
    -0.05139755981735561,
    -0.05099896576763119,
    -0.05060039246197817,
    -0.05020184983583825,
    -0.049803347824653066,
    -0.04940489636386425,
    -0.04900650538891346,
    -0.0486081848352424,
    -0.048209944638292646,
    -0.04781179473350591,
    -0.04741374505632373,
    -0.04701580554218793,
    -0.046617986126540056,
    -0.04622029674482178,
    -0.04582274733247474,
    -0.04542534782494059,
    -0.04502810815766098,
    -0.044631038266077644,
    -0.04423414808563206,
    -0.04383744755176602,
    -0.043440946599921176,
    -0.04304465516553907,
    -0.042648583184061506,
    -0.042252740590929955,
    -0.04185713732158622,
    -0.041461783311471906,
    -0.0410666884960286,
    -0.040671862810698095,
    -0.0402773161909219,
    -0.03988305857214172,
    -0.039489099889799234,
    -0.03909545007933604,
    -0.038702119076193836,
    -0.03830911681581428,
    -0.03791645323363896,
    -0.03752413826510961,
    -0.0371321818456678,
    -0.03674059391075524,
    -0.03634938439581356,
    -0.03595856323628441,
    -0.03556814036760944,
    -0.0351781257252303,
    -0.03478852924458864,
    -0.03439936086112616,
    -0.03401063051028444,
    -0.03362234812750514,
    -0.033234523648229986,
    -0.032847167007900524,
    -0.03246028814195853,
    -0.032073896985845535,
    -0.031688003475003196,
    -0.03130261754487326,
    -0.030917749130897343,
    -0.030533408168517046,
    -0.03014960459317409,
    -0.029766348340310028,
    -0.029383649345366608,
    -0.029001517543785466,
    -0.02861996287100821,
    -0.028238995262476557,
    -0.027858624653632036,
    -0.02747886097991642,
    -0.027099714176771345,
    -0.02672119417963839,
    -0.026343310923959334,
    -0.0259660743451757,
    -0.025589494378729177,
    -0.025213580960061405,
    -0.0248383440246141,
    -0.024463793507828874,
    -0.024089939345147388,
    -0.023716791472011223,
    -0.023344359823862126,
    -0.022972654336141707,
    -0.022601684944291656,
    -0.022231461583753553,
    -0.021861994189969064,
    -0.021493292698379907,
    -0.021125367044427662,
    -0.02075822716355402,
    -0.02039188299120065,
    -0.020026344462809126,
    -0.019661621513821143,
    -0.01929772407967839,
    -0.01893466209582248,
    -0.018572445497695073,
    -0.018211084220737805,
    -0.017850588200392342,
    -0.01749096737210032,
    -0.017132231671303427,
    -0.016774391033443303,
    -0.016417455393961555,
    -0.016061434688299847,
    -0.015706338851899898,
    -0.015352177820203289,
    -0.01499896152865171,
    -0.0146466999126868,
    -0.014295402907750193,
    -0.013945080449283526,
    -0.013595742472728545,
    -0.013247398913526776,
    -0.012900059707119965,
    -0.012553734788949722,
    -0.012208434094457682,
    -0.011864167559085537,
    -0.011520945118274922,
    -0.011178776707467475,
    -0.010837672262104886,
    -0.010497641717628736,
    -0.010158695009480773,
    -0.009820842073102604,
    -0.009484092843935837,
    -0.009148457257422166,
    -0.008813945249003224,
    -0.00848056675412065,
    -0.008148331708216189,
    -0.007817250046731394,
    -0.0074873317051079025,
    -0.00715858661878746,
    -0.006831024723211621,
    -0.006504655953822158,
    -0.0061794902460605705,
    -0.0058555375353686046,
    -0.005532807757187952,
    -0.005211310846960082,
    -0.004891056740126881,
    -0.004572055372129874,
    -0.0042543166784107245,
    -0.003937850594411041,
    -0.0036226670555725704,
    -0.0033087759973368658,
    -0.002996187355145702,
    -0.002684911064440576,
    -0.002374957060663263,
    -0.0020663197454415527,
    -0.0017589935204033458,
    -0.0014529727871765152,
    -0.001148251947388823,
    -0.0008448254026681978,
    -0.0005426875546424847,
    -0.00024183280493952908,
    5.774444481274066e-05,
    0.00035604979298659023,
    0.0006530888379541189,
    0.0009488671780873981,
    0.001243390411758638,
    0.0015366641373399659,
    0.0018286939532035362,
    0.002119485457721504,
    0.002409044249265996,
    0.002697375926209139,
    0.0029844860869230605,
    0.0032703803297799428,
    0.0035550642531519683,
    0.003838543455411181,
    0.004120823534929818,
    0.004401910090079952,
    0.00468180871923371,
    0.004960525020763301,
    0.005238064593040881,
    0.005514433034438521,
    0.005789635943328403,
    0.006063678918082682,
    0.00633656755707343,
    0.006608307458672968,
    0.0068789042212532014,
    0.007148363443186423,
    0.00741669072284476,
    0.007683891658600311,
    0.007949971848825288,
    0.008214936891891761,
    0.008478792386171885,
    0.008741543930037843,
    0.009003197121861761,
    0.00926375756001574,
    0.009523230842872016,
    0.009781622568802661,
    0.010038938336179831,
    0.010295183743375652,
    0.010550364388762307,
    0.01080448587071195,
    0.011057553787596625,
    0.011309573737788625,
    0.01156055131965994,
    0.011810492131582834,
    0.012059401771929379,
    0.01230728583907173,
    0.012554149931382041,
    0.012799999647232468,
    0.013044840584995165,
    0.013288678343042204,
    0.01353151851974585,
    0.013773366713478091,
    0.014014228522611194,
    0.01425410954551723,
    0.01449301538056838,
    0.014730951626136801,
    0.014967923880594591,
    0.015203937742313905,
    0.015438998809666926,
    0.015673112681025753,
    0.01590628495476254,
    0.016138521229249442,
    0.01636982710285856,
    0.016600208173962128,
    0.016829670040932193,
    0.017058218302140965,
    0.017285858555960543,
    0.017512596400763053,
    0.017738437434920734,
    0.017963387256805657,
    0.01818745146478995,
    0.018410635657245794,
    0.01863294543254529,
    0.018854386389060673,
    0.019074964125163962,
    0.019294684239227367,
    0.019513552329623096,
    0.01973157399472311,
    0.019948754832899734,
    0.020165100442525036,
    0.02038061642197117,
    0.020595308369610238,
    0.020809181883814504,
    0.02102224256295593,
    0.021234496005406805,
    0.021445947809539206,
    0.021656603573725286,
    0.021866468896337254,
    0.022075549375747072,
    0.02228385061032709,
    0.022491378198449374,
    0.02269813773848603,
    0.022904134828809264,
    0.023109375067791094,
    0.02331386405380384,
    0.023517607385219547,
    0.02372061066041034,
    0.023922879477748432,
    0.024124419435605865,
    0.024325236132354933,
    0.02452533516636765,
    0.024724722136016203,
    0.024923402639672715,
    0.025121382275709342,
    0.02531866664249821,
    0.02551526133841156,
    0.025711171961821405,
    0.02590640411109993,
    0.026100963384619313,
    0.02629485538075163,
    0.026488085697869146,
    0.026680659934343876,
    0.026872583688548002,
    0.027063862558853707,
    0.02725450214363309,
    0.02744450804125831,
    0.02763388585010154,
    0.027822641168534862,
    0.02801077959493045,
    0.028198306727660438,
    0.028385228165097004,
    0.028571549505612276,
    0.028757276347578326,
    0.02894241428936742,
    0.0291269689293516,
    0.029310945865903076,
    0.029494350697393895,
    0.02967718902219635,
    0.02985946643868248,
    0.030041188545224418,
    0.030222360940194343,
    0.03040298922196441,
    0.030583078988906776,
    0.030762635839393537,
    0.030941665371796795,
    0.031120173184488842,
    0.031298164875841666,
    0.031475646044227534,
    0.03165262228801849,
    0.031829099205586686,
    0.032005082395304335,
    0.032180577455543535,
    0.03235558998467644,
    0.03253012558107521,
    0.032704189843111936,
    0.032877788369158806,
    0.033050926757587945,
    0.03322361060677151,
    0.033395845515081624,
    0.033567637080890445,
    0.0337389909025701,
    0.03390991257849277,
    0.03408040770703055,
    0.034250481886555606,
    0.03442014071544011,
    0.03458938979205611,
    0.034758234714775876,
    0.03492668108197147,
    0.035094734492015056,
    0.03526240054327878,
    0.03542968483413472,
    0.0355965929629552,
    0.03576313052811217,
    0.035929303127977846,
    0.03609511636092441,
    0.03626057582532388,
    0.036425687119548605,
    0.036590455841970515,
    0.03675488759096188,
    0.036918987964894845,
    0.037082762562141436,
    0.03724621698107394,
    0.03740935682006444,
    0.037572187677485075,
    0.037734715151707954,
    0.03789694484110531,
    0.038058882344049166,
    0.03822053325891184,
    0.03838190318406526,
    0.038542997717881694,
    0.038703822458733356,
    0.0388643830049922,
    0.0390246849550305,
    0.03918473390722041,
    0.039344535459933966,
    0.03950409521154344,
    0.03966341876042084,
    0.039822511704938446,
    0.03998137964346832,
    0.04014002817438264,
    0.04029846289605349,
    0.04045668940685304,
    0.04061471330515351,
    0.040772540189326995,
    0.04093017565774554,
    0.041087625308781434,
    0.041244894740806726,
    0.0414019895521936,
    0.04155891534131423,
    0.04171567770654064,
    0.04187228224624512,
    0.04202873455879971,
    0.04218504024257658,
    0.04234120489594789,
    0.04249723411728584,
    0.042653133504962415,
    0.0428089086573499,
    0.04296456517282038,
    0.043120108649746025,
    0.04327554468649894,
    0.04343087888145131,
    0.043586116832975225,
    0.043741264139442876,
    0.04389632639922639,
    0.044051309210697914,
    0.04420621817222961,
    0.04436105888219355,
    0.04451583693896194,
    0.04467055794090691,
    0.04482522748640061,
    0.0449798511738152,
    0.04513443460152278,
    0.045288983367895524,
    0.04544350307130551,
    0.04559799931012498,
    0.04575247768272603,
    0.04590694378748078,
    0.046061403222761366,
    0.04621586158694005,
    0.04637032447838885,
    0.04652479749547994,
    0.04667928623658549,
    0.04683379630007756,
    0.046988333284328415,
    0.047142902787710134,
    0.04729751040859484,
    0.04745216174535474,
    0.04760686239636194,
    0.04776161795998854,
    0.04791643403460674,
    0.04807131621858865,
    0.048226270110306474,
    0.048381301308132285,
    0.04853641541043824,
    0.048691618015596544,
    0.048846914721979245,
    0.04900231112795858,
    0.049157812831906594,
    0.049313425432195496,
    0.04946915452719741,
    0.0496250057152845,
    0.04978098459482888,
    0.04993709676420274,
    0.05009334782177813,
    0.0502497433659273,
    0.05040628899502231,
    0.050562990307435385,
    0.05071985290153863,
    0.05087688237570406,
    0.05103408432830403,
    0.05119146435771063,
    0.05134902806229591,
    0.05150678104043205,
    0.05166472889049123,
    0.05182287721084555,
    0.05198123159986723,
    0.05213979765592833,
    0.05229858097740103,
    0.05245758716265744,
    0.05261682181006977,
    0.05277629051801011,
    0.052935998884850594,
    0.0530959525089634,
    0.05325615698872066,
    0.0534166179224945,
    0.05357734090865707,
    0.05373833154558055,
    0.053899595431637026,
    0.054061138165198724,
    0.054222965344637664,
    0.05438508256832608,
    0.054547495434636134,
    0.05471020954193989,
    0.05487323048860951,
    0.0550365638730172,
    0.05520021529353503,
    0.05536419034853518,
    0.055528494636389814,
    0.055693133755471,
    0.05585811330415094,
    0.056023438880801774,
    0.05618911608379562,
    0.05635515051150464,
    0.056521547762301005,
    0.05668831343455677,
    0.056855453126644195,
    0.057022972436935326,
    0.05719087696380237,
    0.05735917230561746,
    0.05752786406075269,
    0.05769695782758019,
    0.057866459204472226,
    0.05803637378980084,
    0.05820670718193821,
    0.05837746497925647,
    0.05854865278012775,
    0.058720276182924164,
    0.05889234078601796,
    0.05906485218778118,
    0.059237815986586034,
    0.05941123778080462,
    0.05958512316880907,
    0.059759477748971584,
    0.0599343071196643,
    0.06010961687925928,
    0.06028541262612877,
    0.06046169995864481,
    0.06063848447517965,
    0.06081577177410534,
    0.06099356745379411,
    0.061171877112618026,
    0.06135070634894929,
    0.06153006076116002,
    0.061709945947622344,
    0.06189036750670843,
    0.0620713310367904,
    0.0622528421362404,
    0.06243490640343058,
    0.06261752943673311,
    0.06280071683452008,
    0.0629844741951637,
    0.06316880711703603,
    0.06335372119850927,
    0.06353922203795555,
    0.06372531523374701,
    0.06391200638425582,
    0.06409930108785404,
    0.06428720494291393,
    0.06447572354780756,
    0.06466486250090712,
    0.06485462740058467,
    0.0650450238452124,
    0.06523605743316248,
    0.06542773376280703,
    0.06562005843251821,
    0.06581303704066814,
    0.06600667518562894,
    0.06620097846577282,
    0.06639595247947189,
    0.06659160282509825,
    0.0667879351010241,
    0.06698495490562159,
    0.06718266783726277,
    0.06738107949431994,
    0.06758019547516511,
    0.06778002137817045,
    0.0679805628017082,
    0.06818182534415036,
    0.06838381460386915,
    0.06858653617923668,
    0.0687899956686251,
    0.06899419867040665,
    0.06919915078295334,
    0.06940485760463737,
    0.06961132473383089,
    0.06981855776890598,
    0.07002656230823491,
    0.07023534395018965,
    0.07044490829314255,
    0.07065526093546556,
    0.0708664074755309,
    0.07107835351171081,
    0.07129110464237726,
    0.07150466646590248,
    0.0717190445806586,
    0.07193424458501779,
    0.07215027207735221,
    0.07236713265603392,
    0.07258483191943516,
    0.07280337546592798,
    0.07302276889388454,
    0.0732430178016771,
    0.07346412778767764,
    0.07368610445025842,
    0.0739089533877915,
    0.07413268019864905,
    0.07435729048120329,
    0.07458278983382623,
    0.07480918385489019,
    0.07503647814276711,
    0.07526467829582922,
    0.0754937899124487,
    0.07572381859099768,
    0.07595476992984829,
    0.07618664952737263,
    0.07641946298194291,
    0.0766532158919313,
    0.0768879138557098,
    0.07712356247165068,
    0.077360167338126,
    0.07759773405350802,
    0.07783626821616882,
    0.07807577542448048,
    0.07831626127681525,
    0.07855773137154515,
    0.07880019130704242,
    0.07904364668167922,
    0.07928810309382764,
    0.07953356614185984,
    0.07978004142414793,
    0.08002753453906414,
    0.0802760510849805,
    0.08052559666026918,
    0.08077617686330242,
    0.08102779729245224,
    0.08128046354609086,
    0.08153418122259039,
    0.08178895592032298,
    0.08204479323766081,
    0.08230169877297595,
    0.08255967812464063,
    0.08281873689102688,
    0.08307888067050695,
    0.08334011506145295,
    0.08360244566223697,
    0.08386587807123128,
    0.08413041788680785,
    0.08439607070733893,
    0.08466284213119668,
    0.08493073775675318,
    0.08519976318238066,
    0.08546992400645115,
    0.08574122582733686,
    0.08601367424340997,
    0.08628727485304251,
    0.08656203325460675,
    0.08683795504647474,
    0.08711504582701861,
    0.08739331119461059,
    0.08767275674762282,
    0.08795338808442739,
    0.08823521080339641,
    0.0885182305029021,
    0.08880245278131658,
    0.08908788323701197,
    0.08937452746836048,
    0.08966239107373414,
    0.08995147965150517,
    0.09024179880004575,
    0.09053335411772792,
    0.09082615120292392,
    0.09112019565400582,
    0.09141549306934577,
    0.09171204904731599,
    0.09200986918628853,
    0.0923089590846356,
    0.09260932434072931,
    0.09291097055294176,
    0.0932139033196452,
    0.09351812823921166,
    0.0938236509100134,
    0.09413047693042247,
    0.09443861189881103,
    0.09474806141355127,
    0.09505883107301526,
    0.09537092647557524,
    0.09568435321960327,
    0.09599911690347149,
    0.09631522312555213,
    0.09663267748421721,
    0.09695148557783899,
    0.09727165300478953,
    0.09759318536344104,
    0.0979160882521656,
    0.09824036726933537,
    0.09856602801332255,
    0.09889307608249917,
    0.09922151707523753,
    0.09955135658990963,
    0.09988260022488764,
    0.10021525357854379,
    0.10054932224925014,
    0.10088481183537887,
    0.10122172793530208,
    0.10156007614739193,
    0.10189986207002065,
    0.10224109130156023,
    0.10258376944038294,
    0.10292790208486087,
    0.10327349483336612,
    0.10362055328427099,
    0.1039690830359474,
    0.1043190896867677,
    0.10467056583716854,
    0.10502350408758679,
    0.10537789703845937,
    0.10573373729022294,
    0.10609101744331442,
    0.10644973009817059,
    0.10680986785522825,
    0.10717142331492424,
    0.10753438907769532,
    0.10789875774397842,
    0.1082645219142102,
    0.1086316741888276,
    0.10900020716826742,
    0.10937011345296639,
    0.10974138564336143,
    0.11011401633988929,
    0.11048799814298678,
    0.11086332365309079,
    0.11123998547063803,
    0.11161797619606538,
    0.11199728842980966,
    0.11237791477230764,
    0.11275984782399619,
    0.11314308018531208,
    0.11352760445669217,
    0.11391341323857321,
    0.11430049913139205,
    0.11468885473558556,
    0.11507847265159046,
    0.11546934547984362,
    0.1158614658207818,
    0.11625482627484189,
    0.11664941944246073,
    0.11704523792407498,
    0.11744227432012161,
    0.11784052123103735,
    0.11823997125725905,
    0.11864061699922356,
    0.11904245105736758,
    0.11944546603212802,
    0.11984965452394168,
    0.12025500913324533,
    0.12066152246047591,
    0.12106918710607006,
    0.12147799567046472,
    0.12188794075409663,
    0.12229901495740271,
    0.12271121088081965,
    0.12312452112478432,
    0.12353893828973359,
    0.12395445497610418,
    0.12437106378433295,
    0.1247887573148567,
    0.12520752816811226,
    0.12562736894453647,
    0.12604827224456608,
    0.126470230668638,
    0.12689323681718895,
    0.12731728329065573,
    0.12774236268947525,
    0.12816846761408426,
    0.12859559066491966,
    0.12902372444241816,
    0.12945286154701657,
    0.1298829945791518,
    0.1303141161392606,
    0.13074621882777984,
    0.1311792952451462,
    0.13161333799179667,
    0.13204833966816804,
    0.13248429287469696,
    0.13292119021182042,
    0.13335902427997515,
    0.13379778767959793,
    0.1342374730111257,
    0.1346780728749952,
    0.13511957987164322,
    0.1355619866015066,
    0.13600528566502218,
    0.13644946966262678,
    0.13689453119475714,
    0.1373404628618502,
    0.1377872572643426,
    0.13823490700267133,
    0.1386834046772731,
    0.13913274288858474,
    0.13958291423704317,
    0.140033911323085,
    0.14048572674714718,
    0.14093835310966657,
    0.14139178301107985,
    0.14184600905182398,
    0.14230102383233562,
    0.14275681995305167,
    0.14321339001440903,
    0.14367072661684432,
    0.14412882236079455,
    0.14458766984669635,
    0.14504726167498666,
    0.1455075904461023,
    0.14596864876048002,
    0.1464304292185567,
    0.14689292442076907,
    0.147356126967554,
    0.14782002945934836,
    0.1482846244965888,
    0.14874990467971233,
    0.14921586260915562,
    0.1496824908853556,
    0.15014978210874896,
    0.1506177288797726,
    0.1510863237988633,
    0.15155555946645793,
    0.15202542848299325,
    0.15249592344890606,
    0.1529670369646332,
    0.15343876163061157,
    0.15391109004727782,
    0.15438401481506886,
    0.15485752853442147,
    0.15533162380577253,
    0.15580629322955886,
    0.15628152940621715,
    0.15675732493618433,
    0.15723367241989714,
    0.15771056445779247,
    0.1581879936503071,
    0.1586659525978778,
    0.15914443390094152,
    0.15962343015993485,
    0.16010293397529485,
    0.1605829379474582,
    0.1610634346768617,
    0.16154441676394227,
    0.1620258768091366,
    0.16250780741288157,
    0.16299020117561397,
    0.16347305069777068,
    0.16395634857978847,
    0.16444008742210411,
    0.1649242598251544,
    0.16540885838937636,
    0.16589387571520658,
    0.16637930440308193,
    0.16686513705343925,
    0.16735136626671537,
    0.1678379846433471,
    0.16832498478377125,
    0.1688123592884246,
    0.16930010075774404,
    0.1697882017921663,
    0.17027665499212824,
    0.17076545295806664,
    0.17125458829041842,
    0.1717440535896202,
    0.17223384145610898,
    0.17272394449032155,
    0.17321435529269458,
    0.1737050664636651,
    0.17419607060366976,
    0.17468736031314536,
    0.17517892819252887,
    0.17567076684225696,
    0.17616286886276655,
    0.1766552268544944,
    0.17714783341787732,
    0.17764068115335216,
    0.17813376266135567,
    0.17862707054232468,
    0.17912059739669614,
    0.1796143358249067,
    0.18010827842739324,
    0.18060241780459252,
    0.1810967465569414,
    0.18159125728487677,
    0.18208594258883534,
    0.18258079506925395,
    0.18307580732656936,
    0.18357097196121852,
    0.18406628157363816,
    0.1845617287642651,
    0.18505730613353616,
    0.18555300628188814,
    0.18604882180975796,
    0.18654474531758228,
    0.18704076940579797,
    0.1875368866748418,
    0.1880330897251507,
    0.18852937115716145,
    0.1890257235713108,
    0.18952213956803568,
    0.1900186117477728,
    0.19051513271095888,
    0.191011695058031,
    0.19150829138942577,
    0.19200491430558014,
    0.1925015564069308,
    0.19299821029391456,
    0.19349486856696846,
    0.19399152382652907,
    0.19448816867303326,
    0.19498479570691787,
    0.19548139752861976,
    0.1959779667385757,
    0.19647449593722244,
    0.1969709777249969,
    0.19746740470233584,
    0.19796376946967614,
    0.19846006462745452,
    0.19895628277610783,
    0.19945241651607293,
    0.1999484584477866,
    0.20044440117168555,
    0.20094023728820687,
    0.20143595939778708,
    0.20193156010086322,
    0.20242703199787185,
    0.2029223676892501,
    0.20341755977543458,
    0.20391260085686208,
    0.2044074835339696,
    0.2049022004071937,
    0.20539674407697142,
    0.2058911071437396,
    0.20638528220793473,
    0.20687926186999395,
    0.2073730387303539,
    0.20786660538945148,
    0.20835995444772357,
    0.20885307850560686,
    0.20934597016353818,
    0.2098386220219543,
    0.21033102668129222,
    0.2108231767419886,
    0.21131506480448026,
    0.21180668346920417,
    0.21229802533659686,
    0.21278908300709543,
    0.21327984908113654,
    0.21377031615915698,
    0.21426047684159372,
    0.21475032372888342,
    0.21523984942146296,
    0.21572904651976912,
    0.21621790762423881,
    0.21670642533530876,
    0.21719459225341575,
    0.21768240097899672,
    0.21816984411248838,
    0.21865691425432757,
    0.21914360400495114,
    0.2196299059647958,
    0.2201158127342986,
    0.22060131691389603,
    0.22108641110402513,
    0.22157108790512273,
    0.2220553399176255,
    0.22253915974197036,
    0.22302253997859406,
    0.22350547322793343,
    0.22398795209042535,
    0.22446996916650658,
    0.22495151705661393,
    0.2254325883611843,
    0.2259131756806543,
    0.226393271615461,
    0.22687286876604107,
    0.22735195973283134,
    0.22783053711626855,
    0.22830859351678964,
    0.22878612153483144,
    0.2292631137708307,
    0.22973956282522423,
    0.23021546129844883,
    0.23069080179094129,
    0.23116557690313858,
    0.2316397792354774,
    0.23211340138839454,
    0.23258643596232687,
    0.2330588755577111,
    0.23353071277498424,
    0.234001940214583,
    0.2344725504769442,
    0.2349425361625046,
    0.23541188987170097,
    0.23588060420497045,
    0.2363486717627494,
    0.236816085145475,
    0.23728283695358388,
    0.23774891978751284,
    0.23821432624769884,
    0.2386790489345785,
    0.23914308044858887,
    0.23960641339016658,
    0.24006904035974852,
    0.2405309539577714,
    0.24099214678467226,
    0.24145261144088773,
    0.24191234052685456,
    0.24237132664300975,
    0.24282956238979014,
    0.24328704036763224,
    0.2437437531769733,
    0.24419969341824976,
    0.24465485369189865,
    0.2451092265983567,
    0.24556280473806066,
    0.24601558071144755,
    0.24646754711895397,
    0.2469186965610169,
    0.247369021638073,
    0.24781851495055923,
    0.24826716909891236,
    0.24871497668356904,
    0.24916193030496642,
    0.24960802256354103,
    0.2500532460597298,
    0.2504975933939695,
    0.250941057166697,
    0.2513836299783491,
    0.2518253044293626,
    0.2522660731201742,
    0.252705928651221,
    0.25314486362293953,
    0.25358287063576684,
    0.25401994229013947,
    0.2544560711864944,
    0.25489124992526857,
    0.2553254711068986,
    0.25575872733182137,
    0.25619101120047366,
    0.2566223153132923,
    0.2570526322707142,
    0.257481954673176,
    0.25791027512111464,
    0.258337586214967,
    0.2587638805551697,
    0.25918915074215965,
    0.2596133893763737,
    0.26003658905824867,
    0.2604587423882213,
    0.2608798419667285,
    0.26129988039420693,
    0.2617188502710935,
    0.2621367441978251,
    0.2625535547748385,
    0.2629692746025704,
    0.2633838962814578,
    0.2637974124119373,
    0.264209815594446,
    0.26462109842942044,
    0.26503125351729756,
    0.2654402734585142,
    0.265848150853507,
    0.2662548783027131,
    0.266660448406569,
    0.2670648537655117,
    0.2674680869799779,
    0.26787014065040443,
    0.26827100737722825,
    0.2686706797608861,
    0.26906915040181467,
    0.2694664119004509,
    0.2698624568572315,
    0.27025727787259346,
    0.27065086754697343,
    0.27104321848080837,
    0.2714343232745349,
    0.27182417452859003,
    0.2722127648434105,
    0.27260008681943304,
    0.2729861330570946,
    0.273370896156832,
    0.2737543687190819,
    0.2741365433442813,
    0.2745174126328668,
    0.2748969691852754,
    0.2752752056019439,
    0.275652114483309,
    0.2760276884298076,
    0.27640192004187647,
    0.2767748019199526,
    0.27714632666447253,
    0.27751648687587316,
    0.27788527515459144,
    0.278252684101064,
    0.2786187063157279,
    0.2789833343990197,
    0.2793465609513763,
    0.2797083785732346,
    0.28006877986503126,
    0.2804277574272033,
    0.2807853038601873,
    0.28114141176442026,
    0.28149607374033897,
    0.2818492823883801,
    0.28220103030898064,
    0.2825513101025773,
    0.28290011436960694,
    0.28324743571050637,
    0.2835932667257124,
    0.28393760001566176,
    0.28428042818079147,
    0.2846217438215382,
    0.2849615395383388,
    0.28529980793162996,
    0.2856365416018487,
    0.2859717331494317,
    0.28630537517481586,
    0.28663746027843795,
    0.28696798106073473,
    0.2872969301221432,
    0.28762430006309986,
    0.28795008348404183,
    0.2882742729854058,
    0.28859686116762856,
    0.288917840631147,
    0.28923720397639785,
    0.28955494380381797,
    0.28987105271384417,
    0.29018552330691333,
    0.2904983481834622,
    0.2908095199439275,
    0.2911190311887462,
    0.29142687451835503,
    0.2917330425331909,
    0.2920375278336906,
    0.2923403230202907,
    0.29264142069342836,
    0.29294081345354017,
    0.2932384939010631,
    0.2935344546364339,
    0.29382868826008934,
    0.29412118737246634,
    0.2944119445740015,
    0.2947009524651319,
    0.2949882036462942,
    0.29527369071792525,
    0.2955574062804619,
    0.2958393429343409,
    0.2961194932799991,
    0.2963978499178733,
    0.2966744054484003,
    0.29694915247201703,
    0.29722208358916014,
    0.29749319140026653,
    0.2977624685057731,
    0.2980299075061164,
    0.2982955010017335,
    0.29855924159306113,
    0.2988211218805361,
    0.2990811344645953,
    0.2993392719456754,
    0.2995955269242133,
    0.2998498920006458,
    0.3001023597754097,
    0.3003529228489419,
    0.3006015738216792,
    0.3008483052940583,
    0.30109310986651605,
    0.30133598013948926,
    0.30157690871341486,
    0.3018158881887296,
    0.30205291116587024,
    0.3022879702452736,
    0.3025210580273765,
    0.3027521671126159,
    0.3029812901014285,
    0.3032084195942511,
    0.30343354819152046,
    0.3036566684936735,
    0.303877773101147,
    0.3040968546143778,
    0.3043139056338027,
    0.30452891875985844,
    0.3047418865929819,
    0.30495280173360995,
    0.3051616567821793,
    0.3053684443391269,
    0.3055731570048894,
    0.3057757873799037,
    0.3059763280646066,
    0.30617477165943496,
    0.3063711107648256,
    0.3065653379812152,
    0.30675744590904075,
    0.3069474271487389,
    0.3071352743007466,
    0.3073209799655007,
    0.30750453674343775,
    0.30768593723499493,
    0.3078651740406087,
    0.3080422397607161,
    0.30821712699575393,
    0.30838982834615897,
    0.308560336412368,
    0.3087286437948179,
    0.3088947430939453,
    0.3090586269101873,
    0.30922028784398065,
    0.3093797313436876,
    0.3095369628576707,
    0.3096919878342923,
    0.3098448117219151,
    0.3099954399689012,
    0.31014387802361326,
    0.3102901313344135,
    0.3104342053496645,
    0.31057610551772874,
    0.3107158372869686,
    0.3108534061057464,
    0.3109888174224247,
    0.3111220766853658,
    0.3112531893429324,
    0.3113821608434866,
    0.31150899663539117,
    0.3116337021670082,
    0.31175628288670026,
    0.3118767442428299,
    0.3119950916837594,
    0.31211133065785135,
    0.31222546661346795,
    0.3123375049989718,
    0.31244745126272533,
    0.31255531085309085,
    0.312661089218431,
    0.31276479180710803,
    0.3128664240674844,
    0.31296599144792264,
    0.31306349939678496,
    0.31315895336243416,
    0.3132523587932323,
    0.31334372113754205,
    0.3134330458437258,
    0.3135203383601458,
    0.31360560413516475,
    0.3136888486171449,
    0.3137700772544488,
    0.3138492954954388,
    0.3139265087884772,
    0.31400172258192677,
    0.31407494232414973,
    0.3141461734635084,
    0.3142154214483655,
    0.3142826917270833,
    0.3143479897480242,
    0.31441132095955066,
    0.3144726908100252,
    0.3145321047478101,
    0.3145895682212679,
    0.314645086678761,
    0.31469866556865184,
    0.3147503103393029,
    0.3148000264390765,
    0.3148478193163351,
    0.31489369441944126,
    0.31493765719675715,
    0.3149797130966456,
    0.31501986756746864,
    0.3150581260575888,
    0.31509449401536876,
    0.3151289768891707,
    0.3151615801273571,
    0.3151923091782905,
    0.31522116949033313,
    0.3152481665118476,
    0.31527330569119627,
    0.31529659247674163,
    0.315318032316846,
    0.31533763065987186,
    0.31535539295418175,
    0.31537132464813794,
    0.31538543119010304,
    0.31539771802843924,
    0.31540819061150915,
    0.3154168543876752,
    0.31542371480529974,
    0.31542877731274527,
    0.31543204735837416,
    0.3154335303905489,
    0.3154332318576319,
    0.3154311572079856,
    0.3154273118899724,
    0.3154217013519547,
    0.3154143310422951,
    0.3154052064093559,
    0.31539433290149943,
    0.31538171596708836,
    0.3153673610544849,
    0.31535127361205173,
    0.315333459088151,
    0.31531392293114535,
    0.31529267058939714,
    0.31526970751126876,
    0.31524503914512275,
    0.31521867093932143,
    0.31519060834222723,
    0.31516085680220274,
    0.31512942176761016,
    0.3150963086868121,
    0.315061523008171,
    0.31502507018004916,
    0.3149869556508091,
    0.3149471848688132,
    0.3149057632824238,
    0.3148626963400037,
    0.3148179894899149,
    0.31477164818052017,
    0.3147236778601816,
    0.314674083977262,
    0.3146228719801235,
    0.31457004731712873,
    0.31451561543664003,
    0.31445958178701977,
    0.31440195181663044,
    0.3143427309738345,
    0.31428192470699445,
    0.3142195384644726,
    0.3141555776946313,
    0.31409004784583316,
    0.3140229543664406,
    0.31395430270481595,
    0.3138840983093218,
    0.31381234662832036,
    0.31373905311017425,
    0.3136642232032458,
    0.3135878623558975,
    0.3135099760164918,
    0.31343056963339094,
    0.31334964865495757,
    0.31326721852955397,
    0.3131832847055428,
    0.3130978526312863,
    0.3130109277551469,
    0.3129225155254871,
    0.3128326213906693,
    0.3127412507990559,
    0.3126484091990095,
    0.31255410203889233,
    0.3124583347670669,
    0.3123611128318956,
    0.3122624416817409,
    0.31216232676496525,
    0.3120607735299311,
    0.31195778742500085,
    0.3118533738985369,
    0.3117475383989017,
    0.3116402863744577,
    0.3115316232735673,
    0.311421554544593,
    0.3113100856358972,
    0.3111972219958422,
    0.31108296907279065,
    0.31096733231510487,
    0.31085031717114736,
    0.3107319290892804,
    0.3106121735178665,
    0.3104910559052682,
    0.3103685816998478,
    0.3102447563499679,
    0.3101195853039906,
    0.30999307401027854,
    0.3098652279171943,
    0.30973605247310004,
    0.30960555312635846,
    0.3094737353253317,
    0.30934060451838236,
    0.30920616615387286,
    0.30907042568016563,
    0.30893338854562313,
    0.3087950601986077,
    0.3086554460874818,
    0.308514551660608,
    0.30837238236634845,
    0.30822894365306586,
    0.3080842409691226,
    0.307938279762881,
    0.3077910654827035,
    0.3076426035769526,
    0.3074928994939907,
    0.30734195868218034,
    0.3071897865898838,
    0.3070363886654635,
    0.3068817703572819,
    0.30672593711370166,
    0.30656889438308493,
    0.3064106476137942,
    0.30625120225419195,
    0.3060905637526406,
    0.30592873755750255,
    0.30576572911714034,
    0.3056015438799163,
    0.30543618729419275,
    0.30526966480833234,
    0.3051019818706975,
    0.3049331439296505,
    0.3047631564335539,
    0.30459202483077,
    0.30441975456966136,
    0.3042463510985904,
    0.30407181986591947,
    0.3038961663200111,
    0.30371939590922764,
    0.3035415140819315,
    0.30336252628648525,
    0.3031824379712512,
    0.30300125458459193,
    0.3028189815748696,
    0.30263562439044683,
    0.30245118847968605,
    0.30226567929094966,
    0.30207910227260015,
    0.3018914628729999,
    0.30170276654051126,
    0.30151301872349684,
    0.30132222487031884,
    0.30113039042934,
    0.3009375208489225,
    0.3007436215774288,
    0.30054869806322143,
    0.3003527557546628,
    0.3001558001001153,
    0.2999578365479414,
    0.29975887054650346,
    0.299558907544164,
    0.2993579529892853,
    0.29915601233023004,
    0.29895309101536055,
    0.2987491944930391,
    0.2985443282116284,
    0.2983384976194906,
    0.2981317081649883,
    0.2979239652964839,
    0.29771527446233986,
    0.29750564111091854,
    0.2972950706905824,
    0.297083568649694,
    0.2968711404366155,
    0.2966577914997097,
    0.29644352728733864,
    0.29622835324786495,
    0.2960122748296511,
    0.29579529748105937,
    0.29557742665045234,
    0.29535866778619246,
    0.295139026336642,
    0.2949185077501636,
    0.2946971174751194,
    0.29447486095987213,
    0.2942517436527841,
    0.29402777100221766,
    0.29380294845653543,
    0.2935772814640996,
    0.2933507754732729,
    0.2931234359324175,
    0.2928952682898959,
    0.29266627799407063,
    0.29243647049330396,
    0.29220585123595855,
    0.29197442567039655,
    0.2917421992449807,
    0.2915091774080732,
    0.29127536560803646,
    0.29104076929323314,
    0.2908053939120254,
    0.2905692449127759,
    0.29033232774384704,
    0.29009464785360106,
    0.28985621069040063,
    0.28961702170260795,
    0.2893770863385857,
    0.28913641004669616,
    0.28889499827530174,
    0.288652856472765,
    0.2884099900874482,
    0.2881664045677139,
    0.28792210536192464,
    0.28767709791844254,
    0.28743138768563026,
    0.2871849801118501,
    0.28693788064546466,
    0.28669009473483625,
    0.2864416278283273,
    0.28619248537430036,
    0.2859426728211176,
    0.28569219561714176,
    0.2854410592107352,
    0.28518926905026015,
    0.2849368305840792,
    0.2846837492605548,
    0.28443003052804927,
    0.2841756798349253,
    0.283920702629545,
    0.283665104360271,
    0.2834088904754656,
    0.2831520664234912,
    0.2828946376527106,
    0.2826366096114858,
    0.28237798774817946,
    0.2821187775111539,
    0.28185898434877166,
    0.281598613709395,
    0.28133767104138657,
    0.28107616179310874,
    0.2808140914129238,
    0.28055146534919434,
    0.2802882890502827,
    0.28002456796455133,
    0.27976030754036274,
    0.2794955132260792,
    0.2792301904700633,
    0.27896434472067744,
    0.278697981426284,
    0.2784311060352454,
    0.27816372399592415,
    0.27789584075668267,
    0.2776274617658833,
    0.27735859247188854,
    0.27708923832306087,
    0.2768194047677626,
    0.2765490972543563,
    0.27627832123120427,
    0.27600708214666897,
    0.27573538544911297,
    0.27546323658689853,
    0.2751906410083882,
    0.27491760416194433,
    0.2746441314959293,
    0.27437022845870573,
    0.2740959004986359,
    0.27382115306408233,
    0.27354599160340737,
    0.2732704215649735,
    0.27299444839714315,
    0.2727180775482787,
    0.2724413144667427,
    0.27216416460089743,
    0.2718866333991055,
    0.27160872630972915,
    0.271330448781131,
    0.2710518062616733,
    0.2707728041997186,
    0.27049344804362924,
    0.27021374324176783,
    0.2699336952424966,
    0.26965330949417815,
    0.2693725914451747,
    0.26909154654384887,
    0.268810180238563,
    0.26852849797767964,
    0.26824650520956106,
    0.26796420738256976,
    0.2676816099450682,
    0.26739871834541884,
    0.26711553803198396,
    0.2668320744531262,
    0.2665483330572078,
    0.2662643192925913,
    0.26598003860763914,
    0.2656954964507137,
    0.26541069827017744,
    0.26512564951439277,
    0.2648403556317222,
    0.264554822070528,
    0.2642690542791727,
    0.2639830577060188,
    0.26369683779942865,
    0.26341040000776467,
    0.26312374977938935,
    0.26283689256266507,
    0.26254983380595426,
    0.2622625789576194,
    0.2619751334660229,
    0.2616875027795271,
    0.2613996923464946,
    0.2611117076152878,
    0.26082355403426905,
    0.26053523705180076,
    0.2602467621162454,
    0.2599581346759655,
    0.2596693601793234,
    0.25938044407468147,
    0.2590913918104023,
    0.25880220883484817,
    0.2585129005963816,
    0.258223472543365,
    0.25793393012416077,
    0.2576442787871315,
    0.2573545239806393,
    0.2570646711530469,
    0.25677472575271665,
    0.2564846932280109,
    0.25619457902729215,
    0.25590438859892284,
    0.25561412739126543,
    0.25532380085268225,
    0.25503341443153577,
    0.2547429735761885,
    0.2544524837350028,
    0.2541619503563411,
    0.2538713788885658,
    0.25358077478003943,
    0.25329014347912443,
    0.25299949043418307,
    0.2527088210935779,
    0.2524181409056714,
    0.25212745531882585,
    0.25183676978140385,
    0.2515460897417677,
    0.2512554206482799,
    0.25096476794930284,
    0.250674137093199,
    0.2503835335283308,
    0.25009296270306064,
    0.24980243006575092,
    0.24951194106476426,
    0.24922150114846284,
    0.24893111576520927,
    0.2486407903633659,
    0.24835053039129512,
    0.2480603412973595,
    0.24777022852992137,
    0.2474801975373432,
    0.2471902537679874,
    0.24690040267021637,
    0.24661064969239266,
    0.24632100028287857,
    0.24603145989003664,
    0.24574203396222918,
    0.24545272794781872,
    0.24516354729516765,
    0.2448744974526384,
    0.24458558386859347,
    0.2442968119913952,
    0.2440081872694061,
    0.24371971515098848,
    0.2434314010845049,
    0.24314325051831776,
    0.2428552689007894,
    0.24256746168028245,
    0.24227983430515912,
    0.24199239222378197,
    0.24170514088451345,
    0.24141808573571585,
    0.24113123222575178,
    0.24084458580298354,
    0.24055815191577362,
    0.24027193601248448,
    0.23998594354147845,
    0.2397001799511181,
    0.23941465068976572,
    0.23912936120578382,
    0.23884431694753488,
    0.23855952336338124,
    0.23827498590168536,
    0.23799071001080968,
    0.2377067011391166,
    0.23742296473496866,
    0.23713950624672814,
    0.23685633112275759,
    0.23657344481141937,
    0.23629085276107592,
    0.23600856042008972,
    0.23572657323682317,
    0.23544489665963872,
    0.23516353613689872,
    0.2348824971169657,
    0.2346017850482021,
    0.23432140537897028,
    0.23404136355763275,
    0.2337616650325518,
    0.23348231525209,
    0.23320331966460978,
    0.23292468371847347,
    0.2326464128620436,
    0.23236851254368254,
    0.23209098821175275,
    0.23181384531461668,
    0.2315370893006367,
    0.23126072561817537,
    0.23098475971559496,
    0.23070919704125797,
    0.23043404304352685,
    0.230159303170764,
    0.2298849828713319,
    0.22961108759359294,
    0.22933762278590958,
    0.22906459389664424,
    0.2287920063741593,
    0.2285198656668173,
    0.2282481772229806,
    0.22797694649101163,
    0.22770617891927283,
    0.2274358799561266,
    0.22716605504993548,
    0.2268967096490618,
    0.22662784920186807,
    0.22635947915671661,
    0.2260916049619699,
    0.22582423206599045,
    0.225557360654012,
    0.22529099091126845,
    0.22502512302299355,
    0.22475975717442118,
    0.22449489355078522,
    0.22423053233731943,
    0.22396667371925771,
    0.2237033178818338,
    0.22344046501028164,
    0.22317811528983506,
    0.22291626890572774,
    0.22265492604319376,
    0.2223940868874667,
    0.22213375162378057,
    0.22187392043736914,
    0.22161459351346624,
    0.22135577103730578,
    0.22109745319412144,
    0.22083964016914717,
    0.22058233214761683,
    0.2203255293147641,
    0.220069231855823,
    0.21981343995602726,
    0.21955815380061072,
    0.21930337357480725,
    0.2190490994638506,
    0.21879533165297477,
    0.21854207032741338,
    0.2182893156724004,
    0.21803706787316968,
    0.21778532711495496,
    0.21753409358299017,
    0.2172833674625091,
    0.21703314893874553,
    0.2167834381969334,
    0.21653423542230646,
    0.2162855408000986,
    0.21603735451554362,
    0.2157896767538753,
    0.21554250770032762,
    0.2152958475401343,
    0.21504969645852923,
    0.2148040546407462,
    0.214558922272019,
    0.21431429953758163,
    0.21407018662266775,
    0.21382658371251131,
    0.21358349099234603,
    0.21334090864740585,
    0.2130988368629246,
    0.21285727582413605,
    0.2126162257162741,
    0.21237568672457247,
    0.21213565903426512,
    0.21189614283058583,
    0.21165713829876842,
    0.21141864562404677,
    0.21118066499165467,
    0.21094319658682603,
    0.21070624059479454,
    0.21046979720079412,
    0.21023386659005866,
    0.2099984489478219,
    0.20976354445931777,
    0.20952915330977998,
    0.2092952756844424,
    0.209061911768539,
    0.20882906174730342,
    0.20859672580596963,
    0.20836490412977138,
    0.20813359690394254,
    0.207902804313717,
    0.20767252654432847,
    0.20744276378101087,
    0.20721351620899803,
    0.20698478401352371,
    0.2067565673798219,
    0.20652886649312624,
    0.20630168153867073,
    0.2060750127016891,
    0.2058488601674152,
    0.20562322412108294,
    0.20539810474792602,
    0.20517350223317846,
    0.2049494167620739,
    0.20472584851984627,
    0.20450279769172938,
    0.2042802644629571,
    0.20405824901876324,
    0.20383675154438163,
    0.20361577222504607,
    0.2033953112459905,
    0.20317536879244863,
    0.20295594504965442,
    0.20273704020284156,
    0.20251865443724393,
    0.2023007879380955,
    0.2020834408906299,
    0.20186661348008117,
    0.20165030589168292,
    0.2014345183106691,
    0.2012192509222736,
    0.20100450391173016,
    0.2007902774642727,
    0.20057657176513496,
    0.2003633869995508,
    0.20015072335275413,
    0.19993858100997866,
    0.19972696015645836,
    0.19951586097742693,
    0.19930528365811828,
    0.19909522838376625,
    0.19888569533960465,
    0.1986766847108673,
    0.19846819668278803,
    0.1982602314406008,
    0.19805278916953925,
    0.19784587005483728,
    0.19763947428172884,
    0.1974336020354476,
    0.19722825350122752,
    0.19702342886430232,
    0.19681912830990592,
    0.19661535202327218,
    0.1964121001896348,
    0.19620937299422775,
    0.1960071706222848,
    0.19580549325903973,
    0.19560434108972655,
    0.1954037142995789,
    0.19520361307383075,
    0.19500403759771584,
    0.194804988056468,
    0.19460646463532122,
    0.19440846751950913,
    0.19421099689426574,
    0.1940140529448247,
    0.19381763585641998,
    0.19362174581428543,
    0.19342638300365475,
    0.19323154760976194,
    0.19303723981784068,
    0.1928434598131249,
    0.1926502077808484,
    0.192457483906245,
    0.1922652883745486,
    0.19207362137099296,
    0.1918824830808119,
    0.1916918736892394,
    0.19150179338150913,
    0.19131224234285502,
    0.19112322075851082,
    0.19093472881371043,
    0.19074676669368767,
    0.19055933458367635,
    0.1903724326689104,
    0.1901860611346235,
    0.19000022016604956,
    0.18981490994842246,
    0.18963013066697595,
    0.18944588250694397,
    0.18926216565356024,
    0.1890789802920586,
    0.18889632660767303,
    0.18871420478563716,
    0.18853261501118498,
    0.18835155746955023,
    0.1881710323459668,
    0.18799103982566856,
    0.1878115800938892,
    0.1876326533358627,
    0.18745425973682284,
    0.18727639948200342,
    0.18709907275663834,
    0.18692227974596134,
    0.1867460206352064,
    0.1865702956096072,
    0.18639510485439767,
    0.1862204485548116,
    0.1860463268960828,
    0.18587274006344523,
    0.1856996882421326,
    0.1855271716173788,
    0.1853551903744176,
    0.18518374469848287,
    0.18501283477480854,
    0.18484246078862826,
    0.18467262292517606,
    0.18450332136968556,
    0.18433455630739076,
    0.18416632792352547,
    0.18399863640332345,
    0.18383148193201865,
    0.18366486469484478,
    0.1834987848770357,
    0.18333324266382534,
    0.18316823824044742,
    0.18300377179213584,
    0.1828398435041244,
    0.18267645356164697,
    0.18251360214993737,
    0.18235128945422938,
    0.18218951565975694,
    0.18202828095175377,
    0.18186758551545373,
    0.1817074295360908,
    0.1815478131988986,
    0.1813887366891111,
    0.18123020019196207
]