[
    -1.6804611505267248,
    -1.680780553409195,
    -1.6810993515708017,
    -1.68141754646381,
    -1.6817351395404836,
    -1.6820521322530877,
    -1.682368526053887,
    -1.682684322395146,
    -1.682999522729129,
    -1.683314128508101,
    -1.6836281411843264,
    -1.6839415622100697,
    -1.6842543930375955,
    -1.6845666351191686,
    -1.6848782899070534,
    -1.6851893588535145,
    -1.6854998434108164,
    -1.6858097450312242,
    -1.6861190651670017,
    -1.6864278052704142,
    -1.686735966793726,
    -1.687043551189202,
    -1.687350559909106,
    -1.6876569944057034,
    -1.6879628561312583,
    -1.6882681465380356,
    -1.6885728670782996,
    -1.688877019204315,
    -1.6891806043683466,
    -1.689483624022659,
    -1.6897860796195163,
    -1.6900879726111837,
    -1.6903893044499254,
    -1.6906900765880062,
    -1.6909902904776906,
    -1.691289947571243,
    -1.6915890493209285,
    -1.691887597179011,
    -1.6921855925977556,
    -1.6924830370294268,
    -1.6927799319262893,
    -1.6930762787406073,
    -1.6933720789246458,
    -1.6936673339306691,
    -1.693962045210942,
    -1.694256214217729,
    -1.694549842403295,
    -1.694842931219904,
    -1.695135482119821,
    -1.6954274965553102,
    -1.6957189759786366,
    -1.696009921842065,
    -1.6963003355978594,
    -1.6965902186982846,
    -1.6968795725956054,
    -1.6971683987420862,
    -1.6974566985899915,
    -1.6977444735915863,
    -1.6980317251991346,
    -1.6983184548649015,
    -1.6986046640411512,
    -1.6988903541801486,
    -1.6991755267341582,
    -1.6994601831554446,
    -1.6997443248962725,
    -1.700027953408906,
    -1.7003110701456103,
    -1.7005936765586498,
    -1.700875774100289,
    -1.7011573642227924,
    -1.7014384483784248,
    -1.7017190280194505,
    -1.7019991045981344,
    -1.7022786795667413,
    -1.7025577543775352,
    -1.7028363304827812,
    -1.7031144093347435,
    -1.7033919923856868,
    -1.7036690810878758,
    -1.7039456768935752,
    -1.7042217812550493,
    -1.704497395624563,
    -1.7047725214543803,
    -1.7050471601967665,
    -1.705321313303986,
    -1.7055949822283032,
    -1.705868168421983,
    -1.7061408733372896,
    -1.7064130984264878,
    -1.7066848451418422,
    -1.7069561149356172,
    -1.7072269092600776,
    -1.707497229567488,
    -1.7077670773101128,
    -1.7080364539402169,
    -1.7083053609100647,
    -1.708573799671921,
    -1.70884177167805,
    -1.7091092783807165,
    -1.709376321232185,
    -1.7096429016847203,
    -1.709909021190587,
    -1.7101746812020495,
    -1.710439883171372,
    -1.71070462855082,
    -1.7109689187926578,
    -1.7112327553491498,
    -1.7114961396725603,
    -1.7117590732151544,
    -1.7120215574291966,
    -1.7122835937669512,
    -1.712545183680683,
    -1.712806328622657,
    -1.713067030045137,
    -1.7133272894003877,
    -1.7135871081406744,
    -1.713846487718261,
    -1.7141054295854128,
    -1.7143639351943936,
    -1.7146220059974684,
    -1.7148796434469018,
    -1.715136848994958,
    -1.7153936240939023,
    -1.7156499701959989,
    -1.7159058887535121,
    -1.7161613812187069,
    -1.7164164490438476,
    -1.7166710936811993,
    -1.7169253165830263,
    -1.7171791192015928,
    -1.7174325029891642,
    -1.7176854693980041,
    -1.7179380198803782,
    -1.7181901558885502,
    -1.718441878874785,
    -1.7186931902913474,
    -1.7189440915905014,
    -1.7191945842245122,
    -1.7194446696456442,
    -1.719694349306162,
    -1.7199436246583304,
    -1.7201924971544136,
    -1.7204409682466761,
    -1.720689039387383,
    -1.7209367120287986,
    -1.7211839876231876,
    -1.7214308676228145,
    -1.7216773534799437,
    -1.72192344664684,
    -1.7221691485757682,
    -1.7224144607189926,
    -1.722659384528778,
    -1.722903921457389,
    -1.7231480729570898,
    -1.7233918404801454,
    -1.72363522547882,
    -1.7238782294053787,
    -1.7241208537120858,
    -1.7243630998512056,
    -1.7246049692750034,
    -1.7248464634357432,
    -1.72508758378569,
    -1.7253283317771082,
    -1.7255687088622622,
    -1.725808716493417,
    -1.7260483561228368,
    -1.7262876292027864,
    -1.7265265371855305,
    -1.7267650815233333,
    -1.7270032636684596,
    -1.7272410850731743,
    -1.7274785471897416,
    -1.7277156514704264,
    -1.7279523993674928,
    -1.728188792333206,
    -1.72842483181983,
    -1.7286605192796298,
    -1.72889585616487,
    -1.729130843927815,
    -1.7293654840207295,
    -1.7295997778958778,
    -1.7298337270055248,
    -1.7300673328019354,
    -1.7303005967373735,
    -1.7305335202641041,
    -1.7307661048343919,
    -1.7309983519005012,
    -1.7312302629146965,
    -1.731461839329243,
    -1.7316930825964045,
    -1.7319239941684461,
    -1.732154575497632,
    -1.7323848280362273,
    -1.7326147532364966,
    -1.732844352550704,
    -1.7330736274311143,
    -1.7333025793299923,
    -1.7335312096996023,
    -1.733759519992209,
    -1.733987511660077,
    -1.7342151861554709,
    -1.7344425449306553,
    -1.7346695894378947,
    -1.734896321129454,
    -1.7351227414575974,
    -1.7353488518745896,
    -1.7355746538326955,
    -1.7358001487841792,
    -1.7360253381813056,
    -1.7362502234763393,
    -1.7364748061215447,
    -1.7366990875691868,
    -1.7369230692715296,
    -1.7371467526808377,
    -1.7373701392493766,
    -1.73759323042941,
    -1.7378160276732029,
    -1.7380385324330196,
    -1.7382607461611248,
    -1.7384826703097835,
    -1.7387043063312597,
    -1.7389256556778183,
    -1.7391467198017236,
    -1.7393675001552407,
    -1.7395879981906337,
    -1.7398082153601675,
    -1.7400281531161066,
    -1.7402478129107155,
    -1.740467196196259,
    -1.7406863044250014,
    -1.7409051390492076,
    -1.7411237015211423,
    -1.7413419932930694,
    -1.7415600158172542,
    -1.741777770545961,
    -1.741995258931454,
    -1.7422124824259986,
    -1.7424294424818592,
    -1.7426461405512998,
    -1.7428625780865856,
    -1.743078756539981,
    -1.7432946773637505,
    -1.743510342010159,
    -1.7437257519314706,
    -1.7439409085799502,
    -1.7441558134078625,
    -1.7443704678674714,
    -1.7445848734110425,
    -1.74479903149084,
    -1.7450129435591282,
    -1.745226611068172,
    -1.7454400354702357,
    -1.7456532182175843,
    -1.7458661607624821,
    -1.7460788645571939,
    -1.746291331053984,
    -1.7465035617051172,
    -1.746715557962858,
    -1.746927321279471,
    -1.747138853107221,
    -1.7473501548983723,
    -1.7475612281051898,
    -1.7477720741799376,
    -1.7479826945748809,
    -1.748193090742284,
    -1.7484032641344114,
    -1.7486132162035277,
    -1.7488229484018973,
    -1.7490324621817854,
    -1.7492417589954563,
    -1.7494508402951745,
    -1.7496597075332048,
    -1.7498683621618114,
    -1.7500768056332592,
    -1.7502850393998126,
    -1.7504930649137365,
    -1.750700883627295,
    -1.7509084969927533,
    -1.7511159064623754,
    -1.7513231134884264,
    -1.7515301195231705,
    -1.7517369260188727,
    -1.7519435344277972,
    -1.7521499462022088,
    -1.752356162794372,
    -1.7525621856565514,
    -1.7527680162410118,
    -1.7529736560000173,
    -1.753179106385833,
    -1.7533843688507231,
    -1.7535894448469527,
    -1.7537943358267858,
    -1.7539990432424875,
    -1.754203568546322,
    -1.7544079131905543,
    -1.7546120786274486,
    -1.7548160663092696,
    -1.755019877688282,
    -1.7552235142167503,
    -1.755426977346939,
    -1.755630268531113,
    -1.7558333892215365,
    -1.7560363408704744,
    -1.7562391249301912,
    -1.7564417428529515,
    -1.75664419609102,
    -1.7568464860966608,
    -1.757048614322139,
    -1.7572505822197193,
    -1.757452391241666,
    -1.7576540428402436,
    -1.7578555384677166,
    -1.75805687957635,
    -1.7582580676184083,
    -1.758459104046156,
    -1.7586599903118576,
    -1.7588607278677777,
    -1.7590613181661812,
    -1.7592617626593323,
    -1.759462062799496,
    -1.7596622200389365,
    -1.7598622358299185,
    -1.7600621116247064,
    -1.7602618488755652,
    -1.7604614490347594,
    -1.7606609135545537,
    -1.7608602438872123,
    -1.761059441485,
    -1.7612585078001814,
    -1.7614574442850213,
    -1.7616562523917838,
    -1.7618549335727338,
    -1.762053489280136,
    -1.7622519209662546,
    -1.7624502300833547,
    -1.7626484180837005,
    -1.7628464864195568,
    -1.763044436543188,
    -1.763242269906859,
    -1.7634399879628342,
    -1.763637592163378,
    -1.7638350839607553,
    -1.7640324648072305,
    -1.7642297361550685,
    -1.7644268994565333,
    -1.7646239561638901,
    -1.764820907729403,
    -1.7650177556053372,
    -1.7652145012439568,
    -1.7654111460975266,
    -1.765607691618311,
    -1.7658041392585746,
    -1.7660004904705824,
    -1.7661967467065987,
    -1.7663929094188877,
    -1.7665889800597143,
    -1.7667849600813437,
    -1.7669808509360396,
    -1.7671766540760672,
    -1.7673723709536908,
    -1.767568003021175,
    -1.7677635517307844,
    -1.7679590185347835,
    -1.7681544048854372,
    -1.7683497122350098,
    -1.7685449420357662,
    -1.7687400957399704,
    -1.7689351747998876,
    -1.7691301806677822,
    -1.7693251147959188,
    -1.7695199786365619,
    -1.7697147736419763,
    -1.7699095012644261,
    -1.7701041629561767,
    -1.770298760169492,
    -1.7704932943566367,
    -1.7706877669698757,
    -1.770882179461473,
    -1.771076533283694,
    -1.771270829888803,
    -1.7714650707290642,
    -1.7716592572567427,
    -1.7718533909241025,
    -1.772047473183409,
    -1.772241505486926,
    -1.7724354892869187,
    -1.7726294260356514,
    -1.7728233171853887,
    -1.7730171641883947,
    -1.7732109684969353,
    -1.7734047315632737,
    -1.7735984548396755,
    -1.7737921397784049,
    -1.7739857878317262,
    -1.7741794004519045,
    -1.7743729790912042,
    -1.7745665252018896,
    -1.7747600402362258,
    -1.774953525646477,
    -1.7751469828849076,
    -1.775340413403783,
    -1.7755338186553673,
    -1.7757272000919249,
    -1.7759205591657208,
    -1.7761138973290191,
    -1.776307216034085,
    -1.7765005167331827,
    -1.7766938008785769,
    -1.776887069922532,
    -1.7770803253173129,
    -1.7772735685151837,
    -1.7774668009684098,
    -1.777660024129255,
    -1.7778532394499844,
    -1.7780464483828624,
    -1.7782396523801538,
    -1.7784328528941227,
    -1.7786260513770342,
    -1.7788192492811525,
    -1.7790124480587424,
    -1.7792056491620687,
    -1.7793988540433952,
    -1.7795920641549876,
    -1.7797852809491097,
    -1.7799785058780264,
    -1.7801717403940023,
    -1.7803649859493018,
    -1.7805582439961896,
    -1.7807515159869305,
    -1.7809448033737887,
    -1.7811381076090291,
    -1.781331430144916,
    -1.7815247724337142,
    -1.7817181359276884,
    -1.781911522079103,
    -1.7821049323402227,
    -1.782298368163312,
    -1.7824918310006357,
    -1.782685322304458,
    -1.782878843527044,
    -1.7830723961206576,
    -1.783265981537564,
    -1.7834596012300274,
    -1.783653256650313,
    -1.7838469492506845,
    -1.7840406804834075,
    -1.7842344518007456,
    -1.784428264654964,
    -1.7846221204983275,
    -1.7848160207830999,
    -1.7850099669615465,
    -1.7852039604859313,
    -1.7853980028085195,
    -1.7855920953815752,
    -1.7857862396573632,
    -1.7859804370881482,
    -1.7861746891261947,
    -1.7863689972237673,
    -1.7865633628331306,
    -1.786757787406549,
    -1.7869522723962876,
    -1.7871468192546103,
    -1.7873414294337822,
    -1.7875361043860676,
    -1.787730845563731,
    -1.7879256544190376,
    -1.7881205324042515,
    -1.7883154809716375,
    -1.78851050157346,
    -1.7887055956619835,
    -1.788900764689473,
    -1.7890960101081927,
    -1.7892913333704077,
    -1.789486735928382,
    -1.7896822192343804,
    -1.7898777847406673,
    -1.790073433899508,
    -1.7902691681631664,
    -1.7904649889839073,
    -1.7906608978139955,
    -1.7908568961056952,
    -1.7910529853112713,
    -1.7912491668829882,
    -1.7914454422731105,
    -1.7916418129339031,
    -1.79183828031763,
    -1.7920348458765563,
    -1.7922315110629465,
    -1.7924282773290652,
    -1.7926251461271767,
    -1.7928221189095461,
    -1.7930191971284375,
    -1.7932163822361158,
    -1.7934136756848456,
    -1.793611078926891,
    -1.7938085934145174,
    -1.794006220599989,
    -1.7942039619355699,
    -1.7944018188735253,
    -1.7945997928661197,
    -1.7947978853656177,
    -1.794996097824284,
    -1.7951944267176,
    -1.7953928685210478,
    -1.7955914197101093,
    -1.7957900767602664,
    -1.7959888361470004,
    -1.7961876943457937,
    -1.7963866478321275,
    -1.7965856930814845,
    -1.796784826569346,
    -1.7969840447711938,
    -1.7971833441625096,
    -1.7973827212187756,
    -1.7975821724154737,
    -1.797781694228085,
    -1.7979812831320923,
    -1.7981809356029765,
    -1.7983806481162201,
    -1.7985804171473043,
    -1.7987802391717116,
    -1.7989801106649235,
    -1.799180028102422,
    -1.7993799879596886,
    -1.7995799867122053,
    -1.799780020835454,
    -1.7999800868049163,
    -1.8001801810960743,
    -1.8003803001844094,
    -1.800580440545404,
    -1.8007805986545393,
    -1.8009807709872978,
    -1.801180954019161,
    -1.8013811442256107,
    -1.8015813380821286,
    -1.8017815320641968,
    -1.801981722647297,
    -1.8021819063069109,
    -1.8023820795185206,
    -1.8025822387576076,
    -1.8027823804996541,
    -1.8029825012201413,
    -1.8031825973945517,
    -1.803382665498367,
    -1.8035827020070685,
    -1.8037827033961387,
    -1.8039826661410592,
    -1.8041825867173116,
    -1.804382461600378,
    -1.80458228726574,
    -1.8047820601888795,
    -1.8049817768452785,
    -1.8051814337104184,
    -1.8053810272597817,
    -1.8055805539688496,
    -1.805780010313104,
    -1.8059793927680272,
    -1.8061786978091008,
    -1.8063779219118064,
    -1.8065770615516257,
    -1.806776113204041,
    -1.8069750733445338,
    -1.807173938448586,
    -1.8073727049916795,
    -1.807571369449296,
    -1.8077699282969175,
    -1.8079683780100257,
    -1.8081667150641025,
    -1.8083649359346299,
    -1.8085630370970893,
    -1.8087610150269626,
    -1.8089588661997318,
    -1.8091565870908788,
    -1.8093541741758852,
    -1.8095516239302327,
    -1.8097489328294036,
    -1.8099460973488795,
    -1.8101431139641422,
    -1.8103399791506734,
    -1.810536689383955,
    -1.810733241139469,
    -1.810929630892697,
    -1.811125855119121,
    -1.8113219102942228,
    -1.811517792893484,
    -1.8117134993923867,
    -1.8119090262664126,
    -1.8121043699910435,
    -1.8122995270417612,
    -1.8124944938940477,
    -1.8126892670233847,
    -1.8128838429052543,
    -1.8130782180151377,
    -1.8132723888285172,
    -1.8134663518208745,
    -1.8136601034676914,
    -1.8138536402444496,
    -1.8140469586266315,
    -1.8142400550897182,
    -1.814432926109192,
    -1.8146255681605346,
    -1.8148179777192275,
    -1.815010151260753,
    -1.8152020852605928,
    -1.8153937761942287,
    -1.8155852205371423,
    -1.8157764147648154,
    -1.8159673553527305,
    -1.8161580387763687,
    -1.8163484615112122,
    -1.8165386200327425,
    -1.816728510816442,
    -1.816918130337792,
    -1.8171074750722742,
    -1.817296541495371,
    -1.8174853260825639,
    -1.8176738253093347,
    -1.8178620356511652,
    -1.8180499535835373,
    -1.8182375755819329,
    -1.8184248981218336,
    -1.8186119176787217,
    -1.8187986307280786,
    -1.8189850337453861,
    -1.819171123206126,
    -1.8193568955857806,
    -1.8195423473598313,
    -1.8197274750037602,
    -1.8199122749930483,
    -1.8200967438031785,
    -1.8202808779096324,
    -1.8204646737878916,
    -1.8206481279134377,
    -1.8208312367617527,
    -1.8210139968083188,
    -1.8211964045286173,
    -1.8213784563981303,
    -1.8215601488923396,
    -1.821741478486727,
    -1.821922441656774,
    -1.822103034877963,
    -1.8222832546257757,
    -1.8224630973756937,
    -1.822642559603199,
    -1.8228216377837732,
    -1.8230003283928982,
    -1.823178627906056,
    -1.8233565327987284,
    -1.823534039546397,
    -1.8237111446245438,
    -1.8238878445086504,
    -1.8240641356741991,
    -1.8242400145966713,
    -1.824415477751549,
    -1.8245905216143141,
    -1.824765142660448,
    -1.8249393373654332,
    -1.8251131022047509,
    -1.8252864336538834,
    -1.8254593281883122,
    -1.8256317822835193,
    -1.8258037924149861,
    -1.825975355058195,
    -1.8261464666886278,
    -1.826317123781766,
    -1.8264873228130916,
    -1.826657060258086,
    -1.826826332592232,
    -1.8269951362910106,
    -1.8271634678299038,
    -1.8273313236843935,
    -1.8274987003299614,
    -1.8276655942420894,
    -1.8278320018962595,
    -1.8279979197679532,
    -1.8281633443326526,
    -1.8283282720658396,
    -1.8284926994429958,
    -1.828656622939603,
    -1.828820039031143,
    -1.8289829441930978,
    -1.8291453349009492,
    -1.829307207630179,
    -1.8294685588562687,
    -1.8296293850547007,
    -1.8297896827009565,
    -1.829949448270518,
    -1.830108678238867,
    -1.8302673690814852,
    -1.8304255172738548,
    -1.8305831192914572,
    -1.8307401716097744,
    -1.8308966707042882,
    -1.8310526130504805,
    -1.8312079951238327,
    -1.8313628133998274,
    -1.831517064353946,
    -1.8316707444616702,
    -1.831823850198482,
    -1.8319763780398632,
    -1.8321283244612958,
    -1.8322796859382613,
    -1.8324304589462415,
    -1.8325806399607187,
    -1.8327302254571742,
    -1.83287921191109,
    -1.8330275957979478,
    -1.83317537359323,
    -1.8333225417724177,
    -1.8334690968109932,
    -1.8336150351844382,
    -1.8337603533682345,
    -1.8339050478378638,
    -1.834049115068808,
    -1.8341925515365491,
    -1.8343353537165688,
    -1.8344775180843484,
    -1.8346190411153707,
    -1.834759919285117,
    -1.8349001490690693,
    -1.8350397269427092,
    -1.8351786493815185,
    -1.8353169128609794,
    -1.8354545138565732,
    -1.8355914488437821,
    -1.8357277142980881,
    -1.8358633066949723,
    -1.8359982225099172,
    -1.8361324582184042,
    -1.8362660102959156,
    -1.836398875217933,
    -1.836531049459938,
    -1.8366625294974126,
    -1.8367933118058388,
    -1.836923392860698,
    -1.8370527691374725,
    -1.837181437111644,
    -1.837309393258694,
    -1.8374366340541042,
    -1.8375631559733572,
    -1.8376889554919345,
    -1.8378140290853175,
    -1.8379383732289885,
    -1.8380619843984292,
    -1.8381848590691214,
    -1.8383069937165468,
    -1.8384283848161875,
    -1.8385490288435251,
    -1.8386689222740416,
    -1.8387880615832184,
    -1.8389064432465378,
    -1.8390240637394815,
    -1.8391409195375314,
    -1.8392570071161691,
    -1.8393723229508765,
    -1.8394868635171355,
    -1.839600625290428,
    -1.8397136047462357,
    -1.8398257983600403,
    -1.8399372026073237,
    -1.8400478139635679,
    -1.8401576289042545,
    -1.8402666439048656,
    -1.8403748554408828,
    -1.840482259987788,
    -1.840588854021063,
    -1.8406946340161898,
    -1.8407995964486499,
    -1.8409037377939252,
    -1.8410070545274977,
    -1.841109543124849,
    -1.841211200061461,
    -1.8413120218128158,
    -1.8414120048543952,
    -1.8415111456616806,
    -1.841609440710154,
    -1.8417068864752975,
    -1.8418034794325924,
    -1.841899216057521,
    -1.841994092825565,
    -1.842088106212206,
    -1.8421812526929262,
    -1.8422735287432068,
    -1.8423649308385306,
    -1.8424554554543786,
    -1.8425450990662329,
    -1.8426338581495754,
    -1.8427217291798879,
    -1.8428087086326521,
    -1.84289479298335,
    -1.8429799787074632,
    -1.8430642622804736,
    -1.8431476401778628,
    -1.8432301088751135,
    -1.8433116648477066,
    -1.8433923045711242,
    -1.8434720245208485,
    -1.8435508211723608,
    -1.843628691001143,
    -1.843705630482677,
    -1.8437816360924448,
    -1.8438567043059282,
    -1.843930831598609,
    -1.8440040144459686,
    -1.8440762493234892,
    -1.8441475327066528,
    -1.8442178610709408,
    -1.8442872308918354,
    -1.8443556386448183,
    -1.8444230808053712,
    -1.844489553848976,
    -1.8445550542511147,
    -1.844619578487269,
    -1.8446831230329204,
    -1.844745684363551,
    -1.8448072589546427,
    -1.8448678432816774,
    -1.8449274338201367,
    -1.8449860270455025,
    -1.8450436194332567,
    -1.8451002074588811,
    -1.8451557875978575,
    -1.8452103563256677,
    -1.8452639101177934,
    -1.8453164454497166,
    -1.845367958796919,
    -1.8454184466348824,
    -1.845467905439089,
    -1.8455163316850203,
    -1.8455637218481582,
    -1.8456100724039846,
    -1.8456553798279811,
    -1.8456996405956296,
    -1.845742851182412,
    -1.8457850080638103,
    -1.845826107715306,
    -1.8458661466123807,
    -1.8459051212305169,
    -1.845943028045196,
    -1.8459798635319002,
    -1.8460156241661108,
    -1.84605030642331,
    -1.8460839067789796,
    -1.8461164217086012,
    -1.8461478476876567,
    -1.846178181191628,
    -1.846207418695997,
    -1.846235556676245,
    -1.8462625916078546,
    -1.8462885199663073,
    -1.8463133382270847,
    -1.846337042865669,
    -1.8463596303575418,
    -1.846381097178185,
    -1.8464014398030804,
    -1.8464206547077098,
    -1.8464387383675551,
    -1.846455687258098,
    -1.84647149785482,
    -1.8464861666332038,
    -1.8464996900687307,
    -1.8465120646368824,
    -1.8465232868131412,
    -1.8465333530729882,
    -1.846542259891906,
    -1.846550003745376,
    -1.8465565811088798,
    -1.8465619884578999,
    -1.8465662222679176,
    -1.8465692790144144,
    -1.8465711551728732,
    -1.8465718472187749,
    -1.8465713516276017,
    -1.8465696648748353,
    -1.8465667834359578,
    -1.8465627037864507,
    -1.846557422401796,
    -1.8465509357574754,
    -1.8465432403289708,
    -1.846534332591764,
    -1.8465242090213367,
    -1.846512866093171,
    -1.8465003002827485,
    -1.846486508065551,
    -1.8464714859170608,
    -1.846455230312759,
    -1.846437737728128,
    -1.8464190046386493,
    -1.846399027519805,
    -1.8463778028470765,
    -1.846355327095946,
    -1.8463315967418952,
    -1.8463066082604058,
    -1.8462803581269598,
    -1.846252842817039,
    -1.8462240588061254,
    -1.8461940025697006,
    -1.8461626705832461,
    -1.8461300593222445,
    -1.8460961652621768,
    -1.8460609848785254,
    -1.8460245146467722,
    -1.8459867510423982,
    -1.845947690540886,
    -1.8459073296177175,
    -1.845865664748374,
    -1.8458226924083379,
    -1.8457784090730902,
    -1.8457328112181135,
    -1.8456858953188895,
    -1.8456376578508997,
    -1.845588095289626,
    -1.8455372041105504,
    -1.8454849807891545,
    -1.8454314218009205,
    -1.8453765236213298,
    -1.8453202827258646,
    -1.8452626955900064,
    -1.8452037586892374,
    -1.8451434684990389,
    -1.8450818214948932,
    -1.8450188141522819,
    -1.8449544429466866,
    -1.8448887043535898,
    -1.8448215948484725,
    -1.8447531109068172,
    -1.8446832490041054,
    -1.844612005615819,
    -1.8445393772174399,
    -1.8444653602844496,
    -1.8443899512923303,
    -1.8443131467165639,
    -1.8442349430326317,
    -1.844155336716016,
    -1.8440743242421984,
    -1.8439919020866606,
    -1.8439080667248848,
    -1.8438228146323525,
    -1.8437361422845457,
    -1.8436480461569464,
    -1.8435585227250362,
    -1.8434675684642967,
    -1.84337517985021,
    -1.843281353358258,
    -1.8431860854639224,
    -1.843089372642685,
    -1.8429912113700273,
    -1.8428915981214318,
    -1.8427905293723799,
    -1.8426880015983536,
    -1.8425840112748346,
    -1.8424785548773048,
    -1.8423716288812462,
    -1.8422632297621402,
    -1.8421533539954689,
    -1.8420419980567142,
    -1.8419291584213575,
    -1.841814831564881,
    -1.8416990139627665,
    -1.8415817020904959,
    -1.8414628924235508,
    -1.8413425814374131,
    -1.8412207656075648,
    -1.8410974414094874,
    -1.8409726053186628,
    -1.840846253810573,
    -1.8407183833607,
    -1.840588990444525,
    -1.8404580715375303,
    -1.8403256231151977,
    -1.8401916416530089,
    -1.8400561236264457,
    -1.83991906551099,
    -1.8397804637821238,
    -1.8396403149153286,
    -1.8394986153860864,
    -1.839355361669879,
    -1.8392105502421883,
    -1.8390641775784955,
    -1.8389162401542833,
    -1.8387667344450334,
    -1.8386156569262273,
    -1.838463004073347,
    -1.838308772361874,
    -1.8381529582672906,
    -1.8379955582650784,
    -1.8378365688307192,
    -1.837675986439695,
    -1.8375138075674873,
    -1.837350028689578,
    -1.8371846462814492,
    -1.8370176568185825,
    -1.83684905677646,
    -1.836678842630563,
    -1.8365070108563737,
    -1.836333557929374,
    -1.8361584803250455,
    -1.83598177451887,
    -1.8358034369863296,
    -1.835623464202906,
    -1.8354418526440806,
    -1.8352585987853358,
    -1.8350737085578486,
    -1.834887187892796,
    -1.834699042721355,
    -1.834509278974703,
    -1.834317902584017,
    -1.834124919480474,
    -1.8339303355952514,
    -1.833734156859526,
    -1.833536389204475,
    -1.8333370385612753,
    -1.8331361108611046,
    -1.8329336120351396,
    -1.8327295480145576,
    -1.8325239247305354,
    -1.8323167481142506,
    -1.8321080240968797,
    -1.8318977586096004,
    -1.8316859575835893,
    -1.831472626950024,
    -1.8312577726400814,
    -1.8310414005849383,
    -1.8308235167157723,
    -1.8306041269637605,
    -1.8303832372600797,
    -1.830160853535907,
    -1.82993698172242,
    -1.8297116277507954,
    -1.8294847975522104,
    -1.829256497057842,
    -1.8290267321988676,
    -1.828795508906464,
    -1.8285628331118082,
    -1.8283287107460782,
    -1.82809314774045,
    -1.8278561500261015,
    -1.8276177235342095,
    -1.827377874195951,
    -1.8271366079425033,
    -1.8268939307050436,
    -1.8266498484147486,
    -1.8264043670027958,
    -1.8261574924003625,
    -1.825909230538625,
    -1.8256595873487613,
    -1.8254085687619481,
    -1.8251561807093624,
    -1.8249024291221816,
    -1.8246473199315827,
    -1.824390859068743,
    -1.8241330524648391,
    -1.8238739060510487,
    -1.8236134257585486,
    -1.8233516175185158,
    -1.8230884872621276,
    -1.8228240409205612,
    -1.8225582844249935,
    -1.8222912237066018,
    -1.8220228646965633,
    -1.8217532133260548,
    -1.8214822755262534,
    -1.8212100572283365,
    -1.8209365643634814,
    -1.8206618028628645,
    -1.8203857786576636,
    -1.8201084976790551,
    -1.8198299658582169,
    -1.8195501891263257,
    -1.819269173414559,
    -1.8189869246540933,
    -1.818703448776106,
    -1.8184187517117743,
    -1.818132839392275,
    -1.817845717748786,
    -1.8175573927124833,
    -1.8172678702145448,
    -1.8169771561861474,
    -1.8166852565584681,
    -1.8163921772626843,
    -1.816097924229973,
    -1.815802503391511,
    -1.815505920678476,
    -1.8152081820220447,
    -1.8149092933533941,
    -1.8146092606037016,
    -1.8143080897041444,
    -1.8140057865858992,
    -1.8137023571801432,
    -1.813397807418054,
    -1.8130921432308083,
    -1.8127853705495833,
    -1.8124774953055562,
    -1.8121685234299039,
    -1.8118584608538038,
    -1.8115473135084328,
    -1.811235087324968,
    -1.8109217882345865,
    -1.8106074221684658,
    -1.8102919950577823,
    -1.8099755128337138,
    -1.8096579814274372,
    -1.8093394067701294,
    -1.8090197947929678,
    -1.8086991514271293,
    -1.808377482603791,
    -1.8080547942541303,
    -1.8077310923093242,
    -1.8074063827005498,
    -1.807080671358984,
    -1.8067539642158037,
    -1.8064262672021867,
    -1.80609758624931,
    -1.8057679272883504,
    -1.805437296250485,
    -1.8051056990668912,
    -1.804773141668746,
    -1.8044396299872265,
    -1.8041051699535096,
    -1.8037697674987727,
    -1.8034334285541929,
    -1.803096159050947,
    -1.8027579649202123,
    -1.8024188520931663,
    -1.8020788265009857,
    -1.8017378940748476,
    -1.8013960607459292,
    -1.8010533324454077,
    -1.80070971510446,
    -1.8003652146542635,
    -1.800019837025995,
    -1.799673588150832,
    -1.799326473959951,
    -1.7989785003845298,
    -1.7986296733557452,
    -1.7982799988047744,
    -1.7979294826627945,
    -1.7975781308609824,
    -1.7972259493305154,
    -1.7968729440025706,
    -1.796519120808325,
    -1.7961644856789563,
    -1.7958090445456407,
    -1.7954528033395556,
    -1.7950957679918784,
    -1.7947379444337863,
    -1.7943793385964562,
    -1.794019956411065,
    -1.79365980380879,
    -1.7932988867208086,
    -1.7929372110782975,
    -1.7925747828124339,
    -1.7922116078543953,
    -1.7918476921353579,
    -1.7914830415864997,
    -1.7911176621389977,
    -1.7907515597240287,
    -1.79038474027277,
    -1.7900172097163987,
    -1.7896489739860917,
    -1.7892800390130263,
    -1.78891041072838,
    -1.7885400950633292,
    -1.7881690979490514,
    -1.7877974253167235,
    -1.787425083097523,
    -1.7870520772226266,
    -1.7866784136232117,
    -1.7863040982304552,
    -1.7859291369755346,
    -1.7855535357896266,
    -1.7851773006039084,
    -1.7848004373495572,
    -1.7844229519577501,
    -1.7840448503596642,
    -1.7836661384864765,
    -1.7832868222693643,
    -1.7829069076395045,
    -1.7825264005280748,
    -1.7821453068662514,
    -1.7817636325852122,
    -1.7813813836161339,
    -1.7809985658901937,
    -1.7806151853385688,
    -1.780231247892436,
    -1.779846759482973,
    -1.779461726041356,
    -1.7790761534987631,
    -1.7786900477863712,
    -1.778303414835357,
    -1.7779162605768977,
    -1.7775285909421707,
    -1.777140411862353,
    -1.7767517292686217,
    -1.7763625490921537,
    -1.7759728772641263,
    -1.7755827197157168,
    -1.7751920823781018,
    -1.774800971182459,
    -1.7744093920599653,
    -1.7740173509417978,
    -1.7736248537591335,
    -1.7732319064431497,
    -1.7728385149250232,
    -1.7724446851359315,
    -1.7720504230070515,
    -1.7716557344695603,
    -1.7712606254546353,
    -1.770865101893453,
    -1.770469169717191
]