[
    0.2676675487696483,
    0.2673502449174786,
    0.2670329895052095,
    0.2667157825344717,
    0.26639862400689607,
    0.26608151392411333,
    0.2657644522877542,
    0.2654474390994494,
    0.26513047436082976,
    0.26481355807352597,
    0.2644966902391688,
    0.26417987085938893,
    0.26386309993581725,
    0.2635463774700844,
    0.26322970346382124,
    0.2629130779186584,
    0.26259650083622676,
    0.26227997221815696,
    0.2619634920660797,
    0.2616470603816259,
    0.2613306771664262,
    0.2610143424221114,
    0.2606980561503123,
    0.26038181835265944,
    0.2600656290307838,
    0.25974948818631605,
    0.2594333958208868,
    0.25911735193612706,
    0.2588013565336674,
    0.2584854096151387,
    0.2581695111821716,
    0.25785366123639686,
    0.2575378597794453,
    0.2572221068129476,
    0.2569064023385345,
    0.25659074635783685,
    0.2562751388724853,
    0.2559595798841107,
    0.2556440693943437,
    0.2553286074048151,
    0.25501319391715566,
    0.2546978289329961,
    0.25438251245396715,
    0.25406724448169965,
    0.2537520250178243,
    0.2534368540639718,
    0.25312173162177304,
    0.2528066576928586,
    0.25249163227885935,
    0.25217665538140593,
    0.2518617270021292,
    0.25154684714265996,
    0.2512320158046288,
    0.25091723298966656,
    0.250602498699404,
    0.25028781293547175,
    0.24997317569950075,
    0.2496585869931216,
    0.24934404681796513,
    0.24902955517566208,
    0.2487151120678432,
    0.24840071749613923,
    0.24808637146218093,
    0.24777207396759904,
    0.24745782501402425,
    0.24714362460308742,
    0.24682947273641928,
    0.24651536941565055,
    0.246201314642412,
    0.24588730841833434,
    0.24557335074504835,
    0.2452594416241848,
    0.24494558105737435,
    0.2446317690462479,
    0.2443180055924361,
    0.24400429069756974,
    0.24369062436327954,
    0.24337700659119627,
    0.2430634373829507,
    0.24274991674017346,
    0.24243644466449546,
    0.2421230211575474,
    0.24180964622096002,
    0.24149631985636408,
    0.24118304206539032,
    0.24086981284966946,
    0.24055663221083232,
    0.24024350015050952,
    0.239930416670332,
    0.2396173817719304,
    0.23930439545693546,
    0.238991457726978,
    0.2386785685836887,
    0.23836572802869832,
    0.23805293606363767,
    0.23774019269013738,
    0.23742749790982834,
    0.23711485172434127,
    0.23680225413530687,
    0.23648970514435588,
    0.23617720475311912,
    0.23586475296322731,
    0.23555234977631112,
    0.23523999519400146,
    0.23492768921792898,
    0.23461543184972444,
    0.23430322309101861,
    0.2339910629434422,
    0.23367895140862605,
    0.2333668884882008,
    0.23305487418379722,
    0.23274290849704615,
    0.23243099142957827,
    0.23211912298302437,
    0.23180730315901515,
    0.2314955319591814,
    0.23118380938515384,
    0.2308721354385632,
    0.2305605101210403,
    0.2302489334342159,
    0.22993740537972068,
    0.22962592595918543,
    0.2293144951742409,
    0.22900311302651782,
    0.22869177951764696,
    0.22838049464925902,
    0.22806925842298484,
    0.22775807084045513,
    0.22744693190330062,
    0.2271358416131521,
    0.2268247999716403,
    0.22651380698039594,
    0.2262028626410498,
    0.22589196695523264,
    0.22558111992457522,
    0.22527032155070825,
    0.22495957183526252,
    0.22464887077986878,
    0.2243382183861577,
    0.22402761465576015,
    0.22371705959030683,
    0.2234065531914285,
    0.22309609546075584,
    0.2227856863999197,
    0.22247532601055078,
    0.22216501429427984,
    0.22185475125273765,
    0.22154453688755493,
    0.22123437120036243,
    0.22092425419279096,
    0.22061418586647116,
    0.2203041662230339,
    0.21999419526410985,
    0.2196842729913298,
    0.21937439940632447,
    0.21906457451072464,
    0.21875479830616107,
    0.21844507079426445,
    0.21813539197666562,
    0.21782576185499525,
    0.21751618043088417,
    0.21720664770596304,
    0.21689716368186263,
    0.21658772836021375,
    0.2162783417426471,
    0.21596900383079348,
    0.21565971462628358,
    0.2153504741307482,
    0.2150412823458181,
    0.21473213927312393,
    0.21442304491429653,
    0.21411399927096667,
    0.21380500234476502,
    0.2134960541373224,
    0.21318715465026955,
    0.21287830388523718,
    0.21256950184385606,
    0.21226074852775698,
    0.21195204393857064,
    0.21164338807792782,
    0.21133478094745922,
    0.21102622254879566,
    0.21071771288356786,
    0.21040925195340657,
    0.21010083975994254,
    0.20979247630480655,
    0.20948416158962932,
    0.20917589561604158,
    0.2088676783856741,
    0.20855950990015767,
    0.208251390161123,
    0.20794331917020087,
    0.20763529692902194,
    0.2073273234392171,
    0.207019398702417,
    0.20671152272025242,
    0.20640369549435414,
    0.20609591702635288,
    0.20578818731787937,
    0.2054805063705644,
    0.2051728741860387,
    0.20486529076593304,
    0.20455775611187813,
    0.20425027022550477,
    0.2039428331084437,
    0.20363544476232565,
    0.2033281051887814,
    0.20302081438944164,
    0.2027135723659372,
    0.20240637911989878,
    0.20209923465295715,
    0.20179213896674306,
    0.20148509206288723,
    0.20117809394302047,
    0.20087114460877348,
    0.20056424406177703,
    0.20025739230366188,
    0.19995058933605878,
    0.19964383516059844,
    0.19933712977891166,
    0.19903047319262918,
    0.19872386540338172,
    0.19841730641280006,
    0.19811079622251498,
    0.19780433483415716,
    0.1974979222493574,
    0.19719155846974645,
    0.19688524349695502,
    0.19657897733261392,
    0.19627275997835386,
    0.19596659143580558,
    0.1956604717065999,
    0.1953544007923675,
    0.19504837869473912,
    0.19474240541534557,
    0.1944364809558176,
    0.19413060531778592,
    0.19382477850288127,
    0.19351900051273446,
    0.1932132713489762,
    0.19290759101323726,
    0.19260195950714834,
    0.19229637683234027,
    0.19199084299044378,
    0.19168535798308955,
    0.1913799218119084,
    0.1910745344785311,
    0.19076919598458833,
    0.1904639063317109,
    0.1901586655215295,
    0.18985347355567495,
    0.18954833043577798,
    0.18924323616346928,
    0.18893819074037968,
    0.18863319416813992,
    0.18832824644838073,
    0.1880233475827328,
    0.18771849757282702,
    0.18741369642029404,
    0.18710894412676463,
    0.18680424069386953,
    0.18649958612323952,
    0.18619498041650537,
    0.18589042357529773,
    0.1855859156012475,
    0.1852814564959853,
    0.18497704626114195,
    0.18467268489834818,
    0.1843683724092347,
    0.18406410879543236,
    0.18375989405857182,
    0.18345572820028389,
    0.18315161122219928,
    0.18284754312594878,
    0.18254352391316309,
    0.182239553585473,
    0.18193563214450925,
    0.1816317595919026,
    0.18132793592928378,
    0.18102416115828354,
    0.18072043528053267,
    0.18041675829766185,
    0.1801131302113019,
    0.17980955102308355,
    0.17950602073463756,
    0.17920253934759464,
    0.17889910686358557,
    0.17859572328424111,
    0.178292388611192,
    0.177989102846069,
    0.17768586599050282,
    0.17738267804612426,
    0.17707953901456408,
    0.17677644889745298,
    0.1764734076964217,
    0.17617041541310105,
    0.1758674720491218,
    0.1755645776061146,
    0.17526173208571028,
    0.17495893548953956,
    0.1746561878192332,
    0.17435348907642192,
    0.17405083926273657,
    0.1737482383798078,
    0.1734456864292664,
    0.17314318341274307,
    0.17284072933186864,
    0.17253832418827383,
    0.1722359679835894,
    0.17193366071944605,
    0.17163140239747457,
    0.17132919301930571,
    0.17102703258657026,
    0.17072492110089887,
    0.1704228585639224,
    0.17012084497727153,
    0.16981888034257703,
    0.16951696466146965,
    0.16921509793558015,
    0.16891328016653928,
    0.1686115113559778,
    0.1683097915055264,
    0.16800812061681591,
    0.16770649869147705,
    0.16740492573114057,
    0.1671034017374372,
    0.16680192671199773,
    0.16650050065645286,
    0.1661991235724334,
    0.1658977954615701,
    0.16559651632549366,
    0.16529528616583483,
    0.16499410498422443,
    0.16469297278229314,
    0.16439188956167175,
    0.16409085532399098,
    0.16378987007088158,
    0.16348893380397436,
    0.16318804652490004,
    0.16288720823528935,
    0.162586418936773,
    0.16228567863098187,
    0.16198498731954658,
    0.16168434500409798,
    0.16138375168626673,
    0.16108320736768364,
    0.16078271204997943,
    0.1604822657347849,
    0.16018186842373078,
    0.15988152011844778,
    0.1595812208205667,
    0.15928097053171825,
    0.15898076925353322,
    0.15868061698764235,
    0.15838051373567638,
    0.15808045949926602,
    0.15778045428004212,
    0.15748049807963535,
    0.1571805908996765,
    0.1568807327417963,
    0.15658092360762552,
    0.1562811634987949,
    0.15598145241693517,
    0.15568179036367713,
    0.15538217734065146,
    0.15508261334948897,
    0.15478309839182042,
    0.15448363246927652,
    0.15418421558348802,
    0.15388484773608568,
    0.15358552892870028,
    0.15328625916296257,
    0.15298703844050326,
    0.15268786676295312,
    0.15238874413194287,
    0.15208967054910333,
    0.15179064601606518,
    0.15149167053445922,
    0.15119274410591618,
    0.1508938667320668,
    0.1505950384145419,
    0.15029625915497213,
    0.14999752895498827,
    0.14969884781622111,
    0.14940021574030138,
    0.14910163272885985,
    0.14880309878352724,
    0.1485046139059343,
    0.14820617809771178,
    0.14790779136049045,
    0.1476094536959011,
    0.14731116510557438,
    0.1470129255911411,
    0.146714735154232,
    0.14641659379647787,
    0.14611850151950942,
    0.1458204583249574,
    0.14552246421445256,
    0.14522451918962567,
    0.14492662325210748,
    0.14462877640352872,
    0.14433097864552014,
    0.14403322997971255,
    0.1437355304077366,
    0.14343787993122312,
    0.14314027855180284,
    0.1428427262711065,
    0.14254522309076484,
    0.14224776901240865,
    0.14195036403766867,
    0.14165300816817564,
    0.14135570140556028,
    0.1410584437514534,
    0.1407612352074857,
    0.140464075775288,
    0.14016696545649096,
    0.13986990425272539,
    0.13957289216562202,
    0.13927592919681162,
    0.1389790153479249,
    0.13868215062059264,
    0.13838533501644562,
    0.13808856853711454,
    0.13779185118423015,
    0.13749518295942326,
    0.13719856386432458,
    0.13690199390056482,
    0.13660547306977483,
    0.1363090013735853,
    0.13601257881362694,
    0.13571620539153056,
    0.13541988110892691,
    0.13512360596744674,
    0.1348273799687208,
    0.13453120311437983,
    0.13423507540605453,
    0.13393899684537572,
    0.13364296743397416,
    0.13334698717348056,
    0.13305105606552567,
    0.13275517411174026,
    0.13245934131375509,
    0.1321635576732009,
    0.13186782319170842,
    0.13157213787090843,
    0.13127650171243163,
    0.13098091471790885,
    0.1306853768889708,
    0.13038988822724823,
    0.13009444873437187,
    0.1297990584119725,
    0.12950371726168092,
    0.12920842528512777,
    0.12891318248394384,
    0.12861798885975995,
    0.12832284441420677,
    0.12802774914891507,
    0.12773270306551562,
    0.12743770616563915,
    0.12714275845091644,
    0.1268478599229782,
    0.12655301058345522,
    0.1262582104339782,
    0.12596345947617796,
    0.12566875771168518,
    0.12537410514213068,
    0.12507950176914517,
    0.1247849475943594,
    0.1244904426194041,
    0.1241959868459101,
    0.12390158027550809,
    0.12360722290982881,
    0.12331291475050302,
    0.12301865579916152,
    0.12272444605743502,
    0.12243028552695426,
    0.12213617420935,
    0.12184211210625298,
    0.12154809921929399,
    0.12125413555010377,
    0.12096022110031304,
    0.12066635587155256,
    0.12037253986545307,
    0.12007877308364538,
    0.1197850555277602,
    0.11949138719942827,
    0.11919776810028036,
    0.1189041982319472,
    0.11861067759605956,
    0.11831720619424821,
    0.11802378402814385,
    0.11773041109937725,
    0.11743708740957919,
    0.1171438129603804,
    0.11685058775341162,
    0.11655741179030361,
    0.1162642850726871,
    0.1159712076021929,
    0.1156781793804517,
    0.1153852004090943,
    0.11509227068975138,
    0.11479939022405376,
    0.11450655912344004,
    0.1142137774993489,
    0.11392104546321895,
    0.11362836312648884,
    0.11333573060059718,
    0.11304314799698267,
    0.11275061542708391,
    0.11245813300233955,
    0.1121657008341882,
    0.11187331903406855,
    0.11158098771341923,
    0.11128870698367888,
    0.1109964769562861,
    0.11070429774267955,
    0.11041216945429791,
    0.11012009220257979,
    0.10982806609896383,
    0.10953609125488864,
    0.10924416778179291,
    0.10895229579111528,
    0.10866047539429433,
    0.10836870670276878,
    0.10807698982797723,
    0.1077853248813583,
    0.10749371197435068,
    0.10720215121839297,
    0.10691064272492384,
    0.10661918660538189,
    0.10632778297120579,
    0.10603643193383419,
    0.10574513360470572,
    0.10545388809525899,
    0.10516269551693268,
    0.10487155598116543,
    0.10458046959939585,
    0.10428943648306262,
    0.1039984567436043,
    0.10370753049245965,
    0.10341665784106722,
    0.10312583890086567,
    0.10283507378329368,
    0.10254436259978982,
    0.1022537054617928,
    0.10196310248074122,
    0.10167255376807374,
    0.10138205943522899,
    0.10109161959364557,
    0.10080123435476221,
    0.10051090383001748,
    0.10022062813085006,
    0.09993040736869854,
    0.09964024165500163,
    0.09935013110119792,
    0.09906007581872606,
    0.0987700759190247,
    0.09848013151353244,
    0.098190242713688,
    0.09790040963092994,
    0.09761063237669697,
    0.09732091106242766,
    0.09703124579956067,
    0.0967416366995347,
    0.09645208387378833,
    0.09616258743376023,
    0.09587314749088902,
    0.09558376415661332,
    0.09529443754237182,
    0.09500516775960316,
    0.09471595491974592,
    0.0944267991342388,
    0.09413770051452042,
    0.0938486591720294,
    0.09355967521820441,
    0.0932707487644841,
    0.09298187992230707,
    0.09269306880311198,
    0.09240431551833747,
    0.09211562017942218,
    0.09182698289780476,
    0.09153840378492382,
    0.09124988295221803,
    0.09096142051112605,
    0.09067301657308648,
    0.09038467124953796,
    0.09009638465191916,
    0.08980815689166868,
    0.08951998808022521,
    0.08923187832902735,
    0.08894382774951376,
    0.08865583645312307,
    0.08836790455129394,
    0.08808003215546498,
    0.08779221937707485,
    0.0875044663275622,
    0.08721677311836563,
    0.08692913986092383,
    0.08664156666667541,
    0.08635405364705902,
    0.08606660091351327,
    0.08577920857747684,
    0.08549187675038838,
    0.0852046055436865,
    0.08491739506880985,
    0.08463024543719709,
    0.08434315676028681,
    0.0840561291495177,
    0.08376916271632837,
    0.08348225757215746,
    0.08319541382844364,
    0.08290863159662552,
    0.08262191098814176,
    0.08233525211443099,
    0.08204865508693185,
    0.081762120017083,
    0.08147564701632305,
    0.08118923619609064,
    0.08090288766782444,
    0.08061660154296307,
    0.08033037793294516,
    0.08004421694920938,
    0.07975811870319435,
    0.07947208330633873,
    0.07918611087008114,
    0.07890020150586023,
    0.07861435532511464,
    0.07832857243928298,
    0.07804285295980395,
    0.07775719699811613,
    0.07747160466565821,
    0.07718607607386879,
    0.07690061133418655,
    0.0766152105580501,
    0.07632987385689809,
    0.07604460134216916,
    0.07575939312530194,
    0.0754742493177351,
    0.07518917003090723,
    0.07490415537625703,
    0.07461920546522309,
    0.07433432040924409,
    0.07404950031975863,
    0.0737647453082054,
    0.07348005548602299,
    0.07319543096465007,
    0.07291087185552529,
    0.07262637827008725,
    0.07234195031977464,
    0.07205758811602604,
    0.0717732917702801,
    0.07148906139397553,
    0.07120489709855092,
    0.07092079899544491,
    0.07063676719609616,
    0.0703528018119433,
    0.07006890295442494,
    0.06978507073497978,
    0.0695013052650464,
    0.06921760665606348,
    0.06893397501946964,
    0.06865041046670355,
    0.0683669131092038,
    0.06808348305840908,
    0.06780012042575799,
    0.06751682532268921,
    0.06723359786064136,
    0.06695043815105306,
    0.06666734630536299,
    0.06638432243500976,
    0.06610136665143203,
    0.06581847906606841,
    0.06553565979035758,
    0.06525290893573815,
    0.06497022661364879,
    0.06468761293552812,
    0.06440506801281479,
    0.06412259195694742,
    0.06384018487936466,
    0.06355784689150516,
    0.06327557810480755,
    0.06299337863071049,
    0.06271124858065258,
    0.062429188066072505,
    0.062147197198408874,
    0.06186527608910036,
    0.06158342484958556,
    0.06130164359130315,
    0.06101993242569176,
    0.06073829146418998,
    0.06045672081823654,
    0.06017522059927003,
    0.05989379091872911,
    0.0596124318880524,
    0.059331143618678556,
    0.05904992622204622,
    0.058768779809594,
    0.058487704492760584,
    0.05820670038298457,
    0.05792576759170463,
    0.05764490623035938,
    0.05736411641038748,
    0.05708339824322756,
    0.05680275184031826,
    0.056522177313098214,
    0.05624167477300609,
    0.0559612443314805,
    0.05568088609996009,
    0.05540060018988351,
    0.05512038671268939,
    0.054840245779816374,
    0.0545601775027031,
    0.05428018199278822,
    0.05400025936151036,
    0.05372040972030817,
    0.05344063318062027,
    0.05316092985388534,
    0.052881299851541996,
    0.05260174328502886,
    0.052322260265784605,
    0.05204285090524785,
    0.051763515314857254,
    0.051484253606051425,
    0.05120506589026905,
    0.05092595227894872,
    0.05064691288352913,
    0.05036794781544886,
    0.050089057186146604,
    0.04981024110706097,
    0.049531499689630554,
    0.04925283304529411,
    0.04897424128549019,
    0.04869572452165749,
    0.0484172828652346,
    0.0481389164276602,
    0.04786062532037291,
    0.047582409654811364,
    0.04730426954241422,
    0.047026205094620105,
    0.04674821642286767,
    0.046470303638595535,
    0.04619246685324237,
    0.04591470617824679,
    0.04563702172504745,
    0.045359413605082985,
    0.04508188192979204,
    0.04480442681061325,
    0.04452704835898525,
    0.044249746686346694,
    0.04397252190413621,
    0.04369537412379246,
    0.04341830345675404,
    0.043141310014459644,
    0.04286439390834786,
    0.042587555249857384,
    0.04231079415042681,
    0.04203411072149481,
    0.041757505074500004,
    0.04148097732088102,
    0.041204527572076544,
    0.04092815593952516,
    0.04065186253466557,
    0.04037564746893635,
    0.040099510853776194,
    0.039823452800623715,
    0.03954747342091756,
    0.039271572826096356,
    0.038995751127598774,
    0.03872000843686339,
    0.03844434486532892,
    0.038168760524433985,
    0.0378932555256172,
    0.03761782998031724,
    0.03734248399997271,
    0.03706721769602228,
    0.03679203117990456,
    0.03651692456305822,
    0.036241897956921884,
    0.03596695147293419,
    0.03569208522253379,
    0.035417299317159305,
    0.0351425938682494,
    0.03486796898724269,
    0.03459342478557785,
    0.03431896137469348,
    0.03404457886602825,
    0.03377027737102079,
    0.03349605700110973,
    0.03322191786773372,
    0.032947860082331415,
    0.03267388375634143,
    0.03239998900120242,
    0.032126175928353026,
    0.03185244464923187,
    0.03157879527527762,
    0.0313052279179289,
    0.031031742688624346,
    0.03075833969880261,
    0.030485019059902325,
    0.030211780883362137,
    0.029938625280620683,
    0.029665552363116604,
    0.02939256224228854,
    0.029119655029575135,
    0.028846830836415017,
    0.02857408977424684,
    0.028301431954509237,
    0.02802885748864081,
    0.02775636648808028,
    0.02748395906426625,
    0.027211635328637355,
    0.026939395392632248,
    0.02666723936768955,
    0.02639516736524791,
    0.026123179496745967,
    0.02585127587362237,
    0.025579456607315747,
    0.025307721809264744,
    0.025036071590908003,
    0.024764506063684164,
    0.02449302533903186,
    0.024221629528389754,
    0.023950318743196454,
    0.02367909309489062,
    0.023407952694910885,
    0.023136897654695898,
    0.022865928085684287,
    0.022595044099314704,
    0.022324245807025783,
    0.022053533320256166,
    0.021782906750444492,
    0.021512366209029406,
    0.02124191180744955,
    0.020971543657143554,
    0.02070126186955006,
    0.020431066556107713,
    0.020160957828255152,
    0.01989093579743102,
    0.019621000575073953,
    0.01935115227262259,
    0.01908139100151558,
    0.018811716873191556,
    0.01854212999908916,
    0.01827263049064704,
    0.018003218459303822,
    0.01773389401649815,
    0.01746465727366867,
    0.017195508342253977,
    0.016926447333692796,
    0.016657474359423725,
    0.01638858953088541,
    0.016119792959516488,
    0.01585108475675559,
    0.015582465034041367,
    0.015313933902812455,
    0.015045491474507493,
    0.014777137860565125,
    0.014508873172423994,
    0.014240697521522731,
    0.013972611019299988,
    0.013704613777194397,
    0.013436705906644596,
    0.013168887519089241,
    0.012901158725966953,
    0.012633519638716378,
    0.012365970368776163,
    0.01209851102758494,
    0.011831141726581357,
    0.01156386257720405,
    0.01129667369089166,
    0.011029575179082828,
    0.01076256715321619,
    0.010495649724730403,
    0.010228823005064086,
    0.009962087105655885,
    0.009695442137944446,
    0.009428888213368403,
    0.009162425443366404,
    0.00889605393937708,
    0.008629773812839081,
    0.008363585175191039,
    0.0080974881378716,
    0.007831482812319403,
    0.0075655693099730935,
    0.007299747742271302,
    0.007034018220652669,
    0.0067683808565557994,
    0.006502835761419416,
    0.006237383046682112,
    0.005972022823782532,
    0.005706755204159319,
    0.005441580299251118,
    0.00517649822049655,
    0.004911509079334273,
    0.004646612987202918,
    0.004381810055541127,
    0.004117100395787544,
    0.003852484119380807,
    0.003587961337759557,
    0.00332353216236244,
    0.003059196704628085,
    0.0027949550759951355,
    0.0025308073879022376,
    0.002266753751788024,
    0.0020027942790911413,
    0.0017389290812502324,
    0.0014751582697039266,
    0.0012114819558908738,
    0.0009479002512497101,
    0.000684413267219075,
    0.0004210211152376152,
    0.00015772390674396314,
    -0.00010547824682323806,
    -0.00036858523402534885,
    -0.0006315969434237262,
    -0.0008945132635797305,
    -0.0011573340830547188,
    -0.0014200592904100584,
    -0.0016826887742071063,
    -0.001945222423007216,
    -0.002207660125371755,
    -0.0024700017698620763,
    -0.0027322472450395444,
    -0.0029943964394655194,
    -0.0032564492417013584,
    -0.0035184055403084218,
    -0.003780265223848108,
    -0.004042028180881698,
    -0.004303694299970594,
    -0.004565263469676149,
    -0.004826735578559727,
    -0.005088110515182688,
    -0.0053493881681063934,
    -0.0056105684258922,
    -0.0058716511771014675,
    -0.0061326363102955535,
    -0.006393523714035822,
    -0.006654313276883633,
    -0.006915004887400343,
    -0.007175598434147314,
    -0.007436093805685898,
    -0.007696490890577466,
    -0.007956789577383373,
    -0.008216989754664977,
    -0.00847709131098364,
    -0.008737094134900716,
    -0.008996998114977575,
    -0.00925680313977557,
    -0.009516509097856063,
    -0.00977611587778041,
    -0.010035623368109977,
    -0.010295031457406114,
    -0.010554340034230187,
    -0.010813548987143557,
    -0.011072658204707583,
    -0.011331667575483621,
    -0.011590576988033034,
    -0.011849386330917182,
    -0.012108095492697424,
    -0.012366704361935116,
    -0.012625212827191623,
    -0.012883620777028303,
    -0.013141928100006512,
    -0.013400134684687617,
    -0.01365824041963297,
    -0.013916245193403976,
    -0.014174148894561912,
    -0.014431951411668177,
    -0.014689652633284133,
    -0.014947252447971139,
    -0.015204750744290558,
    -0.01546214741080374,
    -0.015719442336072056,
    -0.015976635408656858,
    -0.01623372651711951,
    -0.016490715550021365,
    -0.01674760239592379,
    -0.017004386943388145,
    -0.017261069080975786,
    -0.017517648697248072,
    -0.01777412568076636,
    -0.01803049992009202,
    -0.018286771303786406,
    -0.01854293972041087,
    -0.018799005058526785,
    -0.0190549672066955,
    -0.019310826053478385,
    -0.019566581487436792,
    -0.01982223339713208,
    -0.020077781671125613,
    -0.020333226197978747,
    -0.020588566866252843,
    -0.020843803564509267,
    -0.02109893618130937,
    -0.021353964605214514,
    -0.021608888724786057,
    -0.021863708428585364,
    -0.022118423605173788,
    -0.022373034143112695,
    -0.02262753993096344,
    -0.022881940857287387,
    -0.02313623681064589,
    -0.023390428231917112,
    -0.023644515561979215,
    -0.023898499241710395,
    -0.024152379711988723,
    -0.024406157413692415,
    -0.02465983278769962,
    -0.0249134062748885,
    -0.02516687831613721,
    -0.025420249352323912,
    -0.02567351982432677,
    -0.025926690173023934,
    -0.026179760839293572,
    -0.02643273226401384,
    -0.02668560488806289,
    -0.026938379152318892,
    -0.027191055497660006,
    -0.027443634364964383,
    -0.027696116195110185,
    -0.02794850142897557,
    -0.0282007905074387,
    -0.028452983871377735,
    -0.028705081961670834,
    -0.02895708521919615,
    -0.029208994084831852,
    -0.029460808999456092,
    -0.029712530403947033,
    -0.02996415873918283,
    -0.03021569444604165,
    -0.030467137965401646,
    -0.030718489738140974,
    -0.030969750205137803,
    -0.031220919807270285,
    -0.03147199898541658,
    -0.03172298818045485,
    -0.031973887833263256,
    -0.03222469838471995,
    -0.0324754202757031,
    -0.032726053947090855,
    -0.03297659983976138,
    -0.03322705839459284,
    -0.03347743005246339,
    -0.03372771525425118,
    -0.03397791444083442,
    -0.034228028053091185,
    -0.03447805653189968,
    -0.03472800031813805,
    -0.03497785985268448,
    -0.035227635576417095,
    -0.03547732793021408,
    -0.03572693735495359,
    -0.03597646429151378,
    -0.03622590918077281,
    -0.036475272463608835,
    -0.03672455458090002,
    -0.03697375597352452,
    -0.03722287708236051,
    -0.03747191834828613,
    -0.037720880212179536,
    -0.037969763114918904,
    -0.03821856749738239,
    -0.038467293800448145,
    -0.03871594246499434,
    -0.03896451393189912,
    -0.03921300864204065,
    -0.039461427036297084,
    -0.0397097695555466,
    -0.03995803664066734,
    -0.04020622873253747,
    -0.04045434627203515,
    -0.04070238970003853,
    -0.040950359457425776,
    -0.04119825598507505,
    -0.04144607972386451,
    -0.041693831114672314,
    -0.04194151059837661,
    -0.04218911861585558,
    -0.04243665560798737,
    -0.04268412201565014,
    -0.04293151827972205,
    -0.043178844841081254,
    -0.043426102140605924,
    -0.04367329061917424,
    -0.04392041071766431,
    -0.044167462876954305,
    -0.0444144475379224,
    -0.044661365141446745,
    -0.04490821612840551,
    -0.04515500093967684,
    -0.0454017200161389,
    -0.04564837379866986,
    -0.04589496272814787,
    -0.04614148724545109,
    -0.04638794779145768,
    -0.0466343448070458,
    -0.0468806787330936,
    -0.04712695001047926,
    -0.04737315908008091,
    -0.04761930638277674,
    -0.04786539235944488,
    -0.04811141745096352,
    -0.04835738209821079,
    -0.04860328674206488,
    -0.04884913182340392,
    -0.04909491778310608,
    -0.04934064506204952,
    -0.0495863141011124,
    -0.04983192534117288,
    -0.05007747922310912,
    -0.05032297618779928,
    -0.05056841667612151,
    -0.05081380112895398,
    -0.051059129987174844,
    -0.05130440369166226,
    -0.05154962268329439,
    -0.05179478740294939,
    -0.05203989829150543,
    -0.05228495578984066,
    -0.05252996033883324,
    -0.05277491237936133,
    -0.05301981235230309,
    -0.05326466069853668,
    -0.05350945785894029,
    -0.05375420427439201,
    -0.053998900385770036,
    -0.054243546633952526,
    -0.054488143459817645,
    -0.05473269130424355,
    -0.05497719060810839,
    -0.055221641812290334,
    -0.05546604535766755,
    -0.05571040168511818,
    -0.055954711235520385,
    -0.05619897444975233,
    -0.05644319176869217,
    -0.05668736363321808,
    -0.0569314904842082,
    -0.0571755727625407,
    -0.057419610909093734,
    -0.05766360536474546,
    -0.057907556570374046,
    -0.05815146496685764,
    -0.05839533099507441,
    -0.058639155095902507,
    -0.058882937710220094,
    -0.05912667927890534,
    -0.05937038024283639,
    -0.05961404104289141,
    -0.05985766211994856,
    -0.060101243914886,
    -0.06034478686858188,
    -0.06058829142191437,
    -0.06083175801576162,
    -0.0610751870910018,
    -0.061318579088513056,
    -0.06156193444917356,
    -0.061805253613861466,
    -0.06204853702345493,
    -0.06229178511883212,
    -0.06253499834087119,
    -0.0627781771304503,
    -0.06302132192844764,
    -0.0632644331757413,
    -0.06350751131320947,
    -0.06375055678173033,
    -0.06399357002218203,
    -0.06423655147544272,
    -0.06447950158239055,
    -0.0647224207839037,
    -0.06496530952086033,
    -0.06520816823413858,
    -0.06545099736461663,
    -0.06569379735317263,
    -0.06593656864068473,
    -0.06617931166803111,
    -0.0664220268760899,
    -0.0666647147057393,
    -0.06690737559785744,
    -0.06715000999332248,
    -0.06739261833301259,
    -0.06763520105780592,
    -0.06787775860858064,
    -0.0681202914262149,
    -0.06836279995158685,
    -0.06860528462557466,
    -0.0688477458890565,
    -0.06909018418291052,
    -0.06933259994801488,
    -0.06957499362524774,
    -0.06981736565548725,
    -0.07005971647961158,
    -0.07030204653849889,
    -0.07054435627302733,
    -0.07078664612407506,
    -0.07102891653252025,
    -0.07127116793924104,
    -0.07151340078511562,
    -0.07175561551102214,
    -0.07199781255783871,
    -0.07223999236644357,
    -0.07248215537771487,
    -0.07272430203253069,
    -0.07296643277176924,
    -0.07320854803630866,
    -0.07345064826702716,
    -0.07369273390480284,
    -0.07393480539051389,
    -0.07417686316503846,
    -0.07441890766925473,
    -0.07466093934404083,
    -0.07490295863027494,
    -0.0751449659688352,
    -0.07538696180059978,
    -0.07562894656644685,
    -0.07587092070725455,
    -0.07611288466390105,
    -0.0763548388772645,
    -0.07659678378822307,
    -0.07683871983765493,
    -0.07708064746643821,
    -0.07732256711545109,
    -0.07756447922557172,
    -0.07780638423767827,
    -0.07804828259264888,
    -0.07829017473136173,
    -0.07853206109469496,
    -0.07877394212352674,
    -0.07901581825873524,
    -0.07925768994119861,
    -0.079499557611795,
    -0.07974142171140258,
    -0.07998328268089949,
    -0.08022514096116393,
    -0.08046699699307401,
    -0.08070885121750793,
    -0.08095070407534383,
    -0.08119255600745987,
    -0.08143440745473421,
    -0.08167625885804501,
    -0.08191811065827043,
    -0.08215996329628866,
    -0.08240181721297782,
    -0.08264367284921605,
    -0.08288553064588154,
    -0.08312739104385244,
    -0.08336925448400694,
    -0.08361112140722315,
    -0.08385299225437927,
    -0.08409486746635343,
    -0.08433674748402381,
    -0.08457863274826856,
    -0.08482052369996583,
    -0.08506242077999382,
    -0.08530432442923062,
    -0.08554623508855447,
    -0.08578815319884345,
    -0.08603007920097579,
    -0.08627201353582958,
    -0.08651395664428305,
    -0.0867559089672143
]