[
    0.9297067396124663,
    0.9298613441395863,
    0.9300157079055705,
    0.9301698305834374,
    0.9303237118462059,
    0.9304773513668948,
    0.930630748818523,
    0.9307839038741093,
    0.9309368162066723,
    0.9310894854892312,
    0.9312419113948044,
    0.931394093596411,
    0.9315460317670696,
    0.9316977255797994,
    0.9318491747076186,
    0.9320003788235467,
    0.932151337600602,
    0.9323020507118034,
    0.9324525178301699,
    0.9326027386287201,
    0.9327527127804731,
    0.9329024399584473,
    0.9330519198356619,
    0.9332011520851357,
    0.9333501363798871,
    0.9334988723929354,
    0.933647359797299,
    0.933795598265997,
    0.9339435874720481,
    0.9340913270884712,
    0.934238816788285,
    0.9343860562445083,
    0.9345330451301601,
    0.934679783118259,
    0.9348262698818239,
    0.9349725050938736,
    0.9351184884274271,
    0.935264219555503,
    0.93540969815112,
    0.9355549238872971,
    0.935699896437053,
    0.9358446154734068,
    0.9359890806693769,
    0.9361332916979824,
    0.936277248232242,
    0.9364209499451747,
    0.936564396509799,
    0.9367075875991339,
    0.9368505228861982,
    0.9369932020440106,
    0.9371356247455901,
    0.9372777906639553,
    0.9374196994721253,
    0.9375613508431186,
    0.9377027444499543,
    0.937843879965651,
    0.9379847570632275,
    0.9381253754157028,
    0.9382657346960955,
    0.9384058345774247,
    0.938545674732709,
    0.9386852548349671,
    0.9388245745572181,
    0.9389636335724806,
    0.9391024315537735,
    0.9392409681741155,
    0.9393792431065257,
    0.9395172560240226,
    0.9396550065996252,
    0.9397924945063523,
    0.9399297194172225,
    0.9400666810052549,
    0.9402033789434681,
    0.940339812904881,
    0.9404759825625124,
    0.9406118875893813,
    0.9407475276585062,
    0.9408829024429061,
    0.9410180116155997,
    0.9411528548496059,
    0.9412874318179436,
    0.9414217421936313,
    0.9415557856496882,
    0.9416895618591329,
    0.9418230704949841,
    0.9419563112302609,
    0.942089283737982,
    0.942221987691166,
    0.942354422762832,
    0.9424865886259988,
    0.942618484953685,
    0.9427501114189096,
    0.9428814676946913,
    0.9430125534540489,
    0.9431433683700015,
    0.9432739121155673,
    0.9434041843637658,
    0.9435341847876154,
    0.9436639130601351,
    0.9437933688543436,
    0.9439225518432597,
    0.9440514616999023,
    0.9441800980972901,
    0.9443084607084421,
    0.9444365492063769,
    0.9445643632641135,
    0.9446919025546707,
    0.944819166751067,
    0.9449461555263217,
    0.9450728685534532,
    0.9451993055054805,
    0.9453254660554223,
    0.9454513498762978,
    0.9455769566411253,
    0.9457022860229238,
    0.9458273376947123,
    0.9459521113295092,
    0.9460766066003338,
    0.9462008231802045,
    0.9463247607421404,
    0.9464484189591602,
    0.9465717975042828,
    0.9466948960505268,
    0.9468177142709111,
    0.9469402518384548,
    0.9470625084261761,
    0.9471844837070945,
    0.9473061773542284,
    0.9474275890405967,
    0.9475487184392183,
    0.9476695652231117,
    0.9477901290652961,
    0.9479104096387901,
    0.9480304066166128,
    0.9481501196717825,
    0.9482695484773185,
    0.9483886927062393,
    0.9485075520315638,
    0.9486261261263109,
    0.9487444146634993,
    0.948862417316148,
    0.9489801337572754,
    0.9490975636599008,
    0.9492147066970429,
    0.9493315625417201,
    0.9494481308669518,
    0.9495644113457564,
    0.9496804036511529,
    0.9497961074561599,
    0.9499115224337966,
    0.9500266482570815,
    0.9501414845990336,
    0.9502560311326715,
    0.9503702875310142,
    0.9504842534670804,
    0.9505979286138889,
    0.9507113126444587,
    0.9508244052318083,
    0.9509372060489569,
    0.9510497147689231,
    0.9511619310647256,
    0.9512738546093834,
    0.9513854850759151,
    0.9514968221373399,
    0.9516078654666761,
    0.951718614736943,
    0.9518290696211591,
    0.9519392297923432,
    0.9520490949235145,
    0.9521586646876913,
    0.9522679387578927,
    0.9523769168071375,
    0.9524855985084445,
    0.9525939835348324,
    0.9527020715593202,
    0.9528098622549266,
    0.9529173552946704,
    0.9530245503515704,
    0.9531314470986454,
    0.9532380452089144,
    0.953344344355396,
    0.9534503442111091,
    0.9535560444490726,
    0.9536614447423051,
    0.9537665447638255,
    0.9538713441866526,
    0.9539758426838054,
    0.9540800399283025,
    0.9541839355931628,
    0.9542875293514052,
    0.9543908208760481,
    0.9544938098401109,
    0.954596495916612,
    0.9546988787785704,
    0.9548009580990048,
    0.9549027335509341,
    0.955004204807377,
    0.9551053715413526,
    0.9552062334258794,
    0.9553067901339762,
    0.955407041338662,
    0.9555069867129556,
    0.9556066259298758,
    0.9557059586624412,
    0.955804984583671,
    0.9559037033665837,
    0.9560021146841982,
    0.9561002182095333,
    0.9561980136156079,
    0.9562955005754407,
    0.9563926787620505,
    0.9564895478484563,
    0.9565861075076768,
    0.9566823574127307,
    0.956778297236637,
    0.9568739266524142,
    0.9569692453330816,
    0.9570642529516576,
    0.9571589491811613,
    0.9572533336946114,
    0.9573474061650264,
    0.9574411662654257,
    0.9575346136688277,
    0.9576277480482513,
    0.9577205690767154,
    0.9578130764272388,
    0.9579052697728402,
    0.9579971487865385,
    0.9580887131413525,
    0.9581799625103009,
    0.9582708965664029,
    0.9583615149826766,
    0.9584518174321416,
    0.9585418035878162,
    0.9586314731227195,
    0.95872082570987,
    0.9588098610222868,
    0.9588985787329887,
    0.9589869785149943,
    0.9590750600413225,
    0.9591628229849921,
    0.9592502670190222,
    0.9593373918164312,
    0.9594241970502381,
    0.9595106823934617,
    0.9595968475191208,
    0.9596826921002343,
    0.9597682158098209,
    0.9598534183208994,
    0.9599382993064887,
    0.9600228584396076,
    0.9601070953932749,
    0.9601910098405093,
    0.9602746014543299,
    0.9603578699077551,
    0.9604408148738041,
    0.9605234360254954,
    0.9606057330358482,
    0.960687705577881,
    0.9607693533246126,
    0.9608506759490619,
    0.9609316731242477,
    0.961012344523189,
    0.9610926898189043,
    0.9611727086844125,
    0.9612524007927327,
    0.9613317658168833,
    0.9614108034298833,
    0.9614895133047515,
    0.9615678951145068,
    0.9616459485321678,
    0.9617236732307536,
    0.9618010688832829,
    0.9618781351627743,
    0.9619548717422469,
    0.9620312782947192,
    0.9621073544932105,
    0.962183100010739,
    0.9622585145203242,
    0.9623335976949843,
    0.9624083492077384,
    0.9624827687316054,
    0.9625568559396038,
    0.9626306105047527,
    0.9627040321000708,
    0.962777120398577,
    0.9628498750732899,
    0.9629222957972285,
    0.9629943822434116,
    0.963066134084858,
    0.9631375509945864,
    0.9632086326456157,
    0.9632793787109648,
    0.9633497888636524,
    0.9634198627766973,
    0.9634896001231185,
    0.9635590005759345,
    0.9636280638081643,
    0.9636967894928268,
    0.9637651773029406,
    0.9638332269115246,
    0.9639009379915977,
    0.9639683102161787,
    0.9640353432582862,
    0.9641020367909393,
    0.9641683904871566,
    0.9642344040199571,
    0.9643000770623593,
    0.9643654092873825,
    0.964430400368045,
    0.964495049977366,
    0.9645593577883641,
    0.9646233234740581,
    0.964686946707467,
    0.9647502271616094,
    0.9648131645095044,
    0.9648757584241704,
    0.9649380085786265,
    0.9649999146458916,
    0.9650614762989842,
    0.9651226932109234,
    0.9651835650547277,
    0.9652440915034163,
    0.9653042722300076,
    0.9653641069075208,
    0.9654235952089745,
    0.9654827368073875,
    0.9655415313757788,
    0.9655999785871668,
    0.9656580781145709,
    0.9657158296310094,
    0.9657732328095014,
    0.9658302873230656,
    0.9658869928447209,
    0.9659433490474861,
    0.9659993556043798,
    0.9660550121884212,
    0.9661103184726286,
    0.9661652741300214,
    0.9662198788336179,
    0.9662741322564372,
    0.9663280340714981,
    0.9663815839518193,
    0.9664347815704197,
    0.9664876266003181,
    0.9665401187145333,
    0.966592257586084,
    0.9666440428879893,
    0.9666954742932679,
    0.9667465514749383,
    0.9667972741060196,
    0.9668476418595306,
    0.9668976544084902,
    0.9669473114259169,
    0.9669966125848298,
    0.9670455575582477,
    0.9670941460191893,
    0.9671423776406735,
    0.967190252095719,
    0.9672377690573446,
    0.9672849281985693,
    0.9673317291924117,
    0.9673781717118908,
    0.9674242554300254,
    0.9674699800198342,
    0.9675153451543359,
    0.9675603505065496,
    0.9676049957494939,
    0.9676492805561878,
    0.9676932045996499,
    0.9677367675528992,
    0.9677799690889545,
    0.9678228088808344,
    0.9678652866015579,
    0.9679074019241437,
    0.9679491545216108,
    0.9679905440669778,
    0.9680315702332637,
    0.9680722326934872,
    0.9681125311206671,
    0.9681524651878223,
    0.9681920345679714,
    0.9682312389341335,
    0.9682700779593273,
    0.9683085513165716,
    0.9683466586788851,
    0.9683843997192869,
    0.9684217741107956,
    0.9684587815264298,
    0.9684954216392089,
    0.9685316941221511,
    0.9685675986482757,
    0.9686031348906011,
    0.9686383025221466,
    0.9686731012159305,
    0.9687075306449718,
    0.9687415904822896,
    0.9687752804009022,
    0.9688086000738289,
    0.968841549174088,
    0.9688741273746989,
    0.96890633434868,
    0.9689381697690502,
    0.9689696333088285,
    0.9690007246410333,
    0.9690314434386839,
    0.9690617893747986,
    0.9690917621223968,
    0.9691213613544969,
    0.9691505867441177,
    0.9691794379642783,
    0.9692079146879972,
    0.9692360165882934,
    0.9692637433381857,
    0.969291094610693,
    0.9693180700788337,
    0.9693446694156271,
    0.9693708922940919,
    0.9693967383872467,
    0.9694222073681106,
    0.969447298909702,
    0.9694720126850402,
    0.9694963483671436,
    0.9695203056290314,
    0.9695438841437222,
    0.9695670835842346,
    0.9695899036235879,
    0.9696123439348004,
    0.9696344041908914,
    0.9696560840648794,
    0.9696773832297833,
    0.9696983013586218,
    0.9697188381244138,
    0.9697389932001783,
    0.9697587662589338,
    0.9697781569736993,
    0.9697971650174936,
    0.9698157900633354,
    0.9698340317842435,
    0.9698518898532371,
    0.9698693639433346,
    0.9698864537275549,
    0.9699031588789169,
    0.9699194790704392,
    0.9699354139751408,
    0.9699509632660406,
    0.9699661266161572,
    0.9699809036985096,
    0.9699952941861164,
    0.9700092977519966,
    0.970022914069169,
    0.9700361428106523,
    0.9700489836494652,
    0.970061436258627,
    0.970073500311156,
    0.9700851754800712,
    0.9700964614383916,
    0.9701073578591357,
    0.9701178644153224,
    0.9701279807799706,
    0.9701377066260992,
    0.9701470416267267,
    0.9701559854548722,
    0.9701645377835546,
    0.9701726982857922,
    0.9701804666346043,
    0.9701878425030095,
    0.9701948255640267,
    0.9702014154906746,
    0.9702076119559723,
    0.9702134146329383,
    0.9702188231945914,
    0.9702238373139507,
    0.9702284566640346,
    0.9702326809178623,
    0.9702365097484524,
    0.970239942828824,
    0.9702429798319956,
    0.9702456204309859,
    0.9702478642988142,
    0.9702497111084988,
    0.9702511605330588,
    0.9702522122455131,
    0.9702528659188803,
    0.9702531212261792,
    0.9702529778404287,
    0.9702524354346477,
    0.9702514936818548,
    0.970250152255069,
    0.9702484108273091,
    0.9702462690715938,
    0.970243726660942,
    0.9702407832683725,
    0.9702374385669041,
    0.9702336922295556,
    0.9702295439293458,
    0.9702249933392935,
    0.9702200401324177,
    0.9702146839817369,
    0.9702089245602702,
    0.9702027615410362,
    0.9701961945970539,
    0.9701892252350284,
    0.9701818549616649,
    0.970174085283669,
    0.9701659177077456,
    0.9701573537406003,
    0.9701483948889381,
    0.9701390426594643,
    0.9701292985588843,
    0.9701191640939032,
    0.9701086407712264,
    0.9700977300975591,
    0.9700864335796066,
    0.9700747527240741,
    0.9700626890376669,
    0.9700502440270904,
    0.9700374191990495,
    0.9700242160602499,
    0.9700106361173966,
    0.9699966808771949,
    0.9699823518463501,
    0.9699676505315675,
    0.9699525784395523,
    0.9699371370770097,
    0.9699213279506452,
    0.9699051525671638,
    0.969888612433271,
    0.9698717090556718,
    0.9698544439410717,
    0.9698368185961759,
    0.9698188345276895,
    0.9698004932423181,
    0.9697817962467665,
    0.9697627450477404,
    0.9697433411519449,
    0.9697235860660853,
    0.9697034812968668,
    0.9696830283509946,
    0.9696622287351742,
    0.9696410839561105,
    0.9696195955205091,
    0.9695977649350752,
    0.969575593706514,
    0.9695530833415307,
    0.9695302353468307,
    0.9695070512291193,
    0.9694835324951014,
    0.9694596806514828,
    0.9694354972049684,
    0.9694109836622635,
    0.9693861415300735,
    0.9693609723151037,
    0.9693354775240591,
    0.9693096586636452,
    0.9692835172405672,
    0.9692570547615302,
    0.9692302727332398,
    0.9692031726624009,
    0.9691757560557192,
    0.9691480244198996,
    0.9691199792616473,
    0.969091622087668,
    0.9690629544046664,
    0.9690339777193483,
    0.9690046935384187,
    0.9689751033685828,
    0.968945208716546,
    0.9689150110890137,
    0.9688845119926908,
    0.9688537129342828,
    0.968822615420495,
    0.9687912209580324,
    0.9687595310536006,
    0.9687275472139046,
    0.9686952709456499,
    0.9686627037555416,
    0.968629847150285,
    0.9685967026365854,
    0.9685632717211479,
    0.9685295559106781,
    0.9684955567118809,
    0.9684612756314618,
    0.968426714176126,
    0.9683918738525787,
    0.9683567561675254,
    0.968321362627671,
    0.968285694739721,
    0.9682497540103806,
    0.9682135419463551,
    0.9681770600543499,
    0.9681403098410699,
    0.9681032928132207,
    0.9680660104775073,
    0.9680284643406353,
    0.9679906559093095,
    0.9679525866902357,
    0.9679142581901187,
    0.967875671915664,
    0.9678368293735771,
    0.9677977320705626,
    0.9677583815133264,
    0.9677187792085734,
    0.967678926663009,
    0.9676388253833385,
    0.9675984768762671,
    0.9675578826485002,
    0.9675170442067427,
    0.9674759630577002,
    0.9674346407080779,
    0.967393078664581,
    0.9673512784339149,
    0.9673092415227847,
    0.9672669694378958,
    0.9672244636859533,
    0.9671817257736626,
    0.9671387572077288,
    0.9670955594948575,
    0.9670521341417535,
    0.9670084826551225,
    0.9669646065416696,
    0.9669205073081,
    0.9668761864611191,
    0.9668316455074318,
    0.966786885953744,
    0.9667419093067603,
    0.9666967170731865,
    0.9666513107597274,
    0.9666056918730888,
    0.9665598619199754,
    0.9665138224070928,
    0.9664675748411463,
    0.9664211207288409,
    0.9663744615768821,
    0.9663275988919751,
    0.9662805341808252,
    0.9662332689501375,
    0.9661858047066174,
    0.9661381429569702,
    0.966090285207901,
    0.9660422329661154,
    0.9659939877383181,
    0.9659455510312149,
    0.9658969243515109,
    0.9658481092059114,
    0.9657991071011214,
    0.9657499195438464,
    0.9657005480407918,
    0.9656509940986624,
    0.965601259224164,
    0.9655513449240014,
    0.9655012527048803,
    0.9654509840735057,
    0.9654005405365829,
    0.9653499236008172,
    0.9652991347729136,
    0.9652481755595779,
    0.9651970474675149,
    0.9651457520034302,
    0.9650942906740289
]