[
    2.0761850416014522,
    2.0720316041811024,
    2.067891516435525,
    2.0637647578121903,
    2.0596513077585685,
    2.0555511457221303,
    2.0514642511503443,
    2.0473906034906832,
    2.0433301821906147,
    2.039282966697612,
    2.0352489364591437,
    2.031228070922679,
    2.027220349535691,
    2.023225751745647,
    2.019244257000019,
    2.015275844746278,
    2.011320494431892,
    2.0073781855043333,
    2.0034488974110705,
    1.9995326095995756,
    1.9956293015173174,
    1.991738952611768,
    1.9878615423303958,
    1.9839970501206716,
    1.9801454554300664,
    1.9763067377060488,
    1.9724808763960917,
    1.9686678509476634,
    1.9648676408082344,
    1.9610802254252762,
    1.9573055842462566,
    1.9535436967186492,
    1.9497945422899217,
    1.9460581004075448,
    1.9423343505189896,
    1.9386232720717254,
    1.9349248445132243,
    1.9312390472909549,
    1.9275658598523875,
    1.9239052616449932,
    1.9202572321162412,
    1.9166217507136034,
    1.912998796884549,
    1.9093883500765476,
    1.9057903897370712,
    1.9022048953135884,
    1.8986318462535712,
    1.8950712220044887,
    1.8915230020138103,
    1.887987165729009,
    1.884463692597552,
    1.8809525620669123,
    1.877453753584558,
    1.873967246597961,
    1.870493020554591,
    1.867031054901918,
    1.8635813290874124,
    1.8601438225585443,
    1.8567185147627847,
    1.8533053851476033,
    1.8499044131604703,
    1.8465155782488565,
    1.8431388598602316,
    1.8397742374420663,
    1.8364216904418313,
    1.8330811983069948,
    1.8297527404850302,
    1.8264362964234047,
    1.8231318455695913,
    1.819839367371059,
    1.8165588412752767,
    1.8132902467297174,
    1.810033563181849,
    1.806788770079144,
    1.803555846869071,
    1.8003347729991006,
    1.7971255279167044,
    1.7939280910693505,
    1.7907424419045106,
    1.787568559869655,
    1.7844064244122522,
    1.7812560149797756,
    1.7781173110196922,
    1.774990291979475,
    1.7718749373065927,
    1.7687712264485165,
    1.765679138852716,
    1.762598653966661,
    1.7595297512378236,
    1.756472410113672,
    1.7534266100416782,
    1.7503923304693116,
    1.7473695508440419,
    1.7443582506133408,
    1.7413584092246768,
    1.7383700061255225,
    1.7353930207633468,
    1.7324274325856193,
    1.7294732210398118,
    1.7265303655733932,
    1.723598845633835,
    1.720678640668607,
    1.7177697301251786,
    1.7148720934510218,
    1.7119857100936047,
    1.7091105595004006,
    1.706246621118877,
    1.7033938743965051,
    1.7005522987807558,
    1.6977218737190984,
    1.6949025786590037,
    1.6920943930479422,
    1.6892972963333834,
    1.686511267962799,
    1.683736287383657,
    1.6809723340434304,
    1.678219387389587,
    1.6754774268695996,
    1.6727464319309364,
    1.6700263820210681,
    1.6673172565874657,
    1.6646190350775978,
    1.6619316969389377,
    1.6592552216189538,
    1.6565895885651147,
    1.6539347772248942,
    1.6512907670457597,
    1.6486575374751835,
    1.6460350679606348,
    1.6434233379495833,
    1.6408223268895012,
    1.6382320142278566,
    1.635652379412122,
    1.633083401889766,
    1.630525061108259,
    1.6279773365150723,
    1.6254402075576744,
    1.6229136536835376,
    1.620397654340132,
    1.6178921889749258,
    1.615397237035392,
    1.6129127779689982,
    1.6104387912232165,
    1.6079752562455178,
    1.6055221524833696,
    1.6030794593842455,
    1.6006471563956128,
    1.5982252229649436,
    1.595813638539708,
    1.5934123825673763,
    1.5910214344954183,
    1.5886407737713033,
    1.586270379842504,
    1.583910232156489,
    1.5815603101607296,
    1.5792205933026953,
    1.5768910610298557,
    1.5745716927896827,
    1.5722624680296446,
    1.5699633661972148,
    1.5676743667398614,
    1.5653954491050541,
    1.5631265927402644,
    1.560867777092962,
    1.5586189816106177,
    1.5563801857407018,
    1.5541513689306834,
    1.5519325106280348,
    1.549723590280224,
    1.5475245873347232,
    1.545335481239002,
    1.54315625144053,
    1.5409868773867785,
    1.5388273385252162,
    1.5366776143033163,
    1.534537684168547,
    1.532407527568378,
    1.530287123950281,
    1.5281764527617248,
    1.5260754934501821,
    1.523984225463121,
    1.5219026282480126,
    1.5198306812523272,
    1.5177683639235346,
    1.5157156557091063,
    1.51367253605651,
    1.511638984413219,
    1.5096149802267025,
    1.5076005029444297,
    1.5055955320138725,
    1.5036000468824997,
    1.5016140269977831,
    1.499637451807192,
    1.4976703007581964,
    1.4957125532982678,
    1.4937641888748745,
    1.4918251869354888,
    1.4898955269275809,
    1.4879751882986185,
    1.4860641504960754,
    1.4841623929674195,
    1.482269895160122,
    1.4803866365216534,
    1.478512596499483,
    1.4766477545410814,
    1.4747920900939193,
    1.4729455826054676,
    1.4711082115231955,
    1.469279956294573,
    1.4674607963670718,
    1.46565071118816,
    1.463849680205311,
    1.4620576828659924,
    1.460274698617675,
    1.4585007069078304,
    1.4567356871839263,
    1.4549796188934367,
    1.4532324814838282,
    1.451494254402574,
    1.4497649170971423,
    1.4480444490150042,
    1.4463328296036302,
    1.444630038310489,
    1.442936054583054,
    1.4412508578687935,
    1.4395744276151765,
    1.4379067432696764,
    1.436247784279761,
    1.4345975300929013,
    1.4329559601565682,
    1.4313230539182307,
    1.4296987908253609,
    1.4280831503254268,
    1.4264761118659006,
    1.424877654894252,
    1.4232877588579504,
    1.4217064032044684,
    1.420133567381273,
    1.4185692308358373,
    1.4170133730156307,
    1.4154659733681223,
    1.413927011340784,
    1.4123964663810842,
    1.410874317936496,
    1.4093605454544882,
    1.4078551283825296,
    1.406358046168093,
    1.404869278258646,
    1.4033888041016622,
    1.4019166031446089,
    1.4004526548349587,
    1.3989969386201802,
    1.3975494339477437,
    1.3961101202651207,
    1.3946789770197805,
    1.3932559836591945,
    1.3918411196308313,
    1.3904343643821617,
    1.3890356973606575,
    1.3876450980137869,
    1.386262545789021,
    1.3848880201338312,
    1.3835215004956853,
    1.3821629663220563,
    1.3808123970604127,
    1.3794697721582252,
    1.3781350710629647,
    1.3768082732221,
    1.3754893580831036,
    1.374178305093443,
    1.3728750937005914,
    1.3715797033520167,
    1.3702921134951906,
    1.3690123035775827,
    1.3677402530466645,
    1.3664759413499041,
    1.3652193479347732,
    1.3639704522487421,
    1.3627292337392807,
    1.3614956718538598,
    1.360269746039949,
    1.3590514357450187,
    1.3578407204165401,
    1.356637579501982,
    1.355441992448816,
    1.3542539387045114,
    1.3530733977165394,
    1.3519003489323689,
    1.3507347717994715,
    1.3495766457653167,
    1.348425950277376,
    1.3472826647831186,
    1.3461467687300144,
    1.3450182415655347,
    1.343897062737149,
    1.3427832116923284,
    1.3416766678785423,
    1.3405774107432613,
    1.3394854197339563,
    1.3384006742980965,
    1.3373231538831534,
    1.336252837936596,
    1.3351897059058953,
    1.3341337372385214,
    1.3330849113819445,
    1.3320432077836362,
    1.3310086058910642,
    1.3299810851517009,
    1.328960625013015,
    1.327947204922479,
    1.326940804327561,
    1.3259414026757326,
    1.3249489794144629,
    1.3239635139912238,
    1.3229849858534832,
    1.3220133744487144,
    1.321048659224386,
    1.3200908196279677,
    1.319139835106931,
    1.318195685108745,
    1.317258349080881,
    1.316327806470809,
    1.3154040367259991,
    1.3144870192939218,
    1.3135767336220474,
    1.3126731591578453,
    1.311776275348787,
    1.3108860616423432,
    1.3100024974859825,
    1.3091255623271754,
    1.3082552356133936,
    1.3073914967921065,
    1.3065343253107842,
    1.305683700616897,
    1.3048396021579158,
    1.30400200938131,
    1.3031709017345507,
    1.3023462586651084,
    1.301528059620452,
    1.3007162840480522,
    1.2999109113953802,
    1.299111921109906,
    1.298319292639099,
    1.2975330054304308,
    1.2967530389313708,
    1.2959793725893891,
    1.2952119858519566,
    1.294450858166543,
    1.2936959689806193,
    1.2929472977416556,
    1.292204823897122,
    1.291468526894488,
    1.290738386181225,
    1.290014381204803,
    1.2892964914126925,
    1.288584696252363,
    1.2878789751712851,
    1.2871793076169298,
    1.2864856730367666,
    1.2857980508782663,
    1.2851164205888987,
    1.2844407616161337,
    1.2837710534074427,
    1.2831072754102952,
    1.2824494070721624,
    1.2817974278405133,
    1.2811513171628186,
    1.2805110544865492,
    1.2798766192591744,
    1.2792479909281655,
    1.2786251489409923,
    1.2780080727451248,
    1.2773967417880336,
    1.2767911355171893,
    1.276191233380061,
    1.2755970148241205,
    1.2750084592968376,
    1.274425546245682,
    1.273848255118124,
    1.2732765653616345,
    1.2727104564236833,
    1.2721499077517415,
    1.271594898793278,
    1.271045408995764,
    1.2705014178066705,
    1.269962904673466,
    1.2694298490436218,
    1.2689022303646085,
    1.2683800280838953,
    1.2678632216489536,
    1.267351790507253,
    1.2668457141062643,
    1.2663449718934574,
    1.2658495433163024,
    1.2653594078222699,
    1.2648745448588303,
    1.264394933873454,
    1.2639205543136098,
    1.2634513856267704,
    1.2629874072604044,
    1.2625285986619827,
    1.2620749392789747,
    1.2616264085588522,
    1.261182985949084,
    1.2607446508971418,
    1.2603113828504942,
    1.2598831612566128,
    1.259459965562968,
    1.2590417752170295,
    1.2586285696662673,
    1.258220328358152,
    1.2578170307401542,
    1.2574186562597438,
    1.257025184364391,
    1.256636594501566,
    1.2562528661187398,
    1.2558739786633821,
    1.2554999115829633,
    1.2551306443249532,
    1.2547661563368235,
    1.2544064270660424,
    1.2540514359600827,
    1.2537011624664123,
    1.2533555860325034,
    1.253014686105824,
    1.2526784421338468,
    1.2523468335640402,
    1.252019839843876,
    1.2516974404208243,
    1.251379614742354,
    1.2510663422559363,
    1.2507576024090414,
    1.25045337464914,
    1.250153638423702,
    1.249858373180197,
    1.2495675583660963,
    1.2492811734288702,
    1.2489991978159884,
    1.248721610974921,
    1.2484483923531395,
    1.248179521398113,
    1.2479149775573117,
    1.2476547402782066,
    1.2473987890082676,
    1.247147103194966,
    1.2468996622857706,
    1.246656445728152,
    1.2464174329695807,
    1.2461826034575272,
    1.2459519366394614,
    1.2457254119628538,
    1.2455030088751742,
    1.2452847068238944,
    1.2450704852564831,
    1.244860323620411,
    1.2446542013631485,
    1.2444520979321663,
    1.2442539927749334,
    1.244059865338921,
    1.2438696950716,
    1.24368346142044,
    1.2435011438329107,
    1.243322721756483,
    1.2431481746386273,
    1.2429774819268142,
    1.2428106230685123,
    1.2426475775111938,
    1.242488324702328,
    1.2423328440893857,
    1.2421811151198368,
    1.242033117241152,
    1.2418888299008009,
    1.241748232546254,
    1.241611304624982,
    1.2414780255844544,
    1.241348374872143,
    1.2412223319355165,
    1.2410998762220458,
    1.240980987179201,
    1.2408656442544523,
    1.2407538268952711,
    1.2406455145491262,
    1.240540686663488,
    1.2404393226858281,
    1.2403414020636152,
    1.2402469042443207,
    1.2401558086754152,
    1.240068094804367,
    1.239983742078648,
    1.2399027299457281,
    1.2398250378530777,
    1.2397506452481672,
    1.2396795315784668,
    1.2396116762914464,
    1.2395470588345763,
    1.2394856586553273,
    1.2394274552011697,
    1.239372427919573,
    1.2393205562580079,
    1.2392718196639447,
    1.2392261975848538,
    1.239183669468206,
    1.239144217353366,
    1.2391078232797001,
    1.2390744692865736,
    1.2390441374133538,
    1.2390168096994052,
    1.2389924681840938,
    1.2389710949067863,
    1.2389526719068473,
    1.2389371812236427,
    1.238924604896539,
    1.2389149249649023,
    1.238908123468097,
    1.2389041824454896,
    1.2389030839364472,
    1.2389048099803333,
    1.2389093426165156,
    1.2389166638843592,
    1.23892675582323,
    1.2389396004724929,
    1.2389551798715153,
    1.2389734760596625,
    1.2389944710762988,
    1.2390181469607926,
    1.2390444857525083,
    1.239073469490811,
    1.2391050802150683,
    1.239139299964644,
    1.2391761107789057,
    1.239215494697218,
    1.2392574337589477,
    1.2393019100034595,
    1.2393489054701203,
    1.2393984021982947,
    1.2394503822273495,
    1.23950482759665,
    1.2395617203455624,
    1.2396210425134528,
    1.239682776139686,
    1.2397469032636295,
    1.2398134059246466,
    1.2398822661621045,
    1.2399534660153702,
    1.2400269875238075,
    1.240102812726783,
    1.2401809236636625,
    1.240261302373812,
    1.2403439308965973,
    1.2404287912713845,
    1.2405158655375383,
    1.240605135734425,
    1.240696583901411,
    1.2407901920778621,
    1.240885942303143,
    1.2409838166166205,
    1.2410837970576605,
    1.2411858656656283,
    1.2412900044798896,
    1.241396195539811,
    1.241504420884758,
    1.2416146625540954,
    1.2417269025871902,
    1.2418411230234079,
    1.2419573059021136,
    1.2420754332626753,
    1.242195487144456,
    1.2423174495868237,
    1.242441302629142,
    1.2425670283107793,
    1.2426946086710995,
    1.2428240257494694,
    1.2429552615852542,
    1.24308829821782,
    1.2432231176865325,
    1.2433597020307574,
    1.2434980332898617,
    1.2436380935032094,
    1.243779864710167,
    1.2439233289501006,
    1.244068468262376,
    1.2442152646863591,
    1.244363700261415,
    1.2445137570269105,
    1.24466541702221,
    1.244818662286681,
    1.2449734748596883,
    1.2451298367805985,
    1.245287730088776,
    1.245447136823588,
    1.245608039024399,
    1.2457704187305763,
    1.2459342579814852,
    1.246099538816491,
    1.2462662432749596,
    1.246434353396257,
    1.2466038512197493,
    1.2467747187848026,
    1.2469469381307814,
    1.2471204912970522,
    1.2472953603229815,
    1.2474715272479338,
    1.247648974111276,
    1.2478276829523738,
    1.2480076358105925,
    1.2481888147252982,
    1.2483712017358566,
    1.2485547788816334,
    1.248739528201995,
    1.2489254317363065,
    1.249112471523934,
    1.2493006296042437,
    1.2494898880166003,
    1.2496802288003712,
    1.2498716339949212,
    1.250064085639616,
    1.250257565773822,
    1.2504520564369042,
    1.250647539668229,
    1.2508439975071628,
    1.2510414119930702,
    1.2512397651653173,
    1.2514390390632704,
    1.251639215726295,
    1.2518402771937578,
    1.2520422055050227,
    1.252244982699457,
    1.2524485908164258,
    1.2526530118952959,
    1.2528582279754321,
    1.2530642210962006,
    1.2532709732969671,
    1.2534784666170977,
    1.2536866830959577,
    1.2538956047729135,
    1.2541052136873305,
    1.2543154918785744,
    1.2545264213860117,
    1.2547379842490072,
    1.2549501625069275,
    1.2551629381991392,
    1.2553762933650057,
    1.2555902100438945,
    1.2558046702751713,
    1.2560196560982013,
    1.2562351495523516,
    1.256451132676987,
    1.2566675875114726,
    1.2568844960951755,
    1.2571018404674614,
    1.2573196026676956,
    1.2575377647352446,
    1.2577563087094732,
    1.2579752166297475,
    1.2581944705354338,
    1.258414052465898,
    1.2586339444605055,
    1.2588541285586219,
    1.259074586799613,
    1.2592953012228456,
    1.2595162538676843,
    1.259737426773496,
    1.2599588019796455,
    1.260180361525499,
    1.260402087450422,
    1.2606239617937813,
    1.260845966594942,
    1.2610680838932704,
    1.2612902957281316,
    1.2615125841388912,
    1.261734931164916,
    1.261957318845571,
    1.2621797292202235,
    1.2624021443282372,
    1.2626245462089791,
    1.2628469169018146,
    1.2630692384461097,
    1.2632914928812307,
    1.2635136622465426,
    1.2637357285814117,
    1.2639576739252032,
    1.264179480317284,
    1.2644011297970192,
    1.2646226044037747,
    1.2648438861769158,
    1.26506495715581,
    1.26528579937982,
    1.2655063948883147,
    1.265726725720659,
    1.2659467739162187,
    1.2661665215143585,
    1.2663859505544455,
    1.2666050430758449,
    1.2668237811179233,
    1.267042146720046,
    1.2672601219215776,
    1.2674776887618862,
    1.2676948292803356,
    1.2679115255162934,
    1.2681277595091238,
    1.2683435132981935,
    1.2685587689228677,
    1.268773508422513,
    1.268987713836495,
    1.2692013672041798,
    1.2694144505649319,
    1.2696269459581182,
    1.2698388354231045,
    1.270050100999256,
    1.2702607247259396,
    1.27047068864252,
    1.2706799747883635,
    1.2708885652028357,
    1.2710964419253026,
    1.2713035869951304,
    1.2715099824516838,
    1.27171561033433,
    1.2719204526824335,
    1.272124491535361,
    1.2723277089324776,
    1.2725300869131506,
    1.272731607516744,
    1.2729322527826241,
    1.2731320047501575,
    1.2733308454587093,
    1.273528756947646,
    1.2737257212563322,
    1.2739217204241349,
    1.2741167364904191,
    1.274310751494551,
    1.2745037474758971,
    1.2746957064738214,
    1.2748866105276915,
    1.275076441676872,
    1.2752651819607297,
    1.2754528134186296,
    1.2756393180899386,
    1.275824678014021,
    1.2760088752302432,
    1.2761918917779715,
    1.2763737096965713,
    1.2765543110254087,
    1.2767336778038492,
    1.2769117920712585,
    1.2770886358670028,
    1.2772641912304479,
    1.2774384402009595,
    1.277611364817903,
    1.2777829471206448,
    1.2779531691485506,
    1.2781220129409858,
    1.2782894605373167,
    1.2784554939769095,
    1.2786200952991287,
    1.278783246543341,
    1.2789449297489122,
    1.279105126955208,
    1.2792638202015942,
    1.2794209915274364,
    1.2795766229721006,
    1.2797306965749529,
    1.2798831943753588,
    1.2800340984126843,
    1.2801833907262947,
    1.2803310533555565,
    1.280477068339835,
    1.280621417718496,
    1.2807640835309058,
    1.28090504781643,
    1.281044292614434,
    1.2811817999642843,
    1.2813175519053464,
    1.2814515304769856,
    1.281583717718569,
    1.281714095669461,
    1.281842646369028,
    1.2819693518566357,
    1.2820941941716504,
    1.2822171553534376,
    1.2823382174413627,
    1.2824573624747921,
    1.2825745724930913,
    1.2826898295356262,
    1.2828031156417625,
    1.2829144128508667,
    1.2830237032023033,
    1.2831309687354395,
    1.2832361914896397,
    1.283339353504271,
    1.2834404368186991,
    1.2835394234722886,
    1.2836362955044063,
    1.2837310349544178,
    1.283823623861689,
    1.283914044265586,
    1.2840022782054736,
    1.2840883077207188,
    1.2841721148506866,
    1.2842536816347432,
    1.284332990112254,
    1.2844100223225858,
    1.2844847603051035,
    1.2845571860991725,
    1.2846272817441597,
    1.2846950292794304,
    1.2847604107443509,
    1.284823408178286,
    1.2848840036206024,
    1.2849421791106652,
    1.2849979166878411,
    1.2850511983914956,
    1.285102006260994,
    1.2851503223357024,
    1.2851961286549864,
    1.2852394072582125,
    1.2852801401847462,
    1.2853183094739533,
    1.2853538971651994,
    1.2853868852978503,
    1.2854172559112718,
    1.2854449910448296,
    1.2854700727378907,
    1.2854924830298196,
    1.2855122039599824,
    1.2855292175677446,
    1.285543505892473,
    1.2855550509735327,
    1.2855638348502896,
    1.2855698395621094,
    1.2855730471483582,
    1.2855734396484018,
    1.2855709991016058,
    1.2855657075473361,
    1.2855575470249583,
    1.2855464995738386,
    1.2855325472333425,
    1.285515672042836,
    1.2854958560416854,
    1.2854730812692556,
    1.2854473297649123,
    1.2854185835680223,
    1.2853868247179507,
    1.2853520352540642,
    1.2853141972157271,
    1.2852732926423063,
    1.2852293035731672,
    1.2851822120476761,
    1.2851320001051985,
    1.2850786497851,
    1.2850221431267466,
    1.2849624621695042,
    1.2848995889527384,
    1.284833505515815,
    1.2847641938981007,
    1.28469163613896,
    1.2846158142777593,
    1.284536710353864,
    1.284454306406641,
    1.2843685844754553,
    1.2842795265996727,
    1.2841871148186592,
    1.2840913311717803,
    1.2839921576984024,
    1.283889576437891,
    1.2837835694296116,
    1.2836741187129304,
    1.2835612063272128,
    1.2834448143118256,
    1.2833249247061334,
    1.2832015195495032,
    1.2830745808812996,
    1.2829440907408887,
    1.2828100311676371,
    1.2826723842009098,
    1.2825311318800736,
    1.2823862562444932,
    1.2822377393335347,
    1.2820855631865637,
    1.2819297098429467,
    1.2817701613420496,
    1.2816068997232373,
    1.2814399070258762,
    1.2812691652893318,
    1.2810946565529702,
    1.2809163628561573,
    1.280734266238259,
    1.2805483487386407,
    1.280358592396668,
    1.2801649792517071,
    1.279967491343124,
    1.2797661107102847,
    1.279560819392554,
    1.2793515994292985,
    1.2791384328598838,
    1.278921301723676,
    1.2787001880600406,
    1.2784750739083435,
    1.27824594130795,
    1.2780127722982269,
    1.2777755489185394,
    1.2775342532082532,
    1.2772888672067348,
    1.2770393729533493,
    1.2767857524874628,
    1.2765279878484408,
    1.2762660610756495,
    1.275999954208455,
    1.2757296492862225,
    1.2754551283483178,
    1.275176373434107,
    1.2748933665829558,
    1.2746060898342306,
    1.274314525227296,
    1.2740186548015189,
    1.2737184605962644,
    1.2734139246508986,
    1.2731050290047874,
    1.272791755697297,
    1.272474086767792,
    1.2721520042556393,
    1.2718254902002044,
    1.2714945266408528,
    1.2711590956169514,
    1.2708191791678645,
    1.2704747593329584,
    1.2701258181515995,
    1.2697723376631531,
    1.2694142999069855,
    1.269051686922462,
    1.2686844807489484,
    1.2683126634258108,
    1.2679362169924147,
    1.2675551234881262,
    1.2671693649523115,
    1.2667789234243354,
    1.2663837809435643,
    1.265983919549364,
    1.2655793212811002,
    1.2651699681781394,
    1.2647558422798462,
    1.2643369256255872,
    1.2639132002547278,
    1.263484648206634,
    1.263051251520672,
    1.2626129922362073,
    1.2621698523926053,
    1.2617218140292323,
    1.261268859185454,
    1.2608109699006358,
    1.2603481282141449,
    1.2598803161653456,
    1.259407515793604,
    1.2589297091382865,
    1.2584468782387583,
    1.2579590051343859,
    1.2574660718645343,
    1.2569680604685698,
    1.256464952985858,
    1.255956731455765,
    1.2554433779176566,
    1.254924874410898,
    1.2544012029748557,
    1.2538723456488954,
    1.2533382844723824,
    1.252799001484683,
    1.2522544787251637,
    1.2517046982331888,
    1.2511496420481247,
    1.2505892922093376,
    1.250023630756193,
    1.249452639728057,
    1.248876301164295,
    1.248294597104273,
    1.2477075095873567,
    1.247115020652912,
    1.2465171123403052,
    1.2459137666889013,
    1.2453049657380661,
    1.244690691527166,
    1.244070926095567,
    1.2434456514826344,
    1.2428148497277338,
    1.2421785028702312,
    1.2415365929494928,
    1.240889102004884,
    1.2402360120757707,
    1.2395773052015193,
    1.2389129634214946,
    1.238242968775063,
    1.23756730330159,
    1.2368859490404416,
    1.2361988880309842,
    1.2355061023125824,
    1.2348075739246032,
    1.2341032849064113,
    1.2333932172973734,
    1.2326773531368553,
    1.231955674464222,
    1.2312281633188396,
    1.2304948017400745,
    1.229755571767292,
    1.2290104554398582,
    1.2282594792785348,
    1.2275026698040832,
    1.2267400535372652,
    1.2259716569988428,
    1.2251975067095775,
    1.2244176291902316,
    1.2236320509615655,
    1.2228407985443424,
    1.222043898459323,
    1.2212413772272692,
    1.2204332613689437,
    1.219619577405107,
    1.2188003518565214,
    1.2179756112439486,
    1.2171453820881495,
    1.2163096909098874,
    1.215468564229923,
    1.2146220285690181,
    1.2137701104479348,
    1.2129128363874342,
    1.2120502329082785,
    1.2111823265312298,
    1.2103091437770488,
    1.209430711166498,
    1.208547055220339,
    1.2076582024593332,
    1.2067641794042427,
    1.2058650125758292,
    1.2049607284948538,
    1.2040513536820794,
    1.2031369146582667,
    1.2022174379441777,
    1.2012929500605747,
    1.2003634775282184,
    1.1994290468678712,
    1.1984896846002946,
    1.1975454172462505,
    1.196596271326501,
    1.1956422733618068,
    1.1946834498729304,
    1.1937198273806333,
    1.1927514324056772,
    1.1917782914688244,
    1.1908004310908356,
    1.189817877792473,
    1.1888306580944983,
    1.1878387985176735,
    1.18684232558276,
    1.18584126581052,
    1.1848356457217144,
    1.1838254918371056,
    1.182810830677455,
    1.1817916887635245,
    1.180768092616076,
    1.1797400687558708,
    1.1787076437036705,
    1.1776708439802377,
    1.176629696106333,
    1.1755842266027194,
    1.1745344619901577,
    1.1734804287894096,
    1.172422153521237,
    1.1713596627064016,
    1.1702929828656656,
    1.1692221405197907,
    1.1681471621895378,
    1.167068074395669,
    1.1659849036589462,
    1.1648976765001313,
    1.1638064194399858,
    1.1627111589992714,
    1.16161192169875,
    1.1605087340591824,
    1.1594016226013317,
    1.1582906138459592,
    1.1571757343138263,
    1.1560570105256944,
    1.154934469002326,
    1.1538081362644823,
    1.1526780388329256,
    1.1515442032284178,
    1.1504066559717194,
    1.1492654235835928,
    1.1481205325847998,
    1.1469720094961025,
    1.145819880838262,
    1.1446641731320402,
    1.1435049128981987,
    1.1423421266574993,
    1.141175840930704,
    1.140006082238575,
    1.1388328771018723,
    1.1376562520413591,
    1.1364762335777967,
    1.1352928482319469,
    1.1341061225245714,
    1.1329160829764324,
    1.1317227561082905,
    1.1305261684409083,
    1.1293263464950467,
    1.1281233167914688,
    1.1269171058509353,
    1.125707740194208,
    1.1244952463420488,
    1.1232796508152196,
    1.1220609801344816,
    1.1208392608205977,
    1.1196145193943277,
    1.1183867823764349,
    1.1171560762876804,
    1.1159224276488264,
    1.114685862980634,
    1.1134464088038656,
    1.1122040916392824,
    1.110958938007646,
    1.1097109744297182,
    1.1084602274262614,
    1.1072067235180372,
    1.1059504892258065,
    1.1046915510703312,
    1.1034299355723738,
    1.102165669252695,
    1.1008987786320583,
    1.0996292902312232,
    1.0983572305709526,
    1.0970826261720081,
    1.0958055035551513,
    1.094525889241144,
    1.0932438097507486,
    1.0919592916047256,
    1.0906723613238372,
    1.0893830454288458,
    1.0880913704405122,
    1.086797362879598,
    1.0855010492668657,
    1.0842024561230772,
    1.0829016099689934,
    1.0815985373253763,
    1.0802932647129884,
    1.07898581865259,
    1.0776762256649435,
    1.0763645122708108,
    1.075050704990954,
    1.0737348303461336,
    1.0724169148571123,
    1.071096985044652,
    1.0697750674295137,
    1.0684511885324595,
    1.0671253748742509,
    1.0657976529756505,
    1.0644680493574186,
    1.0631365905403176,
    1.06180330304511,
    1.0604682133925563,
    1.0591313481034184,
    1.0577927336984585,
    1.0564523966984387,
    1.05511036362412,
    1.0537666609962641,
    1.0524213153356334,
    1.0510743531629887,
    1.0497258009990924,
    1.048375685364706,
    1.0470240327805918,
    1.0456708697675101,
    1.0443162228462237,
    1.0429601185374948,
    1.041602583362084,
    1.0402436438407534,
    1.0388833264942647,
    1.0375216578433806,
    1.0361586644088612,
    1.0347943727114692,
    1.0334288092719663,
    1.032062000611114,
    1.0306939732496736,
    1.0293247537084076,
    1.0279543685080779,
    1.0265828441694453,
    1.0252102072132723,
    1.0238364841603198,
    1.0224617015313509,
    1.021085885847126,
    1.019709063628407,
    1.0183312613959563,
    1.016952505670535,
    1.0155728229729046,
    1.0141922398238281,
    1.0128107827440664,
    1.011428478254381,
    1.0100453528755338,
    1.008661433128287,
    1.0072767455334017,
    1.0058913166116399,
    1.004505172883763,
    1.0031183408705338,
    1.0017308470927124,
    1.0003427180710613,
    0.998953980326343,
    0.9975646603793178,
    0.9961747847507485,
    0.9947843799613965,
    0.9933934725320237,
    0.9920020889833912,
    0.9906102558362613,
    0.9892179996113954,
    0.9878253468295561,
    0.9864323240115036,
    0.9850389576780005,
    0.9836452743498092,
    0.98225130054769,
    0.9808570627924056,
    0.9794625876047176,
    0.9780679015053877,
    0.9766730310151772,
    0.975278002654848,
    0.9738828429451627,
    0.9724875784068814,
    0.9710922355607667,
    0.9696968409275808,
    0.9683014210280849,
    0.9669060023830409,
    0.9655106115132104,
    0.9641152749393553,
    0.9627200191822367,
    0.9613248707626172,
    0.9599298562012577,
    0.9585350020189212,
    0.9571403347363678,
    0.9557458808743595,
    0.9543516669536598,
    0.9529577194950285,
    0.9515640650192279,
    0.9501707300470201,
    0.9487777410991669,
    0.9473851246964289,
    0.945992907359569,
    0.9446011156093483,
    0.9432097759665292,
    0.9418189149518723,
    0.9404285590861399,
    0.9390387348900946,
    0.937649468884497,
    0.9362607875901092,
    0.9348727175276927,
    0.9334852852180098,
    0.9320985171818219,
    0.9307124399398903,
    0.9293270800129778,
    0.9279424639218448,
    0.9265586181872529,
    0.9251755693299655,
    0.9237933438707437,
    0.9224119683303487,
    0.9210314692295423,
    0.9196518730890866,
    0.918273206429743,
    0.9168954957722733,
    0.9155187676374392,
    0.9141430485460029,
    0.9127683650187253,
    0.9113947435763683,
    0.9100222107396945,
    0.9086507930294647,
    0.9072805169664409,
    0.9059114090713849,
    0.9045434958650587,
    0.9031768038682233,
    0.9018113596016408,
    0.9004471895860737,
    0.8990843203422825,
    0.8977227783910287,
    0.8963625902530752,
    0.8950037824491837,
    0.8936463815001152,
    0.8922904139266319,
    0.8909359062494948,
    0.8895828849894669,
    0.8882313766673089,
    0.8868814078037826,
    0.8855330049196508,
    0.8841861945356735,
    0.8828410031726128,
    0.8814974573512318,
    0.8801555835922914,
    0.8788154084165531,
    0.8774769583447788,
    0.8761402598977306,
    0.8748053395961695,
    0.8734722239608574,
    0.8721409395125563,
    0.8708115127720284,
    0.8694839702600343,
    0.8681583384973357,
    0.8668346440046961,
    0.8655129133028756,
    0.8641931729126362,
    0.8628754493547399,
    0.8615597691499488,
    0.8602461588190238,
    0.8589346448827266,
    0.8576252538618201,
    0.8563180122770646,
    0.855012946649222,
    0.8537100834990552,
    0.8524094493473253,
    0.8511110707147937,
    0.8498149741222225,
    0.8485211860903734,
    0.8472297331400076,
    0.8459406417918875,
    0.8446539385667744,
    0.8433696499854306,
    0.8420878025686171,
    0.8408084228370956,
    0.8395315373116288,
    0.8382571725129775,
    0.8369853549619037,
    0.8357161111791691,
    0.8344494676855361,
    0.8331854510017651,
    0.8319240876486189,
    0.8306654041468586,
    0.8294094270172467,
    0.8281561827805437,
    0.8269056979575118,
    0.8256579990689139,
    0.8244131126355103,
    0.8231710651780633,
    0.8219318832173346,
    0.820695593274086,
    0.819462221869079,
    0.8182317955230753,
    0.8170043407568373,
    0.8157798840911252,
    0.814558452046702,
    0.813340071144329,
    0.8121247679047687,
    0.8109125688487819,
    0.8097035004971302,
    0.8084975893705766,
    0.8072948619898812,
    0.8060953448758068,
    0.8048990645491148,
    0.8037060475305671,
    0.8025163203409249,
    0.8013299095009498,
    0.800146841531405,
    0.7989671429530509,
    0.7977908402866496,
    0.7966179600529624,
    0.7954485287727522,
    0.7942825729667795,
    0.7931201191558064,
    0.7919611938605948,
    0.7908058236019064,
    0.7896540349005028,
    0.7885058542771453,
    0.787361308252597,
    0.786220423347618,
    0.7850832260829712,
    0.7839497429794178,
    0.7828200005577197,
    0.7816940253386384,
    0.7805718438429357,
    0.7794534825913737,
    0.7783389681047137,
    0.7772283269037168,
    0.7761215855091459,
    0.7750187704417628,
    0.7739199082223285,
    0.7728250253716047,
    0.7717341484103539,
    0.7706473038593369,
    0.7695645182393158,
    0.7684858180710523,
    0.7674112298753086,
    0.7663407801728457,
    0.765274495484425,
    0.7642124023308099,
    0.7631545272327607,
    0.7621008967110394,
    0.761051537286408,
    0.7600064754796283,
    0.7589657378114614,
    0.7579293508026694,
    0.7568973409740141,
    0.7558697348462575,
    0.7548465589401607,
    0.7538278397764855,
    0.7528136038759943,
    0.751803877759448,
    0.750798687947609,
    0.7497980609612382,
    0.7488020233210988,
    0.7478106015479509,
    0.7468238221625572,
    0.7458417116856793,
    0.7448642966380783,
    0.7438916035405159,
    0.7429236589137551,
    0.7419604892785572,
    0.7410021211556828,
    0.7400485810658946,
    0.7390998955299544,
    0.7381560910686233,
    0.7372171942026637,
    0.7362832314528367,
    0.7353542293399049,
    0.7344302143846289,
    0.7335112131077703,
    0.7325972520300927,
    0.7316883576723563,
    0.7307845565553226,
    0.7298858751997543,
    0.7289923401264131,
    0.7281039778560601,
    0.7272208149094568,
    0.7263428778073662,
    0.7254701930705487,
    0.7246027872197667,
    0.723740686775781,
    0.7228839182593549,
    0.7220325081912491,
    0.7211864830922257,
    0.720345869483046,
    0.7195106938844724,
    0.718680982817266,
    0.7178567628021886,
    0.7170380603600028,
    0.7162249020114688,
    0.7154173142773488,
    0.7146153236784056,
    0.7138189567354003,
    0.7130282399690941,
    0.7122431999002492,
    0.7114638630496275,
    0.7106902559379904,
    0.7099224050860995,
    0.7091603370147166,
    0.7084040782446044,
    0.7076536552965231,
    0.7069090946912349,
    0.7061704229495023,
    0.7054376665920863,
    0.7047108521397487,
    0.7039900061132511,
    0.7032751550333562,
    0.7025663254208245,
    0.7018635437964182,
    0.7011668366808992,
    0.700476230595029,
    0.6997917520595691,
    0.6991134275952813,
    0.6984412837229284,
    0.6977753469632706,
    0.6971156438370705,
    0.6964622008650898,
    0.69581504456809,
    0.6951742014668325,
    0.6945396980820795,
    0.6939115609345932,
    0.6932898165451342,
    0.6926744914344642,
    0.6920656121233468,
    0.6914632051325416,
    0.6908672969828111,
    0.6902779141949176,
    0.6896950832896223,
    0.6891188307876865,
    0.6885491832098725,
    0.6879861670769416,
    0.6874298089096567,
    0.6868801352287779,
    0.6863371725550675,
    0.6858009474092877,
    0.6852714863122,
    0.684748815784566,
    0.6842329623471477,
    0.6837239525207062,
    0.6832218128260037,
    0.6827265697838023,
    0.6822382499148627,
    0.6817568797399476,
    0.6812824857798179,
    0.6808150945552356,
    0.680354732586963,
    0.6799014263957615,
    0.6794552025023926,
    0.6790160874276183,
    0.6785841076921999,
    0.6781592898168998,
    0.6777416603224791,
    0.6773312457296996,
    0.6769280725593234,
    0.6765321673321116,
    0.6761435565688267,
    0.6757622667902301,
    0.6753883245170837,
    0.6750217562701488,
    0.6746625350279352,
    0.6743106337689528,
    0.673966025471711,
    0.6736286831147194,
    0.6732985796764879,
    0.672975688135526,
    0.6726599814703429,
    0.6723514326594493,
    0.672050014681354,
    0.6717557005145669,
    0.6714684631375978,
    0.6711882755289562,
    0.6709151106671518,
    0.6706489415306942,
    0.670389741098093,
    0.6701374823478579,
    0.6698921382584984,
    0.6696536818085241,
    0.6694220859764453,
    0.6691973237407709,
    0.6689793680800111,
    0.6687681919726749,
    0.6685637683972729,
    0.668366070332314,
    0.6681750707563081,
    0.6679907426477643,
    0.6678130589851932,
    0.6676419927471036,
    0.6674775169120055,
    0.6673196044584091,
    0.667168228364823,
    0.6670233616097578,
    0.6668849771717222,
    0.6667530480292272,
    0.6666275471607812,
    0.6665084475448941,
    0.666395722160076,
    0.6662893439848359,
    0.6661892859976837,
    0.6660955211771293,
    0.6660080225016827,
    0.6659267629498526,
    0.6658517155001493,
    0.6657828531310823,
    0.665720148821161,
    0.6656635755488958,
    0.665613106292795,
    0.6655687140313695,
    0.6655303717431282,
    0.665498052406581,
    0.6654717290002379,
    0.6654513745026083,
    0.6654369618922018,
    0.6654284641475277,
    0.6654258542470963,
    0.6654291051694168,
    0.6654381898929993,
    0.6654530813963526,
    0.6654737526579872,
    0.6655001766564121,
    0.6655323263701374,
    0.665570174777673,
    0.6656136948575277,
    0.6656628595882121,
    0.6657176419482351,
    0.6657780149161068,
    0.6658439514703365,
    0.6659154245894341,
    0.6659924072519092,
    0.6660748724362715,
    0.6661627931210301,
    0.6662561422846953,
    0.6663548929057768,
    0.6664590179627838,
    0.6665684904342264,
    0.666683283298614,
    0.666803369534456,
    0.6669287221202624,
    0.6670593140345427,
    0.6671951182558069,
    0.6673361077625641,
    0.6674822555333237,
    0.6676335345465965,
    0.6677899177808915,
    0.6679513782147182,
    0.6681178888265862,
    0.6682894225950058,
    0.668465952498486,
    0.6686474515155365,
    0.6688338926246671,
    0.6690252488043875,
    0.669221493033207,
    0.6694225982896356,
    0.6696285375521831,
    0.669839283799359,
    0.670054810009673,
    0.6702750891616343,
    0.6705000942337529,
    0.6707297982045384,
    0.670964174052501,
    0.6712031947561494,
    0.6714468332939934,
    0.671695062644543,
    0.6719478557863079,
    0.6722051856977975,
    0.6724670253575218,
    0.6727333477439899,
    0.6730041258357125,
    0.6732793326111977,
    0.6735589410489562,
    0.6738429241274975,
    0.6741312548253311,
    0.6744239061209667,
    0.6747208509929137,
    0.6750220624196821,
    0.6753275133797816,
    0.6756371768517218,
    0.6759510258140118,
    0.6762690332451624,
    0.6765911721236817,
    0.6769174154280808,
    0.6772477361368687,
    0.677582107228555,
    0.6779205016816492,
    0.678262892474661,
    0.6786092525861007,
    0.6789595549944774,
    0.679313772678301,
    0.6796718786160807,
    0.6800338457863266,
    0.680399647167548,
    0.6807692557382548,
    0.6811426444769566,
    0.6815197863621629,
    0.6819006543723831,
    0.6822852214861277,
    0.682673460681906,
    0.6830653449382273,
    0.6834608472336015,
    0.6838599405465382,
    0.684262597855547,
    0.6846687921391379,
    0.6850784963758199,
    0.6854916835441034,
    0.6859083266224972,
    0.686328398589511,
    0.6867518724236557,
    0.6871787211034397,
    0.6876089176073734,
    0.6880424349139658,
    0.6884792460017268,
    0.6889193238491662,
    0.6893626414347935,
    0.6898091717371182,
    0.6902588877346505,
    0.6907117624058992,
    0.6911677687293749,
    0.6916268796835867,
    0.6920890682470442,
    0.6925543073982574,
    0.6930225701157353,
    0.6934938293779884,
    0.6939680581635259,
    0.6944452294508573,
    0.6949253162184925,
    0.6954082914449411,
    0.6958941281087122,
    0.6963827991883165,
    0.696874277662263,
    0.6973685365090616,
    0.6978655487072216,
    0.6983652872352532,
    0.6988677250716653,
    0.6993728351949682,
    0.6998805905836714,
    0.7003909642162841,
    0.7009039290713165,
    0.7014194581272777,
    0.7019375243626781,
    0.7024581007560269,
    0.7029811602858339,
    0.7035066759306083,
    0.7040346206688605,
    0.7045649674790996,
    0.7050976893398353,
    0.7056327592295776,
    0.7061701501268356,
    0.7067098350101189,
    0.7072517868579378,
    0.707795978648802,
    0.7083423833612202,
    0.7088909739737032,
    0.7094417234647599,
    0.7099946048128999,
    0.7105495909966333,
    0.7111066549944695,
    0.7116657697849181,
    0.7122269083464888,
    0.7127900436576909,
    0.7133551486970348,
    0.7139221964430299,
    0.7144911598741858,
    0.7150620119690115,
    0.7156347257060178,
    0.7162092740637135,
    0.7167856300206086,
    0.7173637665552124,
    0.7179436566460352,
    0.7185252732715858,
    0.7191085894103744,
    0.7196935780409107,
    0.7202802121417041,
    0.7208684646912646,
    0.7214583086681013,
    0.7220497170507244,
    0.7226426628176431,
    0.7232371189473675,
    0.7238330584184068,
    0.7244304542092709,
    0.7250292792984689,
    0.7256295066645112,
    0.7262311092859075,
    0.7268340601411669,
    0.7274383322087994,
    0.7280438984673148,
    0.728650731895222,
    0.7292588054710315,
    0.7298680921732521,
    0.7304785649803943,
    0.7310901968709672,
    0.7317029608234803,
    0.7323168298164441,
    0.7329317768283674,
    0.7335477748377606,
    0.7341647968231325,
    0.7347828157629934,
    0.7354018046358525,
    0.7360217364202198,
    0.7366425840946046,
    0.7372643206375171,
    0.7378869190274661,
    0.738510352242962,
    0.7391345932625145,
    0.7397596150646326,
    0.7403853906278266,
    0.7410118929306054,
    0.7416390949514795,
    0.7422669696689581,
    0.7428954900615509,
    0.7435246291077675,
    0.7441543597861175,
    0.7447846550751103,
    0.7454154879532561,
    0.7460468313990647,
    0.7466786583910451,
    0.7473109419077073,
    0.7479436549275611,
    0.7485767704291156,
    0.749210261390881,
    0.7498441007913665,
    0.7504782616090822,
    0.7511127168225373,
    0.7517474394102415,
    0.7523824023507051,
    0.7530175786224369,
    0.7536529412039472,
    0.7542884630737451,
    0.7549241172103408,
    0.7555598765922434,
    0.7561957141979632,
    0.7568316030060089,
    0.7574675159948913,
    0.7581034261431188,
    0.7587393064292018,
    0.7593751298316502,
    0.7600108693289732,
    0.7606464978996806,
    0.7612819885222818,
    0.761917314175287,
    0.7625524478372053,
    0.7631873624865466,
    0.7638220311018205,
    0.7644564266615365,
    0.7650905221442041,
    0.7657242905283336,
    0.7663577047924343,
    0.7669907379150158,
    0.7676233628745878,
    0.7682555526496601,
    0.7688872802187419,
    0.7695185185603434,
    0.7701492406529735,
    0.7707794194751428,
    0.7714090280053603,
    0.7720380392221354,
    0.7726664261039787,
    0.7732941616293992,
    0.7739212187769068,
    0.7745475705250108,
    0.7751731898522213,
    0.7757980497370474,
    0.7764221231579994,
    0.7770453830935863,
    0.7776678025223184,
    0.7782893544227043,
    0.7789100117732548,
    0.7795297475524793,
    0.780148534738887,
    0.780766346310988,
    0.7813831552472916,
    0.7819989345263076,
    0.782613657126546,
    0.7832272960265156,
    0.7838398242047269,
    0.7844512146396889,
    0.7850614403099114,
    0.7856704741939043,
    0.7862782892701774,
    0.7868848585172401,
    0.7874901549136019,
    0.7880941514377726,
    0.7886968210682618,
    0.7892981367835792,
    0.7898980715622345,
    0.7904965983827372,
    0.7910936902235969,
    0.7916893200633233,
    0.7922834608804262,
    0.7928760856534154,
    0.7934671673608001,
    0.7940566789810903,
    0.7946445934927957,
    0.7952308838744254,
    0.7958155231044897,
    0.7963984841614978,
    0.7969797400239595,
    0.7975592636703842,
    0.7981370280792819,
    0.7987130062291625,
    0.7992871710985351,
    0.7998594956659096,
    0.8004299529097956,
    0.8009985158087028,
    0.8015651573411409,
    0.8021298504856191,
    0.8026925682206478,
    0.8032532835247358,
    0.8038119693763931,
    0.8043685987541298,
    0.8049231446364552,
    0.8054755800018789,
    0.8060258778289104,
    0.80657401109606,
    0.8071199527818363,
    0.80766367586475,
    0.8082051533233099,
    0.8087443581360264,
    0.8092812632814084,
    0.8098158417379658,
    0.8103480664842088,
    0.8108779104986464,
    0.8114053467597887,
    0.8119303482461449,
    0.8124528879362252,
    0.8129729388085384,
    0.813490473841595,
    0.8140054660139044,
    0.8145178883039759,
    0.8150277136903191,
    0.8155349151514444,
    0.8160394656658609,
    0.8165413382120784,
    0.8170405057686067,
    0.8175369413139552,
    0.8180306178266332,
    0.8185215082851512,
    0.8190095856680182,
    0.8194948229537441,
    0.8199771931208384,
    0.8204566691478105,
    0.8209332240131709,
    0.8214068306954285,
    0.8218774621730934,
    0.8223450914246748,
    0.822809691428683,
    0.8232712351636269,
    0.8237296956080165,
    0.8241850457403613,
    0.8246372585391715,
    0.8250863069829559,
    0.8255321640502244,
    0.8259748027194873,
    0.8264141959692535,
    0.8268503167780332,
    0.8272831381243355,
    0.8277126329866706,
    0.8281387743435475,
    0.8285615351734765,
    0.8289808884549671,
    0.8293968071665284,
    0.8298092642866703,
    0.8302182327939029,
    0.8306236856667357,
    0.8310255958836781,
    0.83142393642324,
    0.8318186802639309,
    0.8322098003842602,
    0.8325972697627381,
    0.8329810613778736,
    0.8333611482081771,
    0.8337375032321575,
    0.8341100994283245,
    0.8344789097751886,
    0.8348439072512586,
    0.8352050648350446,
    0.835562355505056,
    0.8359157522398026,
    0.836265228017794,
    0.8366107558175399,
    0.8369523086175497,
    0.8372898593963334,
    0.8376233811324005,
    0.8379528468042599,
    0.8382782293904227,
    0.8385995018693977,
    0.8389166372196948,
    0.8392296084198232,
    0.8395383884482932,
    0.8398429502836141,
    0.8401432669042954,
    0.8404393112888471,
    0.8407310564157784,
    0.841018475263599,
    0.8413015408108189,
    0.841580226035948,
    0.8418545039174954,
    0.8421243474339708,
    0.842389729563884,
    0.8426506232857446,
    0.8429070015780624,
    0.8431588374193466,
    0.8434061037881075,
    0.843648773662854,
    0.843886820022096,
    0.8441202158443438,
    0.8443489341081063,
    0.8445729477918935,
    0.8447922298742148,
    0.8450067533335802,
    0.845216491148499,
    0.8454214162974811,
    0.8456215017590358,
    0.8458167205116732,
    0.8460070455339028,
    0.8461924498042335,
    0.8463729063011762,
    0.8465483880032398,
    0.8467188678889344,
    0.8468843189367691,
    0.847044714125254,
    0.8472000264328986,
    0.8473502288382123,
    0.8474952943197052,
    0.8476351958558865,
    0.8477699064252657,
    0.8478993990063532,
    0.8480236465776585,
    0.8481426221176909,
    0.84825629860496,
    0.8483646490179757,
    0.8484676463352474,
    0.8485652635352852,
    0.8486574735965982,
    0.8487442494976964,
    0.8488255642170893,
    0.8489013907332863,
    0.8489717020247978,
    0.8490364710701328,
    0.8490956708478012,
    0.8491492743363125,
    0.8491972545141766,
    0.8492395843599028,
    0.8492762368520012,
    0.849307184968981,
    0.849332401689352,
    0.8493518599916241,
    0.8493655328543059,
    0.8493733932559088,
    0.849375414174941,
    0.849371568589913,
    0.849361829479334,
    0.849346169821714,
    0.8493245625955623,
    0.8492969807793885,
    0.8492633973517028,
    0.8492237852910139,
    0.849178117575832,
    0.8491263671846669,
    0.8490685070960284,
    0.8490045102884258,
    0.8489343887980976,
    0.8488581546612824,
    0.8487758199142186,
    0.848687396593145,
    0.8485928967342995,
    0.8484923323739214,
    0.8483857155482485,
    0.8482730582935195,
    0.8481543726459735,
    0.8480296706418482,
    0.8478989643173827,
    0.8477622657088151,
    0.8476195868523841,
    0.8474709397843281,
    0.847316336540886,
    0.8471557891582958,
    0.8469893096727961,
    0.8468169101206257,
    0.8466386025380221,
    0.8464543989612255,
    0.8462643114264733,
    0.8460683519700043,
    0.8458665326280571,
    0.8456588654368697,
    0.8454453624326814,
    0.8452260356517299,
    0.8450008971302543,
    0.8447699589044927,
    0.8445332330106836,
    0.8442907314850662,
    0.8440424663638781,
    0.8437884496833586,
    0.8435286934797456,
    0.843263209789278,
    0.842992010648194,
    0.8427151080927324,
    0.8424325141591313,
    0.8421442408836298,
    0.8418503003024659,
    0.841550704451878,
    0.8412454653681053,
    0.8409345950873857,
    0.8406181056459582,
    0.8402960090800607,
    0.8399683174259324,
    0.8396350427198112,
    0.8392961969979359,
    0.838951792296545,
    0.8386018406518769,
    0.8382463541001703,
    0.8378853446776628,
    0.8375188244205946,
    0.8371468053652029,
    0.8367692995477268,
    0.8363863190044047,
    0.8359978757714748,
    0.835603981885176,
    0.8352046493817465,
    0.8347998902974252,
    0.83438971666845,
    0.8339741405310597,
    0.8335531739214932,
    0.8331268288759884,
    0.8326951174307844,
    0.8322580516221192,
    0.8318156434862316,
    0.83136790505936,
    0.830914848377743,
    0.8304564854776189,
    0.8299928283952264,
    0.829523889166804,
    0.8290496798285896,
    0.8285702124168228,
    0.8280854989677414,
    0.8275955515175843,
    0.8271003821025896,
    0.8266000027589963,
    0.8260944255230425,
    0.8255836624309665,
    0.8250677255190074,
    0.8245466268234033,
    0.8240203783803929,
    0.8234889922262143,
    0.8229524803971067,
    0.8224108549293083,
    0.8218641278590575,
    0.821312311222593,
    0.8207554170561531,
    0.8201934573959764,
    0.8196264442783014,
    0.8190543897393667,
    0.8184773058154107,
    0.8178952045426713,
    0.8173080979573882,
    0.8167159980957994,
    0.8161189169941433,
    0.8155168666886585,
    0.8149098592155835,
    0.8142979066111568,
    0.8136810209116168,
    0.813059214153202,
    0.8124324983721511,
    0.8118008856047025,
    0.8111643878870944,
    0.8105230172555661,
    0.8098767857463556,
    0.8092257053957013,
    0.8085697882398418,
    0.8079090463150158,
    0.8072434916574617,
    0.8065731363034179,
    0.805897992289123,
    0.8052180716508155,
    0.804533386424734,
    0.8038439486471165,
    0.8031497703542022,
    0.8024508635822294,
    0.8017472403674365,
    0.801038912746062,
    0.8003258927543445,
    0.7996081924285227,
    0.7988858238048345,
    0.798158798919519,
    0.7974271298088144,
    0.7966908285089589,
    0.7959499070561917,
    0.7952043774867512,
    0.7944542518368756,
    0.7936995421428037,
    0.7929402604407737,
    0.7921764187670243,
    0.7914080291577938,
    0.7906351036493211,
    0.7898576542778443,
    0.7890756930796021,
    0.7882892320908327,
    0.7874982833477752,
    0.7867028588866678,
    0.785902970743749,
    0.7850986309552573,
    0.7842898515574313,
    0.7834766445865095,
    0.7826590220787302,
    0.7818369960703321,
    0.7810105785975536,
    0.7801797816966335,
    0.7793446174038094,
    0.7785050977553211,
    0.7776612347874063,
    0.7768130405363038,
    0.775960527038252,
    0.7751037063294894,
    0.7742425904462547,
    0.7733771914247861,
    0.7725075213013223,
    0.7716335921121016,
    0.7707554158933623,
    0.7698730046813438,
    0.7689863705122839,
    0.7680955254224215,
    0.7672004814479948,
    0.7663012506252423,
    0.7653978449904028,
    0.7644902765797145,
    0.763578557429416,
    0.762662699575746,
    0.7617427150549426,
    0.7608186159032444,
    0.7598904141568903,
    0.7589581218521185,
    0.7580217510251678,
    0.7570813137122763,
    0.7561368219496828,
    0.7551882877736257,
    0.7542357232203434,
    0.7532791403260746,
    0.7523185511270578,
    0.7513539676595313,
    0.7503854019597335,
    0.7494128660639033,
    0.7484363720082793,
    0.7474559318290996,
    0.746471557562603,
    0.745483261245028,
    0.7444910549126128,
    0.7434949506015962,
    0.7424949603482165,
    0.7414910961887123,
    0.7404833701593219,
    0.7394717942962843,
    0.7384563806358379,
    0.7374371412142209,
    0.736414088067672,
    0.7353872332324296,
    0.7343565887447323,
    0.7333221666408186,
    0.7322839789569271,
    0.7312420377292961,
    0.7301963549941641,
    0.7291469427877696,
    0.7280938131463515,
    0.727036978106148,
    0.7259764497033976,
    0.7249122399743388,
    0.7238443609552103,
    0.7227728246822505,
    0.7216976431916977,
    0.7206188285197909,
    0.719536392702768,
    0.7184503477768679,
    0.7173607057783286,
    0.7162674787433894,
    0.7151706787082884,
    0.7140703177092642,
    0.7129664077825553,
    0.7118589609644,
    0.7107479892910371,
    0.7096335047987048,
    0.7085155195236419,
    0.7073940455020867,
    0.7062690947702774,
    0.7051406793644536,
    0.7040088113208528,
    0.7028735026757138,
    0.7017347654652752,
    0.7005926117257755,
    0.699447053493453,
    0.6982981028045465,
    0.6971457716952942,
    0.6959900722019349,
    0.6948310163607069,
    0.6936686162078485,
    0.6925028837795988,
    0.691333831112196,
    0.6901614702418786,
    0.6889858132048852,
    0.6878068720374542,
    0.686624658775824,
    0.6854391854562334,
    0.6842504641149207,
    0.6830585067881245,
    0.6818633255120832,
    0.6806649323230349,
    0.6794633392572191,
    0.6782585583508738,
    0.6770506016402376,
    0.6758394811615487,
    0.6746252089510458,
    0.6734077970449676,
    0.6721872574795523,
    0.6709636022910386,
    0.669736843515665,
    0.6685069931896694,
    0.6672740633492915,
    0.666038066030769,
    0.6647990132703406,
    0.6635569171042448,
    0.6623117895687202
]