[
    -0.9813457301206274,
    -0.981342585101714,
    -0.9813396804756342,
    -0.9813370155937218,
    -0.9813345898073101,
    -0.981332402467733,
    -0.9813304529263244,
    -0.9813287405344174,
    -0.9813272646433462,
    -0.981326024604444,
    -0.9813250197690446,
    -0.9813242494884817,
    -0.9813237131140888,
    -0.9813234099971997,
    -0.981323339489148,
    -0.9813235009412672,
    -0.9813238937048908,
    -0.9813245171313529,
    -0.981325370571987,
    -0.9813264533781266,
    -0.9813277649011055,
    -0.9813293044922572,
    -0.9813310715029153,
    -0.9813330652844137,
    -0.9813352851880857,
    -0.9813377305652652,
    -0.9813404007672857,
    -0.9813432951454807,
    -0.9813464130511842,
    -0.9813497538357296,
    -0.9813533168504508,
    -0.9813571014466811,
    -0.9813611069757544,
    -0.9813653327890042,
    -0.9813697782377641,
    -0.9813744426733678,
    -0.9813793254471491,
    -0.9813844259104414,
    -0.9813897434145782,
    -0.9813952773108936,
    -0.9814010269507211,
    -0.9814069916853941,
    -0.9814131708662466,
    -0.9814195638446119,
    -0.9814261699718239,
    -0.981432988599216,
    -0.981440019078122,
    -0.9814472607598754,
    -0.9814547129958101,
    -0.9814623751372593,
    -0.9814702465355571,
    -0.981478326542037,
    -0.9814866145080327,
    -0.9814951097848776,
    -0.9815038117239057,
    -0.9815127196764502,
    -0.981521832993845,
    -0.9815311510274238,
    -0.9815406731285201,
    -0.9815503986484676,
    -0.9815603269386,
    -0.9815704573502505,
    -0.9815807892347534,
    -0.981591321943442,
    -0.9816020548276501,
    -0.9816129872387112,
    -0.9816241185279589,
    -0.9816354480467271,
    -0.981646975146349,
    -0.9816586991781587,
    -0.9816706194934895,
    -0.9816827354436753,
    -0.9816950463800493,
    -0.9817075516539457,
    -0.981720250616698,
    -0.9817331426196396,
    -0.9817462270141044,
    -0.9817595031514259,
    -0.9817729703829378,
    -0.9817866280599735,
    -0.9818004755338671,
    -0.9818145121559518,
    -0.9818287372775615,
    -0.9818431502500296,
    -0.98185775042469,
    -0.9818725371528763,
    -0.9818875097859221,
    -0.981902667675161,
    -0.9819180101719267,
    -0.9819335366275528,
    -0.981949246393373,
    -0.9819651388207209,
    -0.98198121326093,
    -0.9819974690653341,
    -0.9820139055852667,
    -0.9820305221720618,
    -0.9820473181770527,
    -0.9820642929515732,
    -0.9820814458469568,
    -0.9820987762145372,
    -0.9821162834056482,
    -0.9821339667716231,
    -0.9821518256637959,
    -0.9821698594335,
    -0.9821880674320692,
    -0.9822064490108368,
    -0.9822250035211368,
    -0.9822437303143029,
    -0.9822626287416686,
    -0.9822816981545675,
    -0.9823009379043331,
    -0.9823203473422993,
    -0.9823399258197998,
    -0.9823596726881679,
    -0.9823795872987375,
    -0.9823996690028421,
    -0.9824199171518153,
    -0.982440331096991,
    -0.9824609101897027,
    -0.982481653781284,
    -0.9825025612230687,
    -0.9825236318663902,
    -0.9825448650625823,
    -0.9825662601629785,
    -0.9825878165189127,
    -0.9826095334817183,
    -0.9826314104027289,
    -0.9826534466332781,
    -0.9826756415247,
    -0.982697994428328,
    -0.9827205046954955,
    -0.9827431716775363,
    -0.9827659947257842,
    -0.9827889731915727,
    -0.9828121064262354,
    -0.982835393781106,
    -0.982858834607518,
    -0.9828824282568053,
    -0.9829061740803011,
    -0.9829300714293396,
    -0.9829541196552543,
    -0.9829783181093785,
    -0.9830026661430462,
    -0.9830271631075909,
    -0.9830518083543462,
    -0.9830766012346459,
    -0.9831015410998234,
    -0.9831266273012126,
    -0.9831518591901469,
    -0.9831772361179598,
    -0.9832027574359855,
    -0.9832284224955573,
    -0.983254230648009,
    -0.983280181244674,
    -0.983306273636886,
    -0.9833325071759788,
    -0.9833588812132859,
    -0.9833853951001409,
    -0.9834120481878776,
    -0.9834388398278295,
    -0.9834657693713303,
    -0.9834928361697135,
    -0.9835200395743131,
    -0.9835473789364625,
    -0.9835748536074953,
    -0.9836024629387453,
    -0.983630206281546,
    -0.983658082987231,
    -0.9836860924071341,
    -0.9837142338925889,
    -0.9837425067949289,
    -0.983770910465488,
    -0.9837994442555994,
    -0.9838281075165972,
    -0.9838568995998149,
    -0.9838858198565861,
    -0.9839148676382444,
    -0.9839440422961236,
    -0.9839733431815572,
    -0.9840027696458788,
    -0.9840323210404223,
    -0.984061996716521,
    -0.9840917960255087,
    -0.9841217183187188,
    -0.9841517629474854,
    -0.984181929263142,
    -0.9842122166170221,
    -0.9842426243604594,
    -0.9842731518447875,
    -0.9843037984213401,
    -0.9843345634414509,
    -0.9843654462564533,
    -0.9843964462176812,
    -0.9844275626764681,
    -0.9844587949841476,
    -0.9844901424920535,
    -0.9845216045515194,
    -0.9845531805138789,
    -0.9845848697304657,
    -0.9846166715526133,
    -0.9846485853316554,
    -0.9846806104189259,
    -0.984712746165758,
    -0.9847449919234855,
    -0.9847773470434422,
    -0.9848098108769614,
    -0.9848423827753772,
    -0.984875062090023,
    -0.9849078481722324,
    -0.9849407403733391,
    -0.9849737380446768,
    -0.985006840537579,
    -0.9850400472033796,
    -0.9850733573934118,
    -0.9851067704590096,
    -0.9851402857515066,
    -0.9851739026222361,
    -0.9852076204225322,
    -0.9852414385037285,
    -0.9852753562171583,
    -0.9853093729141555,
    -0.9853434879460538,
    -0.9853777006641866,
    -0.9854120104198878,
    -0.9854464165644907,
    -0.9854809184493293,
    -0.985515515425737,
    -0.9855502068450473,
    -0.9855849920585944,
    -0.9856198704177115,
    -0.9856548412737324,
    -0.9856899039779907,
    -0.98572505788182,
    -0.985760302336554,
    -0.9857956366935262,
    -0.9858310603040704,
    -0.9858665725195203,
    -0.9859021726912093,
    -0.985937860170471,
    -0.9859736343086395,
    -0.986009494457048,
    -0.9860454399670304,
    -0.9860814701899202,
    -0.9861175844770511,
    -0.9861537821797567,
    -0.9861900626493707,
    -0.9862264252372267,
    -0.9862628692946582,
    -0.9862993941729992,
    -0.9863359992235827,
    -0.9863726837977431,
    -0.9864094472468137,
    -0.986446288922128,
    -0.98648320817502,
    -0.986520204356823,
    -0.9865572768188707,
    -0.9865944249124969,
    -0.9866316479890351,
    -0.9866689453998191,
    -0.9867063164961823,
    -0.9867437606294583,
    -0.9867812771509812,
    -0.9868188654120842,
    -0.9868565247641011,
    -0.9868942545583657,
    -0.9869320541462113,
    -0.9869699228789718,
    -0.9870078601079807,
    -0.9870458651845717,
    -0.9870839374600785,
    -0.9871220762858346,
    -0.9871602810131737,
    -0.9871985509934292,
    -0.9872368855779353,
    -0.9872752841180255,
    -0.987313745965033,
    -0.9873522704702918,
    -0.9873908569851355,
    -0.9874295048608976,
    -0.987468213448912,
    -0.9875069821005121,
    -0.9875458101670317,
    -0.9875846969998042,
    -0.9876236419501633,
    -0.987662644369443,
    -0.9877017036089766,
    -0.9877408190200978,
    -0.9877799899541403,
    -0.9878192157624377,
    -0.9878584957963237,
    -0.9878978294071319,
    -0.9879372159461959,
    -0.9879766547648493,
    -0.9880161452144258,
    -0.988055686646259,
    -0.9880952784116827,
    -0.9881349198620304,
    -0.9881746103486359,
    -0.9882143492228326,
    -0.9882541358359542,
    -0.9882939695393345,
    -0.988333849684307,
    -0.9883737756222054,
    -0.9884137467043633,
    -0.9884537622821143,
    -0.988493821706792,
    -0.9885339243297303,
    -0.9885740695022627,
    -0.9886142565757228,
    -0.9886544849014443,
    -0.9886947538307607,
    -0.9887350627150058,
    -0.9887754109055132,
    -0.9888157977536165,
    -0.9888562226106494,
    -0.9888966848279455,
    -0.9889371837568381,
    -0.9889777187486616,
    -0.9890182891547491,
    -0.9890588943264345,
    -0.9890995336150511,
    -0.9891402063719329,
    -0.9891809119484134,
    -0.9892216496958262,
    -0.9892624189655049,
    -0.9893032191087833,
    -0.989344049476995,
    -0.9893849094214732,
    -0.9894257982935523,
    -0.9894667154445654,
    -0.9895076602258466,
    -0.989548631988729,
    -0.9895896300845466,
    -0.989630653864633,
    -0.9896717026803217,
    -0.9897127758829464,
    -0.9897538728238408,
    -0.9897949928543385,
    -0.9898361353257729,
    -0.9898772995894781,
    -0.9899184849967876,
    -0.9899596908990348,
    -0.9900009166475536,
    -0.9900421615936776,
    -0.9900834250887404,
    -0.9901247064840755,
    -0.9901660051310167,
    -0.9902073203808976,
    -0.9902486515850519,
    -0.990289998094813,
    -0.9903313592615148,
    -0.990372734436491,
    -0.9904141229710751,
    -0.9904555242166008,
    -0.9904969375244016,
    -0.9905383622458112,
    -0.9905797977321633,
    -0.9906212433347916,
    -0.9906626984050295,
    -0.990704162294211,
    -0.9907456343536691,
    -0.9907871139347383,
    -0.9908286003887516,
    -0.9908700930670431,
    -0.9909115913209461,
    -0.9909530945017943,
    -0.9909946019609214,
    -0.991036113049661,
    -0.9910776271193468,
    -0.9911191435213124,
    -0.9911606616068914,
    -0.9912021807274173,
    -0.9912437002342241,
    -0.9912852194786453,
    -0.9913267378120145,
    -0.9913682545856654,
    -0.9914097691509315,
    -0.9914512808591466,
    -0.9914927890616442,
    -0.991534293109758,
    -0.9915757923548217,
    -0.9916172861481689,
    -0.9916587738411332,
    -0.9917002547850481,
    -0.9917417283312476,
    -0.9917831938310652,
    -0.9918246506358344,
    -0.991866098096889,
    -0.9919075355655625,
    -0.9919489623931886,
    -0.9919903779311011,
    -0.9920317815306334,
    -0.9920731725431193,
    -0.9921145503198924,
    -0.992155914212286,
    -0.9921972635716343,
    -0.9922385977492707,
    -0.9922799160965289,
    -0.9923212179647425,
    -0.992362502705245,
    -0.9924037696693703,
    -0.9924450182084518,
    -0.9924862476738232,
    -0.9925274574168184,
    -0.9925686467887707,
    -0.9926098151410135,
    -0.9926509618248812,
    -0.992692086191707,
    -0.9927331875928247,
    -0.9927742653795677,
    -0.9928153189032698,
    -0.9928563475152646,
    -0.9928973505668858,
    -0.992938327409467,
    -0.9929792773943418,
    -0.9930201998728437,
    -0.9930610941963065,
    -0.9931019597160641,
    -0.9931427957834498,
    -0.9931836017497974,
    -0.9932243769664404,
    -0.9932651207847126,
    -0.9933058325559475,
    -0.9933465116314788,
    -0.9933871573626402,
    -0.9934277691007652,
    -0.9934683461971876,
    -0.9935088880032407,
    -0.9935493938702586,
    -0.9935898631495748,
    -0.9936302951925229,
    -0.9936706893504365,
    -0.9937110449746492,
    -0.9937513614164948,
    -0.9937916380273067,
    -0.9938318741584188,
    -0.9938720691611647,
    -0.9939122223868778,
    -0.9939523331868918,
    -0.9939924009125406,
    -0.9940324249151578,
    -0.9940724045460768,
    -0.9941123391566314,
    -0.9941522280981553,
    -0.994192070721982,
    -0.9942318663794453,
    -0.9942716144218786,
    -0.9943113142006157,
    -0.9943509650669902,
    -0.9943905663723356,
    -0.9944301174679858,
    -0.9944696177052744,
    -0.994509066435535,
    -0.9945484630101012,
    -0.9945878067803068,
    -0.9946270970974851,
    -0.99466633331297,
    -0.9947055147780951,
    -0.9947446408441941,
    -0.9947837108626004,
    -0.9948227241846478,
    -0.99486168016167,
    -0.9949005781450007,
    -0.9949394174859733,
    -0.9949781975359215,
    -0.9950169176461792,
    -0.9950555771680798,
    -0.995094175452957,
    -0.9951327118521444,
    -0.9951711857169756,
    -0.9952095963987844,
    -0.9952479432489041,
    -0.9952862256186689,
    -0.995324442859412,
    -0.9953625943224672,
    -0.9954006793591682,
    -0.9954386973208484,
    -0.9954766475588418,
    -0.9955145294244817,
    -0.9955523422691019,
    -0.995590085444036,
    -0.9956277583006177,
    -0.9956653601901806,
    -0.9957028904640581,
    -0.9957403484735843,
    -0.9957777335700927,
    -0.9958150451049168,
    -0.9958522824293903,
    -0.9958894448948468,
    -0.99592653185262,
    -0.9959635426540436,
    -0.9960004766504511,
    -0.9960373331931762,
    -0.9960741116335526,
    -0.9961108113229137,
    -0.9961474316125934,
    -0.9961839718539254,
    -0.9962204313982431,
    -0.9962568095968803,
    -0.9962931058011707,
    -0.9963293193624477,
    -0.9963654496320451,
    -0.9964014968978375,
    -0.9964374614476996,
    -0.9964733435695059,
    -0.996509143551131,
    -0.9965448616804498,
    -0.9965804982453368,
    -0.9966160535336666,
    -0.9966515278333139,
    -0.9966869214321532,
    -0.9967222346180593,
    -0.9967574676789067,
    -0.9967926209025701,
    -0.9968276945769242,
    -0.9968626889898436,
    -0.9968976044292026,
    -0.9969324411828764,
    -0.9969671995387394,
    -0.9970018797846661,
    -0.9970364822085314,
    -0.9970710070982096,
    -0.9971054547415756,
    -0.997139825426504,
    -0.9971741194408693,
    -0.9972083370725463,
    -0.9972424786094095,
    -0.9972765443393334,
    -0.997310534550193,
    -0.9973444495298628,
    -0.9973782895662174,
    -0.9974120549471315,
    -0.9974457459604795,
    -0.9974793628941364,
    -0.9975129060359765,
    -0.9975463756738746,
    -0.9975797720957054,
    -0.9976130955893433,
    -0.9976463464426629,
    -0.9976795249435393,
    -0.9977126313798468,
    -0.9977456660394601,
    -0.9977786292102538,
    -0.9978115211801026,
    -0.9978443422368811,
    -0.9978770926684639,
    -0.9979097727627257,
    -0.9979423828075411,
    -0.9979749230907847,
    -0.9980073939003309,
    -0.9980397955240549,
    -0.998072128249831,
    -0.9981043923655339,
    -0.9981365881590382,
    -0.9981687159182185,
    -0.9982007759309496,
    -0.9982327684851059,
    -0.9982646938685622,
    -0.9982965523691931,
    -0.9983283442748733,
    -0.9983600698734769,
    -0.9983917294528795,
    -0.9984233233009551,
    -0.9984548517055784,
    -0.9984863149546241,
    -0.998517713335967,
    -0.9985490471374814,
    -0.9985803166470422,
    -0.9986115221525238,
    -0.9986426639418011,
    -0.9986737423027486,
    -0.9987047575232407,
    -0.9987357098911526,
    -0.9987665996943585,
    -0.9987974272207332,
    -0.9988281927581513,
    -0.9988588965944873,
    -0.9988895390176161,
    -0.9989201203154122,
    -0.9989506407757501,
    -0.9989811006865047,
    -0.9990115003355505,
    -0.9990418400107619,
    -0.9990721200000139,
    -0.9991023405911811,
    -0.999132502072138,
    -0.9991626047307592,
    -0.9991926488549195,
    -0.9992226347324935,
    -0.9992525626513558,
    -0.9992824328993809,
    -0.9993122457644437,
    -0.9993420015344185,
    -0.9993717004971803,
    -0.9994013429406032,
    -0.9994309291525625,
    -0.9994604594209324,
    -0.9994899340335879,
    -0.9995193532784032,
    -0.9995487174432532,
    -0.9995780268160125,
    -0.9996072816845557,
    -0.9996364823367574,
    -0.9996656290604923,
    -0.9996947221436351,
    -0.99972376187406,
    -0.9997527485396422,
    -0.9997816824282563,
    -0.9998105638277766,
    -0.9998393930260778,
    -0.9998681703110348,
    -0.999896895970522,
    -0.9999255702924141,
    -0.9999541935645857,
    -0.9999827660749115,
    -1.0000112881112662,
    -1.000039759961524,
    -1.0000681819135602,
    -1.000096554255249,
    -1.000124877274465,
    -1.0001531512590833,
    -1.000181376496978,
    -1.000209553276024,
    -1.000237681884096,
    -1.0002657626090683,
    -1.0002937957388158,
    -1.0003217815612133,
    -1.0003497203641347,
    -1.0003776124354558,
    -1.0004054580630501,
    -1.0004332575347932,
    -1.000461011138559,
    -1.0004887191622225,
    -1.000516381893658,
    -1.0005439996207406,
    -1.0005715726313447,
    -1.0005991012133448,
    -1.000626585654616,
    -1.0006540262430321,
    -1.0006814232664685,
    -1.0007087770127998,
    -1.0007360877699003,
    -1.0007633558256446,
    -1.0007905814679077,
    -1.000817764984564,
    -1.000844906663488,
    -1.0008720067925547,
    -1.0008990656596384,
    -1.000926083552614,
    -1.0009530607593555,
    -1.0009799975677385,
    -1.0010068942656372,
    -1.0010337511409262,
    -1.00106056848148,
    -1.0010873465751735,
    -1.001114085709881,
    -1.0011407861734776,
    -1.0011674482538377,
    -1.0011940722388357,
    -1.0012206584163468,
    -1.0012472070742449,
    -1.001273718500405,
    -1.0013001929827021,
    -1.0013266308090103,
    -1.0013530322672046,
    -1.0013793976451595,
    -1.0014057272307495,
    -1.0014320213118493,
    -1.0014582801763334,
    -1.001484504112077,
    -1.0015106934069542,
    -1.0015368483488394,
    -1.001562969225608,
    -1.0015890563251342,
    -1.0016151099352928,
    -1.001641130343958,
    -1.001667117839005,
    -1.0016930727083084,
    -1.0017189952397423,
    -1.001744885721182,
    -1.0017707444405015,
    -1.0017965716855757,
    -1.0018223677442792,
    -1.0018481329044868,
    -1.0018738674540733,
    -1.0018995716809127,
    -1.0019252458728802,
    -1.0019508903178505,
    -1.0019765053036978,
    -1.0020020911182967,
    -1.0020276480495223,
    -1.002053176385249,
    -1.0020786764133511,
    -1.0021041484217037,
    -1.0021295926981812,
    -1.0021550095306586,
    -1.0021803992070102,
    -1.0022057620151108,
    -1.0022310982428346,
    -1.002256408178057,
    -1.002281692108652,
    -1.0023069503224944,
    -1.002332183107459,
    -1.00235739075142,
    -1.0023825735422527,
    -1.002407731767831,
    -1.0024328657160302,
    -1.0024579756747247,
    -1.002483061931789,
    -1.0025081247750978,
    -1.002533164492526,
    -1.0025581813719477,
    -1.002583175701238,
    -1.0026081477682711,
    -1.0026330978609221,
    -1.0026580262670655,
    -1.0026829332745757,
    -1.0027078191713277,
    -1.0027326842451958,
    -1.0027575287840549,
    -1.0027823530757793,
    -1.002807157408244,
    -1.0028319420693235,
    -1.0028567073468924,
    -1.0028814535288255,
    -1.002906180902997,
    -1.0029308897572822,
    -1.002955580379555,
    -1.0029802530576903,
    -1.003004908079563,
    -1.0030295457330478,
    -1.0030541663060188,
    -1.0030787700863513,
    -1.0031033573619192,
    -1.0031279284205976,
    -1.0031524835502612,
    -1.0031770230387844,
    -1.0032015471740419,
    -1.0032260562439081,
    -1.0032505505362581,
    -1.0032750303389664,
    -1.0032994959399075,
    -1.0033239476269562,
    -1.003348385687987,
    -1.0033728104108743,
    -1.0033972220834932,
    -1.0034216209937181,
    -1.0034460074294238,
    -1.0034703816784847,
    -1.0034947440287754,
    -1.0035190947681707,
    -1.0035434341845453,
    -1.0035677625657737,
    -1.003592080199731,
    -1.003616387374291,
    -1.0036406843773287,
    -1.003664971496719,
    -1.0036892490203362,
    -1.003713517236055,
    -1.00373777643175,
    -1.003762026895296,
    -1.0037862689145678,
    -1.0038105027774396,
    -1.0038347287717861,
    -1.0038589471854824,
    -1.0038831583064027,
    -1.0039073624224217,
    -1.003931559821414,
    -1.0039557507912544,
    -1.0039799356198176,
    -1.0040041145949778,
    -1.0040282880046099,
    -1.0040524561365887,
    -1.0040766192787887,
    -1.0041007777190845,
    -1.0041249317453507,
    -1.0041490816454621,
    -1.004173227707293,
    -1.0041973702187186,
    -1.004221509467613,
    -1.0042456457418512,
    -1.0042697793293074,
    -1.0042939105178565,
    -1.0043180395953732,
    -1.0043421668497323,
    -1.004366292568808,
    -1.0043904170404752,
    -1.0044145405526086,
    -1.0044386633930826,
    -1.0044627858497719,
    -1.0044869082105514,
    -1.0045110307632954,
    -1.0045351537958787,
    -1.0045592775961756,
    -1.0045834024520612,
    -1.00460752865141,
    -1.0046316564820967,
    -1.0046557862319958,
    -1.0046799181889818,
    -1.0047040526409297,
    -1.0047281898757139,
    -1.0047523301812091,
    -1.0047764738452898,
    -1.004800621155831,
    -1.004824772400707,
    -1.0048489278677921,
    -1.0048730878449617,
    -1.00489725262009,
    -1.0049214224810519,
    -1.0049455977157218,
    -1.0049697786119742,
    -1.004993965457684,
    -1.005018158540726,
    -1.0050423581489745,
    -1.005066564570304,
    -1.0050907780925897,
    -1.0051149990037056,
    -1.0051392275915267,
    -1.0051634641439278,
    -1.005187708948783,
    -1.0052119622939677,
    -1.0052362244673558,
    -1.0052604957568223,
    -1.0052847764502417,
    -1.0053090668354887,
    -1.0053333672004379,
    -1.005357677832964,
    -1.0053819990209414,
    -1.005406331052245,
    -1.0054306742147494,
    -1.0054550287963293,
    -1.0054793950848593,
    -1.005503773368214,
    -1.005528163934268,
    -1.0055525670708956,
    -1.005576983065972,
    -1.0056014122073718,
    -1.0056258547829693,
    -1.005650311080639,
    -1.005674781388256,
    -1.005699265993695,
    -1.00572376518483,
    -1.0057482792495365,
    -1.0057728084756883,
    -1.0057973531511606,
    -1.0058219135638278,
    -1.0058464900015645,
    -1.0058710827522455,
    -1.0058956921037452,
    -1.0059203183439382,
    -1.0059449617606995,
    -1.0059696226419037,
    -1.005994301275425,
    -1.0060189979491385,
    -1.0060437129509188,
    -1.0060684465686403,
    -1.0060931990901776,
    -1.0061179708034054,
    -1.0061427619961985,
    -1.0061675729564314,
    -1.0061924039719785,
    -1.0062172553307152,
    -1.0062421273205153,
    -1.0062670202292539,
    -1.0062919343448053,
    -1.0063168699550447,
    -1.0063418273478462,
    -1.0063668068110847,
    -1.0063918086326344,
    -1.0064168331003707,
    -1.0064418805021675,
    -1.0064669511259,
    -1.0064920452594424,
    -1.0065171631906695,
    -1.006542305207456,
    -1.0065674715976767,
    -1.0065926626492059,
    -1.0066178786499183,
    -1.0066431198876886,
    -1.0066683866503916,
    -1.0066936792259016,
    -1.0067189979020934,
    -1.0067443429668417,
    -1.006769714708021,
    -1.006795113413506,
    -1.0068205393711716,
    -1.006845992868892,
    -1.006871474194542,
    -1.0068969836359962,
    -1.0069225214811295,
    -1.006948088017816,
    -1.006973683533931,
    -1.0069993083173485,
    -1.0070249626559435,
    -1.0070506468375906,
    -1.0070763611501645,
    -1.0071021058815397,
    -1.0071278813195907,
    -1.0071536877521925,
    -1.0071795254672196,
    -1.0072053947525463,
    -1.0072312958960479,
    -1.0072572291855983,
    -1.0072831949090726,
    -1.0073091933543454,
    -1.007335224809291,
    -1.0073612895617845,
    -1.0073873878997002,
    -1.007413520110913,
    -1.0074396864832973,
    -1.007465887304728,
    -1.0074921228630793,
    -1.0075183934462264,
    -1.0075446993420434,
    -1.0075710408384053,
    -1.0075974182231866,
    -1.0076238317842616,
    -1.0076502818095057,
    -1.007676768586793,
    -1.0077032924039981,
    -1.007729853548996,
    -1.007756452309661,
    -1.007783088973868,
    -1.0078097638294914,
    -1.0078364771644057,
    -1.0078632292664862,
    -1.0078900204236068,
    -1.0079168509236422,
    -1.0079437210544675,
    -1.0079706311039573,
    -1.007997581359986,
    -1.008024572110428,
    -1.0080516036431584,
    -1.0080786762460516,
    -1.0081057902069823,
    -1.0081329458138253,
    -1.0081601433544547,
    -1.0081873831167458,
    -1.0082146653885724,
    -1.0082419904578102,
    -1.008269358612333,
    -1.0082967701400158,
    -1.0083242253287332,
    -1.0083517244663598,
    -1.0083792678407704,
    -1.0084068557398391,
    -1.0084344884514411,
    -1.008462166263451,
    -1.008489889463743,
    -1.008517658340192,
    -1.0085454731806727,
    -1.0085733342730598,
    -1.0086012419052277,
    -1.0086291963650513,
    -1.0086571979404049,
    -1.0086852469191634,
    -1.0087133435892015,
    -1.0087414882383936,
    -1.0087696811546143,
    -1.0087979226257384,
    -1.0088262129396404,
    -1.0088545523841952,
    -1.0088829412472773,
    -1.008911379816761,
    -1.0089398683805217,
    -1.0089684072264333,
    -1.0089969966423709,
    -1.0090256369162087,
    -1.0090543283358218,
    -1.0090830711890844,
    -1.0091118657638716,
    -1.0091407123480574,
    -1.009169611229517,
    -1.0091985626961248,
    -1.0092275670357558,
    -1.0092566245362842,
    -1.0092857354855846,
    -1.009314900171532,
    -1.0093441188820007,
    -1.0093733919048655,
    -1.009402719528001,
    -1.0094321020392818,
    -1.0094615397265825,
    -1.009491032877778,
    -1.0095205817807427,
    -1.0095501867233512,
    -1.0095798479934783,
    -1.0096095658789985,
    -1.0096393406677866,
    -1.009669172647717,
    -1.0096990621066646,
    -1.0097290093325038,
    -1.0097590146131092,
    -1.0097890782363554,
    -1.0098192004901176,
    -1.00984938166227,
    -1.0098796220406872,
    -1.009909921913244,
    -1.0099402815678147,
    -1.0099707012922743,
    -1.0100011813744973,
    -1.0100317221023585,
    -1.0100623232768209,
    -1.010092984698848,
    -1.010123706169403,
    -1.0101544874894495,
    -1.010185328459951,
    -1.0102162288818701,
    -1.0102471885561708,
    -1.010278207283816,
    -1.0103092848657693,
    -1.010340421102994,
    -1.0103716157964533,
    -1.0104028687471107,
    -1.0104341797559293,
    -1.0104655486238725,
    -1.0104969751519037,
    -1.0105284591409862,
    -1.0105600003920836,
    -1.0105915987061587,
    -1.0106232538841753,
    -1.0106549657270965,
    -1.0106867340358856,
    -1.010718558611506,
    -1.0107504392549211,
    -1.0107823757670942,
    -1.0108143679489883,
    -1.010846415601567,
    -1.0108785185257938,
    -1.010910676522632,
    -1.0109428893930446,
    -1.0109751569379952,
    -1.0110074789584471,
    -1.0110398552553637,
    -1.0110722856297079,
    -1.0111047698824436,
    -1.0111373078145338,
    -1.0111698992269418,
    -1.011202543920631,
    -1.0112352416965649,
    -1.0112679923557066,
    -1.0113007956990197,
    -1.0113336515274671,
    -1.0113665596420125,
    -1.0113995198436192,
    -1.0114325319332504,
    -1.0114655957118694,
    -1.0114987109804396,
    -1.0115318775399245,
    -1.011565095191287,
    -1.0115983637354906,
    -1.011631682973499,
    -1.0116650527062752,
    -1.0116984727347824,
    -1.0117319428599842,
    -1.0117654628828439,
    -1.0117990326043247,
    -1.01183265182539,
    -1.011866320347003,
    -1.0119000379701275,
    -1.011933804495726,
    -1.0119676197247625,
    -1.0120014834582003,
    -1.0120353954970023,
    -1.0120693556421323,
    -1.0121033636945533,
    -1.012137419455229,
    -1.0121715227251222,
    -1.0122056733051967,
    -1.0122398709964155,
    -1.0122741155997421,
    -1.0123084069161397,
    -1.0123427447465718,
    -1.0123771288920018,
    -1.0124115591533929,
    -1.0124460353317084,
    -1.0124805572279114,
    -1.0125151246429658,
    -1.0125497373778345,
    -1.0125843952334808,
    -1.0126190980108682,
    -1.0126538455109602,
    -1.0126886375347195,
    -1.0127234738831101,
    -1.012758354357095,
    -1.012793278757638,
    -1.0128282468857017,
    -1.0128632585422497,
    -1.0128983135282457,
    -1.0129334116446524,
    -1.0129685526924337,
    -1.0130037364725526,
    -1.0130389627859726,
    -1.0130742314336565,
    -1.0131095422165686,
    -1.0131448949356714,
    -1.0131802893919288,
    -1.0132157253863037,
    -1.0132512027197595,
    -1.01328672119326,
    -1.0133222806077677,
    -1.0133578807642467,
    -1.0133935214636598,
    -1.0134292025069707,
    -1.0134649236951423,
    -1.0135006848291384,
    -1.013536485709922,
    -1.0135723261384568,
    -1.0136082059157059,
    -1.0136441248426324,
    -1.0136800827202,
    -1.0137160793493718,
    -1.0137521145311112,
    -1.0137881880663815,
    -1.0138242997561462,
    -1.013860449401368,
    -1.0138966368030111,
    -1.0139328617620385,
    -1.0139691240794135,
    -1.0140054235560994,
    -1.0140417599930593,
    -1.0140781331912572,
    -1.0141145429516556,
    -1.0141509890752185,
    -1.0141874713629087,
    -1.01422398961569,
    -1.0142605436345253,
    -1.014297133220378,
    -1.014333758174212,
    -1.0143704182969902,
    -1.0144071133896757,
    -1.0144438432532321,
    -1.0144806076886228,
    -1.0145174064968108,
    -1.01455423947876,
    -1.014591106435433,
    -1.0146280071677938,
    -1.0146649414768052,
    -1.0147019091634306,
    -1.014738910028634,
    -1.0147759438733779,
    -1.014813010498626,
    -1.0148501097053417,
    -1.014887241294488,
    -1.0149244050670287,
    -1.0149616008239268,
    -1.0149988283661457,
    -1.0150360874946487,
    -1.015073378010399,
    -1.0151106997143602,
    -1.0151480524074956,
    -1.0151854358907684,
    -1.015222849965142,
    -1.0152602944315796,
    -1.0152977690910447,
    -1.0153352737445007,
    -1.0153728081929105,
    -1.015410372237238,
    -1.015447965678446,
    -1.0154855883174985,
    -1.0155232399553578,
    -1.0155609203929883,
    -1.0155986294313526,
    -1.0156363668714146,
    -1.0156741325141372,
    -1.015711926160484,
    -1.015749747611418,
    -1.0157875966679026,
    -1.0158254731309013,
    -1.0158633768013776,
    -1.0159013074802945,
    -1.0159392649686152,
    -1.0159772490673034,
    -1.0160152595773224,
    -1.0160532962996354,
    -1.0160913590352056,
    -1.0161294475849967,
    -1.0161675617499717,
    -1.0162057013310941,
    -1.0162438661293272,
    -1.0162820559456343,
    -1.0163202705809786,
    -1.0163585098363235,
    -1.0163967735126325,
    -1.0164350614108688,
    -1.0164733733319957,
    -1.0165117090769766,
    -1.016550068446775,
    -1.0165884512423538,
    -1.0166268572646766,
    -1.0166652863147068,
    -1.0167037381934074,
    -1.0167422127017423,
    -1.016780709640674,
    -1.0168192288111666,
    -1.016857770014183,
    -1.0168963330506868,
    -1.0169349177216414,
    -1.0169735238280095,
    -1.017012151170755,
    -1.0170507995508413,
    -1.0170894687692313,
    -1.0171281586268888,
    -1.0171668689247766,
    -1.0172055994638582,
    -1.0172443500450972,
    -1.0172831204694568,
    -1.0173219105379,
    -1.017360720051391,
    -1.0173995488108922,
    -1.0174383966173672,
    -1.0174772632717797,
    -1.0175161485750925,
    -1.0175550523282693,
    -1.017593974332273,
    -1.0176329143880674,
    -1.0176718722966156,
    -1.017710847858881,
    -1.0177498408758272,
    -1.017788851148417,
    -1.017827878477614,
    -1.0178669226643815,
    -1.0179059835096829,
    -1.0179450608144813,
    -1.0179841543797403,
    -1.018023264006423,
    -1.0180623894954928,
    -1.0181015306479133,
    -1.0181406872646475,
    -1.0181798591466589,
    -1.0182190460949108,
    -1.0182582479103663,
    -1.018297464393989,
    -1.0183366953467423,
    -1.0183759405695894,
    -1.0184151998634934,
    -1.018454473029418,
    -1.0184937598683264,
    -1.0185330601811815,
    -1.0185723737689474,
    -1.018611700432587,
    -1.0186510399730635,
    -1.0186903921913406,
    -1.0187297568883815,
    -1.0187691338651494,
    -1.0188085229226078,
    -1.0188479238617199,
    -1.018887336483449,
    -1.0189267605887584,
    -1.0189661959786116,
    -1.0190056424539717,
    -1.0190450998158025,
    -1.0190845678650668,
    -1.0191240464027282,
    -1.0191635352297501,
    -1.0192030341470957,
    -1.0192425429557281,
    -1.019282061456611,
    -1.0193215894507075,
    -1.019361126738981,
    -1.0194006731223948,
    -1.0194402284019124,
    -1.019479792378497,
    -1.019519364853112,
    -1.0195589456267204,
    -1.019598534500286,
    -1.019638131274772,
    -1.0196777357511415,
    -1.019717347730358,
    -1.019756967013385,
    -1.0197965934011854,
    -1.0198362266947227,
    -1.0198758666949606,
    -1.019915513202862,
    -1.0199551660193902,
    -1.0199948249455089,
    -1.020034489782181,
    -1.0200741603303702,
    -1.0201138363910396,
    -1.0201535177651526,
    -1.0201932042536725,
    -1.0202328956575628,
    -1.0202725917777864,
    -1.0203122924153072,
    -1.0203519973710882,
    -1.0203917064460928,
    -1.0204314194412842,
    -1.020471136157626,
    -1.0205108563960814,
    -1.0205505799576136,
    -1.0205903066431858,
    -1.020630036253762,
    -1.0206697685903048,
    -1.0207095034537776,
    -1.0207492406451442,
    -1.0207889799653675,
    -1.0208287212154112,
    -1.0208684641962384,
    -1.0209082087088126,
    -1.020947954554097,
    -1.0209877015330546,
    -1.0210274494466491,
    -1.0210671980958441,
    -1.0211069472816023,
    -1.0211466968048872,
    -1.0211864464666625,
    -1.0212261960678914,
    -1.021265945409537,
    -1.0213056942925627,
    -1.021345442517932,
    -1.021385189886608,
    -1.0214249361995542,
    -1.021464681257734,
    -1.0215044248621103,
    -1.0215441668136471,
    -1.0215839069133068,
    -1.0216236449620537,
    -1.0216633807608506,
    -1.0217031141106612,
    -1.0217428448124484,
    -1.0217825726671756,
    -1.0218222974758064,
    -1.021862019039304,
    -1.0219017371586314,
    -1.0219414516347525,
    -1.0219811622686303,
    -1.0220208688612278,
    -1.0220605712135091,
    -1.0221002691264371,
    -1.0221399624009753,
    -1.0221796508380867,
    -1.022219334238735,
    -1.022259012403883,
    -1.0222986851344946,
    -1.022338352231533,
    -1.0223780134959615,
    -1.0224176687287432,
    -1.0224573177308418,
    -1.02249696030322,
    -1.0225365962468418,
    -1.0225762253626705,
    -1.022615847451669,
    -1.022655462314801,
    -1.0226950697530295,
    -1.022734669567318,
    -1.0227742615586302,
    -1.0228138455279288,
    -1.0228534212761773,
    -1.0228929886043394,
    -1.0229325473133777,
    -1.0229720972042564,
    -1.0230116380779382,
    -1.0230511697353868,
    -1.0230906919775653,
    -1.0231302046054371,
    -1.0231697074199655,
    -1.023209200222114,
    -1.0232486828128458,
    -1.023288154993124,
    -1.0233276165639122,
    -1.0233670673261737,
    -1.0234065070808718,
    -1.02344593562897,
    -1.0234853527714314,
    -1.0235247583092193,
    -1.0235641520432972,
    -1.0236035337746283,
    -1.023642903304176,
    -1.0236822604329037,
    -1.0237216049617746,
    -1.023760936691752,
    -1.023800255423799,
    -1.0238395609588797,
    -1.0238788530979568,
    -1.0239181316419939,
    -1.0239573963919542,
    -1.023996647148801,
    -1.0240358837134977,
    -1.0240751058870075,
    -1.024114313470294,
    -1.0241535062643203,
    -1.0241926840700497,
    -1.0242318466884455,
    -1.0242709939204713,
    -1.0243101255670903,
    -1.0243492414292659,
    -1.0243883413079613,
    -1.0244274250041399,
    -1.024466492318765,
    -1.0245055430527998,
    -1.024544577007208,
    -1.0245835939829524,
    -1.024622593780997,
    -1.0246615762023041,
    -1.024700541047838,
    -1.0247394881185619,
    -1.0247784172154388,
    -1.0248173281394322,
    -1.0248562206915055,
    -1.0248950946726216,
    -1.0249339498837444,
    -1.024972786125837,
    -1.0250116031998626,
    -1.0250504009067847,
    -1.0250891790475665,
    -1.0251279374231712,
    -1.0251666758345628,
    -1.0252053940827037,
    -1.0252440919685581,
    -1.0252827692930886,
    -1.0253214258572592,
    -1.0253600614620326,
    -1.0253986759083724,
    -1.025437268997242,
    -1.0254758405296047,
    -1.0255143903064234,
    -1.0255529181286622,
    -1.025591423797284,
    -1.0256299071132524,
    -1.0256683678775302,
    -1.0257068058910812,
    -1.0257452209548685,
    -1.0257836128698556,
    -1.0258219814370055,
    -1.025860326457282,
    -1.025898647731648,
    -1.025936945061067,
    -1.0259752182465025,
    -1.0260134670889176,
    -1.0260516913892757,
    -1.02608989094854,
    -1.0261280655676743,
    -1.0261662150476414,
    -1.0262043391894047,
    -1.0262424377939279,
    -1.026280510662174,
    -1.0263185575951062,
    -1.0263565783936883,
    -1.026394572858883,
    -1.0264325407916544,
    -1.026470481992965,
    -1.026508396263779,
    -1.0265462834050592,
    -1.026584143217769,
    -1.0266219755028716,
    -1.0266597800613306,
    -1.026697556694109,
    -1.0267353052021706,
    -1.0267730253864784,
    -1.0268107170479954,
    -1.0268483799876857,
    -1.0268860140065121,
    -1.0269236189054383,
    -1.0269611944854273,
    -1.0269987405474426,
    -1.0270362568924474,
    -1.027073743321405,
    -1.0271111996352789,
    -1.0271486256350324,
    -1.0271860211216288,
    -1.0272233858960311,
    -1.0272607197592032,
    -1.0272980225121082,
    -1.0273352939557092,
    -1.02737253389097,
    -1.0274097421188535,
    -1.0274469184403232,
    -1.0274840626563426,
    -1.0275211745678747,
    -1.027558253975883,
    -1.0275953006813308,
    -1.027632314485181,
    -1.027669295188398,
    -1.0277062425919443,
    -1.0277431564967834,
    -1.0277800367038787,
    -1.0278168830141934,
    -1.027853695228691,
    -1.0278904731483347,
    -1.0279272165740878,
    -1.0279639253069137,
    -1.0280005991477759,
    -1.0280372378976372,
    -1.0280738413574615,
    -1.028110409328212,
    -1.028146941610852,
    -1.0281834380063446,
    -1.0282198983156534,
    -1.0282563223397416,
    -1.0282927098795724,
    -1.0283290607361095,
    -1.028365374710316,
    -1.0284016516031553,
    -1.0284378912155905,
    -1.0284740933485852,
    -1.0285102578031027,
    -1.0285463843801061,
    -1.028582472880559,
    -1.0286185231054248,
    -1.0286545348556664,
    -1.0286905079322475,
    -1.0287264421361313,
    -1.0287623375047017,
    -1.028798194075342,
    -1.0288340118854358,
    -1.0288697909723674,
    -1.02890553137352,
    -1.0289412331262777,
    -1.0289768962680237,
    -1.029012520836142,
    -1.0290481068680164,
    -1.0290836544010302,
    -1.0291191634725672,
    -1.0291546341200113,
    -1.029190066380746,
    -1.029225460292155,
    -1.029260815891622,
    -1.029296133216531,
    -1.0293314123042652,
    -1.0293666531922085,
    -1.0294018559177447,
    -1.0294370205182575,
    -1.0294721470311303,
    -1.029507235493747,
    -1.029542285943491,
    -1.0295772984177467,
    -1.0296122729538968,
    -1.0296472095893257,
    -1.029682108361417,
    -1.0297169693075543,
    -1.0297517924651212,
    -1.0297865778715016,
    -1.029821325564079,
    -1.029856035580237,
    -1.0298907079573596,
    -1.02992534273283,
    -1.0299599399440327,
    -1.0299944996283503,
    -1.0300290218231676,
    -1.0300635065658674,
    -1.030097953893834,
    -1.0301323638444508,
    -1.0301667364551015,
    -1.0302010717631698,
    -1.0302353698060396,
    -1.0302696306210941,
    -1.0303038542457175,
    -1.0303380407172933,
    -1.030372190073205,
    -1.0304063023508363,
    -1.0304403775875712,
    -1.0304744158207935,
    -1.0305084170878864,
    -1.0305423814262338,
    -1.0305763088732194,
    -1.030610199466227,
    -1.03064405324264,
    -1.0306778702398423,
    -1.0307116504952176,
    -1.0307453940461495,
    -1.0307791009300213,
    -1.0308127711842177,
    -1.0308464048461217,
    -1.030880001953117,
    -1.0309135625425874,
    -1.0309470866519164,
    -1.030980574318488,
    -1.0310140255796858,
    -1.0310474404728933,
    -1.0310808190354945,
    -1.0311141613048729,
    -1.0311474673184118,
    -1.0311807371134956,
    -1.0312139707275076,
    -1.0312471681978317,
    -1.0312803295618513,
    -1.0313134548569503,
    -1.0313465441205123,
    -1.031379597389921,
    -1.0314126147025602,
    -1.0314455960958133,
    -1.0314785416070642,
    -1.0315114512736965,
    -1.031544325133094,
    -1.0315771632226405,
    -1.0316099655797195,
    -1.0316427322417148,
    -1.0316754632460097,
    -1.0317081586299885,
    -1.0317408184310344,
    -1.0317734426865313,
    -1.0318060314338628,
    -1.0318385847104128,
    -1.0318711025535647,
    -1.0319035850007023,
    -1.0319360320892095,
    -1.0319684438564696,
    -1.0320008203398667,
    -1.0320331615767842,
    -1.0320654676046057,
    -1.0320977384607153,
    -1.0321299741824963,
    -1.0321621748073326,
    -1.0321943403726077,
    -1.0322264709157052,
    -1.0322585664740094,
    -1.0322906270849035,
    -1.0323226527857712,
    -1.0323546436139963,
    -1.0323865996069623,
    -1.0324185208020533,
    -1.0324504072366525,
    -1.032482258948144,
    -1.032514075973911,
    -1.0325458583513378,
    -1.0325776061178076,
    -1.0326093193107042,
    -1.0326409979674116,
    -1.0326726421253132,
    -1.0327042518217926,
    -1.0327358270942337,
    -1.03276736798002,
    -1.0327988745165353,
    -1.0328303467411635,
    -1.032861784691288,
    -1.0328931884042925,
    -1.0329245579175603,
    -1.0329558932684761,
    -1.032987194494423,
    -1.0330184616327844,
    -1.0330496947209447,
    -1.033080893796287,
    -1.033112058896195,
    -1.0331431900580528,
    -1.0331742873192438,
    -1.0332053507171517,
    -1.0332363802891604,
    -1.033267376072653,
    -1.0332983381050138,
    -1.0333292664236264,
    -1.0333601610658745,
    -1.0333910220691416,
    -1.0334218494708114,
    -1.0334526433082676,
    -1.033483403618894,
    -1.0335141304400741,
    -1.0335448238091918,
    -1.0335754837636308,
    -1.0336061103407743,
    -1.0336367035780067,
    -1.0336672635127115,
    -1.0336977901822721,
    -1.0337282836240722,
    -1.0337587438754958,
    -1.0337891709739264,
    -1.0338195649567479,
    -1.0338499258613436,
    -1.0338802537250973,
    -1.0339105485853928,
    -1.033940810479614,
    -1.0339710394451438,
    -1.0340012355193668,
    -1.0340313987396663,
    -1.034061529143426,
    -1.0340916267680298,
    -1.034121691650861,
    -1.0341517238293034,
    -1.0341817233407409,
    -1.034211690222557,
    -1.0342416245121355,
    -1.03427152624686,
    -1.034301395464114,
    -1.0343312322012816,
    -1.0343610364957465,
    -1.034390808384892,
    -1.034420547906102,
    -1.03445025509676,
    -1.0344799299942502,
    -1.0345095726359557,
    -1.0345391830592603,
    -1.0345687613015482,
    -1.0345983074002023,
    -1.0346278213926068,
    -1.0346573033161452,
    -1.0346867532082014,
    -1.034716171106159,
    -1.0347455570474016,
    -1.034774911069313,
    -1.0348042332092766,
    -1.0348335235046766,
    -1.0348627819928962,
    -1.0348920087113194,
    -1.0349212036973297,
    -1.0349503669883107,
    -1.0349794986216463,
    -1.0350085986347204,
    -1.0350376670649162,
    -1.0350667039496178,
    -1.0350957093262085,
    -1.0351246832320724,
    -1.0351536257045928,
    -1.0351825367811536,
    -1.0352114164991386,
    -1.0352402648959311,
    -1.035269082008915,
    -1.0352978678754743,
    -1.0353266225329922,
    -1.0353553460188527,
    -1.0353840383704394,
    -1.035412699625136,
    -1.035441329820326,
    -1.0354699289933935,
    -1.0354984971817218,
    -1.0355270344226946,
    -1.0355555407536958,
    -1.0355840162121088,
    -1.0356124608353179,
    -1.0356408746607062,
    -1.0356692577256577,
    -1.0356976100675557,
    -1.0357259317237844,
    -1.035754222731727,
    -1.0357824831287676,
    -1.0358107129522895,
    -1.035838912239677,
    -1.035867081028313,
    -1.0358952193555815,
    -1.0359233272588664,
    -1.0359514047755514,
    -1.0359794519430199,
    -1.0360074687986558,
    -1.0360354553798425,
    -1.0360634117239642,
    -1.0360913378684042,
    -1.0361192338505463,
    -1.0361470997077742,
    -1.0361749354774714,
    -1.0362027411970216,
    -1.0362305169038089,
    -1.0362582626352166,
    -1.0362859784286287,
    -1.0363136643214286,
    -1.0363413203510001,
    -1.0363689465547268,
    -1.0363965429699926,
    -1.0364241096341809,
    -1.0364516465846756,
    -1.0364791538588602,
    -1.0365066314941185,
    -1.0365340795278344,
    -1.0365614979973914,
    -1.0365888869401731,
    -1.0366162463935633,
    -1.0366435763949455,
    -1.0366708769817037,
    -1.0366981481912214,
    -1.0367253900608824,
    -1.0367526026280702,
    -1.0367797859301688,
    -1.0368069400045612,
    -1.036834064888632,
    -1.0368611606197644,
    -1.0368882272353421,
    -1.0369152647727489,
    -1.0369422732693683,
    -1.0369692527625842,
    -1.0369962032897804,
    -1.0370231248883401,
    -1.0370500175956474,
    -1.0370768814490858,
    -1.037103716486039,
    -1.0371305227438907,
    -1.037157300260025,
    -1.037184049071825,
    -1.0372107692166745,
    -1.0372374607319574,
    -1.0372641236550573,
    -1.037290758023358,
    -1.0373173638742428,
    -1.0373439412450958,
    -1.0373704901733005,
    -1.0373970106962407,
    -1.0374235028512997,
    -1.0374499666758619,
    -1.0374764022073104,
    -1.0375028094830292,
    -1.0375291885404019,
    -1.037555539416812,
    -1.0375818621496433,
    -1.0376081567762798,
    -1.0376344233341048,
    -1.037660661860502,
    -1.0376868723928554,
    -1.037713054968548,
    -1.0377392096249645,
    -1.0377653363994879,
    -1.0377914353295021,
    -1.0378175064523907,
    -1.0378435498055374,
    -1.037869565426326,
    -1.03789555335214,
    -1.0379215136203632,
    -1.0379474462683793,
    -1.037973351333572,
    -1.0379992288533249,
    -1.0380250788650218,
    -1.0380509014060462,
    -1.0380766965137822,
    -1.038102464225613,
    -1.0381282045789226,
    -1.0381539176110945,
    -1.0381796033595125,
    -1.0382052618615603,
    -1.0382308931546216,
    -1.03825649727608,
    -1.038282074263319,
    -1.0383076241537228,
    -1.0383331469846746,
    -1.0383586427935585,
    -1.038384111617758,
    -1.0384095534946567,
    -1.0384349684616383,
    -1.0384603565560866,
    -1.0384857178153852,
    -1.0385110522769179,
    -1.0385363599780681,
    -1.0385616409562197,
    -1.0385868952487565,
    -1.0386121228930623,
    -1.0386373239265203,
    -1.0386624983865145,
    -1.0386876463104286,
    -1.0387127677356462,
    -1.038737862699551,
    -1.0387629312395268,
    -1.038787973392957,
    -1.0388129891972258,
    -1.0388379786897162,
    -1.0388629419078124,
    -1.0388878788888978,
    -1.0389127896703565,
    -1.0389376742895717,
    -1.0389625327839276,
    -1.0389873651908075,
    -1.039012171547595,
    -1.0390369518916742,
    -1.0390617062604286,
    -1.0390864346912416,
    -1.0391111372214972,
    -1.039135813888579,
    -1.039160464729871,
    -1.0391850897827561,
    -1.039209689084619,
    -1.0392342626728426,
    -1.039258810584811,
    -1.0392833328579079,
    -1.0393078295295166,
    -1.039332300637021,
    -1.039356746217805,
    -1.0393811663092518,
    -1.0394055609487458
]