[
    0.5223440754626505,
    0.5225994081499593,
    0.5228508944961499,
    0.5230985461385851,
    0.5233423747146276,
    0.5235823918616405,
    0.5238186092169866,
    0.5240510384180287,
    0.5242796911021297,
    0.5245045789066521,
    0.5247257134689594,
    0.524943106426414,
    0.5251567694163787,
    0.5253667140762166,
    0.5255729520432905,
    0.5257754949549631,
    0.5259743544485974,
    0.5261695421615562,
    0.5263610697312024,
    0.5265489487948987,
    0.5267331909900081,
    0.5269138079538934,
    0.5270908113239174,
    0.5272642127374431,
    0.5274340238318331,
    0.5276002562444505,
    0.527762921612658,
    0.5279220315738186,
    0.528077597765295,
    0.5282296318244499,
    0.5283781453886466,
    0.5285231500952475,
    0.5286646575816158,
    0.5288026794851141,
    0.5289372274431055,
    0.5290683130929525,
    0.5291959480720182,
    0.5293201440176655,
    0.529440912567257,
    0.5295582653581558,
    0.5296722140277246,
    0.5297827702133262,
    0.5298899455523237,
    0.5299937516820796,
    0.5300942002399571,
    0.530191302863319,
    0.5302850711895278,
    0.5303755168559467,
    0.5304626514999385,
    0.5305464867588658,
    0.5306270342700918,
    0.5307043056709793,
    0.530778312598891,
    0.5308490666911896,
    0.5309165795852382,
    0.5309808629183996,
    0.5310419283280366,
    0.5310997874515123,
    0.5311544519261892,
    0.5312059333894303,
    0.5312542434785984,
    0.5312993938310564,
    0.5313413960841672,
    0.5313802618752936,
    0.5314160028417984,
    0.5314486306210445,
    0.5314781568503947,
    0.5315045931672119,
    0.531527951208859,
    0.5315482426126987,
    0.531565479016094,
    0.5315796720564077,
    0.5315908333710025,
    0.5315989745972416,
    0.5316041073724875,
    0.5316062433341032,
    0.5316053941194516,
    0.5316015713658955,
    0.5315947867107976,
    0.531585051791521,
    0.5315723782454285,
    0.5315567777098827,
    0.5315382618222468,
    0.5315168422198834,
    0.5314925305401554,
    0.5314653384204259,
    0.5314352774980573,
    0.5314023594104127,
    0.531366595794855,
    0.5313279982887471,
    0.5312865785294516,
    0.5312423481543316,
    0.5311953188007497,
    0.5311455021060689,
    0.531092909707652,
    0.531037553242862,
    0.5309794443490616,
    0.5309185946636137,
    0.5308550158238811,
    0.5307887194672267,
    0.5307197172310133,
    0.5306480207526038,
    0.5305736416693609,
    0.5304965916186478,
    0.5304168822378271,
    0.5303345251642616,
    0.5302495320353142,
    0.5301619144883479,
    0.5300716841607255,
    0.5299788526898096,
    0.5298834317129633,
    0.5297854328675493,
    0.5296848677909307,
    0.5295817481204701,
    0.5294760854935304,
    0.5293678915474745,
    0.5292571779196653,
    0.5291439562474656,
    0.5290282381682381,
    0.5289100353193458,
    0.5287893593381515,
    0.5286662218620182,
    0.5285406345283086,
    0.5284126089743855,
    0.5282821568376119,
    0.5281492897553506,
    0.5280140193649643,
    0.5278763573038161,
    0.5277363152092687,
    0.5275939047186851,
    0.5274491374694278,
    0.52730202509886,
    0.5271525792443444,
    0.5270008115432439,
    0.5268467336329213,
    0.5266903571507395,
    0.5265316937340614,
    0.5263707550202497,
    0.5262075526466673,
    0.526042098250677,
    0.525874403469642,
    0.5257044799409247,
    0.5255323393018881,
    0.5253579931898952,
    0.5251814532423086,
    0.5250027310964913,
    0.5248218383898061,
    0.524638786759616,
    0.5244535878432837,
    0.5242662532781719,
    0.5240767947016438,
    0.5238852237510621,
    0.5236915520637895,
    0.5234957912771889,
    0.5232979530286235,
    0.5230980489554556,
    0.5228960906950485,
    0.5226920898847649,
    0.5224860581619675,
    0.5222780071640194,
    0.5220679485282832,
    0.521855893892122,
    0.5216418548928983,
    0.5214258431679754,
    0.5212078703547158,
    0.5209879480904824,
    0.5207660880126384,
    0.5205423017585462,
    0.5203166009655689,
    0.520088997271069,
    0.51985950231241,
    0.5196281277269541,
    0.5193948851520647,
    0.5191597862251041,
    0.5189228425834355,
    0.5186840658644217,
    0.5184434677054255,
    0.5182010597438098,
    0.5179568536169373,
    0.5177108609621711,
    0.5174630934168739,
    0.5172135626184086,
    0.5169622802041379,
    0.5167092578114248,
    0.5164545070776323,
    0.5161980396401229,
    0.5159398671362597,
    0.5156800012034054,
    0.5154184534789229,
    0.5151552356001752,
    0.5148903592045249,
    0.514623835929335,
    0.5143556774119684,
    0.5140858952897878,
    0.513814501200156,
    0.5135415067804361,
    0.5132669236679908,
    0.5129907635001829,
    0.5127130379143755,
    0.512433758547931,
    0.5121529370382127,
    0.5118705850225833,
    0.5115867141384056,
    0.5113013360230424,
    0.5110144623138566,
    0.5107261046482112,
    0.5104362746634687,
    0.5101449839969924,
    0.5098522442861446,
    0.5095580671682888,
    0.5092624642807874,
    0.5089654472610033,
    0.5086670277462995,
    0.5083672173740387,
    0.5080660277815838,
    0.5077634706062977,
    0.5074595574855432,
    0.5071543000566833,
    0.5068477099570805,
    0.506539798824098,
    0.5062305782950984,
    0.5059200600074448,
    0.5056082555984999,
    0.5052951767056264,
    0.5049808349661875,
    0.5046652420175458,
    0.5043484094970642,
    0.5040303490421055,
    0.5037110722900326,
    0.5033905908782086,
    0.503068916443996,
    0.5027460606247577,
    0.5024220350578565,
    0.5020968513806556,
    0.5017705212305175,
    0.5014430562448051,
    0.5011144680608814,
    0.5007847683161092,
    0.5004539686478512,
    0.5001220806934704,
    0.49978911609032967,
    0.49945508647579173,
    0.4991200034872195,
    0.49878387876197583,
    0.4984467239374237,
    0.49810855065092563,
    0.4977693705398448,
    0.49742919524154383,
    0.4970880363933858,
    0.49674590563273335,
    0.49640281459694935,
    0.49605877492339684,
    0.49571379824943845,
    0.49536789621243715,
    0.4950210804497557,
    0.49467336259875705,
    0.49432475429680406,
    0.4939752671812595,
    0.4936249128894862,
    0.49327370305884705,
    0.492921649326705,
    0.49256876333042277,
    0.4922150567073632,
    0.4918605410948892,
    0.4915052281303636,
    0.4911491294511493,
    0.49079225669460913,
    0.49043462149810585,
    0.4900762354990025,
    0.4897171103346617,
    0.4893572576424463,
    0.4889966890597194,
    0.4886354162238436,
    0.488273450772182,
    0.4879108043420972,
    0.4875474885709522,
    0.48718351509610985,
    0.48681889555493285,
    0.4864536415847842,
    0.4860877648230267,
    0.48572127690702316,
    0.48535418947413655,
    0.48498651416172966,
    0.4846182626071653,
    0.48424944644780626,
    0.48388007732101557,
    0.4835101668641559,
    0.48313972671459027,
    0.4827687685096813,
    0.48239730388679214,
    0.48202534448328543,
    0.4816529019365241,
    0.48127998788387083,
    0.48090661396268886,
    0.48053279181034064,
    0.48015853306418915,
    0.47978384936159735,
    0.47940875233992786,
    0.47903325363654375,
    0.47865736488880783,
    0.4782810977340829,
    0.4779044638097317,
    0.4775274747531174,
    0.47715014220160257,
    0.47677247779255005,
    0.47639449316332294,
    0.4760161999512838,
    0.47563760979379566,
    0.4752587343282213,
    0.47487958519192364,
    0.4745001740222654,
    0.4741205124566096,
    0.4737406121323189,
    0.4733604846867563,
    0.4729801417572846,
    0.47259959498126664,
    0.4722188559960653,
    0.47183793643904337,
    0.4714568479475637,
    0.4710756021589893,
    0.47069421071068274,
    0.47031268524000713,
    0.46993103738432523,
    0.46954927878099983,
    0.46916742106739384,
    0.46878547588087016,
    0.4684034548587915,
    0.4680213696385208,
    0.46763923185742096,
    0.4672570531528547,
    0.46687484516218486,
    0.46649261952277443,
    0.4661103878719862,
    0.465728161847183,
    0.4653459530857278,
    0.4649637732249832,
    0.46458163390231233,
    0.4641995467550778,
    0.46381752342064264,
    0.4634355755363696,
    0.46305371473962154,
    0.4626719526677613,
    0.46229030095815177,
    0.46190877124815577,
    0.4615273751751362,
    0.46114612437645586,
    0.4607650304894776,
    0.46038410515156425,
    0.4600033600000788,
    0.4596228066723839,
    0.45924245680584247,
    0.4588623220378174,
    0.4584824140056716,
    0.45810274434676784,
    0.4577233246984689,
    0.4573441666981377,
    0.45696528198313724,
    0.45658668219083004,
    0.4562083789585792,
    0.45583038392374753,
    0.4554527087236978,
    0.4550753649957929,
    0.4546983643773957,
    0.4543217185058691,
    0.45394543901857587,
    0.45356953755287877,
    0.45319402574614087,
    0.4528189152357248,
    0.4524442176589937,
    0.45206994465331013,
    0.45169610785603703,
    0.45132271890453735,
    0.4509497894361738,
    0.4505773310883093,
    0.45020535549830665,
    0.4498338743035287,
    0.4494628991413385,
    0.4490924416490987,
    0.4487225134641721,
    0.44835312622392165,
    0.4479842915657102,
    0.44761602112690063,
    0.4472483265448557,
    0.44688121945693837,
    0.44651471150051136,
    0.44614881431293757,
    0.4457835395315799,
    0.44541889879380114,
    0.4450549037369642,
    0.4446915659984319,
    0.4443288972155671,
    0.44396690902573266,
    0.4436056130662913,
    0.44324502097460605,
    0.4428851443880396,
    0.44252599494395495,
    0.4421675842797149,
    0.44180992403268227,
    0.44145302584021995,
    0.4410969013396907,
    0.4407415621684575,
    0.44038701996388313,
    0.4400332863633304,
    0.4396803730041622,
    0.4393282915237414,
    0.4389770535594309,
    0.4386266707485934,
    0.43827715472859186,
    0.4379285171367891,
    0.437580769610548,
    0.43723392378723136,
    0.4368879913042021,
    0.4365429837988229,
    0.4361989129084568,
    0.4358557902704665,
    0.4355136275222151,
    0.43517243630106517,
    0.43483222824437967,
    0.43449301498952153,
    0.43415480817385343,
    0.43381761943473834,
    0.4334814604095391,
    0.4331463427356185,
    0.4328122780503395,
    0.43247927799106484,
    0.43214735419515743,
    0.43181651829998,
    0.4314867819428957,
    0.431158156761267,
    0.430830654392457,
    0.43050428647382843,
    0.43017906464274425,
    0.4298550005365672,
    0.4295321057926602,
    0.42921039204838607,
    0.42888987094110775,
    0.4285705541081879,
    0.4282524531869895,
    0.4279355798148754,
    0.42761994562920846,
    0.42730556226735145,
    0.42699244136666725,
    0.4266805945645188,
    0.42637003349826874,
    0.4260607698052802,
    0.4257528151229158,
    0.4254461810885385,
    0.4251408793395111,
    0.4248369215131965,
    0.4245343192469576,
    0.4242330841781571,
    0.42393322794415794,
    0.42363476218232293,
    0.4233376985300149,
    0.42304204862459693,
    0.42274782410343154,
    0.4224550366038818,
    0.4221636977633104,
    0.4218738192190803,
    0.4215854126085543,
    0.4212984895690953,
    0.4210130617380662,
    0.42072914075282974,
    0.42044673825074874,
    0.4201658658691861,
    0.4198865352455048,
    0.41960875801706743,
    0.419332545821237,
    0.4190579102953765,
    0.4187848630768485,
    0.418513415803016,
    0.4182435801112418,
    0.41797536763888876,
    0.41770879002331973,
    0.41744385890189767,
    0.41718058591198526,
    0.4169189826909454,
    0.416659060876141,
    0.41640083210493484,
    0.4161443080146898,
    0.41588950024276883,
    0.4156364204265346,
    0.4153850802033501,
    0.415135491210578,
    0.4148876650855814,
    0.41464161346572287,
    0.4143973479883655,
    0.41415488029087205,
    0.41391422201060535,
    0.4136753847849283,
    0.4134383802512037,
    0.41320322004679444,
    0.4129699158090634,
    0.4127384791753732,
    0.412508921783087,
    0.4122812552695675,
    0.41205549127217755,
    0.41183164142828005,
    0.4116097173752378,
    0.4113897307504137,
    0.41117169319117053,
    0.41095561633487115,
    0.41074149477992844,
    0.41052932312475526,
    0.41031909596776434,
    0.41011080790736865,
    0.40990445354198085,
    0.409700027470014,
    0.40949752428988073,
    0.40929693859999394,
    0.40909826499876656,
    0.4089014980846113,
    0.408706632455941,
    0.4085136627111686,
    0.40832258344870687,
    0.40813338926696857,
    0.40794607476436673,
    0.407760634539314,
    0.40757706319022324,
    0.4073953553155073,
    0.4072155055135791,
    0.40703750838285147,
    0.4068613585217371,
    0.40668705052864895,
    0.40651457900199983,
    0.40634393854020256,
    0.4061751237416699,
    0.4060081292048149,
    0.4058429495280501,
    0.40567957930978865,
    0.40551801314844316,
    0.4053582456424265,
    0.4052002713901516,
    0.4050440849900312,
    0.4048896810404781,
    0.40473705413990524,
    0.4045861988867254,
    0.40443710987935155,
    0.40428978171619634,
    0.40414420899567266,
    0.40400038631619334,
    0.4038583082761712,
    0.40371796947401917,
    0.40357936450815,
    0.40344248797697657,
    0.40330733447891165,
    0.40317389861236813,
    0.40304217497575884,
    0.4029121581674966,
    0.4027838427859942,
    0.4026572234296646,
    0.40253229469692053,
    0.4024090511861748,
    0.40228748749584037,
    0.40216759822433,
    0.4020493779700565,
    0.4019328213314327,
    0.4018179229068715,
    0.40170467729478576,
    0.4015930790935882,
    0.40148312290169175,
    0.4013748033175092,
    0.40126811493945336,
    0.4011630523659371,
    0.4010596101953733,
    0.4009577830261747,
    0.40085756545675416,
    0.4007589520855246,
    0.40066193751089874,
    0.4005665163312895,
    0.4004726831451096,
    0.40038043255077205,
    0.40028975914668957,
    0.400200657531275,
    0.40011312230294116,
    0.4000271480601009,
    0.39994272940116715,
    0.39985986092455267,
    0.39977853722867024,
    0.39969875291193274,
    0.39962050257275306,
    0.3995437808095439,
    0.39946858222071824,
    0.3993949014046888,
    0.39932273295986853,
    0.39925207148467023,
    0.3991829115775066,
    0.3991152478367907,
    0.3990490748609352,
    0.39898438724835295,
    0.3989211795974569,
    0.3988594465066597,
    0.3987991825743743,
    0.39874038239901355,
    0.3986830405789903,
    0.3986271517127173,
    0.3985727103986074,
    0.39851971123507346,
    0.3984681488205284,
    0.3984180177533849,
    0.3983693126320559,
    0.3983220280549542,
    0.3982761586204926,
    0.398231698927084,
    0.39818864357314115,
    0.39814698715707697,
    0.3981067242773043,
    0.3980678495322359,
    0.39803035752028465,
    0.3979942428398634,
    0.39795950008938497,
    0.3979261238672621,
    0.39789410877190784,
    0.39786344940173485,
    0.39783414035515596,
    0.3978061762305841,
    0.39777955162643214,
    0.3977542611411128,
    0.3977302993730389,
    0.3977076609206233,
    0.3976863403822789,
    0.3976663323564186,
    0.397647631441455,
    0.3976302322358011,
    0.39761412933786966,
    0.3975993173460736,
    0.3975857908588257,
    0.39757354447453885,
    0.3975625727916259,
    0.3975528704084995,
    0.3975444319235726,
    0.39753725193525813,
    0.39753132504196875,
    0.3975266458421175,
    0.397523208934117,
    0.39752100891638026,
    0.39752004038732,
    0.3975202979453491,
    0.3975217761888804,
    0.3975244697163267,
    0.39752837312610084,
    0.39753348101661573,
    0.39753978798628414,
    0.3975472886335189,
    0.39755597755673283,
    0.39756584935433886,
    0.39757689862474965,
    0.3975891199663783,
    0.39760250797763735,
    0.39761705725693985,
    0.3976327624026985,
    0.3976496180133262,
    0.3976676186872358,
    0.3976867590228401,
    0.397707033618552,
    0.39772843707278427,
    0.3977509639839497,
    0.3977746089504612,
    0.39779936657073156,
    0.39782523144317367,
    0.3978521981662003,
    0.3978802613382244,
    0.3979094155576587,
    0.397939655422916,
    0.3979709755324093,
    0.3980033704845512,
    0.39803683487775476,
    0.3980713633104327,
    0.39810695038099786,
    0.39814359068786315,
    0.3981812788294412,
    0.39822000940414515,
    0.3982597770103876,
    0.39830057624658144,
    0.39834240171113955,
    0.39838524800247477,
    0.3984291097189998,
    0.3984739814591277,
    0.3985198578212711,
    0.39856673340384297,
    0.39861460280525607,
    0.3986634606239232,
    0.39871330145825734,
    0.39876411990667116,
    0.39881591056757765,
    0.3988686680393895,
    0.39892238692051973,
    0.39897706180938086,
    0.39903268730438607,
    0.399089258003948,
    0.39914676850647957,
    0.3992052134103935,
    0.39926458731410275,
    0.39932488481602013,
    0.39938610051455836,
    0.3994482290081305,
    0.3995112648951491,
    0.39957520277402725,
    0.39964003724317765,
    0.3997057629010131,
    0.3997723743459466,
    0.3998398661763909,
    0.3999082329907587,
    0.39997746938746304,
    0.40004756996491664,
    0.40011852932153236,
    0.40019034205572307,
    0.40026300276590154,
    0.4003365060504806,
    0.4004108465078732,
    0.40048601873649203,
    0.40056201733475005,
    0.40063883690106,
    0.40071647203383476,
    0.4007949173314872,
    0.40087416739243004,
    0.4009542168150762,
    0.4010350601978385,
    0.4011166921391298,
    0.40119910723736296,
    0.40128230009095067,
    0.40136626529830594,
    0.4014509974578415,
    0.4015364911679702,
    0.40162274102710493,
    0.40170974163365836,
    0.40179748758604356,
    0.4018859734826732,
    0.4019751939219602,
    0.40206514350231726,
    0.4021558168221574,
    0.40224720847989337,
    0.402339313073938,
    0.4024321252027041,
    0.40252563946460457,
    0.4026198504580522,
    0.4027147527814598,
    0.40281034103324026,
    0.40290660981180637,
    0.40300355371557106,
    0.403101167342947,
    0.4031994452923472,
    0.40329838216218433,
    0.4033979725508714,
    0.40349821105682104,
    0.40359909227844626,
    0.40370061081415987,
    0.4038027612623746,
    0.4039055382215034,
    0.40400893628995904,
    0.40411295006615433,
    0.4042175741485021,
    0.40432280313541535,
    0.40442863162530684,
    0.4045350542165892,
    0.4046420655076755,
    0.4047496600969785,
    0.4048578325829111,
    0.40496657756388593,
    0.4050758896383161,
    0.4051857634046142,
    0.40529619346119317,
    0.4054071744064659,
    0.4055187008388452,
    0.40563076735674386,
    0.40574336855857474,
    0.4058564990427506,
    0.4059701534076844,
    0.4060843262517889,
    0.406199012173477,
    0.4063142057711614,
    0.4064299016432551,
    0.4065460943881708,
    0.40666277860432143,
    0.4067799488901198,
    0.4068975998439787,
    0.407015726064311,
    0.40713432214952955,
    0.4072533826980471,
    0.4073729023082766,
    0.4074928755786309,
    0.4076132971075227,
    0.4077341614933649,
    0.40785546333457035,
    0.4079771972295519,
    0.40809935777672235,
    0.4082219395744945,
    0.4083449372212813,
    0.4084683453154955,
    0.40859215845554986,
    0.4087163712398574,
    0.40884097826683086,
    0.408965974134883,
    0.40909135344242675,
    0.409217110787875,
    0.40934324076964046,
    0.40946973798613595,
    0.40959659703577445,
    0.40972381251696866,
    0.4098513790281315,
    0.4099792911676758,
    0.41010754353401435,
    0.41023613072556,
    0.41036504734072554,
    0.41049428797792387,
    0.41062384723556783,
    0.4107537197120702,
    0.41088390000584385,
    0.41101438271530166,
    0.41114516243885635,
    0.41127623377492095,
    0.411407591321908,
    0.4115392296782306,
    0.41167114344230143,
    0.41180332721253343,
    0.41193577558733935,
    0.4120684831651321,
    0.41220144454432445,
    0.4123346543233293,
    0.41246810710055937,
    0.4126017974744276,
    0.41273572004334674,
    0.4128698694057298,
    0.4130042401599894,
    0.4131388269045384,
    0.41327362423778985,
    0.4134086267581564,
    0.4135438290640509,
    0.4136792257538862,
    0.4138148114260752,
    0.4139505806790306,
    0.4140865281111653,
    0.4142226483208923,
    0.4143589359066241,
    0.41449538546677384,
    0.41463199159975417,
    0.41476874890397797,
    0.4149056519778581,
    0.41504269541980743,
    0.41517987382823873,
    0.41531718180156485,
    0.4154546139381986,
    0.4155921648365529,
    0.4157298290950405,
    0.41586760131207423,
    0.4160054760860671,
    0.4161434480154317,
    0.41628151169858096,
    0.41641966173392775,
    0.41655789271988486,
    0.4166961992548651,
    0.41683457593728146,
    0.4169730173655466,
    0.41711151813807346,
    0.41725007285327476,
    0.41738867610956343,
    0.4175273225053523,
    0.41766600663905423,
    0.41780472310908195,
    0.4179434665138484,
    0.4180822314517663,
    0.41822101252124866,
    0.41835980432070813,
    0.41849860144855766,
    0.41863739850321,
    0.4187761900830781,
    0.4189149707865748,
    0.41905373521211275,
    0.41919247795810494,
    0.4193311936229641,
    0.4194698768051032,
    0.4196085221029351,
    0.41974712411487236,
    0.41988567743932803,
    0.42002417667471503,
    0.42016261641944597,
    0.42030099127193377,
    0.42043929583059136,
    0.4205775246938315,
    0.42071567246006697,
    0.4208537337277107,
    0.4209917030951755,
    0.4211295751608741,
    0.4212673445232195,
    0.4214050057806244,
    0.4215425535315017,
    0.4216799823742643,
    0.4218172869073249,
    0.42195446172909645,
    0.4220915014379917,
    0.4222284006324235,
    0.42236515391080476,
    0.4225017558715482,
    0.4226382011130667,
    0.4227744842337732,
    0.42291059983208035,
    0.42304654250640106,
    0.42318230685514824,
    0.42331788747673466,
    0.4234532789695731,
    0.42358847593207655,
    0.42372347296265767,
    0.4238582646597294,
    0.4239928456217046,
    0.4241272104469961,
    0.4242613537340165,
    0.42439527008117894,
    0.42452895408689617,
    0.4246624003495809,
    0.4247956034676461,
    0.42492855803950463,
    0.4250612586635692,
    0.42519369993825273,
    0.425325876461968,
    0.42545778283312785,
    0.4255894136501452,
    0.4257207635114328,
    0.4258518270154035,
    0.4259825987604702,
    0.42611307334504556,
    0.4262432453675426,
    0.4263731094263741,
    0.42650266011995286,
    0.4266318920466917,
    0.4267607998050036,
    0.4268893779933012,
    0.4270176212099974,
    0.4271455240535051,
    0.4272730811222371,
    0.4274002870146062,
    0.4275271363290253,
    0.42765362366390713,
    0.4277797436176647,
    0.4279054907887106,
    0.42803085977545785,
    0.42815584517631927,
    0.4282804415897077,
    0.4284046436140358,
    0.42852844584771665,
    0.4286518428891629,
    0.4287748293367875,
    0.42889739978900326,
    0.429019548844223,
    0.42914127110085953,
    0.4292625611573257,
    0.42938341361203436,
    0.4295038230633983,
    0.4296237841098305,
    0.42974329134974354,
    0.4298623393815505,
    0.42998092280366407,
    0.4300990362144972,
    0.4302166742124626,
    0.4303338313959732,
    0.43045050236344173,
    0.43056668171328116,
    0.43068236404390425,
    0.4307975439537238,
    0.4309122160411527,
    0.4310263749046038,
    0.4311400151424899,
    0.43125313135322385,
    0.43136571813521846,
    0.4314777700868866,
    0.431589281806641,
    0.4317002478928947,
    0.43181066294406034,
    0.4319205215585509,
    0.43202981833477905,
    0.43213854787115774,
    0.4322467047660998,
    0.4323542836180181,
    0.43246127902532533,
    0.43256768558643444,
    0.4326734978997583,
    0.43277871056370965,
    0.43288331817670134,
    0.4329873153371463,
    0.4330906966434572,
    0.433193456694047,
    0.43329559008732854,
    0.43339709142171456,
    0.433497955295618,
    0.4335981763074517,
    0.4336977490556283,
    0.4337966681385609,
    0.43389492815466213,
    0.433992523702345,
    0.43408944938002214,
    0.43418569978610655,
    0.434281269519011,
    0.43437615317714834,
    0.43447034535893136,
    0.434563840662773,
    0.434656633687086,
    0.4347487190302832,
    0.4348400912907775,
    0.4349307450669817,
    0.4350206749573087,
    0.4351098755601711,
    0.43519834147398195,
    0.43528606729715413,
    0.43537305432957074,
    0.4354593038711152,
    0.43554481722167093,
    0.43562959568112103,
    0.4357136405493489,
    0.435796953126238,
    0.4358795347116714,
    0.43596138660553246,
    0.4360425101077047,
    0.43612290651807106,
    0.43620257713651517,
    0.43628152326292025,
    0.43635974619716955,
    0.43643724723914634,
    0.43651402768873415,
    0.436590088845816,
    0.4366654320102754,
    0.4367400584819956,
    0.43681396956085994,
    0.43688716654675164,
    0.4369596507395541,
    0.4370314234391507,
    0.4371024859454245,
    0.43717283955825903,
    0.4372424855775374,
    0.4373114253031432,
    0.43737966003495954,
    0.4374471910728698,
    0.4375140197167572,
    0.4375801472665052,
    0.43764557502199686,
    0.43771030428311575,
    0.4377743363497451,
    0.4378376725217682,
    0.4379003140990684,
    0.4379622623815288,
    0.438023518669033,
    0.43808408426146417,
    0.43814396045870563,
    0.4382031485606407,
    0.4382616498671527,
    0.4383194656781249,
    0.4383765972934406,
    0.4384330460129832,
    0.4384888131366359,
    0.4385438999642821,
    0.4385983077958051,
    0.43865203793108815,
    0.4387050916700146,
    0.4387574703124677,
    0.43880917515833084,
    0.4388602075074873,
    0.43891056865982037,
    0.43896025991521337,
    0.43900928257354965,
    0.4390576379347124,
    0.4391053272985851,
    0.439152351965051,
    0.43919871323399323,
    0.43924441240529544,
    0.4392894507788406,
    0.4393338296545122,
    0.43937755033219356,
    0.4394206141117679,
    0.4394630222931186,
    0.439504776176129,
    0.43954587706068227,
    0.4395863262466619,
    0.43962612503395104,
    0.43966527472243305,
    0.4397037766119912,
    0.43974163200250893,
    0.4397788421938695,
    0.4398154084859561,
    0.43985133217865224,
    0.4398866145718411,
    0.43992125696540596,
    0.4399552606592302,
    0.43998862695319707,
    0.44002135714718993,
    0.44005345254109207,
    0.4400849144347868,
    0.44011574412815746,
    0.44014594292108733,
    0.44017551211345973,
    0.4402044530051579,
    0.4402327668960653,
    0.44026045508606515,
    0.4402875188750407,
    0.44031395956287533,
    0.4403397784494523,
    0.44036497683465503,
    0.4403895560183667,
    0.4404135173004708,
    0.4404368619808504,
    0.44045959135938895,
    0.44048170673596965,
    0.44050320941047605,
    0.4405241006827912,
    0.44054438185279854,
    0.4405640542203813,
    0.4405831190854229,
    0.44060157774780656,
    0.44061943150741567,
    0.44063668166413344,
    0.44065332951784325,
    0.44066937636842834,
    0.4406848235157721,
    0.4406996722597578,
    0.44071392390026876,
    0.44072757973718835,
    0.4407406410703997,
    0.4407531091997863,
    0.44076498542523135,
    0.4407762710466182,
    0.4407869673638302,
    0.44079707567675064,
    0.4408065972852627,
    0.44081553348924996,
    0.4408238855885954,
    0.4408316548831826,
    0.4408388426728947,
    0.4408454502576151,
    0.4408514789372271,
    0.44085693001161397,
    0.44086180478065906,
    0.4408661045442457,
    0.44086983060225715,
    0.44087298425457666,
    0.4408755668010877,
    0.4408775795416734,
    0.44087902377621724,
    0.4408799008046024,
    0.44088021192671223,
    0.4408799584424301,
    0.4408791416516392,
    0.4408777628542229,
    0.4408758233500646,
    0.4408733244390474,
    0.4408702674210548,
    0.4408666535959701,
    0.44086248426367647,
    0.44085776072405736,
    0.4408524842769959,
    0.4408466562223756,
    0.44084027786007973,
    0.4408333504899915,
    0.44082587541199425,
    0.4408178539259714,
    0.44080928733180613,
    0.44080017692938184,
    0.44079052401858176,
    0.44078032989928917,
    0.44076959587138753,
    0.44075832323476,
    0.44074651328929004,
    0.4407341673348608,
    0.4407212866713556,
    0.44070787259865796,
    0.44069392641665095,
    0.440679449425218,
    0.4406644429242423,
    0.4406489082136073,
    0.4406328465931963,
    0.4406162593628925,
    0.4405991478225793,
    0.44058151327214,
    0.4405633570114579,
    0.4405446803404162,
    0.4405254845588984,
    0.4405057709667877,
    0.44048554086396746,
    0.4404647955503209,
    0.44044353632573147,
    0.4404217644900823,
    0.4403994813432569,
    0.4403766881851384,
    0.4403533863156103,
    0.44032957703455566,
    0.4403052616418579,
    0.4402804414374005,
    0.4402551177210665,
    0.4402292917927394,
    0.4402029649523024,
    0.4401761384996389,
    0.4401488137346321,
    0.44012099195716536,
    0.4400926744671221,
    0.44006386256438546,
    0.44003455754883875,
    0.44000476072036543,
    0.43997447337884865,
    0.4399436968241719,
    0.43991243235621835,
    0.4398806812748713,
    0.43984844488001407,
    0.43981572447153006,
    0.4397825213493025,
    0.43974883681321475,
    0.4397146721631501,
    0.4396800286989918,
    0.43964490772062326,
    0.43960931052792773,
    0.43957323842078855,
    0.4395366926990889,
    0.4394996746627122,
    0.4394621856115418,
    0.439424226845461,
    0.4393857996643531,
    0.43934690536810134,
    0.43930754525658905,
    0.43926772062969954,
    0.43922743278731613,
    0.43918668302932223,
    0.439145472655601,
    0.4391038029660358,
    0.43906167526051,
    0.4390190908389068,
    0.4389760510011096,
    0.4389325570470016,
    0.4388886102764663,
    0.4388442119893868,
    0.4387993634856465,
    0.4387540660651288,
    0.43870832102771684,
    0.43866212967329404,
    0.43861549330174365,
    0.43856841321294904,
    0.43852089070679356,
    0.4384729270831603,
    0.43842452364193285,
    0.43837568168299434,
    0.4383264025062281,
    0.4382766874115175,
    0.43822653769874576,
    0.43817595466779624,
    0.4381249396185523,
    0.4380734938508972,
    0.43802161866471423,
    0.4379693153598867,
    0.43791658523629795,
    0.43786342959383134,
    0.43780984973237,
    0.4377558469517975,
    0.43770142255199695,
    0.4376465778328517,
    0.43759131409424507,
    0.4375356326360603,
    0.4374795347581809,
    0.43742302176048997,
    0.43736609494287104,
    0.43730875560520716,
    0.4372510050473818,
    0.4371928445692782,
    0.4371342754707797,
    0.4370752990517696,
    0.43701591661213124,
    0.4369561294517479,
    0.43689593887050293,
    0.43683534616827957,
    0.43677435264496123,
    0.436712959600431,
    0.4366511683345725,
    0.43658898014726877,
    0.43652639633840334,
    0.43646341820785933,
    0.43640004705552016,
    0.43633628418126913,
    0.4362721308849895,
    0.4362075884665646,
    0.4361426582258777,
    0.4360773414628123,
    0.43601163947725147,
    0.4359455535690786,
    0.43587908503817707,
    0.43581223518443013,
    0.4357450053077211,
    0.43567739670793315,
    0.43560941068494985,
    0.43554104853865444,
    0.43547231156893007,
    0.43540320107566016,
    0.43533371835872803,
    0.4352638647180169,
    0.4351936414534103,
    0.4351230498647913,
    0.43505209125204325,
    0.43498076691504955,
    0.43490907815369345,
    0.4348370262678583,
    0.4347646125574273,
    0.434691838322284,
    0.4346187048623114,
    0.43454521347739306,
    0.4344713654674121,
    0.434397162132252,
    0.43432260477179596,
    0.4342476946859274,
    0.43417243317452936,
    0.43409682153748547,
    0.43402086107467885,
    0.4339445530859929,
    0.4338678988713109,
    0.43379089973051616,
    0.43371355696349195,
    0.43363587187012165,
    0.4335578457502885,
    0.43347947990387586,
    0.433400775630767,
    0.4333217342308452,
    0.43324235700399394,
    0.4331626452500964,
    0.4330826002690358,
    0.43300222336069555,
    0.432921515824959,
    0.4328404789617094,
    0.4327591140708301,
    0.4326774224522044,
    0.43259540540571556,
    0.4325130642312469,
    0.43243040022868184,
    0.4323474146979035,
    0.4322641089387953,
    0.4321804842512406,
    0.4320965419351226,
    0.4320122832903247,
    0.4319277096167301,
    0.43184282221422227,
    0.43175762238268434,
    0.43167211142199974,
    0.4315862906320518,
    0.4315001613127237,
    0.4314137247638988,
    0.43132698228546046,
    0.431239935177292,
    0.43115258473927665,
    0.43106493227129783,
    0.4309769790732387,
    0.43088872644498266,
    0.43080017568641304,
    0.4307113280974131,
    0.43062218497786614,
    0.4305327476276555,
    0.4304430173466645,
    0.43035299543477645,
    0.4302626831918746,
    0.4301720819178424,
    0.43008119291256297,
    0.42999001747591975,
    0.429898556907796,
    0.42980681250807506,
    0.4297147855766402,
    0.4296224774133748,
    0.42952988931816194,
    0.42943702259088523,
    0.4293438785314279,
    0.42925045843967313,
    0.42915676361550437,
    0.42906279535880487,
    0.42896855496945796,
    0.4288740437473469,
    0.428779262992355,
    0.4286842140043657,
    0.42858889808326217,
    0.42849331652892764,
    0.42839747064124567,
    0.42830136172009947,
    0.42820499106537224,
    0.4281083599769473,
    0.42801146975470816,
    0.42791432169853794,
    0.42781691710832004,
    0.42771925728393767,
    0.42762134352527426,
    0.427523177132213,
    0.4274247594046373,
    0.42732609164243046,
    0.4272271751454757,
    0.42712801121365646,
    0.4270286011468559,
    0.4269289462449575,
    0.42682904780784436,
    0.4267289071354,
    0.4266285255275076,
    0.4265279042840505,
    0.42642704470491205,
    0.4263259480899755,
    0.4262246157391242,
    0.4261230489522414,
    0.4260212490292105,
    0.4259192172699148,
    0.4258169549742375,
    0.4257144634420619,
    0.4256117439732715,
    0.42550879786774953,
    0.42540562642537916,
    0.4253022309460439,
    0.4251986127296269,
    0.4250947730760116,
    0.4249907132850812,
    0.42488643465671905,
    0.4247819384908085,
    0.4246772260872328,
    0.42457229874587527,
    0.42446715776661914,
    0.42436180444934796,
    0.42425624009394486,
    0.42415046600029316,
    0.42404448346827617,
    0.42393829379777725,
    0.4238318982886796,
    0.42372529824086663,
    0.4236184949542217,
    0.42351148972862807,
    0.4234042838639689,
    0.42329687866012766,
    0.42318927541698764,
    0.42308147543443214,
    0.42297348001234447,
    0.4228652904506079,
    0.42275690804910576,
    0.4226483341077214,
    0.4225395699263381,
    0.4224306168048392,
    0.4223214760431079,
    0.42221214894102765,
    0.42210263679848165,
    0.4219929409153532,
    0.42188306259152575,
    0.42177300312688254,
    0.4216627638213068,
    0.4215523459746819,
    0.4214417508868912,
    0.421330979857818,
    0.4212200341873454,
    0.421108915175357,
    0.42099762412173597,
    0.42088616232636566,
    0.4207745310891293,
    0.4206627317099103,
    0.42055076548859194,
    0.4204386337250575,
    0.4203263377191903,
    0.4202138787708736,
    0.4201012581799908,
    0.4199884772464252,
    0.4198755372700601,
    0.4197624395507787,
    0.41964918538846446,
    0.41953577608300063,
    0.4194222129342705,
    0.41930849724215735,
    0.4191946303065446,
    0.4190806134273155,
    0.41896644790435333,
    0.4188521350375414,
    0.4187376761267631,
    0.41862307247190167,
    0.41850832537284044,
    0.4183934361294626,
    0.4182784060416517,
    0.4181632364092909,
    0.41804792853226347,
    0.4179324837104528,
    0.4178169032437422,
    0.417701188432015,
    0.41758534057515434,
    0.41746936097304377,
    0.41735325092556647,
    0.41723701173260574,
    0.41712064469404486,
    0.4170041511097673,
    0.41688753227965614,
    0.4167707895035949,
    0.41665392408146673,
    0.4165369373131551,
    0.4164198304985432,
    0.41630260493751436,
    0.41618526192995187,
    0.41606780277573907,
    0.4159502287747593,
    0.41583254122689584,
    0.4157147414320319,
    0.41559683069005104,
    0.41547881030083633,
    0.4153606815642711,
    0.4152424457802388,
    0.41512410424862267,
    0.41500565826930597,
    0.414887109142172,
    0.41476845816710417,
    0.4146497066439858,
    0.4145308558727001,
    0.41441190715313037,
    0.41429286178516,
    0.41417372106867223,
    0.41405448630355046,
    0.41393515878967796,
    0.4138157398269379,
    0.4136962307152139,
    0.4135766311215569,
    0.4134569407130183,
    0.4133371591566493,
    0.41321728611950126,
    0.4130973212686254,
    0.4129772642710729,
    0.4128571147938951,
    0.41273687250414315,
    0.4126165370688684,
    0.4124961081551221,
    0.41237558542995545,
    0.41225496856041977,
    0.41213425721356634,
    0.4120134510564463,
    0.41189254975611095,
    0.41177155297961165,
    0.41165046039399955,
    0.41152927166632586,
    0.41140798646364196,
    0.41128660445299914,
    0.41116512530144844,
    0.4110435486760413,
    0.41092187424382887,
    0.41080010167186254,
    0.41067823062719344,
    0.4105562607768728,
    0.41043419178795204,
    0.4103120233274823,
    0.41018975506251487,
    0.4100673866601009,
    0.4099449177872918,
    0.4098223481111387,
    0.40969967729869305,
    0.4095769050170059,
    0.4094540309331286,
    0.40933105471411235,
    0.4092079760270085,
    0.40908479453886815,
    0.40896150991674274,
    0.4088381218276834,
    0.4087146299387414,
    0.40859103391696816,
    0.40846733342941466,
    0.4083435281431324,
    0.40821961772517246,
    0.4080956018425862,
    0.40797148016242485,
    0.40784725235173963,
    0.4077229180775819,
    0.4075984770070027,
    0.4074739288070535,
    0.40734927314478553,
    0.40722450968724994,
    0.407099638101498,
    0.4069746580545811,
    0.4068495692135504,
    0.4067243712454572,
    0.40659906381735256,
    0.40647364659628804,
    0.4063481192493147,
    0.4062224814434839,
    0.4060967328458468,
    0.4059708731234547,
    0.40584490194335887,
    0.40571881897261053,
    0.4055926238782609,
    0.40546631632736135,
    0.40533989598696313,
    0.40521336252411744,
    0.4050867156058754,
    0.4049599548992885,
    0.40483308007140795,
    0.4047060907892849,
    0.40457898671997067,
    0.40445176753051654,
    0.4043244328879737,
    0.40419698245939345,
    0.40406941591182705,
    0.40394173291232577,
    0.40381393312794084,
    0.4036860162257234,
    0.40355798187272496,
    0.4034298297359966,
    0.4033015594825896,
    0.4031731707795552,
    0.4030446632939448,
    0.40291603669280945,
    0.4027872906432005,
    0.4026584248121692,
    0.40252943886676684,
    0.40240033247404466,
    0.4022711053010539,
    0.4021417570148458,
    0.4020122872824716,
    0.4018826957709827,
    0.40175298214743005,
    0.4016231460788653,
    0.4014931872323394,
    0.40136310527490376,
    0.4012328998736096,
    0.40110257069550814,
    0.40097211740765065,
    0.4008415396770884,
    0.4007108371708727,
    0.40058000955605466,
    0.40044905649968565,
    0.400317977668817,
    0.4001867727304998,
    0.40005544135178533,
    0.39992398319972494,
    0.39979239794136984,
    0.3996606852437713,
    0.39952884477398043,
    0.39939687619904873,
    0.3992647791860273,
    0.3991325534019675,
    0.39900019851392043,
    0.3988677141889375,
    0.3987351000940699,
    0.39860235589636894,
    0.3984694812628857,
    0.39833647586067167,
    0.39820333935677793,
    0.3980700714182559,
    0.3979366717121566,
    0.3978031399055315,
    0.3976694756654318,
    0.39753567865890865,
    0.39740174855301347,
    0.3972676850147975,
    0.39713348771131185,
    0.3969991563096078,
    0.3968646904767368,
    0.3967300898797499,
    0.39659535418569847,
    0.3964604830616337,
    0.3963254761746069,
    0.39619033319166924,
    0.3960550537798721,
    0.3959196376062666,
    0.39578408433790413,
    0.39564839364183585,
    0.3955125651851131,
    0.3953765986347869,
    0.3952404936579089,
    0.3951042499215301,
    0.39496786709270176,
    0.39483134483847515,
    0.3946946828259016,
    0.39455788072203235,
    0.39442093819391855,
    0.3942838549086116,
    0.3941466305331626,
    0.394009264734623,
    0.3938717571800439,
    0.3937341075364766,
    0.39359631547097235,
    0.3934583806505825,
    0.39332030274235813,
    0.39318208141335054,
    0.3930437163306112,
    0.3929052071611911,
    0.39276655357214163,
    0.39262775523051396,
    0.3924888118033594,
    0.3923497229577293,
    0.39221048836067474,
    0.392071107679247,
    0.39193158058049754,
    0.3917919067314774,
    0.39165208579923794,
    0.39151211745083025,
    0.39137200135330585,
    0.39123173717371584,
    0.3910913245791115,
    0.39095076323654404,
    0.3908100528130648,
    0.390669192975725,
    0.39052818339157586,
    0.3903870237276687,
    0.39024571365105476,
    0.39010425282878525,
    0.38996264092791144,
    0.3898208776154846,
    0.38967896255855605,
    0.38953689542417697,
    0.3893946758793986,
    0.3892523035912722,
    0.3891097782268491,
    0.38896709945318053,
    0.38882426693731764,
    0.38868128034631183,
    0.3885381393472143,
    0.3883948436070763,
    0.38825139279294907,
    0.38810778657188394,
    0.38796402461093205,
    0.3878201065771448,
    0.38767603213757323,
    0.3875318009592688,
    0.3873874127092827,
    0.38724286705466615,
    0.38709816366247046,
    0.3869533021997469,
    0.38680828233354664,
    0.38666310373092094,
    0.3865177660589212,
    0.38637226898459853,
    0.3862266121750042,
    0.3860807952971895,
    0.3859348180182057,
    0.38578868000510413,
    0.3856423809249359,
    0.3854959204447522,
    0.3853492982316046,
    0.38520251395254407,
    0.385055567274622,
    0.38490845786488953,
    0.38476118539039805,
    0.38461374951819877,
    0.3844661499153429,
    0.3843183862488817,
    0.38417045818586654,
    0.38402236539334855,
    0.383874107538379,
    0.3837256842880092,
    0.3835770953092904,
    0.38342834026927386,
    0.3832794188350107,
    0.3831303306735524,
    0.3829810754519501,
    0.38283165283725495,
    0.3826820624965184,
    0.3825323040967916,
    0.3823823773051259,
    0.3822322817885724,
    0.38208201721418245,
    0.38193158324900733,
    0.38178097956009827,
    0.38163020581450646,
    0.38147926167928325,
    0.38132814682147986,
    0.3811768609081475,
    0.3810254036063375,
    0.3808737745831011,
    0.3807219735054896,
    0.3805700000405541,
    0.380417853855346,
    0.3802655346169165,
    0.3801130419923169,
    0.37996037564859836,
    0.37980753525281225,
    0.37965452047200976,
    0.37950133097324223,
    0.3793479664235607,
    0.37919442649001667,
    0.37904071083966134,
    0.37888681913954586,
    0.37873275105672155,
    0.3785785062582397,
    0.3784240844111515,
    0.3782694851825083,
    0.3781147082393612,
    0.37795975324876163,
    0.37780461987776076,
    0.37764930779340977,
    0.3774938166627601,
    0.3773381461528629,
    0.3771822959307694,
    0.3770262656635308,
    0.3768700550181986,
    0.37671366366182385,
    0.3765570912614578,
    0.3764003374841518,
    0.37624340199695705,
    0.3760862844669249,
    0.37592898456110646,
    0.375771501946553,
    0.3756138362903159,
    0.3754559872594464,
    0.3752979545209957,
    0.3751397377420149,
    0.37498133658955557,
    0.37482275073066873,
    0.3746639798324058,
    0.37450502356181786,
    0.3743458815859563,
    0.37418655357187236,
    0.37402703918661717,
    0.3738673380972422,
    0.3737074499707986,
    0.37354737447433756,
    0.37338711127491037,
    0.3732266600395684,
    0.37306602043536274,
    0.3729051921293448,
    0.37274417478856564,
    0.37258296808007674,
    0.37242157167092926,
    0.3722599852281744,
    0.37209820841886343,
    0.3719362409100477,
    0.3717740823687784,
    0.37161173246210677,
    0.37144919085708406,
    0.3712864572207616,
    0.3711235312201906,
    0.3709604125224223,
    0.3707971007945079,
    0.3706335957034988,
    0.3704698969164462,
    0.37030600410040126,
    0.3701419169224154,
    0.36997763504953973,
    0.36981315814882565,
    0.36964848588732424,
    0.3694836179320869,
    0.36931855395016483,
    0.3691532936086093,
    0.36898783657447154,
    0.3688221825148028,
    0.3686563310966544,
    0.36849028198707756,
    0.3683240348531234,
    0.3681575893618435,
    0.36799094518028885,
    0.36782410197551074,
    0.36765705941456045,
    0.3674898171644893,
    0.36732237489234854,
    0.3671547322651893,
    0.36698688895006293,
    0.3668188446140207,
    0.36665059892411384,
    0.36648215154739355,
    0.36631350215091124,
    0.36614465040171806,
    0.3659755959668652,
    0.365806338513404,
    0.36563687770838577,
    0.36546721321886166,
    0.3652973447118829,
    0.36512727185450095,
    0.3649569943137669,
    0.364786511756732,
    0.3646158238504475,
    0.36444493026196473,
    0.36427383065833496,
    0.3641025247066093,
    0.36393101207383916,
    0.3637592924270758,
    0.3635873654333704,
    0.3634152307597741,
    0.36324288807333843,
    0.36307033704111447,
    0.36289757733015354,
    0.3627246086075068,
    0.36255143054022565,
    0.36237804279536123,
    0.36220444503996485,
    0.3620306369410877,
    0.3618566181657812,
    0.3616823883810964,
    0.3615079472540847,
    0.36133329445179724,
    0.36115842964128536,
    0.36098335248960034,
    0.3608080626637934,
    0.3606325598309157,
    0.36045684365801867,
    0.3602809138121535,
    0.36010476996037133,
    0.35992841176972357,
    0.3597518389072615,
    0.3595750510400362,
    0.359398047835099,
    0.3592208289595012,
    0.35904339408029406,
    0.3588657428645288,
    0.35868787497925664,
    0.35850979009152895,
    0.3583314878683969,
    0.35815296797691176,
    0.35797423008412477,
    0.35779527385708726,
    0.3576160989628504,
    0.3574367050684655,
    0.3572570918409837,
    0.3570772589474564,
    0.35689720605493486,
    0.35671693283047023,
    0.3565364389411138,
    0.3563557240539169,
    0.3561747878359307,
    0.35599362995420647,
    0.3558122500757955,
    0.355630647867749,
    0.35544882299711833,
    0.35526677513095456,
    0.35508450393630914,
    0.3549020090802332,
    0.3547192902297781,
    0.35453634705199494,
    0.3543531792139351,
    0.35416978638264984,
    0.35398616822519036,
    0.3538023244086079,
    0.35361825459995383,
    0.3534339584662793,
    0.35324943567463557,
    0.3530646858920739,
    0.3528797087856456,
    0.35269450402240193,
    0.35250907126939407,
    0.3523234101936733,
    0.3521375204622909,
    0.35195140174229816,
    0.35176505370074623,
    0.35157847600468645,
    0.3513916683211701,
    0.35120463031724836,
    0.35101736165997244,
    0.35082986201639377,
    0.3506421310535635,
    0.3504541684385329,
    0.3502659738383532,
    0.35007754692007564,
    0.3498888873507516,
    0.3496999947974322,
    0.34951086892716865,
    0.34932150940701245,
    0.34913191590401466,
    0.3489420880852266,
    0.3487520256176994,
    0.3485617281684845,
    0.3483711954046331,
    0.34818042699319646,
    0.34798942260122573,
    0.34779818189577233,
    0.34760670454388737,
    0.34741499021262223,
    0.3472230385690281,
    0.3470308492801562,
    0.3468384220130578,
    0.34664575643478424,
    0.34645285221238675,
    0.34625970901291653,
    0.34606632650342484,
    0.34587270435096296,
    0.34567884222258216,
    0.34548473978533367,
    0.3452903967062687,
    0.34509581265243866,
    0.3449009872908947,
    0.3447059202886881,
    0.34451061131287,
    0.3443150600304918,
    0.3441192661086047,
    0.34392322921426,
    0.3437269490145089,
    0.3435304251764027,
    0.3433336573669927,
    0.34313664525332993,
    0.3429393885024659,
    0.3427418867814518,
    0.3425441397573389,
    0.34234614709717825,
    0.3421479084680214,
    0.3419494235369195,
    0.3417506919709237,
    0.34155171343708535,
    0.34135248760245573,
    0.34115301413408605,
    0.34095329269902763,
    0.3407533229643316,
    0.3405531045970493,
    0.340352637264232,
    0.3401519206329309,
    0.3399509543701973,
    0.33974973814308246,
    0.33954827161863765,
    0.33934655446391404,
    0.33914458634596295,
    0.33894236693183566,
    0.3387398958885834,
    0.33853717288325735,
    0.3383341975829089,
    0.3381309696545892,
    0.3379274887653496,
    0.33772375458224124,
    0.3375197667723155,
    0.3373155250026235,
    0.33711102894021666,
    0.3369062782521461,
    0.3367012726054631,
    0.336496011667219,
    0.33629049510446496,
    0.33608472258425226,
    0.33587869377363216,
    0.335672408339656,
    0.33546586868450085,
    0.33525907721034387,
    0.3350520363193623,
    0.3348447484137334,
    0.33463721589563417,
    0.334429441167242,
    0.3342214266307339,
    0.3340131746882872,
    0.33380468774207883,
    0.3335959681942863,
    0.33338701844708657,
    0.33317784090265684,
    0.3329684379631744,
    0.3327588120308163,
    0.33254896550775986,
    0.33233890079618217,
    0.33212862029826035,
    0.33191812641617174,
    0.33170742155209343,
    0.33149650810820264,
    0.33128538848667644,
    0.33107406508969217,
    0.3308625403194269,
    0.3306508165780579,
    0.33043889626776224,
    0.3302267817907172,
    0.3300144755490999,
    0.32980197994508753,
    0.32958929738085735,
    0.32937643025858643,
    0.32916338098045206,
    0.32895015194863125,
    0.3287367455653014,
    0.32852316423263955,
    0.3283094103528229,
    0.32809548632802865,
    0.32788139456043397,
    0.3276671374522161,
    0.32745271740555215,
    0.3272381368226193,
    0.3270233981055948,
    0.32680850365665576,
    0.3265934558779794,
    0.32637825717174285,
    0.32616290994012337,
    0.32594741658529813,
    0.32573177950944426,
    0.32551600111473894,
    0.3253000838033594,
    0.32508402997748276,
    0.3248678420392863,
    0.32465152239094713,
    0.32443507343464245,
    0.3242184975725494,
    0.3240017972068452,
    0.3237849747397071,
    0.3235680325733121,
    0.3233509731098375,
    0.32313379875146053,
    0.3229165119003583,
    0.322699114958708,
    0.32248161032868683,
    0.32226400041247194,
    0.3220462876122406,
    0.32182847433016976,
    0.3216105629684369,
    0.32139255592921906,
    0.3211744556146934,
    0.32095626442703706,
    0.3207379847684274,
    0.3205196190410414,
    0.32030116964705646,
    0.32008263898864947,
    0.31986402946799786,
    0.31964534348727874,
    0.3194265834486693,
    0.3192077517543466,
    0.31898885080648803,
    0.3187698830072706,
    0.31855085075887163,
    0.3183317564634681,
    0.3181126025232374,
    0.3178933913403566,
    0.31767412531700295,
    0.31745480685535354,
    0.31723543835758566,
    0.3170160222258764,
    0.31679656086240293,
    0.31657705666934255,
    0.31635751204887236,
    0.31613792940316954,
    0.31591831113441127,
    0.3156986596447748,
    0.3154789773364372,
    0.3152592666115757,
    0.3150395298723675,
    0.3148197695209898,
    0.31459998795961974,
    0.3143801875904345,
    0.31416037081561127,
    0.31394054003732724,
    0.3137206976577596,
    0.31350084607908557,
    0.31328098770348217,
    0.31306112493312677,
    0.3128412601701964,
    0.31262139581686843,
    0.3124015342753198,
    0.31218167794772794,
    0.31196182923626986,
    0.31174199054312274,
    0.31152216427046386,
    0.31130235282047036,
    0.3110825585953194,
    0.31086278399718814,
    0.3106430314282539,
    0.3104233032906937,
    0.3102036019866848,
    0.3099839299184043,
    0.30976428948802953,
    0.3095446830977375,
    0.30932511314970557,
    0.30910558204611077,
    0.3088860921891304,
    0.3086666459809415,
    0.3084472458237214,
    0.3082278941196472,
    0.3080085932708961,
    0.3077893456796453,
    0.3075701537480719,
    0.3073510198783531,
    0.30713194647266623,
    0.30691293593318836,
    0.30669399066209657,
    0.30647511306156827,
    0.30625630553378047,
    0.3060375704809104,
    0.3058189103051352,
    0.3056003274086322,
    0.3053818241935784,
    0.30516340306215106,
    0.30494506641652736,
    0.3047268166588845,
    0.30450865619139966,
    0.30429058741625,
    0.3040726127356126,
    0.30385473455166484,
    0.3036369552665838,
    0.3034192772825467,
    0.3032017030017306,
    0.30298423482631287,
    0.30276687515847056,
    0.30254962640038086,
    0.302332490954221,
    0.30211547122216814,
    0.3018985696063994,
    0.30168178850909205,
    0.3014651303324233,
    0.30124859747857025,
    0.30103219234971007,
    0.30081591734802,
    0.3005997748756772,
    0.30038376733485883,
    0.3001678971277421,
    0.2999521666565042,
    0.2997365783233223,
    0.29952113453037355,
    0.29930583767983515,
    0.29909069017388434,
    0.2988756944146982,
    0.298660852804454,
    0.29844616774532884,
    0.2982316416395,
    0.2980172768891446,
    0.29780307589643973,
    0.29758904106356276,
    0.29737517479269077,
    0.29716147948600097,
    0.29694795754567044,
    0.2967346113738765,
    0.29652144337279635,
    0.29630845594460703,
    0.29609565149148576,
    0.2958830324156098,
    0.2956706011191563,
    0.2954583600043024,
    0.2952463114732253,
    0.2950344579281022,
    0.29482280177111025,
    0.2946113454044267,
    0.2944000912302286,
    0.29418904165069326,
    0.2939781990679978,
    0.29376756588431946,
    0.2935571445018353,
    0.29334693732272266,
    0.29313694674915863,
    0.29292717518332034,
    0.2927176250273851,
    0.29250829868353,
    0.29229919855393227,
    0.292090327040769,
    0.2918816865462175,
    0.2916732794724549,
    0.2914651082216584,
    0.291257175196005,
    0.29104948279767223,
    0.290842033428837,
    0.29063482949167657,
    0.29042787338836806,
    0.29022116752108884,
    0.29001471429201586,
    0.2898085161033265,
    0.28960257535719774,
    0.2893968944558069,
    0.2891914758013312,
    0.2889863217959477,
    0.2887814348418336,
    0.28857681734116614,
    0.2883724716961225,
    0.2881684003088798,
    0.2879646055816153,
    0.2877610899165061,
    0.2875578557157295,
    0.2873549053814625,
    0.28715224131588246,
    0.28694986592116645,
    0.2867477815994917,
    0.2865459907530354,
    0.2863444957839747,
    0.28614329909448677,
    0.28594240308674884,
    0.28574181016293804,
    0.2855415227252316,
    0.2853415431758067,
    0.2851418739168405,
    0.28494251735051007,
    0.28474347587899285,
    0.2845447519044658,
    0.28434634782910617,
    0.28414826605509114,
    0.28395050898459795,
    0.28375307901980373,
    0.2835559785628856,
    0.2833592100160209,
    0.28316277578138666,
    0.2829666782611601,
    0.2827709198575184,
    0.28257550297263884,
    0.2823804300086985,
    0.2821857033678746,
    0.2819913254523442,
    0.28179729866428466,
    0.28160362540587314,
    0.2814103080792867,
    0.2812173490867026,
    0.28102475083029804,
    0.2808325157122501,
    0.2806406461347361,
    0.2804491444999332,
    0.2802580132100185,
    0.28006725466716914,
    0.2798768712735624,
    0.27968686543137555,
    0.2794972395427856,
    0.27930799600996975,
    0.2791191372351053,
    0.27893066562036933,
    0.2787425835679391,
    0.2785548934799916,
    0.2783675977587043,
    0.2781806988062542,
    0.2779941990248185,
    0.27780810081657437,
    0.2776224065836991,
    0.27743711872836974,
    0.27725223965276347,
    0.2770677717590576,
    0.2768837174494292,
    0.2767000791260555,
    0.27651685919111363,
    0.27633406004678085,
    0.27615168409523433,
    0.2759697337386512,
    0.2757882113792086,
    0.2756071194190839,
    0.2754264602604541,
    0.27524623630549644,
    0.27506644995638807,
    0.2748871036153062,
    0.27470819968442806,
    0.27452974056593077,
    0.2743517286619915,
    0.2741741663747875,
    0.2739970561064959,
    0.2738204002592939,
    0.2736442012353586,
    0.2734684614368673,
    0.27329318326599716,
    0.2731183691249254,
    0.27294402141582896,
    0.27277014254088533,
    0.27259673490227154,
    0.2724238009021647,
    0.2722513429427422,
    0.2720793634261811,
    0.27190786475465856,
    0.2717368493303518,
    0.271566319555438,
    0.2713962778320943,
    0.27122672656249797,
    0.27105766814882604,
    0.27088910499325586,
    0.27072103949796456,
    0.27055347406512925,
    0.2703864110969271,
    0.2702198529955355,
    0.2700538021631314,
    0.2698882610018921,
    0.2697232319139947,
    0.2695587173016165,
    0.26939471956693456,
    0.26923124111212615,
    0.26906828433936836,
    0.2689058516508384,
    0.2687439454487136,
    0.2685825681351709,
    0.26842172211238763,
    0.268261409782541,
    0.2681016335478081,
    0.26794239581036605,
    0.26778369897239224,
    0.2676255454360637,
    0.2674679376035577,
    0.26731087787705127,
    0.2671543686587218,
    0.2669984123507463,
    0.26684301135530203,
    0.26668816807456613,
    0.26653388491071583,
    0.2663801642659283,
    0.2662270085423807,
    0.2660744201422502,
    0.26592240146771406,
    0.2657709549209494,
    0.26562008290413336,
    0.26546978781944314,
    0.26532007206905606,
    0.26517093805514913,
    0.26502238817989954,
    0.26487442484548457,
    0.2647270504540814,
    0.2645802674078671,
    0.264434078109019,
    0.26428848495971413,
    0.26414349036212975,
    0.26399909671844307,
    0.26385530643083116,
    0.26371212190147136,
    0.26356954553254075,
    0.26342757972621655,
    0.2632862268846759,
    0.26314548941009597,
    0.26300536970465405,
    0.26286587017052715,
    0.26272699320989257,
    0.26258874122492754,
    0.26245111661780907,
    0.2623141217907145,
    0.262177759145821,
    0.2620420310853056,
    0.2619069400113456,
    0.2617724883261182,
    0.2616386784318006,
    0.2615055127305699,
    0.26137299362460326,
    0.2612411235160779,
    0.2611099048071711,
    0.26097933990005995,
    0.2608494311969216,
    0.2607201810999333,
    0.26059159201127213,
    0.26046366633311546,
    0.2603364064676402,
    0.2602098148170238,
    0.2600838937834433,
    0.259958645769076,
    0.25983407317609886,
    0.2597101784066892,
    0.25958696386302427,
    0.2594644319472811,
    0.259342585061637,
    0.2592214256082691,
    0.25910095598935456,
    0.25898117860707054,
    0.2588620958635943,
    0.258743710161103,
    0.2586260239017738,
    0.25850903948778386,
    0.25839275932131045,
    0.25827718580453063,
    0.2581623213396217,
    0.25804816832876065,
    0.25793472917412497,
    0.25782200627789154,
    0.25771000204223776,
    0.2575987188693406,
    0.25748815916137746,
    0.25737832532052546,
    0.25726921974896166,
    0.2571608448488633,
    0.25705320302240764,
    0.2569462966717718,
    0.25684012819913293,
    0.2567347000066683,
    0.2566300144965551,
    0.2565260740709704,
    0.2564228811320914,
    0.25632043808209537,
    0.2562187473231594,
    0.25611781125746075,
    0.25601763228717644,
    0.2559182128144839,
    0.2558195552415602,
    0.25572166197058244,
    0.25562453540372787,
    0.2555281779431737,
    0.2554325919910971,
    0.2553377799496752,
    0.2552437442210852,
    0.25515048720750433,
    0.2550580113111097,
    0.25496631893407856,
    0.254875412478588,
    0.25478529434681535,
    0.25469596694093766,
    0.2546074326631321,
    0.254519693915576,
    0.25443275310044644,
    0.2543466126199206,
    0.2542612748761756,
    0.25417674227138876,
    0.2540930172077372,
    0.25401010208739805,
    0.25392799931254856,
    0.2538467112853659,
    0.2537662404080272,
    0.25368658908270975,
    0.2536077597115906,
    0.253529754696847,
    0.25345257644065616,
    0.25337622734519527,
    0.25330070981264136,
    0.25322602624517176,
    0.2531521790449637,
    0.25307917061419416,
    0.25300700335504045,
    0.2529356796696797,
    0.2528652019602892,
    0.25279557262904606,
    0.2527267940781275,
    0.25265886870971055,
    0.2525917989259726,
    0.2525255871290907,
    0.25246023572124204,
    0.25239574710460394,
    0.2523321236813533,
    0.2522693678536676,
    0.2522074820237239,
    0.2521464685936993,
    0.25208632996577107,
    0.2520270685421164,
    0.25196868672491246,
    0.25191118691633635,
    0.2518545715185654,
    0.25179884293377663,
    0.2517440035641474,
    0.2516900558118547,
    0.2516370020790759,
    0.2515848447679881,
    0.2515335862807684,
    0.2514832290195941,
    0.25143377538664224,
    0.2513852277840902,
    0.25133758861411504,
    0.2512908602788939,
    0.2512450451806041,
    0.2512001457214227,
    0.251156164303527,
    0.251113103329094,
    0.251070965200301,
    0.25102975231932523,
    0.2509894670883438,
    0.2509501119095338,
    0.25091168918507256,
    0.2508742013171373,
    0.250837650707905,
    0.250802039759553,
    0.2507673708742585,
    0.25073364645419854,
    0.25070086509666967,
    0.25066902539896835,
    0.2506381259583911,
    0.2506081653722342,
    0.2505791422377941,
    0.2505510551523675,
    0.2505239027132506,
    0.25049768351774004,
    0.2504723961631321,
    0.25044803924672343,
    0.25042461136581035,
    0.2504021111176894,
    0.25038053709965685,
    0.25035988790900937,
    0.25034016214304333,
    0.2503213583990552,
    0.2503034752743414,
    0.25028651136619845,
    0.25027046527192276,
    0.25025533558881075,
    0.2502411209141589,
    0.25022781984526377,
    0.25021543097942167,
    0.25020395291392905,
    0.25019338424608245,
    0.2501837235731783,
    0.25017496949251317,
    0.25016712060138324,
    0.25016017549708514,
    0.2501541327769154,
    0.25014899103817034,
    0.2501447488781464,
    0.25014140489414016,
    0.250138957683448,
    0.2501374058433664,
    0.25013674797119173,
    0.2501369826642206,
    0.2501381085197493,
    0.25014012413507447,
    0.25014302810749234,
    0.2501468190342995,
    0.2501514955127924,
    0.2501570561402675,
    0.25016349951402117,
    0.25017082423135006,
    0.25017902888955046,
    0.25018811208591873,
    0.2501980724177516,
    0.25020890848234534,
    0.2502206188769964,
    0.25023320219900136,
    0.2502466570456565,
    0.2502609820142585,
    0.2502761757021036,
    0.2502922367064883,
    0.25030916362470923,
    0.2503269550540626,
    0.25034560959184504,
    0.25036512583535286,
    0.2503855023818826,
    0.2504067378287308,
    0.25042883077319383,
    0.25045177981256805,
    0.25047558354415,
    0.25050024056523623,
    0.250525749473123,
    0.250552108865107,
    0.2505793173384845,
    0.25060737349055195,
    0.25063627591860593,
    0.25066602321994286,
    0.2506966139918591,
    0.2507280468316512,
    0.25076032033661555,
    0.25079343310404867,
    0.25082738373124697,
    0.2508621708155069,
    0.25089779295412495,
    0.25093424874439757,
    0.25097153678362116,
    0.2510096556690923,
    0.2510486039981073,
    0.2510883803679627,
    0.2511289833759549,
    0.2511704116193805,
    0.25121266369553574,
    0.2512557382017172,
    0.25129963373522124,
    0.2513443488933445,
    0.2513898822733833,
    0.25143623247263414,
    0.2514833980883934,
    0.2515313777179576,
    0.2515801699586232,
    0.2516297734076866,
    0.2516801866624443,
    0.2517314083201928,
    0.25178343697822847,
    0.2518362712338478,
    0.2518899096843472,
    0.2519443509270232,
    0.25199959355917223,
    0.25205563617809074,
    0.2521124773810752,
    0.25217011576542203,
    0.2522285499284277,
    0.2522877784673886,
    0.25234779997960133,
    0.2524086130623623,
    0.25247021631296784,
    0.25253260832871455,
    0.25259578770689883,
    0.25265975304481714,
    0.2527245029397659,
    0.2527900359890416,
    0.25285635078994073,
    0.2529234459397597,
    0.25299132003579494,
    0.2530599716753429,
    0.2531293994557001,
    0.253199601974163,
    0.2532705778280281,
    0.2533423256145916,
    0.2534148439311502,
    0.25348813137500037,
    0.2535621865434383,
    0.25363700803376077,
    0.2537125944432641,
    0.2537889443692447,
    0.25386605640899895,
    0.25394392915982356,
    0.2540225612190148,
    0.25410195118386913,
    0.2541820976516831,
    0.25426299921975304,
    0.2543446544853755,
    0.254427062045847,
    0.2545102204984637,
    0.25459412844052237,
    0.25467878446931935,
    0.2547641871821511,
    0.254850335176314,
    0.25493722704910465,
    0.25502486139781944,
    0.2551132368197548,
    0.2552023519122071,
    0.255292205272473,
    0.2553827954978488,
    0.255474121185631,
    0.2555661809331161,
    0.2556589733376005,
    0.2557524969963807,
    0.25584675050675304,
    0.25594173246601415,
    0.25603744147146035,
    0.2561338761203881,
    0.2562310350100939,
    0.2563289167378743,
    0.2564275199010255,
    0.25652684309684426,
    0.25662688492262675,
    0.2567276439756696,
    0.2568291188532693,
    0.25693130815272214,
    0.2570342104713247,
    0.25713782440637334,
    0.2572421485551647,
    0.257347181514995,
    0.2574529218831608,
    0.2575593682569586,
    0.2576665192336848,
    0.2577743734106358,
    0.2578829293851082,
    0.2579921857543984,
    0.2581021411158028,
    0.2582127940666179,
    0.2583241432041401,
    0.25843618712566596,
    0.25854892442849176,
    0.2586623537099142,
    0.25877647356722955,
    0.2588912825977343,
    0.25900677939872485,
    0.25912296256749784,
    0.2592398307013496,
    0.25935738239757655,
    0.25947561625347515,
    0.259594530866342,
    0.2597141248334734,
    0.2598343967521658,
    0.25995534521971575,
    0.26007696883341974,
    0.2601992661905741,
    0.26032223588847525,
    0.26044587652441986,
    0.2605701866957042,
    0.2606951649996248,
    0.260820810033478,
    0.2609471203945605,
    0.2610740946801685,
    0.2612017314875986,
    0.2613300294141472,
    0.2614589870571108,
    0.2615886030137858,
    0.2617188758814687,
    0.26184980425745585,
    0.26198138673904386,
    0.26211362192352916,
    0.26224650840820807,
    0.26238004479037713,
    0.26251422966733284,
    0.26264906163637164,
    0.2627845392947899,
    0.2629206612398841,
    0.2630574260689509,
    0.2631948323792864,
    0.26333287876818734,
    0.26347156383295,
    0.26361088617087103,
    0.2637508443792467,
    0.26389143705537343,
    0.2640326627965479,
    0.2641745202000664,
    0.26431700786322543,
    0.26446012438332134,
    0.2646038683576508,
    0.26474823838351014,
    0.2648932330581958,
    0.26503885097900426,
    0.26518509074323193,
    0.26533195094817535,
    0.26547943019113096,
    0.2656275270693951,
    0.26577624018026436,
    0.2659255681210352,
    0.26607550948900394,
    0.2662260628814671,
    0.2663772268957213,
    0.2665290001290627,
    0.2666813811787879,
    0.26683436864219345,
    0.2669879611165757,
    0.26714215719923107,
    0.267296955487456,
    0.26745235457854716,
    0.26760835306980074,
    0.2677649495585134,
    0.2679221426419814,
    0.2680799309175013,
    0.26823831298236966,
    0.26839728743388275,
    0.26855685286933706,
    0.26871700788602915,
    0.2688777510812554,
    0.2690390810523122,
    0.26920099639649614,
    0.26936349571110363,
    0.2695265775934311,
    0.26969024064077496,
    0.26985448345043184,
    0.27001930461969803,
    0.27018470274587003,
    0.2703506764262442,
    0.2705172242581172,
    0.27068434483878534,
    0.2708520367655451,
    0.2710202986356929,
    0.2711891290465253,
    0.2713585265953387,
    0.27152848987942957,
    0.27169901749609426,
    0.27187010804262934,
    0.2720417601163313,
    0.27221397231449646,
    0.27238674323442136,
    0.27256007147340244,
    0.27273395562873615,
    0.27290839429771896,
    0.27308338607764726,
    0.27325892956581765,
    0.2734350233595264,
    0.2736116660560701,
    0.27378885625274524,
    0.2739665925468482,
    0.2741448735356753,
    0.2743236978165232,
    0.2745030639866882,
    0.274682970643467,
    0.27486341638415573,
    0.2750443998060511,
    0.2752259195064495,
    0.2754079740826473,
    0.275590562131941,
    0.2757736822516271,
    0.275957333039002,
    0.27614151309136215,
    0.2763262210060041,
    0.2765114553802242,
    0.2766972148113189,
    0.2768834978965848,
    0.27707030323331816,
    0.2772576294188156,
    0.2774454750503735,
    0.27763383872528824,
    0.2778227190408564,
    0.27801211459437436,
    0.27820202398313865,
    0.2783924458044456,
    0.2785833786555918,
    0.27877482113387364,
    0.2789667718365876,
    0.27915922936103005,
    0.2793521923044976,
    0.27954565926428654,
    0.27973962883769343,
    0.27993409962201465,
    0.2801290702145468,
    0.28032453921258615,
    0.28052050521342925,
    0.2807169668143726,
    0.28091392261271253,
    0.28111137120574564,
    0.28130931119076824,
    0.28150774116507693,
    0.28170665972596803,
    0.2819060654707381,
    0.28210595699668345,
    0.28230633290110074,
    0.2825071917812863,
    0.2827085322345366,
    0.28291035285814803,
    0.28311265224941723,
    0.28331542900564044,
    0.2835186817241143,
    0.2837224090021351,
    0.28392660943699943,
    0.28413128162600365,
    0.28433642416644433,
    0.28454203565561775,
    0.2847481146908205,
    0.284954659869349,
    0.28516166978849966,
    0.28536914304556904,
    0.28557707823785355,
    0.28578547396264964,
    0.2859943288172536,
    0.2862036413989622,
    0.2864134103050717,
    0.2866236341328786,
    0.28683431147967925,
    0.2870454409427703,
    0.28725702111944806,
    0.287469050607009,
    0.2876815280027496,
    0.2878944519039664,
    0.2881078209079557,
    0.28832163361201407,
    0.2885358886134379,
    0.2887505845095237,
    0.2889657198975678,
    0.28918129337486687,
    0.2893973035387171,
    0.28961374898641523,
    0.2898306283152575,
    0.2900479401225404,
    0.2902656830055605,
    0.29048385556161416,
    0.29070245638799785,
    0.29092148408200796,
    0.2911409372409411,
    0.2913608144620936,
    0.29158111434276196,
    0.2918018354802426,
    0.292022976471832,
    0.2922445359148267,
    0.292466512406523,
    0.29268890454421737,
    0.2929117109252064,
    0.2931349301467865,
    0.293358560806254,
    0.2935826015009055,
    0.2938070508280374,
    0.2940319073849461,
    0.2942571697689282,
    0.29448283657727997,
    0.2947089064072981,
    0.2949353778562787,
    0.2951622495215186,
    0.29538952000031404,
    0.2956171878899615,
    0.29584525178775745,
    0.2960737102909984,
    0.2963025619969807,
    0.29653180550300084,
    0.2967614394063553,
    0.2969914623043406,
    0.29722187279425305,
    0.2974526694733892,
    0.2976838509390455,
    0.2979154157885184,
    0.29814736261910435,
    0.2983796900280998,
    0.29861239661280115,
    0.2988454809705049,
    0.29907894169850757,
    0.29931277739410556,
    0.2995469866545953,
    0.2997815680772733,
    0.3000165202594359,
    0.3002518417983797,
    0.3004875312914011,
    0.30072358733579657,
    0.3009600085288625,
    0.30119679346789535,
    0.3014339407501917,
    0.3016714489730479,
    0.3019093167337604,
    0.3021475426296256,
    0.3023861252579402,
    0.30262506321600036,
    0.30286435510110277,
    0.3031039995105436,
    0.30334399504161963,
    0.3035843402916272,
    0.30382503385786264,
    0.30406607433762245,
    0.3043074603282032,
    0.3045491904269013,
    0.30479126323101313,
    0.30503367733783526,
    0.30527643134466403,
    0.305519523848796,
    0.30576295344752746,
    0.3060067187381551,
    0.3062508183179752,
    0.3064952507842843,
    0.30674001473437873,
    0.3069851087655551,
    0.3072305314751098,
    0.30747628146033934,
    0.30772235731854003,
    0.30796875764700843,
    0.30821548104304103,
    0.3084625261039342,
    0.3087098914269844,
    0.30895757560948817,
    0.30920557724874187,
    0.30945389494204206,
    0.30970252728668507,
    0.30995147287996744,
    0.3102007303191856,
    0.31045029820163594,
    0.31070017512461506,
    0.31095035968541934,
    0.3112008504813452,
    0.3114516461096891,
    0.31170274516774754,
    0.311954146252817,
    0.31220584796219386,
    0.3124578488931745,
    0.3127101476430556,
    0.3129627428091335,
    0.31321563298870464,
    0.3134688167790654,
    0.3137222927775124,
    0.313976059581342,
    0.3142301157878507,
    0.31448445999433483,
    0.31473909079809104,
    0.31499400679641565,
    0.31524920658660516,
    0.31550468876595594,
    0.3157604519317646,
    0.3160164946813275,
    0.31627281561194104,
    0.3165294133209018,
    0.3167862864055062,
    0.31704343346305064,
    0.31730085309083156,
    0.3175585438861456,
    0.31781650444628895,
    0.3180747333685583,
    0.31833322925024987,
    0.3185919906886603,
    0.31885101628108603,
    0.3191103046248234,
    0.31936985431716897,
    0.3196296639554192,
    0.31988973213687044,
    0.3201500574588193,
    0.3204106385185621,
    0.32067147391339534,
    0.32093256224061545,
    0.32119390209751897,
    0.3214554920814022,
    0.3217173307895618,
    0.32197941681929404,
    0.32224174876789546,
    0.3225043252326626,
    0.32276714481089175,
    0.32303020612434885,
    0.32329350779480015,
    0.32355704844401134,
    0.32382082669374856,
    0.3240848411657776,
    0.3243490904818647,
    0.32461357326377566,
    0.32487828813327646,
    0.32514323371213305,
    0.3254084086221115,
    0.32567381148497765,
    0.3259394409224976,
    0.32620529555643724,
    0.32647137400856263,
    0.32673767490063965,
    0.3270041968544342,
    0.3272709384917125,
    0.3275378984342403,
    0.3278050753037837,
    0.3280724677221086,
    0.328340074310981,
    0.3286078936921668,
    0.32887592448743214,
    0.3291441653185428,
    0.3294126148072649,
    0.3296812715753643,
    0.3299501342446071,
    0.3302192014367591,
    0.3304884717735865,
    0.33075794387685503,
    0.33102761636833083,
    0.33129748786977975,
    0.3315675570029679,
    0.3318378223896612,
    0.3321082826516255,
    0.33237893641062694,
    0.3326497822884314,
    0.3329208189068049,
    0.33319204488751336,
    0.3334634588523228,
    0.3337350594229992,
    0.3340068452213085,
    0.3342788148690166,
    0.33455096698788966,
    0.3348233001996935,
    0.33509581312619413,
    0.33536850438915744,
    0.3356413726103496,
    0.33591441641153647,
    0.33618763441448396,
    0.3364610252409581,
    0.3367345875127249,
    0.33700831985155033,
    0.3372822208792003,
    0.33755628921744074,
    0.33783052348803777,
    0.33810492231275735,
    0.33837948431336523,
    0.33865420811162766,
    0.33892909232931046,
    0.33920413558817963,
    0.3394793365100011,
    0.33975469371654093,
    0.34003020582956506,
    0.34030587147083946,
    0.34058168926213006,
    0.3408576578252029,
    0.3411337757818239,
    0.34141004175375905,
    0.3416864543627743,
    0.34196301223063563,
    0.3422397139791091,
    0.3425165582299606,
    0.342793543604956,
    0.34307066872586145,
    0.3433479322144429,
    0.34362533269246626,
    0.3439028687816974,
    0.34418053910390256,
    0.3444583422808475,
    0.3447362769342982,
    0.3450143416860208,
    0.34529253515778113,
    0.3455708559713451,
    0.3458493027484788,
    0.34612787411094825,
    0.34640656868051933,
    0.346685385078958,
    0.34696432192803023,
    0.34724337784950204,
    0.34752255146513944,
    0.34780184139670833,
    0.3480812462659746,
    0.3483607646947044,
    0.3486403953046636,
    0.34892013671761823,
    0.3491999875553342,
    0.3494799464395775,
    0.34976001199211415,
    0.35004018283471006,
    0.3503204575891312,
    0.35060083487714355,
    0.3508813133205131,
    0.35116189154100586,
    0.35144256816038777,
    0.3517233418004248,
    0.3520042110828828,
    0.352285174629528,
    0.3525662310621262,
    0.35284737900244334,
    0.35312861707224547,
    0.3534099438932986,
    0.3536913580873686,
    0.35397285827622155,
    0.35425444308162324,
    0.3545361111253399,
    0.35481786102913726,
    0.3550996914147815,
    0.35538160090403836,
    0.35566358811867405,
    0.3559456516804544,
    0.35622779021114537,
    0.35651000233251307,
    0.35679228666632334,
    0.3570746418343422,
    0.35735706645833554,
    0.35763955916006945,
    0.3579221185613099,
    0.3582047432838228,
    0.3584874319493741,
    0.35877018317972986,
    0.359052995596656,
    0.3593358678219185,
    0.3596187984772833,
    0.3599017861845164,
    0.36018482956538383,
    0.3604679272416515,
    0.3607510778350853,
    0.36103427996745135,
    0.3613175322605156,
    0.361600833336044,
    0.36188418181580234,
    0.3621675763215569,
    0.3624510154750735,
    0.36273449789811807,
    0.36301802221245666,
    0.36330158703985527,
    0.36358519100207976,
    0.3638688327208961,
    0.36415251081807043,
    0.36443622391536856,
    0.3647199706345566,
    0.3650037495974003,
    0.3652875594256658,
    0.36557139874111916,
    0.36585526616552616,
    0.3661391603206528,
    0.36642307982826516,
    0.3667070233101291,
    0.3669909893880107,
    0.3672749766836758,
    0.3675589838188905,
    0.36784300941542075,
    0.36812705209503244,
    0.3684111104794916,
    0.36869518319056416,
    0.3689792688500162,
    0.3692633660796135,
    0.36954747350112227,
    0.36983158973630836,
    0.3701157134069377,
    0.37039984313477625,
    0.3706839775415901,
    0.3709681152491452,
    0.37125225487920743,
    0.3715363950535428,
    0.3718205343939174,
    0.372104671522097,
    0.37238880505984767,
    0.3726729336289354,
    0.37295705585112615,
    0.3732411703481859,
    0.3735252757418806,
    0.3738093706539762,
    0.3740934537062387,
    0.3743775235204341,
    0.3746615787183284,
    0.3749456179216874,
    0.37522963975227724,
    0.3755136428318639,
    0.3757976257822132,
    0.3760815872250912,
    0.376365525782264,
    0.3766494400754974,
    0.3769333287265574,
    0.37721719035720996,
    0.37750102358922116,
    0.3777848270443569,
    0.378068599344383,
    0.37835233911106575,
    0.378636044966171,
    0.3789197155314645,
    0.3792033494287125,
    0.37948694527968085,
    0.37977050170613547,
    0.3800540173298425,
    0.3803374907725678,
    0.38062092065607733,
    0.38090430560213706,
    0.38118764423251306,
    0.38147093516897124,
    0.3817541770332776,
    0.38203736844719793,
    0.38232050803249845,
    0.38260359441094505,
    0.38288662620430364,
    0.38316960203434025,
    0.3834525205228208,
    0.3837353802915114,
    0.38401817996217785,
    0.3843009181565861,
    0.3845835934965024,
    0.3848662046036925,
    0.38514875009992233,
    0.38543122860695794,
    0.3857136387465654,
    0.38599597914051054,
    0.3862782484105593,
    0.3865604451784778,
    0.38684256806603196,
    0.38712461569498774,
    0.38740658668711103,
    0.387688479664168,
    0.3879702932479244,
    0.38825202606014636,
    0.38853367672259975,
    0.3888152438570506,
    0.3890967260852649,
    0.38937812202900857,
    0.38965943031004757,
    0.3899406495501479,
    0.3902217783710756,
    0.3905028153945966,
    0.3907837592424767,
    0.39106460853648217,
    0.39134536189837876,
    0.39162601794993257,
    0.39190657531290946,
    0.3921870326090755,
    0.3924673884601966,
    0.39274764148803876,
    0.3930277903143679,
    0.3933078335609501,
    0.3935877698495513,
    0.39386759780193736,
    0.3941473160398744,
    0.39442692318512834,
    0.3947064178594651,
    0.39498579868465067,
    0.39526506428245106,
    0.39554421327463224,
    0.3958232442829602,
    0.3961021559292008,
    0.3963809468351201,
    0.3966596156224841,
    0.3969381609130587,
    0.39721658132860993,
    0.39749487549090373,
    0.3977730420217061,
    0.398051079542783,
    0.39832898667590033,
    0.3986067620428242,
    0.39888440426532046,
    0.39916191196515516,
    0.3994392837640942,
    0.39971651828390364,
    0.39999361414634943,
    0.40027056997319743,
    0.4005473843862138,
    0.40082405600716436,
    0.40110058345781513,
    0.40137696535993206,
    0.4016532003352812,
    0.40192928700562847,
    0.40220522399273984,
    0.4024810099183812,
    0.4027566434043187,
    0.4030321230723182,
    0.4033074475441457,
    0.40358261544156715,
    0.40385762538634856,
    0.40413247600025587,
    0.40440716590505504,
    0.404681693722512,
    0.4049560580743929,
    0.4052302575824635,
    0.4055042908684899,
    0.40577815655423805,
    0.4060518532614739,
    0.40632537961196347,
    0.4065987342274726,
    0.40687191572976744,
    0.40714492274061387,
    0.40741775388177787,
    0.40769040777502535,
    0.40796288304212247,
    0.408235178304835,
    0.408507292184929,
    0.40877922330417044,
    0.40905097028432524,
    0.4093225317471595,
    0.409593906314439,
    0.40986509260792986,
    0.41013608924939804,
    0.4104068948606094,
    0.41067750806333003,
    0.41094792747932596,
    0.41121815173036297,
    0.41148817943820715,
    0.41175800922462447,
    0.4120276397113809,
    0.41229706952024237,
    0.41256629727297484,
    0.4128353215913444,
    0.4131041410971169,
    0.41337275441205834,
    0.4136411601579347,
    0.413909356956512,
    0.41417734342955614,
    0.4144451181988332,
    0.41471267988610894,
    0.4149800271131496,
    0.41524715850172095,
    0.41551407267358903,
    0.4157807682505198,
    0.41604724385427927,
    0.41631349810663343,
    0.4165795296293481,
    0.4168453370441894,
    0.41711091897292335,
    0.41737627403731575,
    0.41764140085913265,
    0.41790629806014007,
    0.41817096426210393,
    0.41843539808679026,
    0.41869959815596486,
    0.41896356309139393,
    0.41922729151484334,
    0.41949078204807905,
    0.419754033312867,
    0.4200170439309732,
    0.4202798125241637,
    0.42054233771420435,
    0.42080461812286113,
    0.4210666523719001,
    0.4213284390830872,
    0.4215899768781884,
    0.4218512643789696
]