[
    0.17664771857938927,
    0.17653038255942224,
    0.17641256807353167,
    0.1762942764800711,
    0.17617550913739413,
    0.17605626740385427,
    0.1759365526378052,
    0.1758163661976004,
    0.17569570944159352,
    0.17557458372813806,
    0.17545299041558768,
    0.17533093086229587,
    0.17520840642661628,
    0.1750854184669024,
    0.1749619683415079,
    0.1748380574087863,
    0.1747136870270912,
    0.17458885855477613,
    0.17446357335019474,
    0.1743378327717005,
    0.17421163817764712,
    0.17408499092638807,
    0.17395789237627696,
    0.17383034388566737,
    0.17370234681291286,
    0.173573902516367,
    0.17344501235438342,
    0.1733156776853156,
    0.17318589986751723,
    0.1730556802593418,
    0.1729250202191429,
    0.1727939211052741,
    0.17266238427608904,
    0.17253041108994122,
    0.17239800290518426,
    0.1722651610801717,
    0.17213188697325715,
    0.17199818194279412,
    0.17186404734713628,
    0.17172948454463713,
    0.1715944948936503,
    0.17145907975252933,
    0.1713232404796278,
    0.17118697843329927,
    0.1710502949718974,
    0.17091319145377562,
    0.17077566923728763,
    0.17063772968078694,
    0.17049937414262717,
    0.17036060398116185,
    0.1702214205547446,
    0.17008182522172893,
    0.16994181934046848,
    0.1698014042693168,
    0.16966058136662748,
    0.16951935199075407,
    0.16937771750005018,
    0.16923567925286934,
    0.16909323860756517,
    0.1689503969224912,
    0.16880715555600104,
    0.16866351586644823,
    0.1685194792121864,
    0.16837504695156907,
    0.16823022044294988,
    0.16808500104468233,
    0.16793939011512005,
    0.1677933890126166,
    0.16764699909552555,
    0.16750022172220047,
    0.16735305825099495,
    0.16720551004026252,
    0.16705757844835684,
    0.1669092648336314,
    0.16676057055443982,
    0.1666114969691357,
    0.16646204543607254,
    0.166312217313604,
    0.16616201396008357,
    0.1660114367338649,
    0.16586048699330153,
    0.16570916609674705,
    0.165557475402555,
    0.165405416269079,
    0.1652529900546726,
    0.1651001981176894,
    0.1649470418164829,
    0.16479352250940676,
    0.16463964155481456,
    0.16448540031105982,
    0.16433080013649612,
    0.16417584238947708,
    0.16402052842835624,
    0.16386485961148717,
    0.16370883729722346,
    0.1635524628439187,
    0.16339573760992643,
    0.16323866295360026,
    0.16308124023329373,
    0.16292347080736047,
    0.16276535603415399,
    0.1626068972720279,
    0.16244809587933579,
    0.16228895321443118,
    0.1621294706356677,
    0.16196964950139892,
    0.1618094911699784,
    0.1616489969997597,
    0.1614881683490964,
    0.1613270065763421,
    0.16116551303985038,
    0.1610036890979748,
    0.16084153610906893,
    0.16067905543148633,
    0.16051624842358062,
    0.1603531164437053,
    0.16018966085021405,
    0.16002588300146037,
    0.15986178425579783,
    0.15969736597158007,
    0.15953262950716063,
    0.15936757622089304,
    0.15920220747113095,
    0.15903652461622786,
    0.15887052901453744,
    0.15870422202441317,
    0.1585376050042087,
    0.15837067931227755,
    0.15820344630697333,
    0.15803590734664957,
    0.15786806378965992,
    0.15769991699435792,
    0.1575314683190971,
    0.1573627191222311,
    0.15719367076211346,
    0.15702432459709778,
    0.1568546819855376,
    0.15668474428578652,
    0.1565145128561981,
    0.15634398905512595,
    0.1561731742409236,
    0.15600206977194467,
    0.15583067700654268,
    0.15565899730307128,
    0.15548703201988398,
    0.15531478251533437,
    0.15514225014777605,
    0.15496943627556256,
    0.1547963422570475,
    0.15462296945058443,
    0.15444931921452695,
    0.1542753929072286,
    0.154101191887043,
    0.15392671751232367,
    0.15375197114142425,
    0.15357695413269826,
    0.1534016678444993,
    0.15322611363518093,
    0.15305029286309674,
    0.1528742068866003,
    0.1526978570640452,
    0.152521244753785,
    0.15234437131417328,
    0.15216723810356358,
    0.15198984648030955,
    0.1518121978027647,
    0.15163429342928264,
    0.15145613471821692,
    0.15127772302792114,
    0.15109905971674886,
    0.15092014614305366,
    0.15074098366518912,
    0.1505615736415088,
    0.15038191743036627,
    0.15020201639011516,
    0.15002187187910898,
    0.14984148525570135,
    0.14966085787824582,
    0.14947999110509597,
    0.14929888629460536,
    0.1491175448051276,
    0.14893596799501624,
    0.14875415722262486,
    0.14857211384630706,
    0.14838983922441637,
    0.1482073347153064,
    0.1480246016773307,
    0.14784164146884288,
    0.14765845544819645,
    0.14747504497374508,
    0.14729141140384228,
    0.14710755609684165,
    0.14692348041109674,
    0.14673918570496114,
    0.14655467333678843,
    0.14636994466493217,
    0.14618500104774595,
    0.14599984384358336,
    0.14581447441079795,
    0.1456288941077433,
    0.145443104292773,
    0.1452571063242406,
    0.14507090156049968,
    0.14488449135990383,
    0.14469787708080661,
    0.14451106008156162,
    0.14432404172052243,
    0.14413682335604258,
    0.14394940634647568,
    0.1437617920501753,
    0.143573981825495,
    0.14338597703078837,
    0.143197779024409,
    0.1430093891647104,
    0.14282080881004622,
    0.14263203931877,
    0.14244308204923534,
    0.14225393835979577,
    0.14206460960880493,
    0.14187509715461633,
    0.14168540235558358,
    0.14149552657006026,
    0.1413054711563999,
    0.14111523747295615,
    0.14092482687808253,
    0.14073424073013263,
    0.14054348038746,
    0.14035254720841828,
    0.14016144255136098,
    0.13997016777464172,
    0.13977872423661403,
    0.1395871132956315,
    0.13939533631004775,
    0.13920339463821632,
    0.1390112896384908,
    0.13881902266922472,
    0.1386265950887717,
    0.1384340082554853,
    0.1382412635277191,
    0.13804836226382666,
    0.1378553058221616,
    0.13766209556107745,
    0.1374687328389278,
    0.1372752190140662,
    0.1370815554448463,
    0.13688774348962157,
    0.13669378450674569,
    0.13649967985457215,
    0.13630543089145458,
    0.1361110389757465,
    0.13591650546580158,
    0.1357218317199733,
    0.13552701909661527,
    0.1353320689540811,
    0.1351369826507243,
    0.13494176154489848,
    0.1347464069949572,
    0.1345509203592541,
    0.13435530299614268,
    0.13415955626397652,
    0.1339636815211092,
    0.13376768012589435,
    0.1335715534366855,
    0.13337530281183624,
    0.1331789296097001,
    0.1329824351886307,
    0.13278582090698163,
    0.1325890881231064,
    0.13239223819535867,
    0.13219527248209195,
    0.13199819234165983,
    0.1318009991324159,
    0.13160369421271373,
    0.1314062789409069,
    0.13120875467534898,
    0.13101112277439353,
    0.13081338459639413,
    0.1306155414997044,
    0.13041759484267784,
    0.13021954598366808,
    0.13002139628102868,
    0.1298231470931132,
    0.1296247997782753,
    0.1294263556948684,
    0.1292278162012462,
    0.12902918265576224,
    0.12883045641677007,
    0.1286316388426233,
    0.12843273129167548,
    0.1282337351222802,
    0.12803465169279105,
    0.1278354823615616,
    0.12763622848694536,
    0.127436891427296,
    0.12723747254096704,
    0.12703797318631208,
    0.12683839472168468,
    0.1266387385054384,
    0.12643900589592685,
    0.1262391982515036,
    0.1260393169305222,
    0.12583936329133624,
    0.1256393386922993,
    0.12543924449176497,
    0.12523908204808676,
    0.12503885271961834,
    0.1248385578647132,
    0.124638198841725,
    0.12443777700900722,
    0.12423729372491352,
    0.12403675034779742,
    0.1238361482360125,
    0.12363548874791236,
    0.12343477324185055,
    0.1232340030761807,
    0.1230331796092563,
    0.122832304199431,
    0.12263137820505833,
    0.12243040298449187,
    0.12222937989608523,
    0.12202831029819194,
    0.12182719554916561,
    0.12162603700735981,
    0.1214248360311281,
    0.12122359397882404,
    0.12102231220880125,
    0.12082099207941327,
    0.12061963494901369,
    0.12041824217595609,
    0.12021681511859404,
    0.12001535513528111,
    0.11981386358437088,
    0.11961234182421691,
    0.1194107912131728,
    0.11920921310959212,
    0.11900760887182844,
    0.11880597985823534,
    0.11860432742716637,
    0.11840265293697513,
    0.11820095774601522,
    0.11799924321264016,
    0.11779751069520356,
    0.11759576155205897,
    0.11739399714156,
    0.1171922188220602,
    0.11699042795191317,
    0.11678862588947245,
    0.11658681399309163,
    0.1163849936211243,
    0.11618316613192402,
    0.11598133288384437,
    0.11577949523523892,
    0.11557765454446126,
    0.11537581216986494,
    0.11517396946980356,
    0.11497212780263068,
    0.11477028852669988,
    0.11456845300036475,
    0.11436662258197884,
    0.11416479862989573,
    0.11396298250246902,
    0.11376117555805225,
    0.11355937915499903,
    0.1133575946516629,
    0.11315582340639746,
    0.11295406677755628,
    0.11275232612349292,
    0.11255060280256099,
    0.11234889817311404,
    0.11214721359350564,
    0.11194555042208938,
    0.11174391001721884,
    0.11154229373724757,
    0.11134070294052917,
    0.11113913898541719,
    0.11093760323026523,
    0.11073609703342686,
    0.11053462175325565,
    0.11033317874810518,
    0.11013176937632901,
    0.10993039499628074,
    0.10972905696631394,
    0.10952775664478216,
    0.109326495390039,
    0.10912527456043802,
    0.10892409551433282,
    0.10872295961007694,
    0.108521868206024,
    0.10832082266052753,
    0.10811982433194113,
    0.10791887457861837,
    0.10771797475891283,
    0.10751712623117807,
    0.1073163303537677,
    0.10711558848503525,
    0.10691490198333431,
    0.10671427220701848,
    0.10651370051444131,
    0.10631318826395637,
    0.10611273681391727,
    0.10591234752267754,
    0.10571202174859079,
    0.10551176085001059,
    0.1053115661852905,
    0.10511143911278412,
    0.104911380990845,
    0.10471139317782671,
    0.10451147703208286,
    0.10431163391196699,
    0.10411186517583268,
    0.10391217218203354,
    0.10371255628892312,
    0.10351301885485499,
    0.10331356123818272,
    0.10311418479725991,
    0.10291489089044012,
    0.10271568087607692,
    0.10251655611252392,
    0.10231751795813464,
    0.1021185677712627,
    0.10191970691026164,
    0.10172093673348506,
    0.10152225859928653,
    0.10132367386601962,
    0.10112518389203792,
    0.10092679003569499,
    0.10072849365534442,
    0.10053029610933975,
    0.10033219875603461,
    0.10013420295378253,
    0.09993631006093709,
    0.09973852143585189,
    0.09954083843688051,
    0.09934326242237648,
    0.0991457947506934,
    0.09894843678018486,
    0.09875118986920445,
    0.09855405537610568,
    0.09835703465924217,
    0.09816012907696749,
    0.0979633399876352,
    0.09776666874959893,
    0.09757011672121219,
    0.09737368526082857,
    0.09717737572680166,
    0.09698118947748503,
    0.09678512787123228,
    0.09658919226639694,
    0.0963933840213326,
    0.09619770449439284,
    0.09600215504393125,
    0.09580673702830139,
    0.09561145180585684,
    0.09541630073495115,
    0.09522128517393794,
    0.09502640648117078,
    0.0948316660150032,
    0.0946370651337888,
    0.09444260519588116,
    0.09424828755963388,
    0.09405411358340049,
    0.09386008462553459,
    0.09366620204438975,
    0.09347246719831953,
    0.09327888144567754,
    0.09308544614481734,
    0.09289216265409249,
    0.09269903233185657,
    0.09250605653646317,
    0.09231323662626587,
    0.0921205739596182,
    0.09192806989487379,
    0.09173572579038619,
    0.09154354300450898,
    0.09135152289559573,
    0.09115966682200002,
    0.09096797614207541,
    0.09077645221417549,
    0.09058509639665387,
    0.09039391004786407,
    0.09020289452615968,
    0.09001205118989428,
    0.08982138139742143,
    0.08963088650709475,
    0.08944056787726777,
    0.08925042686629409,
    0.08906046483252728,
    0.0888706831343209,
    0.08868108313002854,
    0.08849166617800376,
    0.08830243363660016,
    0.0881133868641713,
    0.08792452721907078,
    0.08773585605965213,
    0.08754737474426895,
    0.08735908463127481,
    0.08717098707902331,
    0.086983083445868,
    0.08679537509016244,
    0.08660786337026025,
    0.08642054964451495,
    0.08623343527128018,
    0.08604651990593037,
    0.08585980320384003,
    0.08567328482038362,
    0.08548696441093566,
    0.0853008416308706,
    0.08511491613556293,
    0.08492918758038714,
    0.08474365562071771,
    0.08455831991192914,
    0.08437318010939587,
    0.08418823586849243,
    0.08400348684459327,
    0.08381893269307292,
    0.08363457306930577,
    0.0834504076286664,
    0.08326643602652925,
    0.08308265791826881,
    0.08289907295925958,
    0.08271568080487599,
    0.08253248111049258,
    0.0823494735314838,
    0.08216665772322417,
    0.0819840333410881,
    0.08180160004045015,
    0.08161935747668476,
    0.08143730530516644,
    0.08125544318126968,
    0.0810737707603689,
    0.08089228769783864,
    0.08071099364905338,
    0.08052988826938759,
    0.08034897121421576,
    0.08016824213891234,
    0.07998770069885186,
    0.0798073465494088,
    0.07962717934595762,
    0.07944719874387281,
    0.07926740439852883,
    0.0790877959653002,
    0.0789083730995614,
    0.07872913545668692,
    0.07855008269205119,
    0.07837121446102874,
    0.07819253041899404,
    0.0780140302213216,
    0.07783571352338586,
    0.07765757998056132,
    0.07747962924822246,
    0.07730186098174378,
    0.07712427483649976,
    0.07694687046786486,
    0.07676964753121357,
    0.07659260568192039,
    0.07641574457535981,
    0.07623906386690628,
    0.0760625632119343,
    0.07588624226581835,
    0.07571010068393291,
    0.0755341381216525,
    0.07535835423435154,
    0.07518274867740456,
    0.07500732110618602,
    0.07483207117607042,
    0.07465699854243224,
    0.07448210286064595,
    0.07430738378608602,
    0.07413284097412698,
    0.07395847408014329,
    0.07378428275950943,
    0.07361026666759987,
    0.07343642545978911,
    0.07326275879145164,
    0.07308926631796192,
    0.07291594769469445,
    0.0727428025770237,
    0.07256983062032418,
    0.07239703147997036,
    0.0722244048113367,
    0.07205195026979769,
    0.07187966751072784,
    0.07170755618950163,
    0.07153561596149352,
    0.071363846482078,
    0.07119224740662955,
    0.07102081839052267,
    0.07084955908913185,
    0.07067846915783153,
    0.07050754825199623,
    0.07033679602700042,
    0.07016621213821858,
    0.06999579624102521,
    0.06982554799079478,
    0.06965546704290178,
    0.06948555305272067,
    0.06931580567562598,
    0.06914622456699214,
    0.06897680938219365,
    0.06880755977660502,
    0.0686384754056007,
    0.0684695559245552,
    0.06830080098884299,
    0.06813221025383855,
    0.06796378337491635,
    0.0677955200074509,
    0.06762741980681668,
    0.06745948242838816,
    0.06729170752753982,
    0.06712409475964616,
    0.06695664378008166,
    0.06678935424422079,
    0.06662222580743804,
    0.0664552581251079,
    0.06628845085260483,
    0.06612180364530336,
    0.06595531615857793,
    0.06578898804780303,
    0.06562281896835315,
    0.06545680857560278,
    0.06529095652492639,
    0.06512526247169846,
    0.0649597260712935,
    0.06479434697908595,
    0.06462912485045036,
    0.06446405934076113,
    0.0642991501053928,
    0.06413439679971984,
    0.06396979907911675,
    0.06380535659895796,
    0.063641069014618,
    0.06347693598147133,
    0.06331295715489246,
    0.06314913219025586,
    0.062985460742936,
    0.06282194246830736,
    0.06265857702174445,
    0.06249536405862173,
    0.0623323032343137,
    0.06216939420419483,
    0.0620066366236396,
    0.06184403014802251,
    0.061681574432718045,
    0.06151926913310067,
    0.06135711390454486,
    0.061195108402425126,
    0.06103325228211594,
    0.06087154519899179,
    0.06070998680842714,
    0.06054857676579648,
    0.060387314726474316,
    0.06022620034583511,
    0.060065233279253345,
    0.059904413182103516,
    0.05974373970976008,
    0.05958321251759755,
    0.059422831260990405,
    0.05926259559531312,
    0.05910250517594017,
    0.058942559658246046,
    0.058782758697605235,
    0.05862310194939222,
    0.058463589068981484,
    0.058304219711747506,
    0.05814499353306476,
    0.05798591018830776,
    0.05782696933285095,
    0.05766817062206884,
    0.05750951371133589,
    0.05735099825602662,
    0.057192623911515486,
    0.05703439033317697,
    0.056876297176385565,
    0.05671834409651574,
    0.05656053074894201,
    0.05640285678903882,
    0.056245321872180676,
    0.05608792565374205,
    0.05593066778909743,
    0.05577354793362131,
    0.055616565742688154,
    0.055459720871672454,
    0.05530301297594869,
    0.05514644171089136,
    0.05499000673187492,
    0.05483370769427387,
    0.0546775442534627,
    0.054521516064815874,
    0.05436562278370789,
    0.05420986406551323,
    0.05405423956560636,
    0.053898748939361786,
    0.05374339184215397,
    0.05358816792935744,
    0.05343307685634661,
    0.05327811827849601,
    0.053123291851180116,
    0.052968597229773415,
    0.05281403406965037,
    0.05265960202618547,
    0.052505300754753216,
    0.05235112991072807,
    0.052197089149484545,
    0.05204317812639709,
    0.0518893964968402,
    0.051735743916188355,
    0.05158222003981606,
    0.05142882452309777,
    0.05127555702140798,
    0.051122417190121165,
    0.05096940468461182,
    0.05081651916025444,
    0.050663760272423475,
    0.05051112767649343,
    0.05035862102783878,
    0.05020623998183402,
    0.050053984193853616,
    0.049901853319272056,
    0.04974984701346383,
    0.049597964931803414,
    0.04944620672966531,
    0.04929457206242397,
    0.049143060585453896,
    0.04899167195412957,
    0.04884040582382547,
    0.048689261849916086,
    0.0485382396877759,
    0.04838733899277939,
    0.04823655942030103,
    0.04808590062571534,
    0.04793536226439676,
    0.047784943991719786,
    0.047634645463058914,
    0.04748446633378861,
    0.04733440625928339,
    0.04718446489491769,
    0.04703464189606602,
    0.04688493691810286,
    0.04673534961640271,
    0.04658587964634001,
    0.04643652666328928,
    0.046287290322625,
    0.04613817027972163,
    0.04598916618995368,
    0.045840277708695615,
    0.04569150449132192,
    0.045542846193207094,
    0.04539430246972561,
    0.04524587297625194,
    0.045097557368160575,
    0.044949355300826,
    0.044801266429622705,
    0.04465329040992517,
    0.04450542689710787,
    0.04435767554654528,
    0.044210036013611904,
    0.04406250795368221,
    0.04391509102213071,
    0.04376778487433185,
    0.043620589165660126,
    0.043473503551490024,
    0.04332652768719603,
    0.04317966122815262,
    0.04303290382973428,
    0.04288625514731549,
    0.04273971483627074,
    0.04259328255197452,
    0.04244695794980129,
    0.04230074068512554,
    0.04215463041332177,
    0.042008626789764456,
    0.041862729469828074,
    0.0417169381088871,
    0.041571252362316034,
    0.04142567188548935,
    0.04128019633378154,
    0.04113482536256708,
    0.04098955862722045,
    0.04084439578311613,
    0.04069933648562864,
    0.0405543803901324,
    0.04040952715200194,
    0.04026477642661172,
    0.04012012786933624,
    0.03997558113554998,
    0.039831135880627415,
    0.03968679175994303,
    0.0395425484288713,
    0.03939840554278673,
    0.039254362757063795,
    0.03911041972707697,
    0.03896657610820074,
    0.03882283155580959,
    0.038679185725278016,
    0.03853563827198047,
    0.03839218885129146,
    0.03824883711858547,
    0.03810558272923696,
    0.03796242533862045,
    0.03781936460211039,
    0.037676400175081275,
    0.03753353171290759,
    0.037390758870963825,
    0.037248081304624446,
    0.03710549866926394,
    0.0369630106202568,
    0.0368206168129775,
    0.036678316902800545,
    0.03653611054510038,
    0.03639399739525151,
    0.03625197710862842,
    0.036110049340605604,
    0.035968213746557516,
    0.03582646998185865,
    0.035684817701883496,
    0.035543256562006534,
    0.03540178621760226,
    0.03526040632404513,
    0.03511911653670964,
    0.03497791651097028,
    0.03483680590220152,
    0.03469578436577787,
    0.03455485155707378,
    0.03441400713146374,
    0.03427325074432225,
    0.034132582051023784,
    0.03399200070694282,
    0.03385150636745384,
    0.03371109868793134,
    0.033570777323749794,
    0.03343054193028369,
    0.0332903921629075,
    0.03315032767699572,
    0.03301034812792282,
    0.03287045317106331,
    0.03273064246179164,
    0.032590915655482305,
    0.03245127240750979,
    0.032311712373248584,
    0.03217223520807318,
    0.03203284056735802,
    0.03189352810647762,
    0.03175429748080645,
    0.03161514834571902,
    0.031476080356589775,
    0.03133709316879322,
    0.03119818643770383,
    0.031059359818696092,
    0.0309206129671445,
    0.030781945538423512,
    0.03064335718790763,
    0.030504847570971327,
    0.030366416342989092,
    0.03022806315933542,
    0.03008978767538477,
    0.029951589546511632,
    0.0298134684280905,
    0.029675423975495854,
    0.02953745584410217,
    0.029399563689283932
]