[
    -0.27433124360821953,
    -0.27449428205383,
    -0.27465701101829354,
    -0.274819431537373,
    -0.2749815446468308,
    -0.2751433513824296,
    -0.2753048527799322,
    -0.27546604987510104,
    -0.2756269437036988,
    -0.2757875353014881,
    -0.27594782570423154,
    -0.2761078159476918,
    -0.27626750706763137,
    -0.2764269000998129,
    -0.2765859960799992,
    -0.27674479604395263,
    -0.27690330102743604,
    -0.2770615120662118,
    -0.2772194301960428,
    -0.27737705645269145,
    -0.2775343918719204,
    -0.27769143748949243,
    -0.27784819434117,
    -0.2780046634627157,
    -0.2781608458898923,
    -0.2783167426584623,
    -0.27847235480418836,
    -0.2786276833628331,
    -0.27878272937015913,
    -0.2789374938619291,
    -0.2790919778739056,
    -0.2792461824418513,
    -0.27940010860152875,
    -0.27955375738870053,
    -0.27970712983912943,
    -0.2798602269885779,
    -0.2800130498728086,
    -0.28016559952758424,
    -0.28031787698866734,
    -0.28046988329182054,
    -0.2806216194728065,
    -0.28077308656738775,
    -0.28092428561132704,
    -0.2810752176403869,
    -0.2812258836903299,
    -0.28137628479691884,
    -0.28152642199591615,
    -0.2816762963230846,
    -0.2818259088141867,
    -0.28197526050498506,
    -0.2821243524312424,
    -0.2822731856287212,
    -0.2824217611331843,
    -0.2825700799803941,
    -0.28271814320611327,
    -0.2828659518461046,
    -0.2830135069361304,
    -0.2831608095119536,
    -0.2833078606093366,
    -0.28345466126404206,
    -0.28360121251183273,
    -0.2837475153884711,
    -0.2838935709297198,
    -0.28403938017134156,
    -0.28418494414909884,
    -0.2843302638987544,
    -0.2844753404560707,
    -0.2846201748568105,
    -0.28476476813673646,
    -0.284909121331611,
    -0.2850532354771969,
    -0.2851971116092567,
    -0.28534075076355303,
    -0.28548415397584864,
    -0.28562732228190596,
    -0.28577025671748774,
    -0.28591295831835645,
    -0.28605542812027485,
    -0.2861976671590056,
    -0.28633967647031117,
    -0.2864814570899542,
    -0.28662301005369745,
    -0.28676433639730337,
    -0.2869054371565347,
    -0.287046313367154,
    -0.2871869660649239,
    -0.28732739628560705,
    -0.287467605064966,
    -0.28760759343876346,
    -0.28774736244276194,
    -0.28788691311272413,
    -0.2880262464844127,
    -0.28816536359359013,
    -0.28830426547601923,
    -0.2884429531674624,
    -0.2885814277036824,
    -0.2887196901204418,
    -0.28885774145350324,
    -0.28899558273862935,
    -0.28913321501158273,
    -0.289270639308126,
    -0.28940785666402186,
    -0.2895448681150327,
    -0.2896816746969214,
    -0.28981827744545047,
    -0.2899546773963825,
    -0.2900908755854802,
    -0.29022687304850603,
    -0.29036267082122275,
    -0.290498269939393,
    -0.2906336714387792,
    -0.29076887635514426,
    -0.2909038857242506,
    -0.2910387005818608,
    -0.2911733219637377,
    -0.29130775090564365,
    -0.29144198844334146,
    -0.2915760356125937,
    -0.291709893449163,
    -0.291843562988812,
    -0.29197704526730317,
    -0.29211034132039926,
    -0.292243452183863,
    -0.29237637889345675,
    -0.2925091224849433,
    -0.29264168399408524,
    -0.2927740644566451,
    -0.29290626490838567,
    -0.29303828638506946,
    -0.2931701299224591,
    -0.2933017965563172,
    -0.2934332873224064,
    -0.29356460325648936,
    -0.2936957453943286,
    -0.29382671477168676,
    -0.29395751242432655,
    -0.29408813938801054,
    -0.29421859669850137,
    -0.2943488853915615,
    -0.2944790065029538,
    -0.29460896106844076,
    -0.2947387501237849,
    -0.2948683747047491,
    -0.2949978358470957,
    -0.2951271345865875,
    -0.2952562719589871,
    -0.295385249000057,
    -0.29551406674556,
    -0.2956427262312586,
    -0.2957712284929154,
    -0.2958995745662931,
    -0.29602776548715426,
    -0.29615580229126154,
    -0.29628368601437755,
    -0.29641141769226487,
    -0.2965389983606862,
    -0.296666429055404,
    -0.2967937108121811,
    -0.29692084466678004,
    -0.29704783165496335,
    -0.29717467281249377,
    -0.2973013691751338,
    -0.29742792177864613,
    -0.2975543316587934,
    -0.2976805998513382,
    -0.2978067273920432,
    -0.2979327153166709,
    -0.298058564660984,
    -0.2981842764607452,
    -0.2983098517517169,
    -0.2984352915696619,
    -0.29856059695034287,
    -0.2986857689295222,
    -0.2988108085429627,
    -0.29893571682642694,
    -0.2990604948156775,
    -0.299185143546477,
    -0.29930966405458814,
    -0.2994340573757735,
    -0.2995583245457956,
    -0.2996824666004172,
    -0.2998064845754009,
    -0.2999303795065092,
    -0.30005415242950484,
    -0.3001778043801504,
    -0.30030133639420853,
    -0.3004247495074418,
    -0.3005480447556128,
    -0.30067122317448425,
    -0.30079428579981876,
    -0.3009172336673788,
    -0.30104006781292725,
    -0.30116278927222645,
    -0.3012853990810392,
    -0.30140789827512804,
    -0.3015302878902556,
    -0.30165256896218456,
    -0.30177474252667746,
    -0.30189680961949694,
    -0.3020187712764057,
    -0.30214062853316626,
    -0.3022623824255412,
    -0.30238403398929337,
    -0.3025055842601851,
    -0.3026270342739792,
    -0.3027483850664382,
    -0.3028696376733247,
    -0.30299079313040145,
    -0.3031118524734309,
    -0.30323281673817587,
    -0.3033536869603988,
    -0.3034744641758624,
    -0.3035951494203292,
    -0.30371574372956195,
    -0.3038362481393232,
    -0.30395666368537555,
    -0.30407699140348166,
    -0.30419723232940415,
    -0.3043173874989056,
    -0.30443745794774857,
    -0.3045574447116959,
    -0.30467734882651,
    -0.3047971713279536,
    -0.3049169132517892,
    -0.3050365756337795,
    -0.3051561595096872,
    -0.3052756659152748,
    -0.3053950958863049,
    -0.30551445045854025,
    -0.30563373066774335,
    -0.3057529375496769,
    -0.3058720721401034,
    -0.3059911354747856,
    -0.30611012858948616,
    -0.3062290525199675,
    -0.30634790830199243,
    -0.3064666969713234,
    -0.30658541956372315,
    -0.30670407711495434,
    -0.3068226706607794,
    -0.30694120123696117,
    -0.30705966987926214,
    -0.3071780776234449,
    -0.3072964255052722,
    -0.3074147145605065,
    -0.30753294582491064,
    -0.30765112033424696,
    -0.3077692391242783,
    -0.3078873032307672,
    -0.30800531368947626,
    -0.30812327153616814,
    -0.3082411778066054,
    -0.30835903353655075,
    -0.30847683976176676,
    -0.308594597518016,
    -0.3087123078410612,
    -0.3088299717666649,
    -0.30894759033058966,
    -0.3090651645685983,
    -0.30918269551645317,
    -0.3093001842099171,
    -0.3094176316847527,
    -0.30953503897672247,
    -0.30965240712158915,
    -0.30976973715511524,
    -0.30988703011306346,
    -0.3100042870311964,
    -0.3101215089452766,
    -0.3102386968910668,
    -0.3103558519043296,
    -0.31047297502082755,
    -0.3105900672763234,
    -0.31070712970657954,
    -0.3108241633473588,
    -0.3109411692344237,
    -0.3110581484035369,
    -0.31117510189046105,
    -0.3112920307309586,
    -0.3114089359607924,
    -0.3115258186157249,
    -0.3116426797315188,
    -0.3117595203439368,
    -0.3118763414887413,
    -0.31199314420169505,
    -0.31210992951856076,
    -0.3122266984751008,
    -0.31234345210707803,
    -0.312460191450255,
    -0.31257691754039424,
    -0.3126936314132585,
    -0.31281033410461034,
    -0.3129270266502123,
    -0.31304371008582715,
    -0.31316038544721736,
    -0.3132770537701457,
    -0.3133937160903747,
    -0.31351037344366695,
    -0.31362702686578514,
    -0.31374367739249187,
    -0.3138603260595498,
    -0.3139769739027214,
    -0.31409362195776935,
    -0.3142102712604564,
    -0.31432692284654506,
    -0.314443577751798,
    -0.3145602370119778,
    -0.314676901662847,
    -0.31479357274016845,
    -0.3149102512797045,
    -0.31502693831721795,
    -0.31514363488847136,
    -0.31526034202922737,
    -0.3153770607752486,
    -0.31549379216229756,
    -0.315610537226137,
    -0.31572729700252955,
    -0.31584407252723773,
    -0.3159608648360242,
    -0.31607767496465167,
    -0.3161945039488826,
    -0.31631135282447975,
    -0.3164282226272056,
    -0.31654511439282285,
    -0.3166620291570942,
    -0.3167789679557821,
    -0.3168959318246493,
    -0.3170129217994584,
    -0.3171299389159719,
    -0.3172469842099526,
    -0.317364058717163,
    -0.3174811634733658,
    -0.3175982995143235,
    -0.3177154678757988,
    -0.3178326695935544,
    -0.3179499057033527,
    -0.31806717724095657,
    -0.3181844852421284,
    -0.3183018307426309,
    -0.3184192147782268,
    -0.3185366383846786,
    -0.31865410259774896,
    -0.31877160845320046,
    -0.3188891569867957,
    -0.31900674923429745,
    -0.31912438623146816,
    -0.3192420690140705,
    -0.3193597986178671,
    -0.3194775760786206,
    -0.3195954024320936,
    -0.31971327871404875,
    -0.3198312059602486,
    -0.3199491852064558,
    -0.32006721748843303,
    -0.32018530384194277,
    -0.32030344530274785,
    -0.3204216429066107,
    -0.320539897689294,
    -0.32065821068656036,
    -0.3207765829341724,
    -0.32089501546789284,
    -0.3210135093234841,
    -0.32113206553670903,
    -0.32125068514333005,
    -0.32136936917910985,
    -0.32148811867981114,
    -0.3216069346811964,
    -0.32172581821902835,
    -0.3218447703290695,
    -0.3219637920470826,
    -0.3220828844088302,
    -0.3222020484500749,
    -0.3223212852065794,
    -0.3224405957141062,
    -0.322559981008418,
    -0.32267944212527744,
    -0.32279898010044705,
    -0.3229185959696896,
    -0.3230382907687675,
    -0.3231580655334435,
    -0.32327792129948024,
    -0.3233978591026403,
    -0.32351787997868625,
    -0.32363798496338086,
    -0.32375817509248656,
    -0.32387845140176613,
    -0.323998814926982,
    -0.324119266703897,
    -0.32423980776827366,
    -0.32436043915587454,
    -0.32448116190246235,
    -0.3246019770437997,
    -0.32472288561564916,
    -0.3248438886537734,
    -0.32496498719393496,
    -0.3250861822718965,
    -0.3252074749234207,
    -0.3253288661842701,
    -0.3254503570902074,
    -0.3255719486769951,
    -0.32569364198039596,
    -0.3258154380361725,
    -0.32593733788008733,
    -0.3260593425479032,
    -0.32618145307538254,
    -0.32630367049828807,
    -0.32642599585238247,
    -0.3265484301734283,
    -0.3266709744971881,
    -0.3267936298594246,
    -0.3269163972959004,
    -0.3270392778423781,
    -0.32716227253462027,
    -0.32728538240838967,
    -0.32740860849944875,
    -0.3275319518435602,
    -0.32765541347648675,
    -0.3277789944339908,
    -0.3279026957518351,
    -0.32802651846578235,
    -0.328150463611595,
    -0.32827453222503583,
    -0.32839872534186726,
    -0.3285230439978521,
    -0.32864748922875286,
    -0.3287720620703322,
    -0.32889676355835273,
    -0.3290215947285771,
    -0.3291465566167679,
    -0.32927165025868776,
    -0.32939687669009926,
    -0.329522236946765,
    -0.32964773206444775,
    -0.32977336307891,
    -0.3298991310259144,
    -0.33002503694122354,
    -0.33015108186060005,
    -0.3302772668198066,
    -0.33040359285460574,
    -0.3305300610007602,
    -0.33065667229403245,
    -0.3307834277701852,
    -0.3309103284649811,
    -0.33103737541418266,
    -0.3311645696535526,
    -0.3312919122188535,
    -0.3314194041458479,
    -0.33154704647029865,
    -0.3316748402279681,
    -0.331802786454619,
    -0.331930886186014,
    -0.3320591404579157,
    -0.33218755030608665,
    -0.3323161167662895,
    -0.3324448408742869,
    -0.3325737236658415,
    -0.33270276617671585,
    -0.33283196944267257,
    -0.3329613344994743,
    -0.33309086238288366,
    -0.33322055412866336,
    -0.3333504107725758,
    -0.3334804333503838,
    -0.33361062289784993,
    -0.33374098045073675,
    -0.33387150704480695,
    -0.33400220371582307,
    -0.3341330714995478,
    -0.3342641114317438,
    -0.3343953245481735,
    -0.33452671188459976,
    -0.33465827447678503,
    -0.33479001336049197,
    -0.33492192957148326,
    -0.33505402414552143,
    -0.3351862981183692,
    -0.3353187525257891,
    -0.3354513884035437,
    -0.33558420678739587,
    -0.33571720871310795,
    -0.33585039521644267,
    -0.33598376733316265,
    -0.3361173260990305,
    -0.3362510725498089,
    -0.3363850077212604,
    -0.3365191326491477,
    -0.3366534483692332,
    -0.3367879559172798,
    -0.33692265632904994,
    -0.3370575506403063,
    -0.3371926398868115,
    -0.33732792510432813,
    -0.33746340732861885,
    -0.33759908759544627,
    -0.337734966940573,
    -0.3378710463997616,
    -0.3380073270087749,
    -0.3381438098033752,
    -0.33828049581932534,
    -0.338417386092388,
    -0.3385544816583255,
    -0.3386917835529008,
    -0.3388292928118763,
    -0.33896700911748784,
    -0.33910493215197135,
    -0.3392430615975625,
    -0.3393813971364973,
    -0.33951993845101125,
    -0.3396586852233404,
    -0.3397976371357206,
    -0.33993679387038744,
    -0.3400761551095769,
    -0.3402157205355248,
    -0.3403554898304668,
    -0.34049546267663894,
    -0.3406356387562768,
    -0.34077601775161637,
    -0.3409165993448934,
    -0.3410573832183436,
    -0.341198369054203,
    -0.3413395565347072,
    -0.3414809453420921,
    -0.34162253515859364,
    -0.3417643256664474,
    -0.34190631654788933,
    -0.3420485074851552,
    -0.3421908981604808,
    -0.3423334882561021,
    -0.3424762774542547,
    -0.3426192654371745,
    -0.34276245188709736,
    -0.34290583648625905,
    -0.3430494189168954,
    -0.3431931988612421,
    -0.3433371760015351,
    -0.3434813500200103,
    -0.3436257205989033,
    -0.34377028742045,
    -0.3439150501668862,
    -0.34406000852044777,
    -0.3442051621633705,
    -0.34435051077789014,
    -0.34449605404624256,
    -0.3446417916506636,
    -0.34478772327338897,
    -0.3449338485966546,
    -0.3450801673026962,
    -0.34522667907374965,
    -0.3453733835920507,
    -0.34552028053983525,
    -0.34566736959933914,
    -0.34581465045279797,
    -0.34596212278244776,
    -0.3461097862705243,
    -0.3462576405992633,
    -0.34640568545090067,
    -0.3465539205076721,
    -0.34670234545181355,
    -0.34685095996556076,
    -0.34699976373114955,
    -0.34714875643081566,
    -0.3472979377467951,
    -0.3474473073613235,
    -0.3475968649566368,
    -0.3477466102149706,
    -0.34789654281856097,
    -0.34804666244964355,
    -0.34819696879045425,
    -0.3483474615232288,
    -0.3484981403302031,
    -0.3486490048936129,
    -0.34880005489569404,
    -0.3489512900186823,
    -0.34910270994481357,
    -0.34925431435632354,
    -0.3494061029354481,
    -0.3495580753644231,
    -0.3497102313254843,
    -0.3498625705008675,
    -0.35001509257280855,
    -0.3501677972235432,
    -0.35032068413530737,
    -0.35047375299033673,
    -0.35062700347086717,
    -0.3507804352591346,
    -0.35093404803737466,
    -0.3510878414878233,
    -0.3512418152927162,
    -0.35139596913428933,
    -0.3515503026947783,
    -0.3517048156564191,
    -0.35185950770144747,
    -0.35201437851209927,
    -0.3521694277706103,
    -0.3523246551592163,
    -0.3524800603601531,
    -0.35263564305565664,
    -0.35279140292796257,
    -0.35294733965930675,
    -0.3531034529319251,
    -0.35325974242805325,
    -0.3534162078299271,
    -0.35357284881978257,
    -0.35372966507985526,
    -0.3538866562923812,
    -0.354043822139596,
    -0.35420116230373566,
    -0.35435867646703584,
    -0.35451636431173245,
    -0.3546742255200613,
    -0.3548322597742581,
    -0.3549904667565587,
    -0.35514884614919906,
    -0.35530739763441477,
    -0.3554661208944418,
    -0.35562501561151594,
    -0.3557840814678729,
    -0.35594331814574864,
    -0.35610272532737886,
    -0.3562623026949995,
    -0.35642204993084614,
    -0.3565819667171548,
    -0.3567420527361612,
    -0.3569023076701013,
    -0.3570627312012107,
    -0.3572233230117253,
    -0.35738408278388095,
    -0.35754501019991347,
    -0.3577061049420586,
    -0.35786736669255215,
    -0.35802879513363006,
    -0.35819038994752794,
    -0.3583521508164818,
    -0.35851407742272734,
    -0.3586761694485004,
    -0.3588384265760368,
    -0.35900084848757235,
    -0.3591634348653429,
    -0.3593261853915842,
    -0.359489099748532,
    -0.3596521776184223,
    -0.3598154186834907,
    -0.3599788226259732,
    -0.36014238912810553,
    -0.36030611787212347,
    -0.36047000854026295,
    -0.3606340608147596,
    -0.36079827437784934,
    -0.36096264891176805,
    -0.36112718409875144,
    -0.36129187962103537,
    -0.3614567351608556,
    -0.36162175040044797,
    -0.36178692502204834,
    -0.36195225870789244,
    -0.3621177511402161,
    -0.36228340200125525,
    -0.36244921097324556,
    -0.3626151777384229,
    -0.36278130197902303,
    -0.36294758337728183,
    -0.36311402161543516,
    -0.3632806163757187,
    -0.36344736734036825,
    -0.36361427419161985,
    -0.363781336611709,
    -0.3639485542828718,
    -0.3641159268873439,
    -0.3642834541073612,
    -0.36445113562515935,
    -0.3646189711229743,
    -0.3647869602830419,
    -0.3649551027875978,
    -0.36512339831887797,
    -0.36529184655911817,
    -0.36546044719055415,
    -0.36562919989542186,
    -0.365798104355957,
    -0.3659671602543954,
    -0.3661363672729729,
    -0.3663057250939252,
    -0.3664752333994884,
    -0.36664489187189797,
    -0.3668147001933899,
    -0.36698465804620006,
    -0.36715476511256406,
    -0.36732502107471793,
    -0.36749542561489734,
    -0.36766597841533816,
    -0.3678366791582762,
    -0.36800752752594723,
    -0.3681785232005871,
    -0.3683496658644317,
    -0.36852095519971667,
    -0.36869239088867795,
    -0.3688639726135513,
    -0.36903570005657255,
    -0.3692075728999775,
    -0.36937959082600197,
    -0.36955175351688185,
    -0.3697240606548528,
    -0.36989651192215073,
    -0.3700691070010115,
    -0.37024184557367074,
    -0.3704147273223644,
    -0.37058775192932836,
    -0.37076091907679826,
    -0.37093422844701,
    -0.37110767972219944,
    -0.37128127258460236,
    -0.3714550067164545,
    -0.37162888179999165,
    -0.3718028975174498,
    -0.37197705355106464,
    -0.372151349583072,
    -0.37232578529570776,
    -0.3725003603712076,
    -0.3726750744918074,
    -0.372849927339743,
    -0.3730249185972502,
    -0.37320004794656475,
    -0.37337531506992255,
    -0.3735507196495593,
    -0.37372626136771103,
    -0.3739019399066133,
    -0.3740777549485021,
    -0.3742537061756131,
    -0.3744297932701822,
    -0.37460601591444526,
    -0.374782373790638,
    -0.37495886658099625,
    -0.37513549396775586,
    -0.37531225563315257,
    -0.37548915125942234,
    -0.3756661805288008,
    -0.37584334312352385,
    -0.37602063872582736,
    -0.376198067017947,
    -0.37637562768211874,
    -0.37655332040057826,
    -0.3767311448555615,
    -0.3769091007293041,
    -0.37708718770404204,
    -0.3772654054620111,
    -0.377443753685447,
    -0.3776222320565856,
    -0.3778008402576628,
    -0.3779795779709143,
    -0.37815844487857597,
    -0.37833744066288355,
    -0.378516565006073,
    -0.37869581759037996,
    -0.37887519809804027,
    -0.37905470621128984,
    -0.3792343416123645,
    -0.37941410398349995,
    -0.3795939930069321,
    -0.3797740083648966,
    -0.3799541497396295,
    -0.3801344168133664,
    -0.3803148092683432,
    -0.3804953267867958,
    -0.38067596905095985,
    -0.3808567357430712,
    -0.3810376265453658,
    -0.3812186411400793,
    -0.3813997792094477,
    -0.3815810404357065,
    -0.3817624245010918,
    -0.38194393108783936,
    -0.38212555987818486,
    -0.38230731055436423,
    -0.38248918279861327,
    -0.3826711762931677,
    -0.38285329072026353,
    -0.38303552576213634,
    -0.38321788110102206,
    -0.3834003564191566,
    -0.3835829513987755,
    -0.3837656657221149,
    -0.3839484990714104,
    -0.38413145112889785,
    -0.38431452157681306,
    -0.38449771009739186,
    -0.38468101637287005,
    -0.3848644400854835,
    -0.38504798091746795,
    -0.38523163855105924,
    -0.38541541266849316,
    -0.3855993029520056,
    -0.3857833090838323,
    -0.38596743074620904,
    -0.38615166762137176,
    -0.38633601939155615,
    -0.38652048573899805,
    -0.3867050663459333,
    -0.38688976089459776,
    -0.38707456906722715,
    -0.3872594905460573,
    -0.387444525013324,
    -0.3876296721512632,
    -0.38781493164211056,
    -0.38800030316810197,
    -0.38818578641147317,
    -0.38837138105446,
    -0.3885570867792984,
    -0.388742903268224,
    -0.38892883020347274,
    -0.3891148672672804,
    -0.3893010141418827,
    -0.3894872705095156,
    -0.3896736360524148,
    -0.38986011045281616,
    -0.39004669339295545,
    -0.3902333845550685,
    -0.3904201836213912,
    -0.39060709027415935,
    -0.3907941041956086,
    -0.390981225067975,
    -0.39116845257349414,
    -0.391355786394402,
    -0.3915432262129343,
    -0.39173077171132686,
    -0.39191842257181553,
    -0.3921061784766361,
    -0.39229403910802435,
    -0.3924820041482162,
    -0.3926700732794473,
    -0.39285824618395365,
    -0.39304652254397093,
    -0.393234902041735,
    -0.39342338435948165,
    -0.3936119691794467,
    -0.39380065618386595,
    -0.39398944505497524,
    -0.39417833547501036,
    -0.39436732712620715,
    -0.3945564196908014,
    -0.39474561285102894,
    -0.3949349062891256,
    -0.3951242996873271,
    -0.3953137927278694,
    -0.3955033850929881,
    -0.39569307646491925,
    -0.3958828665258985,
    -0.39607275495816174,
    -0.3962627414439448,
    -0.39645282566548334,
    -0.39664300730501334,
    -0.39683328604477064,
    -0.39702366156699087,
    -0.39721413355391,
    -0.3974047016877637,
    -0.3975953656507879,
    -0.39778612512521844,
    -0.39797697979329105,
    -0.3981679293372415,
    -0.39835897343930576,
    -0.39855011178171945,
    -0.39874134404671857,
    -0.3989326699165388,
    -0.39912408907341607,
    -0.39931560119958603,
    -0.39950720597728456,
    -0.3996989030887476,
    -0.39989069221621076,
    -0.40008257304191,
    -0.4002745452480811,
    -0.4004666085169598,
    -0.40065876253078203,
    -0.4008510069717835,
    -0.40104334152220006,
    -0.40123576586426757,
    -0.40142827968022177,
    -0.4016208826522985,
    -0.4018135744627335,
    -0.40200635479376273,
    -0.402199223327622,
    -0.40239217974654695,
    -0.40258522373277345,
    -0.4027783549685375,
    -0.4029715731360746,
    -0.4031648779176209,
    -0.40335826899541194,
    -0.40355174605168365,
    -0.4037453087686719,
    -0.4039389568286123,
    -0.40413268991374085,
    -0.40432650770629336,
    -0.4045204098885055,
    -0.40471439614261323,
    -0.4049084661508523,
    -0.40510261959545857,
    -0.40529685615866773,
    -0.40549117552271563,
    -0.40568557736983824,
    -0.4058800613822712,
    -0.40607462724225035,
    -0.40626927463201157,
    -0.4064640032337906,
    -0.4066588127298234,
    -0.40685370280234556,
    -0.40704867313359305,
    -0.40724372340580156,
    -0.407438853301207,
    -0.4076340625020452,
    -0.40782935069055193,
    -0.40802471754896297,
    -0.4082201627595142,
    -0.4084156860044414,
    -0.40861128696598037,
    -0.40880696532636696,
    -0.4090027207678369,
    -0.4091985529726261,
    -0.40939446162297033,
    -0.40959044640110537,
    -0.4097865069892671,
    -0.4099826430696913,
    -0.41017885432461376,
    -0.4103751404362703,
    -0.4105715010868968,
    -0.410767935958729,
    -0.41096444473400273,
    -0.41116102709495383,
    -0.411357682723818,
    -0.4115544113028312,
    -0.4117512125142292,
    -0.4119480860402478,
    -0.4121450315631227,
    -0.41234204876508995,
    -0.4125391373283852,
    -0.4127362969352443,
    -0.412933527267903,
    -0.41313082800859724,
    -0.41332819883956273,
    -0.4135256394430353,
    -0.4137231495012508,
    -0.41392072869644503,
    -0.4141183767108537,
    -0.41431609322671287,
    -0.4145138779262581,
    -0.41471173049172533,
    -0.41490965060535034,
    -0.41510763794936895,
    -0.41530569220601693,
    -0.41550381305753015,
    -0.4157020001861444,
    -0.4159002532740955,
    -0.41609857200361927,
    -0.41629695605695155,
    -0.41649540511632804,
    -0.4166939188639847,
    -0.4168924969821572,
    -0.41709113915308144,
    -0.41728984505899325,
    -0.4174886143821283,
    -0.41768744680472264,
    -0.41788634200901187,
    -0.4180852996772319,
    -0.41828431949161854,
    -0.4184834011344076,
    -0.4186825442878348,
    -0.41888174863413613,
    -0.41908101385554725,
    -0.4192803396343041,
    -0.41947972565264235,
    -0.4196791715927979,
    -0.4198786771370066,
    -0.4200782419675041,
    -0.42027786576652637,
    -0.4204775482163092,
    -0.4206772889990884,
    -0.42087708779709976,
    -0.421076944292579,
    -0.42127685816776206,
    -0.42147682910488476,
    -0.42167685678618283,
    -0.4218769408938921,
    -0.4220770811102485,
    -0.4222772771174877,
    -0.42247752859784554,
    -0.42267783523355784,
    -0.42287819670686044,
    -0.42307861269998914,
    -0.42327908289517974,
    -0.4234796069746681,
    -0.42368018462068996,
    -0.42388081551548124,
    -0.4240814993412776,
    -0.4242822357803149,
    -0.42448302451482905,
    -0.42468386522705576,
    -0.4248847575992309,
    -0.4250857013135903,
    -0.4252866960523697,
    -0.42548774149780494,
    -0.4256888373321318,
    -0.4258899832375862,
    -0.42609117889640385,
    -0.4262924239908206,
    -0.42649371820307225,
    -0.4266950612153947,
    -0.4268964527100236,
    -0.42709789250390884,
    -0.42729938041399995,
    -0.42750091625724673,
    -0.427702499850599,
    -0.42790413101100633,
    -0.4281058095554184,
    -0.4283075353007851,
    -0.42850930806405596,
    -0.4287111276621809,
    -0.4289129939121094,
    -0.4291149066307913,
    -0.42931686563517646,
    -0.42951887074221434,
    -0.4297209217688547,
    -0.42992301853204734,
    -0.43012516084874197,
    -0.4303273485358882,
    -0.43052958141043585,
    -0.43073185928933466,
    -0.43093418198953426,
    -0.4311365493279844,
    -0.4313389611216347,
    -0.43154141718743505,
    -0.4317439173423351,
    -0.4319464614032844,
    -0.43214904918723285,
    -0.4323516805111302,
    -0.432554355191926,
    -0.4327570730465701,
    -0.4329598338920121,
    -0.4331626375452018,
    -0.43336548382308887,
    -0.43356837254262304,
    -0.433771303520754,
    -0.43397427657443155,
    -0.43417729152060536,
    -0.43438034817622506,
    -0.4345834463582404,
    -0.43478658588360114,
    -0.43498976656925703,
    -0.4351929882321577,
    -0.4353962506892529,
    -0.4355995537574924,
    -0.4358028972538258,
    -0.4360062809952028,
    -0.43620970479857324,
    -0.43641316848088685,
    -0.43661667185909314,
    -0.436820214750142,
    -0.43702379697098315,
    -0.4372274183385662,
    -0.437431078669841,
    -0.4376347777817571,
    -0.43783851549126424,
    -0.4380422916153123,
    -0.4382461059708508,
    -0.43844995837482953,
    -0.4386538486441983,
    -0.4388577765959067,
    -0.43906174204690446,
    -0.4392657448141413,
    -0.43946978471456694,
    -0.43967386156513116,
    -0.43987797518278354,
    -0.4400821253844739,
    -0.44028631198715196,
    -0.4404905348077674,
    -0.4406947936632699,
    -0.4408990883706092,
    -0.441103418746735,
    -0.4413077846085971,
    -0.44151218577314505,
    -0.4417166220573287,
    -0.44192109327809775,
    -0.4421255992524019,
    -0.4423301397971908,
    -0.4425347147294143,
    -0.442739323866022,
    -0.4429439670239636,
    -0.4431486440201889,
    -0.44335335467164755,
    -0.4435580987952893,
    -0.44376287620806387,
    -0.44396768672692094,
    -0.4441725301688102,
    -0.44437740635068146,
    -0.4445823150894843,
    -0.4447872562021686,
    -0.44499222950568396,
    -0.4451972348169801,
    -0.4454022719530068,
    -0.4456073407307137,
    -0.4458124409670505,
    -0.44601757247896706,
    -0.44622273508341287,
    -0.4464279285973378,
    -0.4466331528376916,
    -0.4468384076214239,
    -0.4470436927654844,
    -0.4472490080868228,
    -0.4474543534023888,
    -0.44765972852913233,
    -0.44786513328400285,
    -0.44807056748395013,
    -0.44827603094592405,
    -0.44848152348687415,
    -0.4486870449237501,
    -0.44889259507350177,
    -0.4490981737530788,
    -0.4493037807794309,
    -0.4495094159695078,
    -0.44971507914025927,
    -0.44992077010863485,
    -0.45012648869158445,
    -0.45033223470605765,
    -0.45053800796900423,
    -0.4507438082973739,
    -0.4509496355081164,
    -0.45115548941818134,
    -0.4513613698445186,
    -0.4515672766040777,
    -0.4517732095138085,
    -0.4519791683906606,
    -0.4521851530515838,
    -0.45239116331352786,
    -0.45259719899344236,
    -0.4528032599082771,
    -0.4530093458749818,
    -0.45321545671050617,
    -0.45342159223179984,
    -0.45362775225581253,
    -0.4538339365994941,
    -0.4540401450797942,
    -0.4542463775136624,
    -0.4544526337180486,
    -0.4546589135099025,
    -0.45486521670617375,
    -0.45507154312381204,
    -0.4552778925797671,
    -0.4554842648909887,
    -0.4556906598744265,
    -0.45589707734703017,
    -0.4561035171257496,
    -0.4563099790275343,
    -0.4565164628693341,
    -0.45672296846809873,
    -0.4569294956407778,
    -0.45713604420432113,
    -0.4573426139756783,
    -0.4575492047717992,
    -0.4577558164096335,
    -0.4579624487061308,
    -0.4581691014782409,
    -0.45837577454291345,
    -0.45858246771709826,
    -0.458789180817745,
    -0.4589959136618034,
    -0.4592026660662231,
    -0.45940943784795396,
    -0.45961622882394554,
    -0.4598230388111476,
    -0.4600298676265099,
    -0.4602367150869821,
    -0.460443581009514,
    -0.46065046521105524,
    -0.4608573675085555,
    -0.46106428771896457,
    -0.4612712256592322,
    -0.4614781811463079,
    -0.4616851539971416,
    -0.46189214402868295,
    -0.46209915105788163,
    -0.46230617490168746,
    -0.46251321537705,
    -0.46272027230091894,
    -0.4629273454902442,
    -0.4631344347619754,
    -0.46334153993306215,
    -0.4635486608204544,
    -0.46375579724110155,
    -0.46396294901195356,
    -0.46417011594996005,
    -0.4643772978720707,
    -0.4645844945952354,
    -0.4647917059364036,
    -0.4649989317125252,
    -0.4652061717405499,
    -0.46541342583742734,
    -0.4656206938201073,
    -0.4658279755055394,
    -0.46603527071067347,
    -0.46624257925245916,
    -0.46644990094784616,
    -0.46665723561378425,
    -0.46686458306722317,
    -0.4670719431251126,
    -0.4672793156044021,
    -0.4674867003220416,
    -0.4676940970949808,
    -0.4679015057401692,
    -0.4681089260745567,
    -0.468316357915093,
    -0.4685238010787278,
    -0.46873125538241084,
    -0.4689387206430917,
    -0.46914619667772023,
    -0.46935368330324617,
    -0.4695611803366191,
    -0.4697686875947888,
    -0.469976204894705,
    -0.47018373205331737,
    -0.47039126888757576,
    -0.47059881521442964,
    -0.47080637085082894,
    -0.4710139356137233,
    -0.4712215093200624,
    -0.471429091786796,
    -0.4716366828308738,
    -0.4718442822692456,
    -0.4720518899188609,
    -0.4722595055966695,
    -0.4724671291196213,
    -0.4726747603046658,
    -0.4728823989687528,
    -0.47309004492883194,
    -0.47329769800185306,
    -0.4735053580047658,
    -0.4737130247545199,
    -0.47392069806806497,
    -0.47412837776235084,
    -0.47433606365432723,
    -0.47454375556094375,
    -0.47475145329915025,
    -0.47495915668589633,
    -0.4751668655381318,
    -0.4753745796728063,
    -0.4755822989068695,
    -0.47579002305727125,
    -0.47599775194096117,
    -0.476205485374889,
    -0.47641322317600443,
    -0.47662096516125724,
    -0.4768287111475971,
    -0.47703646095197366,
    -0.47724421439133674,
    -0.47745197128263606,
    -0.4776597314428212,
    -0.477867494688842,
    -0.4780752608376482,
    -0.4782830297061894,
    -0.47849080111141534,
    -0.47869857487027573,
    -0.4789063507997204,
    -0.4791141287166989,
    -0.479321908438161,
    -0.4795296897810565,
    -0.479737472562335,
    -0.4799452565989463,
    -0.48015304170784007,
    -0.480360827705966,
    -0.4805686144102739,
    -0.48077640163771335,
    -0.4809841892052341,
    -0.481191976929786,
    -0.48139976462831857,
    -0.48160755211778167,
    -0.4818153392151249,
    -0.48202312573729805,
    -0.4822309115012509,
    -0.482438696323933,
    -0.4826464800222941,
    -0.48285426241328405,
    -0.48306204331385244,
    -0.483269822540949,
    -0.4834775999115235,
    -0.4836853752425256,
    -0.483893148350905,
    -0.4841009190536115,
    -0.4843086871675946,
    -0.48451645250980435,
    -0.48472421489719025,
    -0.484931974146702,
    -0.4851397300752894,
    -0.4853474824999021,
    -0.48555523123748984,
    -0.48576297610500235,
    -0.48597071691938926,
    -0.48617845349760047,
    -0.48638618565658553,
    -0.48659391321329415,
    -0.48680163598467613,
    -0.4870093537876812,
    -0.48721706643925894,
    -0.48742477375635923,
    -0.48763247555593164,
    -0.48784017165492594,
    -0.48804786187029187,
    -0.48825554601897914,
    -0.4884632239179374,
    -0.48867089538411645,
    -0.48887856023446596,
    -0.4890862182859356,
    -0.48929386935547525,
    -0.4895015132600344,
    -0.48970914981656294,
    -0.48991677884201046,
    -0.49012440015332676,
    -0.4903320135674615,
    -0.49053961890136444,
    -0.4907472159719853,
    -0.4909548045962738,
    -0.49116238459117945,
    -0.4913699557736523,
    -0.49157751796064186,
    -0.4917850709690978,
    -0.49199261461597,
    -0.49220014871820805,
    -0.4924076730927617,
    -0.4926151875565807,
    -0.49282269192661476,
    -0.4930301860198134,
    -0.4932376696531267,
    -0.49344514264350414,
    -0.49365260480789536,
    -0.4938600559632503,
    -0.4940674959265185,
    -0.49427492451464977,
    -0.4944823415445937,
    -0.4946897468333002,
    -0.49489714019771885,
    -0.4951045214547993,
    -0.49531189042149143,
    -0.49551924691474486,
    -0.4957265907515093,
    -0.49593392174873446,
    -0.49614123972337015,
    -0.496348544492366,
    -0.49655583587267166,
    -0.496763113681237,
    -0.4969703777350116,
    -0.4971776278509452,
    -0.4973848638459876,
    -0.4975920855370885,
    -0.49779929274119744,
    -0.49800648527526437,
    -0.4982136629562389,
    -0.49842082560107065,
    -0.4986279730267095,
    -0.49883510505010514,
    -0.4990422214882072,
    -0.4992493221579653,
    -0.4994564068763294,
    -0.49966347546024914,
    -0.4998705277266742,
    -0.5000775634925541,
    -0.5002845825748389,
    -0.5004915847904781,
    -0.5006985699564214,
    -0.5009055378896187,
    -0.5011124884070196,
    -0.5013194213255736,
    -0.5015263364622309,
    -0.5017332336339406,
    -0.501940112657653,
    -0.5021469733503177,
    -0.502353815528884,
    -0.502560639010302,
    -0.5027674436115214,
    -0.5029742291494917,
    -0.5031809954411628,
    -0.5033877423034843,
    -0.5035944695534059,
    -0.5038011770078775,
    -0.5040078644838486,
    -0.504214531798269,
    -0.5044211787680886,
    -0.5046278052102567,
    -0.5048344109417234,
    -0.5050409957794382,
    -0.5052475595403508,
    -0.5054541020414112,
    -0.5056606230995687,
    -0.5058671225317732,
    -0.5060736001549746,
    -0.5062800557861225,
    -0.5064864892421664,
    -0.5066929003400562,
    -0.5068992888967416,
    -0.5071056547291724,
    -0.507311997654298,
    -0.5075183174890684,
    -0.5077246140504333,
    -0.5079308871553424,
    -0.5081371366207453,
    -0.5083433622635919,
    -0.5085495639008317,
    -0.5087557413494145,
    -0.50896189442629,
    -0.509168022948408,
    -0.5093741267327181,
    -0.5095802055961702,
    -0.5097862593557139,
    -0.5099922878282986,
    -0.5101982908308746,
    -0.5104042681803913,
    -0.5106102196937983,
    -0.5108161451880455,
    -0.5110220444800827,
    -0.5112279173868595,
    -0.5114337637253253,
    -0.5116395833124304,
    -0.5118453759651241,
    -0.5120511415003562,
    -0.5122568797350766,
    -0.5124625904862348,
    -0.5126682735707806,
    -0.5128739288056636,
    -0.5130795560078337,
    -0.5132851549942405,
    -0.5134907255818337,
    -0.5136962675875631,
    -0.5139017808283785,
    -0.5141072651212292,
    -0.5143127202830654,
    -0.5145181461308366,
    -0.5147235424814923,
    -0.5149289091519826,
    -0.5151342459592572,
    -0.5153395527202653,
    -0.5155448292519573,
    -0.5157500753712825,
    -0.5159552908951908,
    -0.5161604756406315,
    -0.5163656294245549,
    -0.5165707520639105,
    -0.5167758433756477,
    -0.5169809031767167,
    -0.517185931284067,
    -0.5173909275146481,
    -0.5175958916854101,
    -0.5178008236133025,
    -0.5180057231152749,
    -0.5182105900082774,
    -0.5184154241092593,
    -0.5186202252351705,
    -0.5188249932029608,
    -0.5190297278295798,
    -0.5192344289319772,
    -0.5194390963271027,
    -0.5196437298319062,
    -0.5198483292633372,
    -0.5200528944383453,
    -0.5202574251738807,
    -0.5204619212868927,
    -0.5206663825943312,
    -0.5208708089131456,
    -0.5210752000602861,
    -0.5212795558527021,
    -0.5214838761073433,
    -0.5216881606411596,
    -0.5218924092711006,
    -0.522096621814116,
    -0.5223007980871556,
    -0.522504937907169,
    -0.5227090410911059,
    -0.5229131074559162,
    -0.5231171368185495,
    -0.5233211289959554,
    -0.5235250838050839,
    -0.5237290010628844,
    -0.5239328805863069,
    -0.5241367221923008,
    -0.5243405256978161,
    -0.5245442909198024,
    -0.5247480176752093,
    -0.5249517057809867,
    -0.5251553550540842,
    -0.5253589653114517,
    -0.5255625363700385,
    -0.5257660680467947,
    -0.52596956015867,
    -0.5261730125226138,
    -0.5263764249555762,
    -0.5265797972745068,
    -0.5267831292963551,
    -0.526986420838071,
    -0.5271896717166042,
    -0.5273928817489043,
    -0.5275960507519212,
    -0.5277991785426046,
    -0.5280022649379039,
    -0.5282053097547693,
    -0.5284083128101501,
    -0.5286112739209963,
    -0.5288141929042574,
    -0.5290170695768832,
    -0.5292199037558235,
    -0.529422695258028,
    -0.5296254439004461,
    -0.529828149500028,
    -0.5300308121118639,
    -0.5302334317910449,
    -0.5304360085926616,
    -0.5306385425718044,
    -0.5308410337835644,
    -0.531043482283032,
    -0.5312458881252978,
    -0.5314482513654529,
    -0.5316505720585877,
    -0.5318528502597929,
    -0.5320550860241592,
    -0.5322572794067774,
    -0.532459430462738,
    -0.5326615392471318,
    -0.5328636058150494,
    -0.5330656302215816,
    -0.5332676125218191,
    -0.5334695527708524,
    -0.5336714510237724,
    -0.5338733073356697,
    -0.534075121761635,
    -0.534276894356759,
    -0.5344786251761323,
    -0.5346803142748455,
    -0.5348819617079896,
    -0.5350835675306552,
    -0.5352851317979328,
    -0.5354866545649132,
    -0.5356881358866872,
    -0.5358895758183453,
    -0.5360909744149781,
    -0.5362923317316766,
    -0.5364936478235313,
    -0.5366949227456328,
    -0.5368961565530721,
    -0.5370973493009397,
    -0.5372985010443262,
    -0.5374996118383222,
    -0.5377006817380188,
    -0.5379017107985063,
    -0.5381026990748755,
    -0.5383036466222172,
    -0.538504553495622,
    -0.5387054197501805,
    -0.5389062454409835,
    -0.5391070306231217,
    -0.5393077753516857,
    -0.5395084796817663,
    -0.5397091436684541,
    -0.5399097673668397,
    -0.5401103508320141,
    -0.5403108941190676,
    -0.5405113972830912,
    -0.5407118603791753,
    -0.5409122834624108,
    -0.5411126665878885,
    -0.5413130098106986,
    -0.5415133131859323,
    -0.5417135767686801,
    -0.5419138006140327,
    -0.5421139847770806,
    -0.5423141293129148,
    -0.5425142342766257,
    -0.5427142997233042,
    -0.542914325708041,
    -0.5431143122859265,
    -0.5433142595120518,
    -0.5435141674415073,
    -0.5437140361293837,
    -0.5439138656307717,
    -0.5441136560007621,
    -0.5443134072944457,
    -0.5445131195669126,
    -0.5447127928732542,
    -0.5449124272685608,
    -0.5451120228079233,
    -0.545311579546432,
    -0.5455110975391779,
    -0.5457105768412518,
    -0.545910017507744,
    -0.5461094195937455,
    -0.5463087831543469,
    -0.5465081082446388,
    -0.5467073949197121,
    -0.5469066432346573,
    -0.547105853244565,
    -0.5473050250045262,
    -0.5475041585696313,
    -0.5477032539949711,
    -0.5479023113356363,
    -0.5481013306467176,
    -0.5483003119833056,
    -0.548499255400491,
    -0.5486981609533648,
    -0.5488970286970172,
    -0.549095858686539,
    -0.5492946509770211,
    -0.5494934056235542,
    -0.5496921226812288,
    -0.5498908022051355,
    -0.5500894442503653,
    -0.5502880488720087,
    -0.5504866161251564,
    -0.550685146064899,
    -0.5508836387463274,
    -0.5510820942245321,
    -0.551280512554604,
    -0.5514788937916335,
    -0.5516772379907114,
    -0.5518755452069286,
    -0.5520738154953755,
    -0.5522720489111428,
    -0.5524702455093214,
    -0.552668405345002,
    -0.552866528473275,
    -0.5530646149492311,
    -0.5532626648279614,
    -0.5534606781645561,
    -0.5536586550141063,
    -0.5538565954317023,
    -0.5540544994724351,
    -0.5542523671913953,
    -0.5544501986436733,
    -0.5546479938843603,
    -0.5548457529685465,
    -0.555043475951323,
    -0.5552411628877802,
    -0.555438813833009,
    -0.5556364288420998,
    -0.5558340079701436,
    -0.5560315512722309,
    -0.5562290588034524,
    -0.5564265306188989,
    -0.556623966773661,
    -0.5568213673228294,
    -0.5570187323214946,
    -0.5572160618247476,
    -0.557413355887679,
    -0.5576106145653793,
    -0.5578078379129394,
    -0.55800502598545,
    -0.5582021788380016,
    -0.558399296525685,
    -0.558596379103591,
    -0.5587934266268099,
    -0.5589904391504328,
    -0.5591874167295503,
    -0.5593843594192529,
    -0.5595812672746314,
    -0.5597781403507767,
    -0.559974978702779,
    -0.5601717823857294,
    -0.5603685514547185,
    -0.560565285964837,
    -0.5607619859711753,
    -0.5609586515288245,
    -0.5611552826928752,
    -0.5613518795184178,
    -0.5615484420605432,
    -0.5617449703743421,
    -0.5619414645149052,
    -0.562137924537323,
    -0.5623343504966865,
    -0.5625307424480861,
    -0.5627271004466126,
    -0.5629234245473567,
    -0.5631197148054091,
    -0.5633159712758604,
    -0.5635121940138014,
    -0.5637083830743227,
    -0.563904538512515,
    -0.5641006603834691,
    -0.5642967487422755,
    -0.5644928036440251,
    -0.5646888251438084,
    -0.5648848132967161,
    -0.565080768157839,
    -0.5652766897822676,
    -0.565472578225093,
    -0.5656684335414054,
    -0.5658642557862957,
    -0.5660600450148546,
    -0.5662558012821728,
    -0.5664515246433409,
    -0.5666472151534496,
    -0.5668428728675897,
    -0.5670384978408517,
    -0.5672340901283266,
    -0.5674296497851048,
    -0.567625176866277,
    -0.5678206714269339,
    -0.5680161335221664,
    -0.568211563207065,
    -0.5684069605367204,
    -0.5686023255662233,
    -0.5687976583506644,
    -0.5689929589451345,
    -0.5691882274047239,
    -0.5693834637845238,
    -0.5695786681396245,
    -0.5697738405251168,
    -0.5699689809960915,
    -0.5701640896076392,
    -0.5703591664148505,
    -0.5705542114728163,
    -0.570749224836627,
    -0.5709442065613736,
    -0.5711391567021465,
    -0.5713340753140367,
    -0.5715289624521346,
    -0.5717238181715311,
    -0.5719186425273166,
    -0.5721134355745822,
    -0.5723081973684181,
    -0.5725029279639154,
    -0.5726976274161646,
    -0.5728922957802564,
    -0.5730869331112816,
    -0.5732815394643307,
    -0.5734761148944945,
    -0.5736706594568636,
    -0.5738651732065287,
    -0.5740596561985808,
    -0.5742541084881101,
    -0.5744485301302076,
    -0.5746429211799639,
    -0.5748372816924696,
    -0.5750316117228156,
    -0.5752259113260924,
    -0.5754201805573906,
    -0.5756144194718013,
    -0.5758086281244148,
    -0.5760028065703219,
    -0.5761969548646133,
    -0.5763910730623797,
    -0.5765851612187118,
    -0.5767792193887001,
    -0.5769732476274356,
    -0.5771672459900089,
    -0.5773612145315103,
    -0.5775551533070311,
    -0.5777490623716617,
    -0.5779429417804927,
    -0.5781367915886148,
    -0.5783306118511187,
    -0.5785244026230952,
    -0.5787181639596349,
    -0.5789118959158286,
    -0.5791055985467668,
    -0.5792992719075404,
    -0.5794929160532399,
    -0.5796865310389562,
    -0.5798801169197796,
    -0.5800736737508011,
    -0.5802672015871114,
    -0.580460700483801,
    -0.5806541704959608,
    -0.5808476116786814,
    -0.5810410240870535,
    -0.5812344077761675,
    -0.5814277628011146,
    -0.5816210892169852,
    -0.5818143870788698,
    -0.5820076564418595,
    -0.5822008973610447,
    -0.5823941098915162,
    -0.5825872940883647,
    -0.5827804500066809,
    -0.5829735777015553,
    -0.5831666772280788,
    -0.583359748641342,
    -0.5835527919964355,
    -0.5837458073484503,
    -0.5839387947524768,
    -0.5841317542636056,
    -0.5843246859369277,
    -0.5845175898275335,
    -0.584710465990514,
    -0.5849033144809596,
    -0.585096135353961,
    -0.5852889286646091,
    -0.5854816944679945,
    -0.5856744328192077,
    -0.5858671437733397,
    -0.5860598273854809,
    -0.5862524837107221,
    -0.5864451128041541,
    -0.5866377147208676,
    -0.5868302895159528,
    -0.5870228372445011,
    -0.5872153579616027,
    -0.5874078517223484,
    -0.587600318581829,
    -0.5877927585951352,
    -0.5879851718173575,
    -0.5881775583035866,
    -0.5883699181089134,
    -0.5885622512884284,
    -0.5887545578972223,
    -0.5889468379903859,
    -0.5891390916230098,
    -0.5893313188501847,
    -0.5895235197270012,
    -0.5897156943085502,
    -0.5899078426499224,
    -0.590099964806208,
    -0.5902920608324983,
    -0.5904841307838835,
    -0.5906761747154546,
    -0.5908681926823024,
    -0.5910601847395173,
    -0.5912521509421899,
    -0.5914440913454111,
    -0.5916360060042717,
    -0.591827894973862,
    -0.5920197583092731,
    -0.5922115960655956,
    -0.5924034082979199,
    -0.592595195061337,
    -0.5927869564109374,
    -0.5929786924018119,
    -0.593170403089051,
    -0.5933620885277456,
    -0.5935537487729864,
    -0.5937453838798639,
    -0.593936993903469,
    -0.5941285788988923,
    -0.5943201389212242,
    -0.5945116740255558,
    -0.5947031842669778,
    -0.5948946697005805,
    -0.5950861303814549,
    -0.5952775663646916,
    -0.5954689777053813,
    -0.5956603644586146,
    -0.5958517266794823,
    -0.5960430644230751,
    -0.5962343777444835,
    -0.5964256666987985,
    -0.5966169313411105,
    -0.5968081717265104,
    -0.5969993879100884,
    -0.5971905799469359,
    -0.5973817478921433,
    -0.5975728918008011,
    -0.5977640117280001,
    -0.5979551077288311,
    -0.5981461798583846,
    -0.5983372281717515,
    -0.5985282527240224,
    -0.5987192535702878,
    -0.5989102307656387,
    -0.5991011843651656,
    -0.5992921144239591,
    -0.5994830209971101,
    -0.5996739041397093,
    -0.5998647639068472,
    -0.6000556003536145,
    -0.600246413535102,
    -0.6004372035064004,
    -0.6006279703226002,
    -0.6008187140387924,
    -0.6010094347100674,
    -0.601200132391516,
    -0.6013908071382288,
    -0.6015814590052967,
    -0.6017720880478101,
    -0.6019626943208599,
    -0.6021532778795368,
    -0.6023438387789313,
    -0.6025343770741343,
    -0.6027248928202363,
    -0.6029153860723282,
    -0.6031058568855004,
    -0.6032963053148439,
    -0.6034867314154492,
    -0.6036771352424068,
    -0.6038675168508079,
    -0.6040578762957428,
    -0.6042482136323023,
    -0.6044385289155769,
    -0.6046288222006576,
    -0.604819093542635,
    -0.6050093429965997,
    -0.6051995706176423,
    -0.6053897764608537,
    -0.6055799605813244,
    -0.6057701230341452,
    -0.6059602638744068,
    -0.6061503831571998,
    -0.6063404809376151,
    -0.6065305572707431,
    -0.6067206122116745,
    -0.6069106458155002,
    -0.6071006581373108,
    -0.6072906492321971,
    -0.6074806191552494,
    -0.6076705679615588,
    -0.6078604957062159,
    -0.6080504024443112,
    -0.6082402882309355,
    -0.6084301531211795,
    -0.6086199971701339,
    -0.6088098204328893,
    -0.6089996229645366,
    -0.6091894048201663,
    -0.609379166054869,
    -0.6095689067237356
]