[
    3.8090756075884507,
    3.808589452496331,
    3.8081052868796945,
    3.807623103551745,
    3.8071428953256867,
    3.8066646550147234,
    3.806188375432059,
    3.8057140493908976,
    3.8052416697044436,
    3.8047712291859,
    3.8043027206484723,
    3.803836136905363,
    3.803371470769777,
    3.802908715054918,
    3.80244786257399,
    3.801988906140197,
    3.801531838566743,
    3.801076652666832,
    3.800623341253668,
    3.800171897140455,
    3.799722313140397,
    3.799274582066698,
    3.798828696732562,
    3.7983846499511933,
    3.7979424345357953,
    3.7975020432995725,
    3.7970634690557286,
    3.7966267046174678,
    3.796191742797994,
    3.795758576410511,
    3.7953271982682235,
    3.7948976011843345,
    3.7944697779720493,
    3.7940437214445706,
    3.7936194244151027,
    3.7931968796968496,
    3.7927760801030157,
    3.792357018446805,
    3.7919396875414213,
    3.7915240802000683,
    3.7911101892359502,
    3.7906980074622716,
    3.7902875276922354,
    3.7898787427390466,
    3.7894716454159085,
    3.7890662285360257,
    3.7886624849126016,
    3.7882604073588406,
    3.7878599886879467,
    3.7874612217131234,
    3.787064099247575,
    3.786668614104506,
    3.78627475909712,
    3.7858825270386207,
    3.7854919107422127,
    3.7851029030210994,
    3.7847154966884853,
    3.784329684557574,
    3.7839454594415693,
    3.7835628141536755,
    3.783181741507097,
    3.7828022343150374,
    3.782424285390701,
    3.782047887547291,
    3.7816730335980124,
    3.7812997163560684,
    3.7809279286346635,
    3.7805576632470017,
    3.7801889130062865,
    3.7798216707257226,
    3.7794559292185133,
    3.779091681297863,
    3.778728919776976,
    3.7783676374690556,
    3.7780078271873063,
    3.777649481744932,
    3.7772925939551367,
    3.776937156631124,
    3.776583162586098,
    3.7762306046332634,
    3.7758794755858234,
    3.7755297682569826,
    3.775181475459944,
    3.774834590007913,
    3.774489104714093,
    3.7741450123916875,
    3.773802305853901,
    3.7734609779139374,
    3.773121021385001,
    3.772782429080295,
    3.7724451938130246,
    3.7721093083963924,
    3.7717747656436034,
    3.771441558367861,
    3.77110967938237,
    3.7707791215003335,
    3.770449877534956,
    3.770121940299442,
    3.7697953026069944,
    3.7694699572708172,
    3.7691458971041154,
    3.7688231149200924,
    3.768501603531952,
    3.768181355752899,
    3.7678623643961364,
    3.767544622274869,
    3.7672281222023,
    3.7669128569916346,
    3.7665988194560756,
    3.7662860024088274,
    3.765974398663094,
    3.76566400103208,
    3.7653548023289884,
    3.7650467953670237,
    3.76473997295939,
    3.764434327919291,
    3.764129853059931,
    3.7638265411945135,
    3.7635243851362437,
    3.763223377698324,
    3.76292351169396,
    3.762624779936354,
    3.7623271752387106,
    3.762030690414235,
    3.7617353182761293,
    3.761441051637599,
    3.7611478833118475,
    3.7608558061120787,
    3.760564812851497,
    3.7602748963433057,
    3.7599860494007094,
    3.7596982648369117,
    3.759411535465117,
    3.7591258540985293,
    3.7588412135503524,
    3.75855760663379,
    3.758275026162047,
    3.7579934649483264,
    3.7577129158058327,
    3.7574333715477697,
    3.757154824987342,
    3.7568772689377528,
    3.7566006962122063,
    3.756325099623907,
    3.756050471986058,
    3.755776806111864,
    3.7555040948145284,
    3.755232330907256,
    3.7549615072032503,
    3.7546916165157156,
    3.7544226516578556,
    3.7541546054428743,
    3.753887470683976,
    3.7536212401943643,
    3.7533559067872435,
    3.753091463275817,
    3.75282790247329,
    3.752565217192865,
    3.7523034002477478,
    3.7520424444511407,
    3.7517823426162487,
    3.7515230875562753,
    3.751264672084425,
    3.751007089013901,
    3.750750331157908,
    3.75049439132965,
    3.75023926234233,
    3.7499849370091534,
    3.7497314081433233,
    3.749478668558044,
    3.7492267110665196,
    3.748975528481954,
    3.748725113617551,
    3.7484754592865146,
    3.7482265583020493,
    3.7479784034773584,
    3.7477309876256464,
    3.747484303560117,
    3.747238344093975,
    3.746993102040423,
    3.746748570212666,
    3.746504741423908,
    3.7462616084873526,
    3.746019164216204,
    3.745777401423666,
    3.7455363129229426,
    3.7452958915272383,
    3.7450561300497562,
    3.7448170213037013,
    3.744578558102277,
    3.7443407332586873,
    3.7441035395861366,
    3.7438669698978284,
    3.7436310170069667,
    3.743395673726756,
    3.7431609328704,
    3.7429267872511027,
    3.742693229682068,
    3.7424602529765,
    3.742227849947603,
    3.741996013408581,
    3.741764736172637,
    3.741534011052976,
    3.7413038308628015,
    3.741074188415318,
    3.7408450765237293,
    3.740616488001239,
    3.7403884156610516,
    3.7401608523163707,
    3.739933790780401,
    3.739707223866345,
    3.7394811443874083,
    3.7392555451567944,
    3.739030418987707,
    3.73880575869335,
    3.738581557086928,
    3.7383578069816448,
    3.738134501190704,
    3.7379116325273105,
    3.737689193804667,
    3.7374671778359785,
    3.7372455774344484,
    3.737024385413281,
    3.736803594585681,
    3.7365831977648507,
    3.7363631877639953,
    3.7361435573963186,
    3.735924299475025,
    3.735705406813318,
    3.7354868722244015,
    3.7352686885214794,
    3.7350508485177563,
    3.7348333450264355,
    3.7346161708607215,
    3.7343993188338183,
    3.7341827817589293,
    3.7339665524492593,
    3.733750623718012,
    3.7335349883783913,
    3.733319639243601,
    3.7331045691268456,
    3.7328897708413287,
    3.7326752372002545,
    3.732460961016827,
    3.73224693510425,
    3.7320331522757275,
    3.731819605344464,
    3.731606287123663,
    3.731393190426529,
    3.731180308066265,
    3.730967632856076,
    3.7307551576091655,
    3.7305428751387377,
    3.730330778257996,
    3.730118859780146,
    3.7299071125183896,
    3.729695529285932,
    3.7294841028959773,
    3.729272826161729,
    3.7290616918963915,
    3.728850692913168,
    3.728639822025264,
    3.728429072045882,
    3.728218435788227,
    3.7280079060655025,
    3.7277974756909122,
    3.727587137477661,
    3.727376884238952,
    3.7271667087879896,
    3.7269566039379782,
    3.7267465625021217,
    3.726536577293623,
    3.726326641125687,
    3.7261167468115177,
    3.725906887164319,
    3.725697054997295,
    3.7254872431236494,
    3.7252774443565864,
    3.72506765150931,
    3.7248578573950244,
    3.724648054826933,
    3.7244382366182402,
    3.7242283955821502,
    3.7240185245318664,
    3.7238086162805937,
    3.723598663641535,
    3.7233886594278953,
    3.723178596452878,
    3.7229684675296872,
    3.722758265471527,
    3.7225479830916015,
    3.722337613203115,
    3.72212714861927,
    3.7219165821532725,
    3.721705906618325,
    3.721495114827632,
    3.7212841995943977,
    3.721073153731826,
    3.7208619700531207,
    3.720650641371486,
    3.720439160500126,
    3.7202275202522443,
    3.720015713441045,
    3.7198037328797326,
    3.7195915713815104,
    3.7193792217595827,
    3.719166676827154,
    3.7189539293974274,
    3.7187409722836073,
    3.718527798298898,
    3.718314400256503,
    3.718100770969627,
    3.7178869032514728,
    3.717672789915246,
    3.7174584237741493,
    3.717243797641387,
    3.717028904330163,
    3.7168137366536818,
    3.716598287425147,
    3.7163825494577627,
    3.716166515564733,
    3.7159501785592615,
    3.715733531254553,
    3.7155165664638106,
    3.7152992770002387,
    3.715081655677041,
    3.7148636953074226,
    3.7146453887045863,
    3.7144267286817363,
    3.714207708052077,
    3.7139883196288124,
    3.713768556225146,
    3.713548410654282,
    3.7133278757294246,
    3.713106944263778,
    3.7128856090705455,
    3.712663862962932,
    3.71244169875414,
    3.7122191092573753,
    3.7119960872858404,
    3.7117726256527406,
    3.711548717171279,
    3.7113243546546597,
    3.711099530916087,
    3.7108742387687648,
    3.710648471025897,
    3.710422220500688,
    3.710195480006341,
    3.7099682423560605,
    3.7097405003630506,
    3.709512246840515,
    3.709283474601658,
    3.7090541764596834,
    3.708824345227795,
    3.7085939737191977,
    3.7083630547470943,
    3.70813158112469,
    3.7078995456651875,
    3.7076669411817917,
    3.707433760487706,
    3.707199996396135,
    3.706965641720282,
    3.706730689273352,
    3.7064951318685484,
    3.706258962319075,
    3.7060221734381362,
    3.7057847580389356,
    3.7055467089346776,
    3.705308018938566,
    3.7050686808638047,
    3.7048286875235976,
    3.7045880317311495,
    3.7043467062996633,
    3.7041047040423436,
    3.7038620177723947,
    3.7036186403030196,
    3.703374564447423,
    3.7031297830188095,
    3.7028842888303823,
    3.7026380746953453,
    3.7023911334269024,
    3.702143457838258,
    3.7018950407426163,
    3.7016458749531806,
    3.7013959532831553,
    3.7011452685457447,
    3.7008938135541523,
    3.700641581121582,
    3.7003885640612384,
    3.7001347551863253,
    3.6998801473100467,
    3.699624733245606,
    3.699368505806208,
    3.6991114578050563,
    3.6988535820553547,
    3.698594871370308,
    3.698335318563119,
    3.698074916446993,
    3.6978136578351335,
    3.6975515355407444,
    3.697288542377029,
    3.6970246711571924,
    3.696759914694438,
    3.69649426580197,
    3.6962277172929925,
    3.695960261980709,
    3.695691892678324,
    3.6954226021990415,
    3.6951523833560653,
    3.694881228962599,
    3.6946091318318475,
    3.6943360847770146,
    3.6940620806113036,
    3.693787112147919,
    3.693511172200065,
    3.693234253580945,
    3.6929563491037634,
    3.6926774515817242,
    3.6923975538280316,
    3.692116648655889,
    3.6918347288785007,
    3.6915517873090713,
    3.691267816760804,
    3.690982810046903,
    3.690696759980572,
    3.6904096593750153,
    3.690121501043437,
    3.689832277799041,
    3.6895419824550317,
    3.6892506078246123,
    3.6889581467209873,
    3.6886645919573606,
    3.6883699363469367,
    3.6880741727029185,
    3.687777293838511,
    3.6874792925669175,
    3.687180161701342,
    3.6868798940549894,
    3.686578482441063,
    3.6862759196727666,
    3.685972198563305,
    3.685667311925881,
    3.6853612525737,
    3.685054013319965,
    3.6847455869778805,
    3.68443596636065,
    3.6841251442814777,
    3.683813113553568,
    3.6834998669901244,
    3.683185397404351,
    3.682869697609452,
    3.6825527604186314,
    3.682234578645093,
    3.6819151451020407,
    3.6815944526026785,
    3.681272493960211,
    3.6809492619878417,
    3.6806247494987745,
    3.6802989493062137,
    3.679971854223363,
    3.6796434570634267,
    3.6793137506396087,
    3.6789827277651126,
    3.678650381253143,
    3.6783167039169045,
    3.677981688569599,
    3.6776453280244326,
    3.677307615094608,
    3.6769685425933294,
    3.6766281033338015,
    3.6762862901292275,
    3.675943095792812,
    3.675598513137759,
    3.675252534977272,
    3.6749051541245548,
    3.674556363392812,
    3.6742061555952477,
    3.6738545235450655,
    3.6735014600554696,
    3.673146957939664,
    3.6727910100108527,
    3.6724336090822396,
    3.6720747479670286,
    3.6717144194784237,
    3.671352616429629,
    3.670989331633849,
    3.6706245579042864,
    3.6702582880541472,
    3.6698905148966334,
    3.66952123124495,
    3.6691504299123006,
    3.6687781037118894,
    3.668404245456921,
    3.668028847960598,
    3.6676519040361257,
    3.667273406496707,
    3.6668933481555475,
    3.6665117218258496,
    3.6661285203208176,
    3.6657437364536563,
    3.665357363037569,
    3.66496939288576,
    3.66457982917437,
    3.66418867507954,
    3.6637959337774113,
    3.6634016084441248,
    3.6630057022558207,
    3.662608218388641,
    3.6622091600187265,
    3.6618085303222174,
    3.661406332475255,
    3.6610025696539803,
    3.660597245034534,
    3.660190361793058,
    3.659781923105692,
    3.659371932148578,
    3.6589603920978564,
    3.6585473061296683,
    3.6581326774201544,
    3.657716509145456,
    3.657298804481714,
    3.656879566605069,
    3.656458798691663,
    3.6560365039176355,
    3.655612685459128,
    3.655187346492282,
    3.654760490193238,
    3.6543321197381373,
    3.65390223830312,
    3.6534708490643286,
    3.653037955197902,
    3.652603559879983,
    3.652167666286711,
    3.651730277594228,
    3.651291396978675,
    3.6508510276161927,
    3.6504091726829215,
    3.6499658353550033,
    3.6495210188085783,
    3.649074726219788,
    3.648626960764773,
    3.6481777256196746,
    3.647727023960633,
    3.6472748589637902,
    3.6468212338052863,
    3.646366151661263,
    3.6459096157078608,
    3.6454516291212204,
    3.6449921950774833,
    3.64453131675279,
    3.644068997323282,
    3.6436052399650998,
    3.6431400478543843,
    3.6426734241672767,
    3.642205372079918,
    3.641735894768449,
    3.641264995409011,
    3.640792677177744,
    3.6403189432507896,
    3.639843796804289,
    3.639367241014383,
    3.6388892790572127,
    3.6384099141089186,
    3.637929149345642,
    3.6374469879435236,
    3.636963433078704,
    3.6364784879273255,
    3.635992155665528,
    3.6355044394694525,
    3.63501534251524,
    3.6345248679790316,
    3.634033019036968,
    3.6335397988651907,
    3.6330452106398408,
    3.6325492575370584,
    3.6320519427329847,
    3.631553269403761,
    3.6310532407255276,
    3.630551859874426,
    3.630049130026597,
    3.629545054358182,
    3.6290396360453214,
    3.6285328782641564,
    3.6280247841908277,
    3.6275153570014766,
    3.6270045998722438,
    3.6264925159792702,
    3.625979108498697,
    3.625464380606665,
    3.6249483354793153,
    3.6244309762927887,
    3.623912306223226,
    3.623392328446769,
    3.6228710461395575,
    3.6223484624777336,
    3.621824580637437,
    3.621299403794809,
    3.6207729351259914,
    3.6202451778071247,
    3.6197161350143494,
    3.619185809923807,
    3.618654205711638,
    3.6181213255539837,
    3.617587172626985,
    3.617051750106783,
    3.616515061169518,
    3.615977108991332,
    3.615437896748365,
    3.6148974276167585,
    3.6143557047726533,
    3.61381273139219,
    3.6132685106515106,
    3.612723045726755,
    3.6121763397940643,
    3.61162839602958,
    3.611079217609443,
    3.6105288077097937,
    3.6099771695067733,
    3.6094243061765225,
    3.6088702208951826,
    3.6083149168388946,
    3.6077583971837996,
    3.607200665106038,
    3.606641723781751,
    3.60608157638708,
    3.6055202260981654,
    3.604957676091148,
    3.6043939295421694,
    3.6038289896273703,
    3.6032628595228915,
    3.602695542404874,
    3.602127041449459,
    3.601557359832787,
    3.600986500730999,
    3.6004144673202365,
    3.59984126277664,
    3.5992668902763505,
    3.5986913529955094,
    3.598114654110257,
    3.5975367967967347,
    3.5969577842310834,
    3.5963776195894437,
    3.5957963060479567,
    3.5952138467827637,
    3.594630244970005,
    3.5940455037858223,
    3.5934596264063563,
    3.5928726160077473,
    3.5922844757661374,
    3.591695208857667,
    3.5911048184584766,
    3.590513307744708,
    3.5899206798925016,
    3.5893269380779986,
    3.5887320854773397,
    3.588136125266666,
    3.5875390606221185,
    3.586940894719838,
    3.5863416307359657,
    3.585741271846643,
    3.58513982122801,
    3.5845372820562074,
    3.583933657507377,
    3.583328950757659,
    3.5827231649831957,
    3.5821163033601264,
    3.581508369064593,
    3.5808993652727366,
    3.5802892951606973,
    3.579678161904617,
    3.579065968680636,
    3.5784527186648956,
    3.5778384150335367,
    3.5772230609627,
    3.576606659628527,
    3.5759892142071577,
    3.575370727874734,
    3.5747512038073963,
    3.574130645181286,
    3.573509055172544,
    3.5728864369573112,
    3.572262793711728,
    3.571638128611936,
    3.571012444834076,
    3.5703857455542884,
    3.569758033948715,
    3.5691293131934967,
    3.5684995864647737,
    3.5678688569386874,
    3.5672371277913792,
    3.566604402198989,
    3.565970683337659,
    3.565335974383529,
    3.564700278512741,
    3.564063598901435,
    3.5634259387257528,
    3.5627873011618347,
    3.5621476893858217,
    3.5615071065738553,
    3.560865555902076,
    3.560223040546625,
    3.559579563683643,
    3.5589351284892716,
    3.5582897381396505,
    3.5576433958109215,
    3.5569961046792256,
    3.5563478679207035,
    3.5556986887114963,
    3.5550485702277452,
    3.5543975156455905,
    3.5537455281411736,
    3.5530926108906353,
    3.5524387670701167,
    3.5517839998557585,
    3.5511283124237023,
    3.5504717079500883,
    3.5498141896110575,
    3.5491557605827513,
    3.5484964240413106,
    3.547836183162876,
    3.5471750411235887,
    3.54651300109959,
    3.54585006626702,
    3.54518623980202,
    3.5445215248807314,
    3.5438559246792956,
    3.5431894423738517,
    3.5425220811405422,
    3.5418538441555074,
    3.5411847345948884,
    3.540514755634826,
    3.539843910451462,
    3.539172202220936,
    3.5384996341193906,
    3.537826209322965,
    3.5371519310078012,
    3.53647680235004,
    3.5358008265258225,
    3.535124006711289,
    3.5344463460825812,
    3.53376784781584,
    3.5330885150872056,
    3.53240835107282,
    3.531727358948823,
    3.5310455418913564,
    3.5303629030765618,
    3.529679445680578,
    3.528995172879548,
    3.528310087849612,
    3.5276241937669104,
    3.526937493807585,
    3.5262499911477763,
    3.5255616889636254,
    3.5248725904312734,
    3.5241826987268614,
    3.5234920170265296,
    3.52280054850642,
    3.5221082963426724,
    3.5214152637114284,
    3.520721453788829,
    3.5200268697510153,
    3.519331514774128,
    3.518635392034308,
    3.517938504707696,
    3.5172408559704333,
    3.516542448998661,
    3.5158432869685203,
    3.5151433730561514,
    3.5144427104376956,
    3.5137413022892936,
    3.5130391517870865,
    3.512336262107216,
    3.511632636425822,
    3.5109282779190454,
    3.5102231897630283,
    3.5095173751339104,
    3.5088108372078337,
    3.5081035791609385,
    3.507395604169366,
    3.506686915409257,
    3.5059775160567526,
    3.5052674092879936,
    3.5045565982791214,
    3.503845086206276,
    3.5031328762455995,
    3.5024199715732323,
    3.501706375365315,
    3.5009920907979892,
    3.5002771210473953,
    3.499561469289675,
    3.4988451387009687,
    3.4981281324574174,
    3.497410453735162,
    3.4966921057103435,
    3.4959730915591027,
    3.495253414457581,
    3.4945330775819192,
    3.4938120841082583,
    3.493090437212739,
    3.4923681400715023,
    3.491645195860689,
    3.4909216077564404,
    3.4901973789348975,
    3.4894725125722013,
    3.488747011844492,
    3.4880208799279115,
    3.4872941199986003,
    3.4865667352326994,
    3.4858387288063497,
    3.4851101038956926,
    3.4843808636768685,
    3.483651011326019,
    3.482920550019284,
    3.482189482932805,
    3.4814578132427227,
    3.4807255441251788,
    3.479992678756314,
    3.4792592203122688,
    3.478525171969184,
    3.4777905369032016,
    3.477055318290462,
    3.4763195193071055,
    3.475583143129274,
    3.474846192933108,
    3.474108671894749,
    3.473370583190337,
    3.4726319299960133,
    3.4718927154879196,
    3.471152942842196,
    3.4704126152349835,
    3.4696717358424234,
    3.468930307840657,
    3.4681883344058244,
    3.467445818714067,
    3.4667027639415253,
    3.465959173264341,
    3.4652150498586547,
    3.4644703969006074,
    3.4637252175663398,
    3.4629795150319933,
    3.4622332924737083,
    3.461486553067626,
    3.4607392999898883,
    3.4599915364166347,
    3.4592432655240066,
    3.458494490488145,
    3.4577452144851915,
    3.456995440691286,
    3.4562451722825704,
    3.455494412435185,
    3.454743164325271,
    3.4539914311289692,
    3.4532392160224212,
    3.4524865221817667,
    3.451733352783148,
    3.450979711002705,
    3.450225600016579,
    3.4494710230009114,
    3.4487159831318426,
    3.447960483585514,
    3.447204527538066,
    3.44644811816564,
    3.445691258644377,
    3.4449339521504174,
    3.4441762018599027,
    3.443418010948974,
    3.4426593825937717,
    3.4419003199704368,
    3.441140826255111,
    3.440380904623934,
    3.439620558253048,
    3.438859790318593,
    3.438098603996711,
    3.4373370024635417,
    3.436574988895227,
    3.4358125664679076,
    3.4350497383577245,
    3.4342865077408185,
    3.43352287779333,
    3.432758851691401,
    3.431994432611172,
    3.431229623728784,
    3.430464428220378,
    3.4296988492620946,
    3.428932890030075,
    3.42816655370046,
    3.4273998434493915,
    3.4266327624530093,
    3.4258653138874546,
    3.4250975009288687,
    3.424329326753392,
    3.4235607945371664,
    3.4227919074563316,
    3.42202266868703,
    3.421253081405401,
    3.4204831487875866,
    3.419712874009728,
    3.4189422602479653,
    3.4181713106784395,
    3.4174000284772923,
    3.416628416820664,
    3.4158564788846957,
    3.415084217845528,
    3.4143116368793027,
    3.4135387391621603,
    3.412765527870242,
    3.411992006179688,
    3.4112181772666403,
    3.4104440443072392,
    3.4096696104776254,
    3.408894878953941,
    3.4081198529123253,
    3.407344535528921,
    3.406568929979868,
    3.4057930394413067,
    3.4050168670893797,
    3.404240416100227,
    3.403463689649989,
    3.4026866909148086,
    3.4019094230708244,
    3.4011318892941786,
    3.400354092761012,
    3.399576036647465,
    3.39879772412968,
    3.3980191583837964,
    3.3972403425859556,
    3.396461279912299,
    3.3956819735389674,
    3.3949024266421013,
    3.3941226423978423,
    3.3933426239823308,
    3.392562374571708,
    3.391781897342115,
    3.391001195469693,
    3.390220272130582,
    3.3894391305009237,
    3.388657773756859,
    3.3878762050745284,
    3.3870944276300734,
    3.3863124445996347,
    3.3855302591593532,
    3.3847478744853703,
    3.3839652937538265,
    3.3831825201408625,
    3.38239955682262,
    3.381616406975239,
    3.3808330737748618,
    3.380049560397628,
    3.379265870019679,
    3.378482005817156,
    3.3776979709662003,
    3.376913768642952,
    3.3761294020235524,
    3.3753448742841425,
    3.3745601886008636,
    3.373775348149856,
    3.372990356107261,
    3.3722052156492195,
    3.371419929951873,
    3.3706345021913613,
    3.3698489355438257,
    3.369063233185408,
    3.368277398292249,
    3.3674914340404887,
    3.366705343606269,
    3.3659191301657296,
    3.3651327968950127,
    3.364346346970259,
    3.3635597835676094,
    3.3627731098632045,
    3.361986329033186,
    3.361199444253694,
    3.36041245870087,
    3.3596253755508543,
    3.358838197979789,
    3.358050929163814,
    3.357263572279071,
    3.3564761305017004,
    3.3556886070078433,
    3.3549010049736405,
    3.3541133275752335,
    3.353325577988763,
    3.35253775939037,
    3.3517498749561954,
    3.3509619278623797,
    3.3501739212850645,
    3.34938585840039,
    3.3485977423844986,
    3.3478095764135296,
    3.347021363663625,
    3.346233107310925,
    3.3454448105315713,
    3.3446564765017044,
    3.3438681083974653,
    3.343079709394995,
    3.342291282670435,
    3.3415028313999255,
    3.3407143587596075,
    3.339925867925622,
    3.3391373620741107,
    3.3383488443812137,
    3.337560318023072,
    3.336771785695729,
    3.335983250095228,
    3.3351947139176112,
    3.3344061798589215,
    3.333617650615203,
    3.3328291288824974,
    3.3320406173568484,
    3.3312521187342985,
    3.3304636357108914,
    3.3296751709826697,
    3.328886727245677,
    3.328098307195955,
    3.3273099135295476,
    3.3265215489424977,
    3.3257332161308484,
    3.3249449177906425,
    3.3241566566179226,
    3.3233684353087325,
    3.3225802565591147,
    3.321792123065112,
    3.3210040375227683,
    3.3202160026281256,
    3.3194280210772273,
    3.3186400955661166,
    3.317852228790836,
    3.317064423447429,
    3.316276682231938,
    3.315489007840407,
    3.3147014029688777,
    3.3139138703133937,
    3.313126412569998,
    3.3123390324347337,
    3.311551732603644,
    3.3107645157727714,
    3.309977384638159,
    3.30919034189585,
    3.308403390241887,
    3.3076165323723137,
    3.3068297709831724,
    3.3060431087705062,
    3.3052565484303584,
    3.304470092658772,
    3.30368374415179,
    3.302897505605455,
    3.30211137971581,
    3.301325369178899,
    3.3005394766907634,
    3.2997537049474475,
    3.2989680566449935,
    3.298182534479445,
    3.297397141146844,
    3.2966118793432346,
    3.2958267517646593,
    3.295041761107161,
    3.2942569100667836,
    3.2934722013395685,
    3.29268763762156,
    3.2919032216088007,
    3.2911189559973333,
    3.290334843483201,
    3.289550886762447,
    3.288767088531114,
    3.287983451485245,
    3.287199978320883,
    3.2864166717340715,
    3.285633534420853,
    3.2848505690772702,
    3.284067778399367,
    3.283285165083186,
    3.2825027318247697,
    3.2817204813201615,
    3.2809384162654043,
    3.280156539356541,
    3.2793748532896148,
    3.2785933607606688,
    3.2778120644657456,
    3.2770309671008886,
    3.2762500713621403,
    3.275469379945544,
    3.2746888955471434,
    3.27390862086298,
    3.273128558589098,
    3.27234871142154,
    3.2715690820563483,
    3.2707896731895674,
    3.270010487517239,
    3.2692315277354065,
    3.2684527965401133,
    3.2676742966274017,
    3.2668960306933155,
    3.2661180014338966,
    3.265340211545189,
    3.2645626637232357,
    3.2637853606640785,
    3.2630083050637615,
    3.2622314996183275,
    3.2614549470238194,
    3.26067864997628,
    3.259902611171752,
    3.2591268333062797,
    3.258351319075905,
    3.257576071176671,
    3.2568010923046207,
    3.2560263851557973,
    3.255251952426244,
    3.2544777968120036,
    3.2537039210091185,
    3.2529303277136328,
    3.2521570196215883,
    3.251383999429029,
    3.2506112698319978,
    3.249838833526537,
    3.24906669320869,
    3.2482948515744994,
    3.247523311320009,
    3.246752075141261,
    3.2459811457342993,
    3.245210525795166,
    3.2444402180199043,
    3.2436702251045575,
    3.242900549745168,
    3.2421311946377798,
    3.2413621624784352,
    3.240593455963177,
    3.2398250777880486,
    3.239057030649093,
    3.2382893172423532,
    3.2375219402638717,
    3.236754902409692,
    3.235988206375857,
    3.23522185485841,
    3.234455850553393,
    3.2336901961568505,
    3.232924894364824,
    3.232159947873358,
    3.2313953593784936,
    3.230631131576275,
    3.229867267162745,
    3.2291037688339466,
    3.228340639285923,
    3.227577881214717,
    3.2268154973163714,
    3.2260534902869296,
    3.225291862822434,
    3.224530617618928,
    3.223769757372455,
    3.223009284779057,
    3.222249202534778,
    3.2214895133356602,
    3.220730219877747,
    3.2199713248570814,
    3.219212830969707,
    3.218454740911665,
    3.2176970573789996,
    3.216939783067754,
    3.2161829206739707,
    3.2154264728936934,
    3.2146704424229644,
    3.213914831957827,
    3.2131596441943238,
    3.212404881828498,
    3.2116505475563923,
    3.2108966440740505,
    3.210143174077515,
    3.2093901402628293,
    3.2086375453260354,
    3.207885391963177,
    3.2071336828702974,
    3.2063824207434393,
    3.205631608278645,
    3.2048812481719584,
    3.2041313431194225,
    3.2033818958170794,
    3.202632908960973,
    3.201884385247146,
    3.2011363273716418,
    3.2003887380305023,
    3.1996416199197713,
    3.198894975735491,
    3.198148808173706,
    3.197403119930458,
    3.19665791370179,
    3.1959131921837454,
    3.1951689580723674,
    3.1944252140636986,
    3.193681962853782,
    3.192939207138661,
    3.192196949614378,
    3.1914551929769757,
    3.190713939922498,
    3.1899731931469884,
    3.189232955346488,
    3.1884932292170416,
    3.187754017454691,
    3.1870153227554794,
    3.1862771478154506,
    3.1855394953306466,
    3.184802367997111,
    3.1840657685108864,
    3.183329699568017,
    3.1825941638645436,
    3.181859164096511,
    3.181124702959961,
    3.1803907831509375,
    3.1796574073654833,
    3.178924578299641,
    3.1781922986494537,
    3.177460571110965,
    3.176729398380217,
    3.1759987831532537,
    3.175268728126117,
    3.1745392359948506,
    3.1738103094554972,
    3.1730819512041,
    3.172354163936702,
    3.1716269503493457,
    3.170900313138075,
    3.1701742549989325,
    3.169448778627961,
    3.168723886721203,
    3.167999581974702,
    3.1672758670845016,
    3.166552744746644,
    3.1658302176571724,
    3.16510828851213,
    3.1643869600075596,
    3.163666234839504,
    3.1629461157040066,
    3.16222660529711,
    3.1615077063148576,
    3.160789421453292,
    3.160071753408457,
    3.159354704876394,
    3.1586382785531475,
    3.15792247713476,
    3.157207303317274,
    3.1564927597967336,
    3.155778849269181,
    3.155065574430659,
    3.1543529379772113,
    3.1536409426048806,
    3.1529295910097095,
    3.1522188858877414,
    3.151508829935019,
    3.1507994258475858,
    3.150090676321484,
    3.149382584052758,
    3.148675151737449,
    3.147968382071601,
    3.147262277751257,
    3.14655684147246,
    3.145852075931253,
    3.1451479838236787,
    3.1444445678457797,
    3.1437418306936,
    3.1430397750631824,
    3.142338403650569,
    3.1416377191518037,
    3.1409377242629293,
    3.140238421679989,
    3.1395398140990247,
    3.1388419042160804,
    3.1381446947271994,
    3.1374481883284235,
    3.1367523877157972,
    3.136057295585362,
    3.135362914633162,
    3.1346692475552396,
    3.1339762970476377,
    3.1332840658063996,
    3.1325925565275683,
    3.131901771907186,
    3.1312117146412977,
    3.1305223874259442,
    3.12983379295717,
    3.129145933931017,
    3.1284588130435287,
    3.1277724329907484,
    3.1270867964687183,
    3.126401906173482,
    3.1257177648010828,
    3.1250343750475627,
    3.124351739608966,
    3.1236698611813343,
    3.1229887424607115,
    3.12230838614314,
    3.1216287949246633,
    3.1209499715013242,
    3.120271918569166,
    3.119594638824231,
    3.1189181349625628,
    3.118242409680204,
    3.117567465673198,
    3.1168933056375874,
    3.116219932269415,
    3.115547348264725,
    3.114875556319559,
    3.1142045591299605,
    3.1135343593919727,
    3.1128649598016387,
    3.1121963630550007,
    3.1115285718481025,
    3.1108615888769866,
    3.1101954168376964,
    3.109530058426275,
    3.1088655163387644,
    3.1082017932712094,
    3.107538891919651,
    3.106876814980133,
    3.1062155651486987,
    3.1055551451213907,
    3.1048955575942525,
    3.1042368052633265,
    3.103578890824656,
    3.1029218169742836,
    3.102265586408253,
    3.1016102018226066,
    3.100955665913388,
    3.1003019813766395,
    3.0996491509084043,
    3.098997177204726,
    3.0983460629616464,
    3.0976958108752095,
    3.097046423641458,
    3.0963979039564347,
    3.095750254516183,
    3.0951034780167457,
    3.0944575771541656,
    3.0938125546244857,
    3.09316841312375,
    3.0925251553479995,
    3.0918827839932788,
    3.09124130175563,
    3.090600711331097,
    3.089961015415722,
    3.0893222167055483,
    3.088684317896619,
    3.088047321684977,
    3.0874112307666652,
    3.0867760478377266,
    3.0861417755942044,
    3.0855084167321416,
    3.0848759739475806,
    3.0842444499365653,
    3.0836138473951378,
    3.082984169019342,
    3.08235541750522,
    3.081727595548816,
    3.0811007058461715,
    3.0804747510933304,
    3.079849733986335,
    3.0792256572212295,
    3.0786025234940557,
    3.077980335500857,
    3.077359095937677,
    3.0767388075005577,
    3.0761194728855425,
    3.0755010947886747,
    3.074883675905997,
    3.0742672189335525,
    3.073651726567384,
    3.0730372015035345,
    3.072423646438047,
    3.0718110640669654,
    3.071199457086331,
    3.070588828192188,
    3.0699791800805794,
    3.0693705154475475,
    3.0687628369891358,
    3.068156147401387,
    3.0675504493803447,
    3.0669457456220517,
    3.06634203882255,
    3.0657393316778836,
    3.0651376268840953,
    3.064536927137228,
    3.0639372351333245,
    3.063338553568428,
    3.062740885138582,
    3.0621442325398283,
    3.061548598468211,
    3.0609539856197725,
    3.060360396690556,
    3.0597678343766046,
    3.0591763013739612,
    3.0585858003786686,
    3.0579963340867704,
    3.0574079051943084,
    3.0568205163973268,
    3.056234170391868,
    3.055648869873975,
    3.0550646175396916,
    3.0544814160850597,
    3.0538992682061226,
    3.0533181765989235,
    3.0527381439595054,
    3.0521591729839113,
    3.0515812663681836,
    3.051004426808366,
    3.0504286570005013,
    3.0498539596406324,
    3.0492803374248023,
    3.048707793049054,
    3.048136329209431,
    3.0475659486019753,
    3.0469966539227302,
    3.0464284478677395,
    3.0458613331330455,
    3.045295312414691,
    3.04473038840872,
    3.044166563811174,
    3.043603841318097,
    3.0430422236255326,
    3.042481713429522,
    3.0419223134261095,
    3.0413640263113377,
    3.0408068547812497,
    3.0402508015318883,
    3.0396958692592966,
    3.039142060659518,
    3.0385893784285947,
    3.0380378252625704,
    3.0374874038574875,
    3.03693811690939,
    3.0363899671143195,
    3.03584295716832,
    3.035297089767434,
    3.034752367607705,
    3.0342087933851754,
    3.0336663697958883,
    3.033125099535887,
    3.0325849853012143,
    3.0320460297879137,
    3.0315082356920273,
    3.0309716057095986,
    3.030436142536671,
    3.0299018488692866,
    3.029368727403489,
    3.028836780835321,
    3.0283060118608254,
    3.027776423176045,
    3.027248017477024,
    3.026720797459804,
    3.0261947658204287,
    3.0256699252549413,
    3.025146278459384,
    3.0246238281298004,
    3.0241025769622336,
    3.023582527652726,
    3.023063682897321,
    3.022546045392062,
    3.022029617832991,
    3.0215144029161514,
    3.0210004033375863,
    3.020487621793339,
    3.0199760609794524,
    3.019465723591969,
    3.018956612326932,
    3.018448729880385,
    3.0179420789483697,
    3.0174366622269306,
    3.0169324824121095,
    3.01642954219995,
    3.015927844286495,
    3.015427391367787,
    3.01492818613987,
    3.014430231298786,
    3.0139335295405787,
    3.0134380835612906,
    3.012943896056965,
    3.0124509697236443,
    3.0119593072573725,
    3.0114689113541924,
    3.010979784710146,
    3.0104919300212774,
    3.010005349983629,
    3.0095200472932437,
    3.009036024646165,
    3.0085532847384364,
    3.0080718302660996,
    3.0075916639251976,
    3.0071127884117743,
    3.006635206421872,
    3.0061589206515347,
    3.005683933796804,
    3.005210248553724,
    3.004737867618337,
    3.0042667936866865,
    3.0037970294548155,
    3.0033285776187664,
    3.0028614408745824,
    3.002395621918307,
    3.0019311234459827,
    3.001467948153653,
    3.00100609873736,
    3.0005455778931474,
    3.000086388317058,
    2.999628532705135,
    2.9991720137534212,
    2.9987168341579595,
    2.9982629887465424,
    2.9978104723469627,
    2.997359279787012,
    2.996909405894483,
    2.996460845497168,
    2.99601359342286,
    2.995567644499351,
    2.9951229935544337,
    2.9946796354158995,
    2.994237564911542,
    2.993796776869153,
    2.993357266116525,
    2.9929190274814506,
    2.9924820557917213,
    2.992046345875131,
    2.991611892559471,
    2.991178690672534,
    2.990746735042112,
    2.9903160204959987,
    2.9898865418619853,
    2.9894582939678647,
    2.9890312716414287,
    2.9886054697104703,
    2.9881808830027814,
    2.9877575063461546,
    2.987335334568383,
    2.986914362497258,
    2.986494584960573,
    2.986075996786119,
    2.98565859280169,
    2.985242367835077,
    2.9848273167140733,
    2.9844134342664708,
    2.9840007153200623,
    2.9835891547026403,
    2.9831787472419964,
    2.982769487765924,
    2.9823613711022148,
    2.981954392078661,
    2.981548545523056,
    2.9811438262631915,
    2.98074022912686,
    2.980337748941854,
    2.9799363805359658,
    2.9795361187369878,
    2.9791369583727123,
    2.978738894270932,
    2.978341921259439,
    2.9779460341660258,
    2.977551227818485,
    2.9771574970446086,
    2.9767648366721895,
    2.9763732415290196,
    2.975982706442892,
    2.975593226241598,
    2.975204795752931,
    2.9748174098046825,
    2.974431063224646,
    2.974045750840613,
    2.9736614674803765,
    2.973278207971729,
    2.9728959671424615,
    2.9725147398203684,
    2.9721345208332406,
    2.9717553050088714,
    2.9713770871750524,
    2.9709998621595766,
    2.9706236247902367,
    2.9702483698948243,
    2.969874092301132,
    2.9695007868369525,
    2.969128448330078,
    2.968757071608301,
    2.9683866514994137,
    2.9680171828312085,
    2.9676486604314785,
    2.967281079128015,
    2.9669144337486113,
    2.966548719121059,
    2.9661839300731514,
    2.96582006143268,
    2.965457108027438,
    2.9650950646852174,
    2.964733926233811,
    2.9643736875010105,
    2.9640143433146084,
    2.963655888502398,
    2.9632983178921704,
    2.9629416263117188,
    2.9625858085888357,
    2.9622308595513127,
    2.961876774026943,
    2.961523546843519,
    2.961171172828833,
    2.960819646810677,
    2.9604689636168433,
    2.960119118075125,
    2.9597701050133143,
    2.9594219192592033,
    2.9590745556405844,
    2.9587280089852506,
    2.9583822741209933,
    2.958037345875606,
    2.95769321907688,
    2.9573498885526086,
    2.957007349130584,
    2.956665595638598,
    2.956324622904444,
    2.9559844257559136,
    2.9556449990208,
    2.955306337526894,
    2.9549684361019897,
    2.9546312895738787,
    2.9542948927703536,
    2.9539592405192066,
    2.9536243276482304,
    2.9532901489852175,
    2.95295669935796,
    2.95262397359425,
    2.9522919665218805,
    2.9519606729686436,
    2.951630087762332,
    2.9513002057307376,
    2.9509710217016534,
    2.950642530502871,
    2.9503147269621834,
    2.949987605907383,
    2.949661162166262,
    2.949335390566613,
    2.9490102859362284,
    2.9486858431029,
    2.948362056894421,
    2.948038922138584,
    2.9477164336631803,
    2.947394586296003,
    2.947073374864844,
    2.9467527941974963,
    2.9464328391217522,
    2.9461135044654037,
    2.945794785056244,
    2.9454766757220643,
    2.945159171290658,
    2.9448422665898173,
    2.9445259564473343,
    2.944210235691002,
    2.943895099148612,
    2.943580541647957,
    2.9432665580168296,
    2.942953143083022,
    2.942640291674327,
    2.942327998618537,
    2.9420162587434433,
    2.9417050668768394,
    2.9413944178465172,
    2.941084306480269,
    2.940774727605888,
    2.9404656760511663,
    2.940157146643896,
    2.939849134211869,
    2.939541633582879,
    2.939234639584717,
    2.9389281470451762,
    2.938622150792049,
    2.9383166456531282,
    2.938011626456205,
    2.937707088029073,
    2.937403025199524,
    2.93709943279535,
    2.9367963056443447,
    2.9364936385742992,
    2.9361914264130062,
    2.9358896639882586,
    2.9355883461278487,
    2.9352874676595686,
    2.9349870234112108,
    2.9346870082105676,
    2.9343874168854316,
    2.9340882442635947,
    2.93378948517285,
    2.9334911344409895,
    2.9331931868958057,
    2.932895637365091,
    2.932598480676638,
    2.932301711658239,
    2.932005325137686,
    2.9317093159427716,
    2.9314136789012886,
    2.9311184088410287,
    2.930823500589785,
    2.9305289489753497,
    2.930234748825515,
    2.929940894968073,
    2.9296473822308173,
    2.929354205441539,
    2.9290613594280313,
    2.928768839018086,
    2.928476639039496,
    2.928184754320054,
    2.927893179687551,
    2.9276019099697805,
    2.927310939994535,
    2.9270202645896064,
    2.9267298785827878,
    2.9264397768018706,
    2.926149954074648,
    2.925860405228912,
    2.9255711250924548,
    2.9252821084930694,
    2.9249933502585477,
    2.9247048452166826,
    2.924416588195266,
    2.924128574022091,
    2.923840797524949,
    2.923553253531633,
    2.9232659368699356,
    2.922978842367649,
    2.9226919648525653,
    2.922405299152477,
    2.9221188400951768,
    2.921832582508457,
    2.9215465212201095,
    2.9212606510579273,
    2.9209749668497027,
    2.920689463423228,
    2.9204041356062955,
    2.920118978226698,
    2.9198339861122276,
    2.9195491540906766,
    2.9192644769898375,
    2.9189799496375026,
    2.9186955668614645,
    2.918411323489516,
    2.9181272143494486,
    2.917843234269055,
    2.917559378076128,
    2.9172756405984597,
    2.9169920166638423,
    2.9167085011000684,
    2.916425088734931,
    2.916141774396222,
    2.915858552911733,
    2.9155754191092575,
    2.9152923678165874,
    2.9150093938615154,
    2.914726492071834,
    2.9144436572753345,
    2.9141608842998106,
    2.9138781679730545,
    2.913595503122858,
    2.9133128845770138,
    2.913030307163315,
    2.9127477657095526,
    2.9124652550435197,
    2.912182769993009,
    2.911900305385813,
    2.9116178560497232,
    2.9113354168125327,
    2.9110529825020337,
    2.9107705479460186,
    2.91048810797228,
    2.91020565740861,
    2.909923191082801,
    2.9096407038226464,
    2.9093581904559374,
    2.9090756458104665,
    2.9087930647140263,
    2.9085104419944092,
    2.9082277724794077,
    2.907945050996814,
    2.907662272374421,
    2.9073794314400208,
    2.9070965230214054,
    2.9068135419463674,
    2.9065304830426997,
    2.906247341138194,
    2.905964111060644,
    2.90568078763784,
    2.905397365697576,
    2.9051138400676444,
    2.9048302055758364,
    2.904546457049946,
    2.9042625893177645,
    2.903978597207084,
    2.903694475545698,
    2.903410219161398,
    2.903125822881977,
    2.902841281535227,
    2.9025565899489405,
    2.90227174295091,
    2.901986735368928,
    2.901701562030787,
    2.901416217764279,
    2.901130697397196,
    2.9008449957573315,
    2.900559107672477,
    2.900273027970426,
    2.8999867514789694,
    2.8997002730259007,
    2.8994135874390117,
    2.899126689546095,
    2.8988395741749438,
    2.8985522361533493,
    2.8982646703091044,
    2.8979768714700014,
    2.897688834463833,
    2.8974005541183914,
    2.897112025261469,
    2.8968232427208576,
    2.8965342013243505,
    2.8962448958997395,
    2.8959553212748177,
    2.895665472277377,
    2.8953753437352097,
    2.8950849304761084,
    2.8947942273278655,
    2.8945032291182735,
    2.8942119306751244,
    2.893920326826211,
    2.893628412399326,
    2.893336182222261,
    2.8930436311228087,
    2.8927507539287616,
    2.892457545467912,
    2.8921640005680525,
    2.8918701140569754,
    2.891575880762473,
    2.891281295512338,
    2.8909863531343625,
    2.8906910484563393,
    2.89039537630606,
    2.8900993315113177,
    2.8898029088999047,
    2.8895061032996128,
    2.8892089095382354,
    2.888911322443564,
    2.8886133368433913,
    2.8883149475655103,
    2.8880161494377123,
    2.8877169372877907,
    2.8874173059435373,
    2.8871172502327447,
    2.8868167649832053,
    2.8865158450227115,
    2.886214485179056,
    2.8859126802800303,
    2.8856104251534282,
    2.8853077146270407,
    2.885004543528661,
    2.8847009066860814,
    2.884396798927094,
    2.884092215079491,
    2.8837871499710657,
    2.88348159842961,
    2.883175555282916,
    2.8828690153587764,
    2.882561973484984,
    2.8822544244893304,
    2.8819463631996087,
    2.881637784443611,
    2.881328683049129,
    2.8810190538439566,
    2.880708891655885,
    2.8803981913127075,
    2.8800869476422153,
    2.8797751554722018,
    2.8794628096304593,
    2.87914990494478,
    2.878836436242956,
    2.8785223983527803,
    2.878207786102045,
    2.8778925943185425,
    2.877576817830065,
    2.877260451464405,
    2.8769434900493556,
    2.876625928412708,
    2.876307761382255,
    2.87598898378579,
    2.8756695904511043,
    2.8753495762059904,
    2.875028935878241,
    2.8747076642956486,
    2.874385756286005,
    2.8740632066771035,
    2.8737400102967356,
    2.873416161972694,
    2.8730916565327718,
    2.8727664888047606,
    2.8724406536164535,
    2.8721141457956416,
    2.8717869601701183,
    2.871459091567676,
    2.871130534816107,
    2.8708012847432034,
    2.8704713361767578,
    2.8701406839445625,
    2.86980932287441,
    2.869477247794093,
    2.8691444535314035,
    2.868810934914134,
    2.868476686770077,
    2.8681417039270247,
    2.86780598121277,
    2.8674695134551045,
    2.867132295481821,
    2.866794322120712,
    2.8664555881995697,
    2.866116088546187,
    2.865775817988356,
    2.8654347713538684,
    2.8650929434705175,
    2.8647503291660956,
    2.8644069232683953,
    2.864062720605208,
    2.8637177160043272,
    2.8633719042935444,
    2.8630252803006524,
    2.8626778388534437,
    2.862329574779711,
    2.861980482907246,
    2.8616305580638413,
    2.86127979507729,
    2.8609281887753832,
    2.8605757339859146,
    2.8602224255366755,
    2.8598682582554593,
    2.8595132269700576,
    2.8591573265082637,
    2.8588005516978687,
    2.8584428973666665,
    2.858084358342448,
    2.8577249294530067,
    2.8573646055261346,
    2.857003381389624,
    2.8566412518712676,
    2.856278211798858,
    2.855914256000187,
    2.855549379303047,
    2.855183576535231,
    2.8548168425245306,
    2.854449172098739,
    2.854080560085648,
    2.85371100131305,
    2.8533404906087383,
    2.8529690228005045,
    2.8525965927161407,
    2.85222319518344,
    2.8518488250301948,
    2.851473477084197,
    2.851097146173239,
    2.8507198271251135,
    2.850341514767613,
    2.84996220392853,
    2.849581889435657,
    2.849200566116785,
    2.848818228799708,
    2.848434872312218,
    2.848050491482107,
    2.8476650811371678,
    2.8472786361051927,
    2.8468911512139736,
    2.846502621291304,
    2.846113041164975,
    2.84572240566278,
    2.845330709612511,
    2.8449379478419607,
    2.844544115178921,
    2.8441492064511844,
    2.8437532164865438,
    2.843356140112791,
    2.842957972157719,
    2.842558707449119,
    2.8421583408147852,
    2.8417568670825086,
    2.8413542810800823,
    2.8409505776352986,
    2.8405457515759496,
    2.840139797729828,
    2.839732710924726,
    2.8393244859884357,
    2.8389151177487504,
    2.8385046010334616,
    2.838092930670362,
    2.837680101487244,
    2.8372661083119004,
    2.836850945972123,
    2.8364346092957047,
    2.8360170931104376,
    2.835598392244114,
    2.8351785015245268,
    2.834757415779468,
    2.8343351298367296,
    2.8339116385241048,
    2.833486936669386,
    2.8330610191003647,
    2.8326338806448343,
    2.8322055161305864,
    2.831775920385414,
    2.8313450882371094,
    2.8309130145134644,
    2.8304796940422725,
    2.830045130016734,
    2.8296093256300496,
    2.8291722840754208,
    2.828734008546048,
    2.828294502235133,
    2.827853768335876,
    2.8274118100414785,
    2.826968630545141,
    2.8265242330400646
]