[
    0.14808338363624995,
    0.14747572087918231,
    0.14190849274130227,
    0.14236911658326448,
    0.1427928839344215,
    0.1431809830222623,
    0.14353456751782043,
    0.14385475751814866,
    0.14414264050103595,
    0.14439927225274227,
    0.14462567776950813,
    0.1448228521335803,
    0.14499176136447606,
    0.14513334324618637,
    0.14524850813099024,
    0.14533813972053974,
    0.1454030958248637,
    0.14544420909991765,
    0.14546228776427755,
    0.14545811629555688,
    0.1454324561071208,
    0.14538604620566248,
    0.1453196038301828,
    0.14523382507290405,
    0.14512938548262647,
    0.14500694065102204,
    0.14486712678234545,
    0.14471056124702183,
    0.14453784311955534,
    0.1443495537011975,
    0.14414625702783884,
    0.14392850036355223,
    0.14369681468018414,
    0.14345171512339097,
    0.1431937014655333,
    0.14292325854578375,
    0.14264085669770743,
    0.14234695216464532,
    0.14204198750337477,
    0.14172639197648823,
    0.1414005819337686,
    0.141064961182837,
    0.14071992134947006,
    0.14036584222792237,
    0.14000309212151543,
    0.1396320281740333,
    0.1392529966929315,
    0.1388663334655413,
    0.13847236406911162,
    0.1380714041755803,
    0.13766375985528584,
    0.13724972789043655,
    0.13682959611371562,
    0.13640364380924422,
    0.13597214234564398,
    0.13553535722841634,
    0.1351071969391173,
    0.13472261695664545,
    0.13438793586578734,
    0.13406606019632877,
    0.13373494405572475,
    0.1333949587192319,
    0.13304646668342368,
    0.1326898200575247,
    0.13232536047061738,
    0.13195341924065915,
    0.13157431761717703,
    0.13118836704565429,
    0.1307958694350996,
    0.13039711742292498,
    0.12999239463557813,
    0.12958197594441645,
    0.12916612771597102,
    0.1287451080558341,
    0.1283191670459553,
    0.12788854697540897,
    0.12745348256478342,
    0.12701420118439583,
    0.1265709230665569,
    0.12612386151196647,
    0.12567322309026396,
    0.1252192078348853,
    0.12476200943242001,
    0.12430181540662476,
    0.12383880729721472,
    0.12337316083356262,
    0.12290504610345732,
    0.12243462771709007,
    0.12196206496640145,
    0.12148751197990386,
    0.12101111787309202,
    0.12053302689455815,
    0.12005337856794486,
    0.11957230782985792,
    0.11908994516385212,
    0.11860641673059422,
    0.1181218444943175,
    0.11763634634567167,
    0.11715003622106701,
    0.11666302421861593,
    0.11617541671076506,
    0.1156873164537099,
    0.11519882269368038,
    0.11471003127018733,
    0.11422103471631839,
    0.11373192235617019,
    0.11324278039949282,
    0.11275369203362569,
    0.11226473751279831,
    0.11177599424487605,
    0.11128753687562279,
    0.1107994373705484,
    0.11031176509440951,
    0.10982458688843166,
    0.10933796714531965,
    0.10885196788211597,
    0.10836664881096691,
    0.10788206740785579,
    0.10739827897936288,
    0.10691533672750908,
    0.10643329181273578,
    0.1059521934150731,
    0.10547208879354805,
    0.104993023343883,
    0.10451504065453338,
    0.10403818256111314,
    0.10356248919925097,
    0.10308799905592245,
    0.10261474901930193,
    0.1021427744271774,
    0.10167210911396823,
    0.10120278545638399,
    0.10073483441776387,
    0.10026828559113421,
    0.09980316724102123,
    0.0993395063440539,
    0.09887732862839141,
    0.09841665861200886,
    0.09795751963987347,
    0.09749993392004368,
    0.09704392255872166,
    0.096589505594288,
    0.09613670203034745,
    0.09568552986781403,
    0.09523600613606267,
    0.09478814692317623,
    0.09434196740531164,
    0.09389748187520945,
    0.09345470376987214,
    0.09301364569743524,
    0.09257431946325348,
    0.09213673609522652,
    0.09170090586838228,
    0.09126683832874279,
    0.09083454231649032,
    0.09040402598845529,
    0.08997529683994467,
    0.08954836172592923,
    0.08912322688160894,
    0.08869989794237408,
    0.0882783799631796,
    0.0878586774373484,
    0.08744079431482041,
    0.08702473401986335,
    0.08661049946826181,
    0.08619809308399747,
    0.08578751681543735,
    0.08537877215104125,
    0.08497186013460367,
    0.08456678138004521,
    0.08416353608576264,
    0.08376212404855442,
    0.08336254467713024,
    0.08296479700521849,
    0.08256887970428277,
    0.08217479109585897,
    0.08178252916352437,
    0.081392091564507,
    0.0810034756409494,
    0.08061667843083209,
    0.08023169667857159,
    0.07984852684529652,
    0.07946716511881713,
    0.07908760742329336,
    0.07870984942861077,
    0.07833388655947293,
    0.07795971400421778,
    0.07758732672336917,
    0.07721671945792563,
    0.07684788673739956,
    0.07648082288760975,
    0.07611552203823792,
    0.07575197813015237,
    0.07539018492250857,
    0.07503013599963074,
    0.07467182477768432,
    0.07431524451114163,
    0.07396038829904843,
    0.07360724909109692,
    0.07325581969351208,
    0.07290609277475549,
    0.07255806087105073,
    0.07221171639173726,
    0.07186705162445683,
    0.07152405874017947,
    0.07118272979807168,
    0.07084305675021164,
    0.07050503144615554,
    0.0701686456373621,
    0.06983389098147548,
    0.06950075904647306,
    0.06916924131468213,
    0.0688393291866678,
    0.06851101398499881,
    0.06818428695789218,
    0.06785913928274327,
    0.0675355620695407,
    0.0672135463641725,
    0.06689308315162573,
    0.06657416335908377,
    0.06625677785892543,
    0.06594091747162947,
    0.0656265729685855,
    0.06531373507481268,
    0.06500239447159468,
    0.06469254179903104,
    0.06438416765851063,
    0.06407726261511074,
    0.06377181719992683,
    0.06346782191233445,
    0.06316526722219265,
    0.06286414357199223,
    0.06256444137895209,
    0.062266151037094715,
    0.06196926291931892,
    0.06167376737946518,
    0.06137965475439242,
    0.061086915366154126,
    0.0607955395243651,
    0.060505517528878054,
    0.06021683967299306,
    0.05992949624762718,
    0.05964347754721507,
    0.05935877387872244,
    0.05907537557655876,
    0.058793273028962936,
    0.05851245672844559,
    0.058232917386773025,
    0.057954646254322374,
    0.057677636271751646,
    0.057401889061052286,
    0.057226760924593945,
    0.057461624587791284,
    0.05820534461686816,
    0.059125278595053524,
    0.06000063332970673,
    0.06083279625814126,
    0.06162320729607123,
    0.06240449873810311,
    0.06320802391329748,
    0.06400156944774126,
    0.06499169846918108,
    0.06640822988675676,
    0.06799690606685085,
    0.06951294227732371,
    0.07095849649336627,
    0.07233576674596431,
    0.0736469025484754,
    0.07489399512206349,
    0.07607907616433698,
    0.07720411855779105,
    0.07827103764400871,
    0.07928169269464147,
    0.08023788843446644,
    0.08114137656052894,
    0.08199385723557967,
    0.08279698054762105,
    0.08355234793282318,
    0.08426151356113731,
    0.08492598568440851,
    0.08554722794712885,
    0.0861266606606358,
    0.0866656620418196,
    0.08716556941715463,
    0.08762768039278393,
    0.0880532539916199,
    0.08844351175837463,
    0.08879963883331521,
    0.08912278499562651,
    0.08941406567724622,
    0.08967456294798848,
    0.08990532647279252,
    0.0901073744418727,
    0.09028169447447827,
    0.09042924449701482,
    0.09055095359627803,
    0.09064772284850985,
    0.0907204261249589,
    0.09076991087459557,
    0.09079699888460938,
    0.09080248701931516,
    0.0907871479380887,
    0.09075173079292523,
    0.09069696190619617,
    0.09062354542916,
    0.09053216398177552,
    0.09042347927434427,
    0.09029813271149244,
    0.09015674597898932,
    0.08999992161388766,
    0.0898282435584593,
    0.08964227769838318,
    0.08944257238562905,
    0.08922965894646695,
    0.08900405217502758,
    0.08876625081282363,
    0.08851673801462934,
    0.0882559818011005,
    0.08798443549850943,
    0.0877025381659573,
    0.08741071501041794,
    0.08710937778996165,
    0.08679892520549293,
    0.0864797432813281,
    0.08615220573492277,
    0.08581667433605797,
    0.08547349925578165,
    0.08512301940540126,
    0.08476556276580559,
    0.08440144670739011,
    0.08403097830085035,
    0.08365445461910057,
    0.08327216303056875,
    0.08288438148411488,
    0.082491378785811,
    0.0820934148678093,
    0.08169074104952165,
    0.0812836002913307,
    0.0808722274410468,
    0.08045684947331458,
    0.08003768572216473,
    0.07961494810690503,
    0.07918884135154564,
    0.07875956319793775,
    0.0783273046128018,
    0.07789224998882119,
    0.0774545773399703,
    0.0770144584912418,
    0.07657205926292833,
    0.07612753964961327,
    0.07568105399402175,
    0.07523275115587702,
    0.07478277467590402,
    0.07433126293511919,
    0.0738783493095426,
    0.07342416232045772,
    0.07296882578034422,
    0.07251245893460678,
    0.07205517659922275,
    0.07159708929442136,
    0.07113830337451164,
    0.07067892115396465,
    0.07021904102985638,
    0.06975875760077704,
    0.06929816178230842,
    0.06883734091915962,
    0.06837637889405693,
    0.06791535623348793,
    0.0674543502103883,
    0.06699343494385482,
    0.06653268149596533,
    0.06607215796579545,
    0.06561192958071205,
    0.0651520587850195,
    0.06469260532602694,
    0.06423362633761058,
    0.06377517642135466,
    0.06331730772533947,
    0.06286007002063596,
    0.06240351077556404,
    0.06194767522778571,
    0.06149260645430632,
    0.06103834543945455,
    0.06058493114088306,
    0.06013240055362602,
    0.059680788772281224,
    0.05923012905139754,
    0.058780452864111765,
    0.05833178995906192,
    0.05788416841562471,
    0.05743761469753983,
    0.05699215370497479,
    0.05654780882506396,
    0.05610460198098235,
    0.055662553679592955,
    0.055221683057692636,
    0.054782007926963375,
    0.05434354481776083,
    0.053906309021760704,
    0.05347031463340686,
    0.05303557459018579,
    0.052602100711969524,
    0.05216990373971691,
    0.05173899337382659,
    0.05130937831247488,
    0.05088106628962115,
    0.05045406411218986,
    0.0500283776977773,
    0.04960401211651292,
    0.04918097164413511,
    0.048759259843742374,
    0.04833887971885217,
    0.047919834026203915,
    0.04750212597254561,
    0.04708576135399548,
    0.04667075966609864,
    0.04628951459109759,
    0.045976297015749804,
    0.0456993164495946,
    0.045421704482366265,
    0.04514033660820708,
    0.04485534487574683,
    0.04456687214947086,
    0.04427505989973055,
    0.04398004622831026,
    0.043681965306321346,
    0.04338094694294972,
    0.04307711633890199,
    0.042770594285418045,
    0.04246149769954561,
    0.04214994019065515,
    0.04183603224823935,
    0.041519880800974504,
    0.04120158887985677,
    0.040881257360747394,
    0.04055899814451286,
    0.040240219024455855,
    0.0399301409927386,
    0.03962318397658829,
    0.03931389482965118,
    0.03900232089001963,
    0.03868855848978968,
    0.0383727292992867,
    0.03806945197347738,
    0.03779282343424576,
    0.037527402963768094,
    0.03725819324857129,
    0.03698524866197905,
    0.03670870256593736,
    0.03642950781545042,
    0.03616626044004226,
    0.0359352261107549,
    0.03571667668890485,
    0.03549242276561687,
    0.03526264837134091,
    0.03502754329545969,
    0.03478730457510893,
    0.0345427134542166,
    0.03432336493116865,
    0.03415655758460745,
    0.034010830023674686,
    0.03385646814846134,
    0.03369373918421154,
    0.03352291507515929,
    0.033344263025429484,
    0.033158043667951304,
    0.03296451056722499,
    0.03276391033333078,
    0.03255648352100603,
    0.03234246606545639,
    0.03212208935339905,
    0.03189557811870421,
    0.03166314786576393,
    0.03142500368570181,
    0.031181347944146492,
    0.030963587429052985,
    0.030833006654007247,
    0.030786122205746835,
    0.030757384145473052,
    0.03071492123100878,
    0.030659163430004546,
    0.030590535289437105,
    0.030509450326106715,
    0.030416310163345107,
    0.03031150450831346,
    0.03019541134876925,
    0.030068397216290753,
    0.029930817475293376,
    0.02978301661871745,
    0.029625328562508886,
    0.029458076939239925,
    0.029281575391372043,
    0.029096127859814018,
    0.028902028863459675,
    0.028699563769324823,
    0.028489009054804913,
    0.02827063256307894,
    0.02804469375176139,
    0.027811443934709093,
    0.027571126517161607,
    0.027323977224440806,
    0.02707022432430751,
    0.026810103044396755,
    0.026543841580863606,
    0.0262716613024292,
    0.025993776948668054,
    0.02571039682270015,
    0.02542172297843199,
    0.025127951402461254,
    0.024829272190792933,
    0.024525869720584965,
    0.024217922817071833,
    0.02390560491572674,
    0.023589084219747845,
    0.02326852385303757,
    0.022944082008879835,
    0.022615912094435697,
    0.022284162871097666,
    0.02194897859078275,
    0.02161049912831418,
    0.0212688601100498,
    0.02092419303886625,
    0.020576625415579267,
    0.020226280856886575,
    0.019873279209912893,
    0.01951773666345659,
    0.019159765856069693,
    0.018799475981074756,
    0.018436972888579845,
    0.01807235918455393,
    0.01770573432704365,
    0.01733719471963054,
    0.016966833802229422,
    0.0165947421392911,
    0.016221007505461203,
    0.01584571496876404,
    0.015468946971396186,
    0.01509078340821473,
    0.014711301702981586,
    0.014330576882413008,
    0.013948681648092834,
    0.013565686446306516,
    0.013181659535860837,
    0.01279666705396099,
    0.012410773080196846,
    0.012024039698684624,
    0.011636527058414878,
    0.011248293431854108,
    0.010859395271845734,
    0.010469887266870242,
    0.01007982239472013,
    0.009689251974630685,
    0.009298225717895164,
    0.008906791777006463,
    0.00851499679337716,
    0.008122885943677757,
    0.0077305029848279624,
    0.007337890297686139,
    0.006945088929474697,
    0.006552138634968251,
    0.006159077916481161,
    0.005765944062692822,
    0.005372773186355456,
    0.004979600260909611,
    0.00458645915602697,
    0.0041933826721092665,
    0.003800402573787151,
    0.003407549622451437,
    0.0030148536078392837,
    0.002622343378697753,
    0.002230046872539509,
    0.0018379911445181168,
    0.0014462023954640423,
    0.0010547059991129412,
    0.0006635265285351247,
    0.0002726877817770413,
    -0.00011778719325933502,
    -0.0005078760746559906,
    -0.000897557243016869,
    -0.0012868097586952662,
    -0.0016756133396944716,
    -0.002063948340230338,
    -0.0024517957299391956,
    -0.002839137073691194,
    -0.0032259545119850165,
    -0.003612230741923855,
    -0.003997948998763842,
    -0.0043830930380202165,
    -0.004767647118106812,
    -0.005151595983484431,
    -0.00553492484830132,
    -0.005917619380518307,
    -0.006299665686518288,
    -0.006681050296182815,
    -0.007061760148414323,
    -0.007441782577090005,
    -0.00782110529743743,
    -0.008199716392811446,
    -0.008577604301860746,
    -0.008954757806079867,
    -0.009331166017745234,
    -0.009706818368219888,
    -0.01008170459660751,
    -0.010455814738743864,
    -0.010829139116520715,
    -0.011201668327541674,
    -0.011573393235096902,
    -0.011944304958432822,
    -0.012314394863305978,
    -0.012683654552824563,
    -0.01305207585857911,
    -0.013419650832056717,
    -0.013786371736320926,
    -0.01415223103793501,
    -0.014517221399126288,
    -0.014881335670197293,
    -0.015244566882180852,
    -0.015606908239726682,
    -0.015968353114200924,
    -0.01632889503698907,
    -0.016688527693005613,
    -0.017047244914408653,
    -0.01740504067451435,
    -0.017761909081911206,
    -0.01811784437476467,
    -0.018472840915293307,
    -0.018826893184410668,
    -0.019179995776535865,
    -0.019532143394571946,
    -0.01988333084504451,
    -0.02023355303339828,
    -0.020582804959449745,
    -0.020931081712981383,
    -0.021278378469472038,
    -0.021624690485963965,
    -0.02197001309707057,
    -0.02231434171111866,
    -0.02265767180641243,
    -0.0229999989276145,
    -0.023341318682248827,
    -0.023681626737320972,
    -0.024020918816046608,
    -0.024359190694683126,
    -0.02469643819946369,
    -0.025032657203636597,
    -0.025367843624606323,
    -0.02570199342117245,
    -0.02603510259085856,
    -0.02636716716732955,
    -0.026698183217894585,
    -0.027028146841096157,
    -0.02735705416438039,
    -0.02768490134185005,
    -0.028011684552097786,
    -0.028337399996117354,
    -0.02866204389528397,
    -0.028985612489402655,
    -0.029308102034826287,
    -0.029629508802639263,
    -0.02994982907690691,
    -0.030269059152988526,
    -0.030587195335913704,
    -0.03090423393881457,
    -0.03122017128141379,
    -0.031535003688567126,
    -0.03184872748886178,
    -0.03216133901326708,
    -0.032472834593836056,
    -0.03278321056245686,
    -0.03309246324964982,
    -0.03340058898340995,
    -0.03370758408809263,
    -0.03401344488334286,
    -0.0343181676830666,
    -0.034621748794444504,
    -0.03492418451698541,
    -0.03522547114161771,
    -0.03552560494981587,
    -0.03582458221276342,
    -0.036122399190551706,
    -0.03641905213141068,
    -0.0367145372709719,
    -0.037008850831562884,
    -0.03730198902153311,
    -0.037593948034608464,
    -0.03788472404927398,
    -0.038174313228182766,
    -0.038462711717593315,
    -0.038749915646832486,
    -0.039035921127785395,
    -0.03932072425440734,
    -0.039604321102259046,
    -0.03988670772806438,
    -0.04016788016929123,
    -0.040447834443754674,
    -0.040726566549239486,
    -0.04100407246314214,
    -0.041280348142132064,
    -0.041555389521832624,
    -0.041829192516518864,
    -0.04210175301883273,
    -0.042373066899514075,
    -0.04264313000714893,
    -0.042911938167932796,
    -0.04317948718544902,
    -0.04344577284046236,
    -0.043710790890727026,
    -0.04397453707080836,
    -0.044237007091917704,
    -0.044498196641760246,
    -0.04475810138439498,
    -0.04501671696010708,
    -0.045274038985291434,
    -0.04553006305234724,
    -0.04578478472958364,
    -0.04603819956113569,
    -0.04629030306689042,
    -0.0465410907424223,
    -0.04679055805893816,
    -0.04703870046323126,
    -0.047285513377644466,
    -0.04753099220004107,
    -0.047775132303783205,
    -0.04801792903771787,
    -0.048259377726170886,
    -0.04849947366894736,
    -0.04873821214134011,
    -0.048975588394143704,
    -0.049211597653675186,
    -0.049446235121800325,
    -0.04967949597596616,
    -0.049911375369238786,
    -0.05014186843034666,
    -0.05037097026372917,
    -0.050598675949590326,
    -0.05082498054395746,
    -0.05104987907874484,
    -0.05127336656182071,
    -0.051495437977078624,
    -0.05171608828451315,
    -0.05193531242029868,
    -0.052153105296872775,
    -0.05236946180302253,
    -0.05258437680397522,
    -0.05279784514149146,
    -0.05300986163396094,
    -0.053220421076501656,
    -0.053429518241061486,
    -0.053637147876522705,
    -0.05384330470880883,
    -0.05404798344099387,
    -0.054251178753413454,
    -0.05445288530377912,
    -0.05465309772729398,
    -0.05485181063677122,
    -0.0550490186227532,
    -0.05524471625363264,
    -0.055438898075775664,
    -0.055631558613646256,
    -0.05582269236993129,
    -0.056012293825668365,
    -0.056200357440374334,
    -0.05638687765217519,
    -0.05657184887793639,
    -0.05675526551339479,
    -0.05693712193329119,
    -0.05711741249150422,
    -0.057296131521184485,
    -0.057473273334889746,
    -0.057648832224720586,
    -0.0578228024624565,
    -0.057995178299693396,
    -0.05816595396798045,
    -0.05833512367895802,
    -0.05850268162449566,
    -0.058668621976830704,
    -0.058832938888706124,
    -0.058995626493509805,
    -0.059156678905413665,
    -0.05931609021951327,
    -0.05947385451196679,
    -0.05962996584013444,
    -0.05978441824271755,
    -0.059937205739897394,
    -0.060088322333474616,
    -0.06023776200700766,
    -0.060385518725952145,
    -0.06053158643779986,
    -0.060675959072217185,
    -0.06081863054118302,
    -0.060959594739126835,
    -0.06109884554306589,
    -0.06123637681274279,
    -0.06137218239076206,
    -0.0615062561027265,
    -0.06163859175737346,
    -0.06176918314671011,
    -0.06189802404614945,
    -0.062025108214644686,
    -0.06215042939482378,
    -0.062273981313122714,
    -0.06239575767991872,
    -0.0625157521896625,
    -0.06263395852100984,
    -0.06275037033695302,
    -0.06286498128495192,
    -0.0629777849970643,
    -0.06308877509007565,
    -0.0631979451656274,
    -0.06330528881034517,
    -0.0634107995959666,
    -0.06351447107946821,
    -0.06361629680319231,
    -0.06371627029497201,
    -0.06381438506825556,
    -0.06391063462222925,
    -0.06400501244194097,
    -0.06409751199842287,
    -0.06418812674881397,
    -0.06427685013648005,
    -0.06436367559113264,
    -0.0644485965289473,
    -0.06453160635268083,
    -0.0646126984517894,
    -0.06469186620254518,
    -0.06476910296815241,
    -0.06484440209886118,
    -0.06491775693208023,
    -0.06498916079248823,
    -0.0650586069921435,
    -0.06512608883059293,
    -0.06519159959498144,
    -0.06525513256016201,
    -0.06531668098880346,
    -0.06537623813149447,
    -0.06543379722684455,
    -0.06548935150158533,
    -0.0655428941706681,
    -0.06559441843736026,
    -0.06564391749333821,
    -0.06569138451877701,
    -0.06573681268243492,
    -0.06578019514173407,
    -0.06582152504283757,
    -0.06586079552072188,
    -0.06589799969924003,
    -0.06593313069117424,
    -0.06596618159827836,
    -0.0659971455113059,
    -0.06602601551001874,
    -0.06605278466316811,
    -0.06607744602843925,
    -0.06609999265235662,
    -0.06612041757015459,
    -0.06613871380560578,
    -0.06615487437075349,
    -0.06616889226540439,
    -0.06618076047625546,
    -0.0661904719756568,
    -0.06619801971993311,
    -0.06620339664692959,
    -0.06620659567238964,
    -0.06620760968469953,
    -0.06620643153656561,
    -0.0662030540294663,
    -0.06619746988347464,
    -0.06618967168352972,
    -0.06617965178211653,
    -0.06616740207583748,
    -0.06615291336667453,
    -0.06613617346615673,
    -0.06611716278172076,
    -0.06609584052811603,
    -0.06586580437905495,
    -0.06519196484331286,
    -0.06426096055561689,
    -0.06332560691644126,
    -0.06242284501689555,
    -0.061551628467184656,
    -0.06071090645170216,
    -0.0598996024383726,
    -0.059116575745547476,
    -0.058323679136016146,
    -0.05744961065819956,
    -0.056499970124055984,
    -0.05554966379596348,
    -0.0546337064616793,
    -0.05375098873573568,
    -0.05290040100488796,
    -0.052080858566321574,
    -0.051291285954987706,
    -0.05052966627158216,
    -0.04974377857498885,
    -0.04888530224815109,
    -0.048008358445150265,
    -0.047164103209239056,
    -0.04635143765363582,
    -0.04556926882083282,
    -0.044816553403944866,
    -0.04409229246730013,
    -0.04339550883238124,
    -0.042725242544212436,
    -0.042080556154481974,
    -0.04146053754739061,
    -0.0408643004174692,
    -0.04029098395251503,
    -0.039739752278351984,
    -0.039209793827779935,
    -0.03870032068898275,
    -0.038210567949724605,
    -0.03773979306216398,
    -0.03728727522598611,
    -0.03685231476774291,
    -0.03643423252199516,
    -0.03603236923703321,
    -0.03564608500968647,
    -0.03527475873573087,
    -0.034917787573216424,
    -0.034574586424249425,
    -0.03424458740204481,
    -0.03392723923704323,
    -0.03362200661113203,
    -0.03332836931855109,
    -0.03304582068292246,
    -0.032773862181633195,
    -0.03249255183744121,
    -0.032182682158911555,
    -0.03186468962883991,
    -0.03155829783294373,
    -0.03126303929745741,
    -0.030978436646431892,
    -0.030704020327079425,
    -0.03043932908802811,
    -0.03018391155480589,
    -0.02993732621549227,
    -0.02969913660516215,
    -0.02946884207858751,
    -0.0291797333603496,
    -0.028767762704567823,
    -0.028303781730353833,
    -0.027855885822123408,
    -0.02730294387497339,
    -0.02646319231883628,
    -0.025402503378587467,
    -0.02431483818853756,
    -0.023202960465492153,
    -0.022003786270819774,
    -0.020784013057330797,
    -0.019608859612229156,
    -0.01824721928962729,
    -0.016467315267069738,
    -0.01450632590367984,
    -0.012610383174879149,
    -0.010752739675658679,
    -0.008891717655472725,
    -0.00705438502384808,
    -0.005280775161487096,
    -0.0033124867410261397,
    -0.0007574716457495606,
    0.0022346058390544793,
    0.005246587491344767,
    0.008140694208899513,
    0.010978912197304014,
    0.013901044847120875,
    0.016926110797753108,
    0.019911689569252336,
    0.02296576385652626,
    0.026282536739190232,
    0.02967337020936643,
    0.032936661495958225,
    0.03625347371870062,
    0.03980812099186676,
    0.04340368965905206,
    0.046850654160590595,
    0.05015413324497531,
    0.053410173647463303,
    0.05671060517117994,
    0.05996171577490123,
    0.06307371508218261,
    0.06611594921157203,
    0.06920768147106576,
    0.07233457579457633,
    0.07537764354540116,
    0.0783384337810706,
    0.0812771872413422,
    0.08414864875898763,
    0.08689698705240848,
    0.08951994190166049,
    0.0920228465601127,
    0.09470225954443903,
    0.09784092384928567,
    0.10112827414754617,
    0.10426655194817486,
    0.10726057685008183,
    0.11011520436283853,
    0.1130263730069841,
    0.11618276350234383,
    0.1193834958873636,
    0.12262424254082781,
    0.12609202075721268,
    0.12958817971360026,
    0.13292142114873412,
    0.13609714704266718,
    0.13950822036141203,
    0.14358638896769968,
    0.14797196544910626,
    0.1522109307949343,
    0.15625375092411067,
    0.160106777462451,
    0.16377632168069067,
    0.167287994204447,
    0.1707853318536265,
    0.1743675165186227,
    0.1778922237726025,
    0.18124197074066162,
    0.18442264675592906,
    0.18744005643674563,
    0.19037093648194975,
    0.19328901837958354,
    0.19612300674131017,
    0.19880434834533917,
    0.20133827463554138,
    0.2038774531905504,
    0.20656905302140377,
    0.209273697861325,
    0.21185680170033933,
    0.21430809117885405,
    0.2166177410690538,
    0.21879049827667096,
    0.22083111281950307,
    0.22274420971543102,
    0.2245342822513744,
    0.2262056917467697,
    0.22776267015727203,
    0.22920932391179893,
    0.2305496384366047,
    0.23178748474096128,
    0.23292664328353513,
    0.23397105725583514,
    0.23494556985422776,
    0.23587369691053325,
    0.23673603632729232,
    0.23751425863996975,
    0.2383598678527051,
    0.23941824612545265,
    0.2405338859980347,
    0.24161853383652365,
    0.24273348951342583,
    0.24381510180974336,
    0.24480310273271305,
    0.24570093199315446,
    0.24651195141651586,
    0.24723942632642132,
    0.24788652403446582,
    0.24845631541379531,
    0.24895177721266004,
    0.2493757945647071,
    0.24973116352111108,
    0.2500205935810574,
    0.25024671021659556,
    0.25041205734610283,
    0.25051909976227854,
    0.25057022559800135,
    0.2505677489472707,
    0.2505139129146421,
    0.2504108941582825,
    0.250260815538867,
    0.2500665185079861,
    0.24989568336266088,
    0.24981185570574554,
    0.24974623929411116,
    0.2496333967039369,
    0.2494753367646384,
    0.24927401724620765,
    0.2490313368115257,
    0.24874913636712484,
    0.24842920194225118,
    0.24807326695467097,
    0.2476830098081943,
    0.24726005001962856,
    0.24680595360593627,
    0.24632225661477833,
    0.24589293849762897,
    0.2456842794254415,
    0.24569246359258165,
    0.2457623292714402,
    0.24582515388368542,
    0.24586122562560994,
    0.24585173855586778,
    0.24583990429595087,
    0.2458677776805056,
    0.24589213721460246,
    0.24587138412624243,
    0.24580738164117877,
    0.24570197287450687,
    0.24555694772775574,
    0.24537404068785684,
    0.2451549351795255,
    0.24490126615065905,
    0.24461462669269696,
    0.24429661346710557,
    0.24394879499300248,
    0.24357258329703776,
    0.2431692721061438,
    0.24274015589258868,
    0.24228652875835902,
    0.24180965762889,
    0.24131079029113567,
    0.24079124532312457,
    0.2402522936036177,
    0.23969493285671217,
    0.23912009094530012,
    0.238566881051516,
    0.23816363931390877,
    0.23795760053677276,
    0.23781274319882642,
    0.23763624372807612,
    0.237429512672862,
    0.23719394452224174,
    0.23693091863383828,
    0.2366438226842521,
    0.23633593031811545,
    0.23600629258635097,
    0.23565391611120012,
    0.23527989290621193,
    0.2348853374015475,
    0.23447136501389582,
    0.23406092833663478,
    0.23382792755186596,
    0.23389593704321623,
    0.2340800674854575,
    0.23422416055154083,
    0.23432982754368464,
    0.23439868679135192,
    0.23443233604478808,
    0.2344324005547253,
    0.23442889099811998,
    0.23445182666708514,
    0.23447332508327395,
    0.23446440290105103,
    0.23444653426992418,
    0.2344409242492667,
    0.23442564573809943,
    0.23437995291375469,
    0.23430515251367343,
    0.23420254062690476,
    0.23407337783992704,
    0.23391888632655036,
    0.23374024965702678,
    0.23353861349093566,
    0.23331508657011746,
    0.23307074182925053,
    0.23280661757295362,
    0.2325237184636379,
    0.23222301612096197,
    0.23190544977481048,
    0.23157192794623727,
    0.23122333283750823,
    0.23086053857827904,
    0.23057201666829583,
    0.2304716094736982,
    0.23049374715819726,
    0.23051789256069535,
    0.2305152942038627,
    0.23048681419355027,
    0.2304334577941557,
    0.23035632276444692,
    0.23025649235339257,
    0.23013502034568362,
    0.22999292855612555,
    0.22983120680597346,
    0.22965081395927017,
    0.2294526808748784,
    0.22923772004037596,
    0.22900686580886542,
    0.22879820820046193,
    0.2286888706136485,
    0.2286815630449225,
    0.22870323018356642,
    0.22871495799152863,
    0.22870891384838804,
    0.22868037961656698,
    0.22863029750461544,
    0.22855964103158832,
    0.22846936231943893,
    0.22836038540520276,
    0.2282336052604776,
    0.2280898879779477,
    0.22793007130997756,
    0.22775496535682632,
    0.22756535329463196,
    0.22736199211373098,
    0.22714561339603226,
    0.22691692416263187,
    0.22667660774839,
    0.2264253247055219,
    0.22616371429344745,
    0.22589240047209683,
    0.22568584656547386,
    0.22561572222231555,
    0.22560322322773663,
    0.22557240190418257,
    0.22552404342457377,
    0.22545896346673577,
    0.22537795505365057,
    0.22528178603443302,
    0.22517119913873682,
    0.22504691247516412,
    0.22490962013288734,
    0.22475999282206888,
    0.2245986785268389,
    0.22442630315669357,
    0.2242434711888562,
    0.22405076629741025,
    0.22384875196713863,
    0.2236379720912118,
    0.22341895155252905,
    0.22319219678896357,
    0.22295819634301017,
    0.22271742139618836,
    0.2224703262883271,
    0.2222173490219936,
    0.22195891175248747,
    0.22169542126379368,
    0.2214272694308664,
    0.2211548336686374,
    0.22087847736811975,
    0.22059855031995967,
    0.22031538912579413,
    0.22002931759776212,
    0.21974064714649952,
    0.2194496771579364,
    0.21915669535921578,
    0.21886197817403807,
    0.2185657910677321,
    0.218268388882344,
    0.21797001616202924,
    0.21767090746901632,
    0.21737128769041433,
    0.21707137233612872,
    0.21677136782814055,
    0.21647147178138934,
    0.21617187327649556,
    0.21587275312455545,
    0.21557428412423368,
    0.21527663131137925,
    0.21497995220137223,
    0.21468439702440983,
    0.2143901089539308,
    0.21409722432837464,
    0.2138058728664649,
    0.2135161778762018,
    0.21322825645774368,
    0.21294221970035265,
    0.21265817287357228,
    0.2123762156128035,
    0.21209644209943754,
    0.2118189412357004,
    0.21154379681436303,
    0.21127108768346042,
    0.21100088790616442,
    0.21073326691594674,
    0.21046828966717035,
    0.21020601678123782,
    0.20994650468842493,
    0.20968980576552165,
    0.2094359684694017,
    0.20918503746663678,
    0.20893705375926908,
    0.2086920548068512,
    0.2084500746448616,
    0.20821114399959847,
    0.20797529039965365,
    0.20774253828406522,
    0.2075129091072431,
    0.20728642144076187,
    0.20706309107210907,
    0.20684293110047713,
    0.2066259520296839,
    0.2064121618583054,
    0.20620156616710045,
    0.20599416820380356,
    0.20578996896536494,
    0.20558896727770887,
    0.20539115987308237,
    0.20519654146506408,
    0.20500510482130058,
    0.20481684083403595,
    0.20463173858849856,
    0.20444978542920678,
    0.20427096702425382,
    0.20409526742763015,
    0.20392266913964002,
    0.20375315316546733,
    0.20358669907194252,
    0.20342328504256418,
    0.20326288793082595,
    0.20310548331190031,
    0.2029510455327261,
    0.20279954776054404,
    0.2026509620299276,
    0.20250525928835222,
    0.20236240944034406,
    0.20222238139025142,
    0.20208514308367664,
    0.20195066154760988,
    0.2018189029293009,
    0.20168983253390632,
    0.20156341486094864,
    0.20143961363962157,
    0.20131839186297584,
    0.20119971182101656,
    0.20108353513274585,
    0.2009698227771808,
    0.20085853512337776,
    0.20074963195949103,
    0.20064307252089603,
    0.20053881551740127,
    0.2004368191595804,
    0.2003370411842458,
    0.20023943887909235,
    0.2001439691065339,
    0.20005058832675765,
    0.19995925262001882,
    0.19986991770819756,
    0.19978253897564127,
    0.19969707148931115,
    0.19961347001825683,
    0.19953168905243665,
    0.19945168282090484,
    0.1993734053093833,
    0.19929681027723792,
    0.19922185127387537,
    0.19914848165457877,
    0.1990766545957991,
    0.199006323109916,
    0.19893744005948827,
    0.19886995817100472,
    0.19880383004815474,
    0.19873900818462972,
    0.19867544497647194,
    0.19861309273398386,
    0.19855190369321057,
    0.19849183002700904,
    0.19843282385571523,
    0.19837483725742305,
    0.19831782227788564,
    0.1982617309400514,
    0.19820651525324556,
    0.19815212722200848,
    0.1980985188545998,
    0.19804564217118087,
    0.19799344921168288,
    0.1979418920433734,
    0.19789092276812784,
    0.19784049352941663,
    0.19779055651901634,
    0.19774106398345292,
    0.19769196823018648,
    0.19764322163354442,
    0.19759477664041228,
    0.19754658577568748,
    0.19749860164750604,
    0.1974507769522475,
    0.19740306447932576,
    0.19735541711577276,
    0.1973077878506213,
    0.19726012977909385,
    0.19721239610660296,
    0.1971645401525695,
    0.19711651535406446,
    0.19706827526928,
    0.197019773580835,
    0.19697096409892306,
    0.19692180076430366,
    0.19687223765114462,
    0.19682222896971938,
    0.19677172906896595,
    0.19672069243891088,
    0.19666907371296166,
    0.19661682767007158,
    0.1965639092367829,
    0.19651027348915326,
    0.19645587565456835,
    0.19640067111344256,
    0.1963446154008156,
    0.1962876642078484,
    0.19622977338322117,
    0.19617089893443668,
    0.1961109970290276,
    0.19605002399567872,
    0.19598793632526812,
    0.1959246906718325,
    0.19586024385345746,
    0.195794552853096,
    0.1957275748193162,
    0.19565926706698755,
    0.19558958707791574,
    0.19551849250143338,
    0.19544594115495367,
    0.19537189102449562,
    0.19529630026519446,
    0.19521912720182455,
    0.19514033032941477,
    0.19505986831405775,
    0.19497769999398776,
    0.19489378438106397,
    0.1948080806629929,
    0.19472054820681176,
    0.19463114656456082,
    0.19453983548279477,
    0.1944465749193349,
    0.19435132507708192,
    0.19425404647756833,
    0.19415470012536892,
    0.1940532479322672,
    0.1939496540792828,
    0.19384389058652826,
    0.1937359645313826,
    0.1936950753570109,
    0.19404206221109824,
    0.1949471592493288,
    0.19606536387218756,
    0.1971337826828732,
    0.1981537808977314,
    0.1991267053216919,
    0.20005388256867584,
    0.2009366330635597,
    0.2017809271973626,
    0.20269148437321527,
    0.20375972920510999,
    0.20487567287121355,
    0.20596746848511138,
    0.2070655836207636,
    0.2082326962680181,
    0.2095543956569747,
    0.2109580960498979,
    0.21232124119967627,
    0.21361807209422182,
    0.21499278672218886,
    0.21671751133950767,
    0.21876954835962784,
    0.22086026987951435,
    0.2229960898116084,
    0.2253163489709353,
    0.22767108324057425,
    0.2299160602821596,
    0.2320545584472773,
    0.23408982136672918,
    0.23602512126080813,
    0.23786369785732553,
    0.2398072608613735,
    0.24217362107264534,
    0.24487097525503732,
    0.24756312988013354,
    0.2502569379378934,
    0.2530835784586851,
    0.2559063075369765,
    0.2585922159450187,
    0.2611448397271525,
    0.26375825141319115,
    0.2666189226103281,
    0.26952617114978183,
    0.27228710682242785,
    0.2749062276819517,
    0.2773879123525294,
    0.2797364129826323,
    0.2819558571663495,
    0.2840502509334286,
    0.28602348193239313,
    0.28787932265935556,
    0.2896214336715359,
    0.291253366749436,
    0.29277856798815033,
    0.2942003808109495,
    0.29552204890339767,
    0.29674671906769734,
    0.2978774439980134,
    0.2989171849783119,
    0.29986881450451897,
    0.30073511883286136,
    0.3015188004562841,
    0.3022224805108177,
    0.3028487011138123,
    0.3033999276359616,
    0.3038785509089617,
    0.30428688937056897,
    0.30462719114879866,
    0.3049016360870093,
    0.305112337711536,
    0.3052613451434617,
    0.30535064495610087,
    0.30538216297974563,
    0.30535776605515996,
    0.305279263737271,
    0.3051484099504579,
    0.30496690459680575,
    0.3047363951186446,
    0.3044584780166657,
    0.3041347003248762,
    0.3037665610436123,
    0.30335551253179815,
    0.3029029974434888,
    0.3024104144581393,
    0.30187911955736685,
    0.3013104272653756,
    0.30070561185406763,
    0.3000659085138346,
    0.299392514490998,
    0.29868659019284816
]