[
    0.7786920641187258,
    0.7784763611345631,
    0.8039715622457801,
    0.8032907113446397,
    0.8026202613979466,
    0.8019599427409786,
    0.8013094930742267,
    0.8006686572585536,
    0.8000371871160814,
    0.7994148412366527,
    0.7988013847897051,
    0.7981965893414037,
    0.7976002326768926,
    0.7970120986275302,
    0.7964319769029573,
    0.7958596629278581,
    0.7952949576832867,
    0.7947376675524508,
    0.7941876041708228,
    0.7936445842804458,
    0.7931084295883118,
    0.7925789666287104,
    0.792056026629439,
    0.7915394453817564,
    0.791029063113975,
    0.7905247243685969,
    0.7900262778828921,
    0.7895335764728221,
    0.7890464769202101,
    0.7885648398630691,
    0.7880885296889953,
    0.7876174144315425,
    0.7871513656694936,
    0.7866902584289521,
    0.7862339710881772,
    0.785782385285079,
    0.7853353858273006,
    0.7848928606048114,
    0.7844547005049457,
    0.7840207993298097,
    0.7835910537160031,
    0.7831653630565817,
    0.7827436294251994,
    0.7823257575023695,
    0.7819116545037855,
    0.7815012301106475,
    0.781094396401934,
    0.780691067788561,
    0.7802911609493799,
    0.7798945947689612,
    0.7795012902771158,
    0.7791111705901047,
    0.7787241608534848,
    0.7783401881865492,
    0.7779591816283167,
    0.7775810720850299,
    0.7772057922791104,
    0.7768332766995383,
    0.7764634615536118,
    0.7760962847200539,
    0.7757316857034231,
    0.7753696055897982,
    0.7750099870036904,
    0.774652774066159,
    0.7742979123540892,
    0.7739453488606053,
    0.7735950319565839,
    0.7732469113532379,
    0.7729009380657406,
    0.7725570643778602,
    0.7722152438075783,
    0.7718754310736629,
    0.7715375820631675,
    0.771201653799836,
    0.7708676044133865,
    0.7705353931096491,
    0.7702049801415272,
    0.7698763267807611,
    0.7695493952904771,
    0.7692241488984987,
    0.7689005517714016,
    0.768578568989287,
    0.7682581665212462,
    0.7679393112015058,
    0.7676219707062345,
    0.7673061135309934,
    0.7669917089688107,
    0.7666787270888569,
    0.7663671387157078,
    0.7660569154091834,
    0.7657480294447461,
    0.7654404537944368,
    0.765134162108336,
    0.7648291286965377,
    0.7645253285116259,
    0.7642227371316316,
    0.7639213307434596,
    0.7636210861267665,
    0.7633219806382808,
    0.7630239921965591,
    0.7627270992671664,
    0.7624312808482618,
    0.762136516456581,
    0.7618427861138027,
    0.7615500703332914,
    0.7612583501071974,
    0.7609676068939066,
    0.7606778226058346,
    0.7603889795975637,
    0.760101060654306,
    0.7598140489806867,
    0.7595279281898321,
    0.7592426822927574,
    0.7589582956880442,
    0.7586747531518021,
    0.758392039827904,
    0.7581101412184861,
    0.7578290431746986,
    0.7575487318877039,
    0.7572691938799243,
    0.7569904159965369,
    0.7567123853972029,
    0.7564350895480156,
    0.7561585162136686,
    0.7558826534498273,
    0.7556074895957074,
    0.7553330132668593,
    0.7550592133481544,
    0.75478607898696,
    0.7545135995864866,
    0.7542417647993097,
    0.753970564521077,
    0.7536999888843934,
    0.7534300282528716,
    0.753160673215349,
    0.7528919145802578,
    0.7526237433701446,
    0.7523561508163215,
    0.7520891283536596,
    0.7518226676155271,
    0.7515567604288745,
    0.7512913988094542,
    0.7510265749571665,
    0.7507622812515292,
    0.7504985102472729,
    0.7502352546700588,
    0.7499725074123096,
    0.7497102615291507,
    0.7494485102344657,
    0.749187246897059,
    0.7489264650369064,
    0.7486661583214944,
    0.7484063205622596,
    0.7481469457111349,
    0.7478880278571925,
    0.7476295612233825,
    0.7473715401633643,
    0.7471139591584017,
    0.7468568128143271,
    0.7466000958585873,
    0.7463438031373688,
    0.7460879296127867,
    0.7458324703601624,
    0.745577420565381,
    0.7453227755222995,
    0.7450685306302092,
    0.7448146813913864,
    0.7445612234087383,
    0.7443081523835225,
    0.7440554641131143,
    0.7438031544887743,
    0.7435512194934243,
    0.7432996551995085,
    0.7430484577669705,
    0.742797623441309,
    0.7425471485516978,
    0.7422970295091611,
    0.7420472628047916,
    0.7417978450080251,
    0.7415487727649784,
    0.7413000427968427,
    0.7410516518983552,
    0.7408035969363487,
    0.7405558748484202,
    0.7403084826418017,
    0.7400614173923322,
    0.7398146762433293,
    0.739568256404431,
    0.7393221551507738,
    0.7390763698225539,
    0.738830897824582,
    0.738585736625877,
    0.7383408837600619,
    0.7380963368268855,
    0.7378520934941788,
    0.7376081515001012,
    0.7373645086574884,
    0.737121162862791,
    0.7368781121127207,
    0.7366353545342034,
    0.7363928884338108,
    0.7361507123774363,
    0.7359088253359919,
    0.7356672270050573,
    0.7354259186521545,
    0.7351849060120486,
    0.7349442174668754,
    0.734729180971882,
    0.7345641537054798,
    0.7344219469192392,
    0.734276330257653,
    0.7341273632126468,
    0.7339751453718698,
    0.733819779818366,
    0.73366136877119,
    0.7335000124182708,
    0.73333580849221,
    0.7331688521176148,
    0.7329992357836785,
    0.7328270493689126,
    0.7326523801838275,
    0.7324753130203698,
    0.7322959302071319,
    0.7321143116721671,
    0.7319305350104337,
    0.7317446755506274,
    0.7315568064197658,
    0.7313669986059139,
    0.731175321018886,
    0.7309818405493317,
    0.7307866221271556,
    0.7305897287786584,
    0.7303912216815666,
    0.7301911602189289,
    0.7299896020329719,
    0.7297866030779993,
    0.7295822176700061,
    0.7293764985323624,
    0.7291694968392346,
    0.7289612622584298,
    0.7287518429946888,
    0.7285412858322774,
    0.7283296361734352,
    0.728116938072012,
    0.7279032342651022,
    0.7276885662057495,
    0.7274729740988453,
    0.7272564969387753,
    0.727039172546539,
    0.7268210376062172,
    0.726602127698446,
    0.7263824773327611,
    0.7261621199886316,
    0.7259410881665888,
    0.7257194134342206,
    0.725497126448761,
    0.7252742569577916,
    0.7250508338009976,
    0.7248268849300564,
    0.7246024374452804,
    0.7243775176428048,
    0.7241521510725952,
    0.7239263626139357,
    0.7237001765669767,
    0.7234736167291825,
    0.7232467064454488,
    0.7230194687056134,
    0.7227919263760689,
    0.7225641027882971,
    0.7223360235823715,
    0.722107722092779,
    0.7218792598958247,
    0.7216517472189498,
    0.7214318257033284,
    0.7212238441358356,
    0.7210207502089758,
    0.7208166466150682,
    0.7206114682474786,
    0.7204052346920903,
    0.7201979794426834,
    0.7199897402763148,
    0.7197805560138034,
    0.7195704653527214,
    0.7193595063834959,
    0.7191477163763429,
    0.7189351316825922,
    0.7187217876892478,
    0.7185077188060096,
    0.7182929584711939,
    0.7180775391660176,
    0.7178614924324087,
    0.717644848892942,
    0.7174276382720066,
    0.7172098894173932,
    0.7169916303216011,
    0.7167728881424172,
    0.7165536892236405,
    0.7163340591170774,
    0.7161140226053181,
    0.7158936037242286,
    0.7156728257845124,
    0.715451711392016,
    0.7152302824672604,
    0.7150085602648598,
    0.7147865653928491,
    0.7145643178318473,
    0.7143418369539754,
    0.714119141541118,
    0.7138962498021506,
    0.7136731793890365,
    0.7134499474122367,
    0.7132265704562156,
    0.7130030645951563,
    0.7127794454083758,
    0.7125557279950884,
    0.7123319269883562,
    0.7121080565684617,
    0.7118841304761542,
    0.7116601620258285,
    0.7114361641184224,
    0.7112121492539552,
    0.7109881295437296,
    0.7107641167221533,
    0.7105401221580682,
    0.7103161568656271,
    0.7100922315148827,
    0.7098683564421179,
    0.7096445416598733,
    0.709420796866616,
    0.7091971314559783,
    0.7089735545256347,
    0.7087500748860445,
    0.7085267010691144,
    0.7083034413366448,
    0.7080803036884715,
    0.7078572958702897,
    0.7076344253812152,
    0.70741169948121,
    0.7071891251983868,
    0.7069667093361214,
    0.7067444584799305,
    0.7065223790041073,
    0.706300477078098,
    0.7060787586726814,
    0.7058572295660446,
    0.7056358953497318,
    0.7054147614344082,
    0.7051938330554386,
    0.7049731152782975,
    0.7047526130037902,
    0.7045323309731188,
    0.7043122737728443,
    0.7040924458397363,
    0.7038728514654644,
    0.7036534948011516,
    0.703434379861798,
    0.7032155105305753,
    0.7029968905629932,
    0.7027785235909334,
    0.7025604131265623,
    0.7023425625661364,
    0.7021249751937059,
    0.7019076541846978,
    0.7016906026093775,
    0.7014738234362025,
    0.7012573195350893,
    0.7010410936805938,
    0.7008251485549933,
    0.7006094867512496,
    0.7003941107758606,
    0.7001790230516428,
    0.6999642259204549,
    0.6997497216458375,
    0.6995355124155701,
    0.6993216003441661,
    0.6991079874753081,
    0.6988946757842086,
    0.6986816671798914,
    0.6984689635073965,
    0.6982565665499172,
    0.6980444780308819,
    0.6978326996159824,
    0.6976212329151572,
    0.6974100794845235,
    0.6971992408282419,
    0.6969887184003114,
    0.6967785136063068,
    0.6965686278050628,
    0.6963590623103066,
    0.6961498183922445,
    0.695940897279091,
    0.6957323001585495,
    0.695524028179248,
    0.69531608245213,
    0.6951084640518036,
    0.6949011740178603,
    0.6946942133561568,
    0.6944875830400598,
    0.6942812840116516,
    0.6940753171829017,
    0.6938696834367997,
    0.6936643836284514,
    0.6934594185861411,
    0.6932547891123564,
    0.6930504959847786,
    0.6928465399572455,
    0.6926429217606908,
    0.6924396421040496,
    0.6922367016751323,
    0.6920341011414674,
    0.6918318411511203,
    0.6916299223334855,
    0.6914283453000588,
    0.6912271106451938,
    0.6910262189468337,
    0.6908256707672186,
    0.6906254666535723,
    0.6904256071387683,
    0.6902260927419731,
    0.6900269239692696,
    0.6898281013142606,
    0.6896296252586531,
    0.6894314962728215,
    0.6892337148163552,
    0.6890362813385849,
    0.6888391962790943,
    0.6886424600682138,
    0.6884460731275,
    0.6882500358701971,
    0.6880543487016804,
    0.6878590120198798,
    0.6876640262156932,
    0.6874693916733905,
    0.6872751087710053,
    0.6870811778807132,
    0.6868875993691924,
    0.6866943735979696,
    0.6865015009237555,
    0.6863089816987746,
    0.6861168162710853,
    0.6859250049848902,
    0.6857335481808334,
    0.6855424461962893,
    0.6853516993656381,
    0.6851613080205331,
    0.6849712724901575,
    0.6847815931014698,
    0.6845922701794405,
    0.6844033040472803,
    0.6842146950266624,
    0.6840264434379374,
    0.6838385496003427,
    0.6836510138322038,
    0.6834638364511272,
    0.6832770177741848,
    0.6830905581180952,
    0.6829044577993989,
    0.6827187171346287,
    0.6825333364404724,
    0.6823483160339264,
    0.6821636562324412,
    0.6819793573540627,
    0.6817954197175645,
    0.6816118436425767,
    0.6814286294497056,
    0.6812457774606522,
    0.6810632879983252,
    0.6808811613869513,
    0.6806993979521825,
    0.6805179980211987,
    0.680336961922806,
    0.6801562899875313,
    0.6799759825477124,
    0.6797960399375826,
    0.6796164624933547,
    0.679437250553298,
    0.6792584044578144,
    0.6790799245495074,
    0.6789018111732491,
    0.6787240646762424,
    0.6785466854080816,
    0.6783696737208106,
    0.6781930299689753,
    0.6780167545096764,
    0.6778408477026199,
    0.6776653099101648,
    0.6774901414973653,
    0.6773153428320133,
    0.6771409142846792,
    0.676966856228751,
    0.6767931690404704,
    0.6766198530989657,
    0.6764469087862799,
    0.6762743364873979,
    0.6761021365902742,
    0.6759303094858594,
    0.6757588555681261,
    0.6755877752340911,
    0.6754170688838377,
    0.6752467369205343,
    0.6750767797504554,
    0.6749071977829975,
    0.6747379895714639,
    0.6745691536723015,
    0.6744006886451108,
    0.6742325930526565,
    0.6740648654608782,
    0.6738975044388952,
    0.6737305085590107,
    0.673563876396716,
    0.6733976065306956,
    0.673231697542832,
    0.6730661480182086,
    0.6729009565451117,
    0.6727361217150327,
    0.6725716421226687,
    0.6724075163659237,
    0.6722437430459064,
    0.672080320766925,
    0.6719172481364806,
    0.6717545237652607,
    0.6715921462671356,
    0.6714301142591541,
    0.6712684263615377,
    0.6711070811976713,
    0.6709460773940882,
    0.67078541358046,
    0.6706250883895853,
    0.6704651004573831,
    0.6703054484228823,
    0.6701461309282144,
    0.6699871466186045,
    0.6698284941423625,
    0.6696701721508722,
    0.6695121792985799,
    0.6693545142429812,
    0.6691971756446106,
    0.6690401621670296,
    0.6688834724768156,
    0.6687271052435491,
    0.668571059139802,
    0.6684153328411261,
    0.6682599250260403,
    0.6681048343760206,
    0.6679500595754865,
    0.6677955993117852,
    0.6676414522751731,
    0.6674876171587968,
    0.6673340926586775,
    0.6671808774736991,
    0.6670279703055987,
    0.6668753698589583,
    0.6667230748411861,
    0.6665710839624911,
    0.6664193959358654,
    0.6662680094770678,
    0.6661169233046124,
    0.665966136139758,
    0.6658156467064946,
    0.6656654537315331,
    0.6655155559442962,
    0.6653659520769103,
    0.6652166408641854,
    0.6650676210435943,
    0.6649188913552591,
    0.6647704505419422,
    0.6646222973490423,
    0.6644744305245942,
    0.6643268488192651,
    0.6641795509863496,
    0.6640325357817675,
    0.6638858019640523,
    0.6637393482943265,
    0.6635931735362794,
    0.6634472764561732,
    0.6633016558228664,
    0.6631563104078336,
    0.6630112389851763,
    0.6628664403316399,
    0.6627219132266523,
    0.6625776564523669,
    0.6624336687937128,
    0.6622899490384834,
    0.6621464959774637,
    0.6620033084045908,
    0.6618603851171537,
    0.661717724916042,
    0.6615753266060495,
    0.6614331889962133,
    0.6612913109002063,
    0.6611496911368564,
    0.6610083285308669,
    0.6608672219138904,
    0.6607263701261565,
    0.6605857720186351,
    0.6604454264554875,
    0.6603053323169269,
    0.6601654885032471,
    0.6600258939408403,
    0.6598865475911384,
    0.6597474484638023,
    0.659608595634778,
    0.6594699882692928,
    0.6593316256509247,
    0.6591935072137789,
    0.6590556325730459,
    0.6589180015817442,
    0.658780614491492,
    0.6586434723124357,
    0.6585065774873208,
    0.6583699352440407,
    0.6582335568275375,
    0.6580974680610279,
    0.6579617389933192,
    0.6578267973103433,
    0.6578692690619866,
    0.6582584508618258,
    0.6588046828848212,
    0.6593262293152674,
    0.6598557140354154,
    0.6604233207421348,
    0.6609954414012338,
    0.6615403703052957,
    0.6620589686167746,
    0.6625519907293181,
    0.6630201215801184,
    0.6634643408505093,
    0.6639732334758381,
    0.664631856778719,
    0.6653494645962811,
    0.6660838051534108,
    0.6668765369598937,
    0.6676770768691187,
    0.668439295916729,
    0.6691642872563623,
    0.669853186461222,
    0.6705071195750943,
    0.6711271891578654,
    0.6717144691112938,
    0.6722700034180886,
    0.6727948062568028,
    0.6732898625100978,
    0.673756128414906,
    0.6741945322790437,
    0.6746059752180108,
    0.6749913318950191,
    0.6753514512547902,
    0.6756871572428353,
    0.6759992495091136,
    0.676288504096904,
    0.6765556741148668,
    0.6768014903901792,
    0.6770266621031913,
    0.6772318774049844,
    0.6774178040184705,
    0.6775850898232149,
    0.6777343634239444,
    0.6778662347027986,
    0.6779812953558693,
    0.6780801194146793,
    0.6781632637530465,
    0.6782312685797602,
    0.6782846579174114,
    0.6783239400675716,
    0.678349608062661,
    0.6783621401050077,
    0.678361999993514,
    0.6783496375382507,
    0.6783254889633059,
    0.6782899772982323,
    0.6782435127584052,
    0.6781864931145872,
    0.678119304052007,
    0.6780423195192513,
    0.6779559020672494,
    0.6778604031786312,
    0.6777561635877252,
    0.6776435135914651,
    0.6775227733514638,
    0.6773942531875072,
    0.6772582538626983,
    0.6771150668604866,
    0.6769649746538157,
    0.676808250966608,
    0.6766451610277904,
    0.6764759618180735,
    0.6763009023097297,
    0.6761202236995684,
    0.675934159635285,
    0.6757429364353621,
    0.67554677330269,
    0.6753458825320773,
    0.6751404697118433,
    0.6749307339196781,
    0.6747168679129368,
    0.6744990583135053,
    0.6742774857873646,
    0.6740523252190099,
    0.6738237458809107,
    0.6735919115981598,
    0.6733569809084284,
    0.6731191072173537,
    0.6728784389494734,
    0.6726351196948167,
    0.6723892883512869,
    0.6721410792630014,
    0.6718906223547022,
    0.671638043262298,
    0.6713834634596335,
    0.6711270003816403,
    0.6708687675440002,
    0.6706088746593959,
    0.670347427750417,
    0.6700845292591927,
    0.6698202781538594,
    0.6695547700319944,
    0.6692880972211223,
    0.6690203488763561,
    0.6687516110752246,
    0.6684819669097233,
    0.6682114965756771,
    0.6679402774595574,
    0.6676683842228658,
    0.6673958888841387,
    0.6671228608985748,
    0.6668493672352868,
    0.6665754724522888,
    0.6663012387694068,
    0.6660267261391547,
    0.6657519923155033,
    0.6654770929205555,
    0.6652020815092825,
    0.6649270096324981,
    0.6646519268981069,
    0.6643768810305671,
    0.6641019179285251,
    0.6638270817206322,
    0.6635524148196804,
    0.6632779579752658,
    0.6630037503250596,
    0.6627298294447026,
    0.6624562313962528,
    0.6621829907751374,
    0.6619101407556218,
    0.6616377131347397,
    0.6613657383747717,
    0.6610942456446307,
    0.6608232628602673,
    0.6605528167238985,
    0.6602829327621286,
    0.6600136353632234,
    0.6597449478134465,
    0.6594768923322691,
    0.6592094901065358,
    0.6589427613238208,
    0.6586767252050926,
    0.6584114000364917,
    0.6581468031998156,
    0.6578829512014261,
    0.6576198597000396,
    0.6573575435342167,
    0.6570960167497069,
    0.6568352926266997,
    0.6565753837076513,
    0.656316301825274,
    0.6560580581283872,
    0.6558006631052574,
    0.6555441266077763,
    0.6552884578786662,
    0.6550336655806366,
    0.6547797578258627,
    0.654526742205878,
    0.6542746258249503,
    0.6540234153437526,
    0.6537731170497331,
    0.6535237369858156,
    0.6532752811677188,
    0.6530277559042486,
    0.6527811683448245,
    0.652535527807276,
    0.6522908490252355,
    0.6520471588860909,
    0.6518045105427515,
    0.6515630018271743,
    0.6513345005712164,
    0.651130295267861,
    0.6509375943703566,
    0.6507441317291053,
    0.6505499236122576,
    0.6503549987139866,
    0.650159400796601,
    0.6499631760853385,
    0.6497663706721862,
    0.6495690297265151,
    0.6493711971919224,
    0.6491729156694327,
    0.6489742263831269,
    0.648775169178772,
    0.6485757825370781,
    0.6483761035949241,
    0.6481761681723969,
    0.6479760108037448,
    0.647775664767711,
    0.6475751621168031,
    0.6473745337097698,
    0.6471738092480845,
    0.646973017312943,
    0.6467721853997482,
    0.6465713399501268,
    0.6463705063834517,
    0.6461697091281191,
    0.6459689716507817,
    0.6457683164835609,
    0.6455677652515068,
    0.645367338700988,
    0.6451670567274086,
    0.6449669384010467,
    0.6447670019916298,
    0.6445672649927773,
    0.6443677441463145,
    0.6441684554661617,
    0.6439694142617026,
    0.6437706351603092,
    0.6435721321289243,
    0.6433739184949286,
    0.6431760069664224,
    0.6429784096518693,
    0.6427811380791142,
    0.642584203213852,
    0.64238761547742,
    0.6421913847638349,
    0.6419955204563298,
    0.6418000314436394,
    0.641604926135992,
    0.6414102124806813,
    0.6412158979771867,
    0.6410219896918341,
    0.6408284942719165,
    0.6406354179592122,
    0.6404427666030604,
    0.6402505456732003,
    0.6400587602723627,
    0.6398674151485212,
    0.639676514706775,
    0.6394860630208625,
    0.6392960638442997,
    0.6391065206211651,
    0.6389174364965727,
    0.6387288143268562,
    0.6385406566894426,
    0.6383529658924036,
    0.6381657439837054,
    0.6379789927601675,
    0.6377927137761129,
    0.6376069083517386,
    0.6374215775812805,
    0.637236722340992,
    0.6370523432968909,
    0.6368684409122416,
    0.6366850154547675,
    0.6365020670036352,
    0.636319595456285,
    0.6361376005351307,
    0.6359560817940614,
    0.635775038624703,
    0.6355944702624515,
    0.6354143757923317,
    0.6352347541546846,
    0.6350556041506762,
    0.6348769244476198,
    0.6346987135841234,
    0.6345209699750669,
    0.6343436919164182,
    0.6341668775899029,
    0.6339905250675405,
    0.633814632316041,
    0.6336391972010602,
    0.633464217491334,
    0.6332896908627033,
    0.6331156149020108,
    0.632941987110865,
    0.6327688049092715,
    0.6325960656391443,
    0.6324237665677268,
    0.6322519048909356,
    0.6320804777366175,
    0.6319094821676885,
    0.6317389151851519,
    0.6315687737310026,
    0.6313990546910258,
    0.6312297548975,
    0.6310608711318288,
    0.6308924001270992,
    0.6307243385705442,
    0.630556683105908,
    0.630389430335743,
    0.6302225768236469,
    0.6300561190964296,
    0.6298900536462146,
    0.6297243769324743,
    0.629559085383991,
    0.6293941754007434,
    0.6292296433557093,
    0.6290654855965974,
    0.6289016984475371,
    0.6287382782107336,
    0.6285752211680772,
    0.6284125235826853,
    0.6282501817003647,
    0.628088191751013,
    0.6279265499499833,
    0.6277652524994225,
    0.6276042955895736,
    0.6274436754000338,
    0.6272833881009557,
    0.6271234298541799,
    0.6269637968143109,
    0.6268044851297736,
    0.6266454909438502,
    0.6264868103956879,
    0.6263284396212709,
    0.6261703747543603,
    0.6260126119273953,
    0.6258551472723611,
    0.6256979769216244,
    0.6255410970087377,
    0.6253845036692108,
    0.625228193041251,
    0.6250721612664735,
    0.6249164044905879,
    0.6247609188640658,
    0.6246057005427895,
    0.6244507456886836,
    0.6242960504703156,
    0.6241416110634541,
    0.6239874236515802,
    0.6238334844263641,
    0.6236797895881343,
    0.6235263353463423,
    0.6233731179200083,
    0.6232201335381481,
    0.6230673784401826,
    0.622914848876327,
    0.6227625411079633,
    0.6226104514079923,
    0.6224585760611623,
    0.6223069113643672,
    0.6221554536269404,
    0.6220041991709404,
    0.6218531443314326,
    0.6217022854567572,
    0.621551618908784,
    0.6214011410631456,
    0.6212508483094468,
    0.621100737051458,
    0.6209508037073028,
    0.6208010447096456,
    0.6206514565058718,
    0.6205020355582522,
    0.6203527783440904,
    0.6202036813558537,
    0.6200547411013012,
    0.6199059541036103,
    0.6197573169014935,
    0.6196088260493058,
    0.6194604781171471,
    0.6193122696909585,
    0.6191641973726129,
    0.6190162577799925,
    0.6188684475470612,
    0.6187207633239272,
    0.6185732017769007,
    0.6184257595885458,
    0.6182784334577263,
    0.6181312200996402,
    0.6179841162458515,
    0.6178371186443133,
    0.6176902240593798,
    0.6175434292718086,
    0.6173967310787619,
    0.6172501262938102,
    0.6171036117469344,
    0.6169571842845218,
    0.6168108407693563,
    0.6166645780806014,
    0.6165183931137833,
    0.6163722827807729,
    0.6162262440097593,
    0.616080273745219,
    0.6159343689478799,
    0.6157885265946853,
    0.6156427436787589,
    0.615497017209364,
    0.6153513442118561,
    0.6152057217276329,
    0.6150601468140777,
    0.6149146165444997,
    0.6147691280080696,
    0.6146236783097606,
    0.6144782645702895,
    0.6143328839260567,
    0.6141875335290833,
    0.6140422130358388,
    0.6138969221182808,
    0.6137516604637872,
    0.6136064277750842,
    0.6134612237701713,
    0.6133160481822475,
    0.6131709007596357,
    0.6130257812657055,
    0.6128806894787949,
    0.6127356251921308,
    0.6125905882137482,
    0.6124455783664083,
    0.6123005954875089,
    0.6121556394289951,
    0.6120107100572696,
    0.611865807253108,
    0.6117209309115713,
    0.61157608094192,
    0.6114312572675263,
    0.6112864598257841,
    0.6111416885680178,
    0.6109969434593875,
    0.6108522244787967,
    0.6107075316188013,
    0.610562864885519,
    0.6104182242985409,
    0.6102736098908401,
    0.6101290217086794,
    0.6099844598115187,
    0.6098399242719229,
    0.6096954151754721,
    0.6095509326206686,
    0.609406476718845,
    0.6092620475940702,
    0.6091176453830587,
    0.608973270235074,
    0.6088289223118319,
    0.6086846017874061,
    0.6085403088481367,
    0.6083960436925385,
    0.6082518065312088,
    0.6081075975867349,
    0.6079634170936019,
    0.6078192652981006,
    0.6076751424582374,
    0.6075310488436438,
    0.6073869847354847,
    0.6072429504263612,
    0.6070989462202188,
    0.6069549724322538,
    0.6068110293888251,
    0.6066671174273639,
    0.6065232368962817,
    0.6063793881548789,
    0.6062355715732535,
    0.606091787532211,
    0.6059480364231777,
    0.6058043186481089,
    0.6056606346193986,
    0.6055169847597889,
    0.6053733695022843,
    0.6052297892900648,
    0.6050862445764018,
    0.604942735824574,
    0.604799263507784,
    0.604655828109075,
    0.6045124301212451,
    0.6043690700467639,
    0.6042257483976893,
    0.6040824656955863,
    0.6039392224714468,
    0.6037960192656091,
    0.6036528566276765,
    0.6035097351164335,
    0.6033666552997604,
    0.6032236177545544,
    0.6030806230666488,
    0.602937671830737,
    0.6027947646502919,
    0.602651902137486,
    0.6025090849131091,
    0.6023663136064876,
    0.6022235888554087,
    0.6020809113060461,
    0.6019382816128845,
    0.6017957004386467,
    0.6016531684542208,
    0.6015106863385868,
    0.6013682547787423,
    0.6012258744696264,
    0.6010835461140415,
    0.6009412704225799,
    0.6007990481135513,
    0.6006568799129116,
    0.6005147665541932,
    0.6003727087784384,
    0.6002307073341305,
    0.6000887629771265,
    0.5999468764705872,
    0.5998050485849126,
    0.5996632800976746,
    0.5995215717935547,
    0.59937992446428,
    0.5992383389085585,
    0.5990968159320148,
    0.5989553563471282,
    0.5988139609731672,
    0.5986726306361276,
    0.5985313661686713,
    0.5983901684100649,
    0.5982490382061152,
    0.598107976409102,
    0.5979669838777142,
    0.5978260614769887,
    0.5976852100782512,
    0.5975444305590584,
    0.5974037238031394,
    0.5972630907003396,
    0.5971225321465631,
    0.5969820490437179,
    0.5968416422996593,
    0.5967013128281364,
    0.5965610615487382,
    0.5964208893868405,
    0.596280797273552,
    0.5961407861456627,
    0.59600085694559,
    0.5958610106213251,
    0.595721248126381,
    0.59558157041974,
    0.5954419784658019,
    0.5953024732343328,
    0.5951630557004167,
    0.5950237268444044,
    0.5948844876518656,
    0.5947453391135392,
    0.5946062822252856,
    0.5944673179880363,
    0.594328447407748,
    0.594189671495354,
    0.5940509912667195,
    0.593912407742596,
    0.5937739219485754,
    0.5936355349150446,
    0.593497247677143,
    0.593359061274716,
    0.593220976752269,
    0.5930829951589156,
    0.5929451175483303,
    0.5928073449787066,
    0.5926696785127142,
    0.5925321192174552,
    0.592394668164417,
    0.5922573264294269,
    0.5921200950926113,
    0.591982975238355,
    0.5918459679552593,
    0.5917090743361052,
    0.591572295477816,
    0.5914356324814207,
    0.5912990864520113,
    0.5911626584986986,
    0.5910263497345718,
    0.5908901612766617,
    0.5907540942459057,
    0.5906181497671134,
    0.5904823289689343,
    0.5903466329838248,
    0.5902110629480176,
    0.5900756200014893,
    0.5899403052879231,
    0.589805119954669,
    0.589670065152708,
    0.5895351420366259,
    0.5894003517645865,
    0.589265695498297,
    0.5891311744029685,
    0.5889967896472821,
    0.5888625424033616,
    0.588728433846747,
    0.5885944651563697,
    0.5884606375145217,
    0.5883269521068194,
    0.5881934101221706,
    0.5880600127527486,
    0.5879267611939696,
    0.5877936566444738,
    0.587660700306101,
    0.5875278933838504,
    0.5873952370858235,
    0.5872627326231743,
    0.5871303812100762,
    0.5869981840636902,
    0.586866142404127,
    0.5867342574544168,
    0.5866025304404952,
    0.5864709625911912,
    0.5863395551382031,
    0.5862083093160696,
    0.5860772263621276,
    0.5859463075164568,
    0.5858155540218356,
    0.5856849671237195,
    0.5855545480702211,
    0.5854242981120839,
    0.5852942185026635,
    0.5851643104979157,
    0.5850345753564015,
    0.5849050143393463,
    0.5847756287107425,
    0.5846464197374446,
    0.5845173886892623,
    0.5843885368390984,
    0.5842598654630924,
    0.5841313758407422,
    0.5840030692550711,
    0.58387494699291,
    0.5837470103452868,
    0.5836192606078557,
    0.583491699081349,
    0.5833643270721997,
    0.583237145893423,
    0.5831101568656996,
    0.5829833613188625,
    0.5828567605943289,
    0.5827303560486453,
    0.5826041490577376,
    0.5824781410220962,
    0.5823523333748745,
    0.5822267275958501,
    0.5821013252345307,
    0.5819761279489877,
    0.581851137575658,
    0.581726356263576,
    0.5816017867590049,
    0.581477433057655,
    0.5813533019078057,
    0.5812294067049726,
    0.5811057850753742,
    0.5809834886345134,
    0.5809397446653886,
    0.5810468216843058,
    0.5812217035233576,
    0.5813854491221183,
    0.5815383616150035,
    0.5816807697617968,
    0.581813000710365,
    0.5819353747990099,
    0.5820482043084473,
    0.5821517931827005,
    0.5822464371016122,
    0.582332423686762,
    0.5824100327022173,
    0.5824795363132115,
    0.5825411995250522,
    0.5825952808457182,
    0.5826420333456157,
    0.5826817072446507,
    0.5827145588430311,
    0.5827409356746793,
    0.5828066098869529,
    0.5829554127518545,
    0.5831385733362207,
    0.5833092301777221,
    0.5834677621800068,
    0.5836145549184008,
    0.5837499865256309,
    0.583874425479928,
    0.5839882301292224,
    0.5840917486818458,
    0.584185319357851,
    0.5842692706022156,
    0.5843439213228124,
    0.5844095811384827,
    0.5844665506299237,
    0.5845151215888769,
    0.5845555772632174,
    0.5845881925970391,
    0.5846132344653266,
    0.584630961902868,
    0.5846416263272121,
    0.584645471755729,
    0.5846427350168338,
    0.5846336459554202,
    0.5846184276326837,
    0.5845972965204551,
    0.5845704626900841,
    0.5845381299960234,
    0.5845004962542816,
    0.5844577534158121,
    0.5844100877349058,
    0.584357679932759,
    0.5843007053564525,
    0.5842393341335236,
    0.5841737313221307,
    0.5841040570568315,
    0.5840304666902129,
    0.5839531109305253,
    0.5838721359754572,
    0.5837876836423721,
    0.5836998914950665,
    0.583608892966878,
    0.5835148174802041,
    0.5834177905626442,
    0.5833179339598682,
    0.5832153657450515,
    0.5831102004248888,
    0.5830025490427101,
    0.582892519278964,
    0.5827802155489002,
    0.582665739097551,
    0.5825491880922166,
    0.582430657712432,
    0.5823102402375246,
    0.5821880251319403,
    0.5820640991282605,
    0.5819385463082078,
    0.5818114481824347,
    0.5816828837690897,
    0.581552929670213,
    0.5814216601459749,
    0.5812891471896774,
    0.5811554606078838,
    0.5810206681078208,
    0.5808848353917142,
    0.5807480262619696,
    0.5806103027572281,
    0.5804717253663499,
    0.5803323534221045,
    0.580192245976355,
    0.5800514642995873,
    0.5799100828099576,
    0.5797685122927246,
    0.579670819637959,
    0.5796587240652444,
    0.5796849516638575,
    0.5797043068229677,
    0.5797170020828567,
    0.5797232654533626,
    0.5797233230034992,
    0.5797173958103333,
    0.5797056991724997,
    0.5796884424238308,
    0.5796658289358986,
    0.5796380561900735,
    0.579605315887332,
    0.5795677940810633,
    0.5795256713203224,
    0.5794791227966207,
    0.5794283184906956,
    0.5793734233173718,
    0.5793145972680458,
    0.5792519955502372,
    0.5791857687236568,
    0.5791160628329306,
    0.5790430195370232,
    0.5789667762348728,
    0.578887466187262,
    0.5788052186357431,
    0.5787201589188835,
    0.5786324085853711,
    0.5785420855038202,
    0.5784493039693956,
    0.5783541748073215,
    0.578256805473421,
    0.5781573001518479,
    0.5780557598500117,
    0.5779522824907248,
    0.5778469630017613,
    0.577739893402955,
    0.5776311628908071,
    0.5775208579206481,
    0.5774090622864823,
    0.5772958571985818,
    0.577181321358841,
    0.5770655310339704,
    0.5769485601266389,
    0.5768304802446034,
    0.5767113607678434,
    0.576591268913781,
    0.5764702698006746,
    0.5763484265092372,
    0.5762258001424896,
    0.5761024498838725,
    0.5759784330536843,
    0.5758538051639098,
    0.5757286199714784,
    0.5756029295299973,
    0.5754767842400066,
    0.5753502328977784,
    0.5752233227427124,
    0.575096099503396,
    0.5749686074423691,
    0.5748408893996153,
    0.5747129868348051,
    0.5745849398683254,
    0.5744567873211323,
    0.5743285667534627,
    0.5742003145024343,
    0.5740720657185658,
    0.5739438544012533,
    0.5738157134332262,
    0.5736876746140134,
    0.5735597686924366,
    0.5734320253981597,
    0.573304473472339,
    0.5731771406974034,
    0.5730500539259639,
    0.572923239108875,
    0.5727967213224966,
    0.5726705247951823,
    0.5725446729329957,
    0.5724191883446751,
    0.572294092865887,
    0.5721694075827926,
    0.5720451528549431,
    0.5719213483374948,
    0.5717980130027674,
    0.5716751651611814,
    0.5715528224816007,
    0.5714310020110869,
    0.5713097201940779,
    0.5711889928909907,
    0.5710688353962626,
    0.570949262455883,
    0.5708302882844394,
    0.5707119265816706,
    0.5705941905485353,
    0.570477092902832,
    0.5703606458943608,
    0.5702448613196417,
    0.5701297505362121,
    0.5700153244765005,
    0.569901593661289,
    0.5697885682127874,
    0.5696762578673444,
    0.5695646719877863,
    0.5694538195754133,
    0.5693437092817141,
    0.5692343494197334,
    0.5691257479750114,
    0.5690179126161982,
    0.5689108507054779,
    0.5688045693087966,
    0.5686990752057915,
    0.5685943748993088,
    0.5684904746245644,
    0.5683873803581511,
    0.568285097826954,
    0.5681836325169498,
    0.5680829896818819,
    0.567983174351605,
    0.5678841913399674,
    0.5677860452526178,
    0.5676887404950449,
    0.56759228128068,
    0.5674966716389227,
    0.5674019154232531,
    0.5673080163194988,
    0.5672149778544097,
    0.5671228034054177,
    0.5670314962126974,
    0.56694105939368,
    0.5668514959604102,
    0.566762808842406,
    0.5666750009163678,
    0.5665880750414971,
    0.5665020341103066,
    0.5664168811497258,
    0.5663326195407904,
    0.5662492535207553,
    0.5661667894970176,
    0.566085240357054,
    0.5660046565242758,
    0.5659379135980347,
    0.5658973273153141,
    0.5658690631173312,
    0.5658398177738695,
    0.5658096296776798,
    0.5657785512428976,
    0.5657466364679336,
    0.5657139388583983,
    0.565680510826827,
    0.5656464034853428,
    0.5656116665713652,
    0.5655763484275785,
    0.5655404960088292,
    0.5655041549021957,
    0.5654673693531753,
    0.5654301822955482,
    0.5653926353837355,
    0.5653547690262922,
    0.5653166224194328,
    0.5652782335802705,
    0.5652396393797786,
    0.5652008755753551,
    0.5651619768427224,
    0.5651229768069342,
    0.5650839080725535,
    0.5650448022531297,
    0.5650056870210296,
    0.5649665891143656,
    0.5649275343642458,
    0.5648885477212912,
    0.5648496532814182,
    0.5648108743109018,
    0.5647722332707541,
    0.5647337518404343,
    0.5646954509408749,
    0.5646573507568204,
    0.5646194707585157,
    0.5645818297227992,
    0.5645444457536265,
    0.5645073363019979,
    0.5644705181853017,
    0.5644340076061256,
    0.5643978201705632,
    0.5643619709059976,
    0.5643264742783849,
    0.5642913442090396,
    0.5642565940909342,
    0.5642222368045334,
    0.5641882847331922,
    0.5641547497781152,
    0.5641216433728747,
    0.564088976497508,
    0.564056759692217,
    0.564025003070666,
    0.5639937163328775,
    0.5639629087777399,
    0.56393258931514,
    0.5639027664777388,
    0.5638734484324213,
    0.5638446429914324,
    0.563816357623198,
    0.5637885994628246,
    0.5637613753222802,
    0.5637346917002725,
    0.5637085547918573,
    0.5636829704977843,
    0.5636579444335778,
    0.5636334819383496,
    0.563609588083353,
    0.5635862676802825,
    0.5635635252893146,
    0.563541365226907,
    0.5635197915733878,
    0.5634988081803367,
    0.5634784186777547,
    0.563458626481018,
    0.5634394347976266,
    0.5634208466337555,
    0.5634028648006241,
    0.563385491920677,
    0.5633687304335797,
    0.5633525826020376,
    0.5633370505174429,
    0.5633221361053534,
    0.5633078411307944,
    0.5632941672033916,
    0.563281115782362,
    0.5632686881813723,
    0.5632568855732679,
    0.5632457089946769,
    0.5632351593504958,
    0.5632252374182374,
    0.563215943852233,
    0.5632072791877005,
    0.5631992438446899,
    0.5631918381319045,
    0.5631850622504095,
    0.563178916297234,
    0.5631734002688727,
    0.5631685140646878,
    0.56316425749021,
    0.5631606302603511,
    0.5631576320025234,
    0.5631552622596538,
    0.5631535204931064,
    0.5631524060855186,
    0.563151918343547,
    0.5631520565005257,
    0.5631528197190452,
    0.5631542070934571,
    0.563156217652303,
    0.5631588503606879,
    0.563162104122595,
    0.5631659777831176,
    0.5631704701305953,
    0.5631755798986718,
    0.5631813057683063,
    0.5631876463697424,
    0.5631946002844219,
    0.5632021660468292,
    0.5632103421462674,
    0.5632191270285716,
    0.5632285190977782,
    0.5632385167177574,
    0.5632491182138062,
    0.5632603218741932,
    0.563272125951659,
    0.563284528664876,
    0.563297528199849,
    0.563311122711244,
    0.5633253103236752,
    0.5633400891329692,
    0.563355457207394,
    0.5633714125888649,
    0.5633879532941356,
    0.5634050773159558,
    0.5634227826241934,
    0.5634410671669378,
    0.5634599288715681,
    0.563479365645789,
    0.5634993753786638,
    0.5635199559416567,
    0.5635411051896817,
    0.5635628209621394,
    0.5635851010839201,
    0.5636079433664232,
    0.5636313456086434,
    0.5636553055982992,
    0.5636798211129972,
    0.5637048899214636,
    0.5637305097849444,
    0.5637566784589398,
    0.5637833936953066,
    0.5638106532447259,
    0.5638384548598339,
    0.5638667962995497,
    0.5638956753350712,
    0.563925089758036,
    0.56395503739184,
    0.5639855161078243,
    0.5640165238493785,
    0.5640480586690035,
    0.5640801187883621,
    0.5641127027004588,
    0.5641458093320695,
    0.5641794382942698,
    0.5642135904493586,
    0.5642482696836039,
    0.5642834886771453,
    0.5643192855878993,
    0.5643557404896803,
    0.5643929934164762,
    0.564574730639049,
    0.5651172269301522,
    0.5659413550182362,
    0.5668145365850429,
    0.567656393315188,
    0.5684678334158286,
    0.5692504661757484,
    0.5700371379567947,
    0.5708600366621746,
    0.5717201311638064,
    0.5727373093152689,
    0.5739930602350012,
    0.5753236322190933,
    0.576604149527962,
    0.5781729372165794,
    0.5803900189007712,
    0.5829284372572583,
    0.5854034730642392,
    0.5877815067374341,
    0.5900654513367581,
    0.5922582301205388,
    0.594362696790885,
    0.5963816266371996,
    0.5983177160168267,
    0.6001735835263977,
    0.6019517717164983,
    0.603654749018591,
    0.6052849117379209,
    0.6068445860479594,
    0.6083360299573661,
    0.6097614352356175,
    0.6111229292919765,
    0.6124225770062337,
    0.6136623825104368,
    0.6148442909217235,
    0.6159701900271243,
    0.6170419119213435,
    0.6180612345986601,
    0.619029883500168,
    0.6199495330175373,
    0.6208218079544219,
    0.621648284946576,
    0.6224304938417837,
    0.6231699190407545,
    0.6238680008000954,
    0.624526136498416,
    0.6251456818665805,
    0.6257279521830932,
    0.6262742234356002,
    0.6267857334494605,
    0.627263682984328,
    0.627709236799644,
    0.628123524689916,
    0.6285076424906315,
    0.6288626530556303,
    0.6291895872067403,
    0.6294894446564699,
    0.6297631949045095,
    0.6300117781087842,
    0.6302361059317709,
    0.6304370623627759,
    0.6306155045168588,
    0.6307722634110627,
    0.6309081447185928,
    0.6310239295015575,
    0.6311203749228835,
    0.6311982149379928,
    0.6312581609668142,
    0.6313009025466855,
    0.6313271079666815,
    0.6313374248838948,
    0.6313324809221819,
    0.6313128842538671,
    0.631279224164889,
    0.6312320716038576,
    0.6311719797154755,
    0.6310994843587648,
    0.631015104610532,
    0.6309193432544837,
    0.6308126872564033,
    0.6306956082257782,
    0.6305685628642657,
    0.6304319934013688,
    0.6302863280176818,
    0.6301319812560624,
    0.6299693544210629,
    0.6297988359669618,
    0.6296208018747103,
    0.6294356160181159,
    0.6292436305195624,
    0.6290451860955638,
    0.6288406123924393,
    0.6286302283123893,
    0.6284143423302443,
    0.6281932528011501,
    0.6279672482594492,
    0.627736607709004,
    0.6275016009052077,
    0.6272624886289141,
    0.6270195229525195,
    0.6267729474984156,
    0.6265229976900331,
    0.6262699009956816,
    0.626013877165397,
    0.6257551384609867,
    0.6254938898794711,
    0.6252303293701044,
    0.6249646480451605,
    0.6246970303846595,
    0.6244276544352045,
    0.6241566920030998,
    0.6238843088419092,
    0.6236106648346157,
    0.6233359141705335,
    0.6230602055171195,
    0.6227836821868336,
    0.6225064822991849,
    0.6222287389381048,
    0.6219505803047727,
    0.6216721298660287,
    0.6213935064984986,
    0.6211148246285516,
    0.6208361943682091,
    0.6205577216471216,
    0.6202795083407211,
    0.6200016523946625,
    0.6197242479456582,
    0.6194473854388072,
    0.6191711517415213,
    0.6188956302541413,
    0.618620901017341,
    0.618347040816408,
    0.6180741232824911,
    0.6178022189909003,
    0.6175313955565443,
    0.6172617177265839,
    0.6169932474703856,
    0.6167260440668502,
    0.6164601641891901,
    0.6161956619872295,
    0.6159325891672967,
    0.6156709950697783,
    0.615410926744403,
    0.6151524290233175,
    0.614895544592021,
    0.6146403140582157,
    0.614386776018634,
    0.6141349671239028,
    0.6138849221414973,
    0.6136366740168424,
    0.6133902539326123,
    0.6131456913662783,
    0.6129030141459584,
    0.6126622485046146,
    0.6124234191326483,
    0.6121865492289378,
    0.6119516605503617,
    0.6117187734598512,
    0.6114879069730176,
    0.6112590788033919,
    0.6110323054063198,
    0.6108076020215459,
    0.6105849827145279,
    0.6103644604165139,
    0.6101460469634241,
    0.6099297531335685,
    0.609715588684233,
    0.6095035623871704,
    0.6092936820630213,
    0.6090859546147012,
    0.6088803860597809,
    0.6086769815618907,
    0.6084757454611756,
    0.608276681303829,
    0.6080797918707287,
    0.6078850792052046,
    0.6076925446399625,
    0.6075021888231904,
    0.6073140117438687,
    0.6071280127563068,
    0.6069441906039291,
    0.60676254344233,
    0.606583068861623,
    0.6064057639081037,
    0.6062306251052461,
    0.6060576484740514,
    0.6058868295527695,
    0.6057181634160083,
    0.6055516446932532,
    0.6053872675868087,
    0.6052250258891817,
    0.6050649129999234,
    0.6049069219419405,
    0.604751045377295,
    0.6045972756225084,
    0.604445604663388,
    0.6042960241693863,
    0.6041485255075011,
    0.6040030997557377,
    0.6038597377161441,
    0.6037184299274355,
    0.6035791666772173,
    0.603441938013812,
    0.6033067337577063,
    0.6031735435126371,
    0.6030423566763243,
    0.6029131624508617,
    0.6027859498527707,
    0.6026607077227258,
    0.6025374247349609,
    0.6024160894063764,
    0.6022966901053665,
    0.6021792150603622,
    0.6020636523681028,
    0.6019499900016521,
    0.6018382158181798,
    0.601728317566518,
    0.6016202828945109,
    0.6015140993561586,
    0.6014097544185328,
    0.6013072354684623,
    0.601206529819081,
    0.601107624716277,
    0.6010105073450325,
    0.6009151648357159,
    0.6008215842705319,
    0.6007297526904041,
    0.6006396571024749,
    0.6005512844883419,
    0.6004646218134885,
    0.6003796560391141,
    0.6002963741383317,
    0.6002147631201009,
    0.6001348100670597,
    0.6000565021994276,
    0.599979826991681,
    0.5999047724044475,
    0.5998313274518273,
    0.5997594840023983,
    0.5996892444349943,
    0.5996206951792883,
    0.5998909124221244,
    0.6008241892674516,
    0.6020586535930365,
    0.6032459429410615,
    0.6043875132222934,
    0.6054851539904088,
    0.6068357296344918,
    0.6087518441707802,
    0.611047245283646,
    0.6134871436326329,
    0.6159340439071298,
    0.6182836068497102,
    0.6205545246186087,
    0.6229729896142017,
    0.6257257644891399,
    0.6288106194885484,
    0.6322501030161053,
    0.6358051514238525,
    0.6392260250477999,
    0.6425766474064234,
    0.6459417559035503,
    0.6492632410383281,
    0.6524589005834599,
    0.6556644720508804,
    0.6590247557974402,
    0.6623894940216941,
    0.6656832599189271,
    0.6689780270679655,
    0.6722018341516636,
    0.6753073110704229,
    0.6785016565297338,
    0.6819891977628382,
    0.6856047702150949,
    0.6891134661169441,
    0.6924668779064845,
    0.6956674826004763,
    0.6987200263036025,
    0.7016292388026838,
    0.7043997342828634,
    0.7070359994583844,
    0.7095423933398246,
    0.7119231489585988,
    0.7141823758771235,
    0.7163240632532559,
    0.7183520831626655,
    0.7202701941065911,
    0.7220820450356993,
    0.7237911799087119,
    0.7254010418788641,
    0.7269149763124869,
    0.7283362370006059,
    0.7296680268783173,
    0.7309395477695988,
    0.7322303108197242,
    0.7335646322932408,
    0.7348629374863406,
    0.7360746852176546,
    0.7372027602265339,
    0.7382500126184632,
    0.7392192200329402,
    0.7401130818994209,
    0.7409342188397695,
    0.7416851737078783,
    0.742368413305029,
    0.7429863303383772,
    0.74354124543099,
    0.7440354091228066,
    0.7444710038431774,
    0.7448501458452187,
    0.745174887097605,
    0.7454472171307535,
    0.7456690648341677,
    0.7458423002038174,
    0.745968736040086,
    0.7460501295984219,
    0.7460881841949589,
    0.7460845507678525,
    0.7460408293949052,
    0.7459585707684746,
    0.7458392776286893,
    0.7456844061561029,
    0.7454953673250333,
    0.745273528218413,
    0.745020213304619,
    0.7447367056778282,
    0.7444242482637073,
    0.7440840449905939,
    0.7437172619265968,
    0.7433250283849654,
    0.742908437999321,
    0.7424685497681113,
    0.7420063890688282,
    0.7415229486446119,
    0.7410191895632292,
    0.7404960421474329,
    0.7399544068802962,
    0.7393951552888559,
    0.7388191308045524,
    0.7382271496000471,
    0.7376200014032213,
    0.7369984502894735,
    0.7363632354565959,
    0.7357150719785227,
    0.7350546515402039,
    0.7343826431762405,
    0.7336996939979004,
    0.7330064298682568,
    0.7323034560967338,
    0.731591358290225,
    0.730870703346219,
    0.7301420404971966,
    0.7294059018794145,
    0.7286627987660991,
    0.7279134355689975,
    0.7271602513281656,
    0.7264051658721574,
    0.7256465126159267,
    0.7248829155407841,
    0.7241148084585957,
    0.7233426010095831,
    0.7225666900842116,
    0.7217874638069853,
    0.7210053021470998,
    0.7202205790975442,
    0.7194336792764807,
    0.7186450691255302,
    0.7179057499251318,
    0.7172668628840745,
    0.7166768941192705,
    0.7161098631173815,
    0.7155904950674419,
    0.7150886934126428,
    0.7145757445821677,
    0.7140520862603347,
    0.713518263239058,
    0.7129748161677547,
    0.7124222731467186,
    0.711861154481146,
    0.7112919723365877,
    0.7107152267005272,
    0.7101314187837237,
    0.7095411140382213,
    0.708945404517182,
    0.7083808417737943,
    0.7078815117124472,
    0.7074089424225292,
    0.706926534107233,
    0.7064347488801195,
    0.706034134361985,
    0.705842859206827,
    0.7057745263190133,
    0.7057030046177898,
    0.7056069208862227,
    0.7054872128560719,
    0.7053448153342611,
    0.7051806405825237,
    0.7049955753399931,
    0.7047904803861824,
    0.7045661909099229,
    0.7043235171948231,
    0.7040632453496318,
    0.70378613796832,
    0.7034929346414492,
    0.7031843528066581,
    0.7028610904082857,
    0.7025238356208993,
    0.7021733236423846,
    0.7018205448534124,
    0.7015757808543095,
    0.7015249784222088,
    0.7015515008176416,
    0.7015528621212337,
    0.7015591244271568,
    0.7015998367562215,
    0.7016449845479433,
    0.7016643673211723,
    0.7016581071474434,
    0.7016270974738257,
    0.7015722594660769,
    0.7014944354257732,
    0.7013945810291997,
    0.7013975613079718,
    0.7017527645785215,
    0.7024529006431824,
    0.7032552993629537,
    0.704050335282891,
    0.7048157776570899,
    0.7056872087602442,
    0.7068177146353783,
    0.7080379812709777,
    0.7091851704036736,
    0.7102615373128199,
    0.7112694460552561,
    0.7122112141375401,
    0.7130890967458214,
    0.713905284345559,
    0.7146619031238093,
    0.7153610162788275,
    0.716004625559245,
    0.7165946728518338,
    0.7171330417870154,
    0.7176215593520178,
    0.718061997485353,
    0.7184560746413095,
    0.7188054573288594,
    0.7191117616191883,
    0.7193765546112258,
    0.7196013558603933,
    0.7197876387815076,
    0.7199368320197358,
    0.7200503207824498,
    0.7201294481599493,
    0.7201755164853769,
    0.7201897887655215,
    0.7201734902156847,
    0.7201278100213852,
    0.7200539035393789,
    0.719952894976089,
    0.7198258812075502,
    0.7196739431367527,
    0.7194982053088668,
    0.7193465301848632,
    0.7193241715628793,
    0.719438825015034,
    0.7195791781132626,
    0.7196847787888598,
    0.7197568300151538,
    0.7197965740495237,
    0.7198052321656221,
    0.7197839942775595,
    0.7197340167747268,
    0.719656422112489,
    0.7195522990688464,
    0.7194227033652171,
    0.7192686583940436,
    0.7190911559814671,
    0.7188911571769993,
    0.7186695930663717,
    0.7184273656128418,
    0.7181653485117467,
    0.717884388036785,
    0.7175853038585867,
    0.7172688898134221,
    0.7169359146274945,
    0.7165871226326999,
    0.7162232344940626,
    0.7158449479429383,
    0.7154529385011076,
    0.7150478601661486,
    0.7146303460528889,
    0.7142010090396218,
    0.7137604424246629,
    0.7133092205842648,
    0.7128478997535319,
    0.7123770190306177,
    0.7118971016819021,
    0.7114086577281654,
    0.7109121929390164,
    0.7104082609151653,
    0.70999802252195,
    0.7097790852968575,
    0.709644058461129,
    0.7094887862461579,
    0.7093136242493896,
    0.7091193417830992,
    0.7089067253127533,
    0.7086765471373037,
    0.708429558598403,
    0.7081664887176103,
    0.7078880442534892,
    0.7075949101851331,
    0.7072877503846383,
    0.706967208332291,
    0.7066339079159748,
    0.706288454860517,
    0.7059314403393792,
    0.7055634561588746,
    0.705190831684146,
    0.7048198995455945,
    0.7044452441567346,
    0.7040611126111174,
    0.7036676965080824,
    0.7032654554846921,
    0.7028548522261407,
    0.7024363398044676,
    0.7020103588039923,
    0.7015773365430436,
    0.7011376869095446,
    0.7006918104692644,
    0.7002400948504943,
    0.6997829153923931,
    0.6993206359292801,
    0.6988536097665509,
    0.6983821809233055,
    0.6979066853137775,
    0.6974274537611107,
    0.6969448296326178,
    0.6964592971376109,
    0.6960152797667561,
    0.6956558793654017,
    0.6953501003786267,
    0.6952412729466176,
    0.6954801764454175,
    0.6958636806053247,
    0.6962117914646828,
    0.6965257314311365,
    0.6968067200649708,
    0.6970559473610163,
    0.6972745700163792,
    0.6974637109381883,
    0.6976244595989552,
    0.6977578726709535,
    0.6978649747940392,
    0.6979467594233741,
    0.698004189700683,
    0.6980381993103423,
    0.6980496933122756,
    0.6980395489534111,
    0.6980086164530929,
    0.697957719761672,
    0.6978876573039534,
    0.6977992027163882,
    0.6976931055728182,
    0.6975700920911038,
    0.6974308658191127,
    0.6972761083007399,
    0.6971064797226977,
    0.6969226195426607,
    0.6967251470986358,
    0.6965146621994144,
    0.6962917456972378,
    0.696056960046889,
    0.6958108498552814,
    0.6955539424190345,
    0.6952867482423223,
    0.6950097615384383,
    0.694723460732658,
    0.6944283089676065,
    0.6941247546056875,
    0.6938132317563278,
    0.693494160844276,
    0.6931679491692715,
    0.6928349913850098,
    0.6924956699031959,
    0.692150355316797,
    0.6917994071050679,
    0.6914431761332807,
    0.6910820145805339,
    0.6907163242318807,
    0.6903539291140526,
    0.6900208391130226,
    0.6897274037932634,
    0.6894468991264626,
    0.6892029491042956,
    0.6890359528891916,
    0.6889002691421204,
    0.688752360317401,
    0.6885926926020628,
    0.6884217690324252,
    0.6882400871707369,
    0.688048132528414,
    0.6878463769123699,
    0.6876352780300479,
    0.6874152795396745,
    0.6871868112506095,
    0.6869502893974838,
    0.6867061169743363,
    0.6864546840962648,
    0.6861963683667237,
    0.6859315352496766,
    0.68566053844094,
    0.6853837202278893,
    0.6851014118577897,
    0.6848139339578851,
    0.6845215970228308,
    0.6842247020562515,
    0.6839235417333196,
    0.6836184028595378,
    0.6833095725100442,
    0.6829973631053086,
    0.6826823989395185,
    0.682387984746023,
    0.6821360488709328,
    0.6819022312851923,
    0.6816631087809389,
    0.6814188561902125,
    0.6812049724572397,
    0.6810556408642244,
    0.6809333018950778,
    0.680801639018343,
    0.6806609306670208,
    0.6805115688412225,
    0.6803539479710048,
    0.6801884546784386,
    0.680015465321771,
    0.6798353452854949,
    0.6796484488440332,
    0.6794551192436807,
    0.6792556888789788,
    0.6790504795327786,
    0.6788398026604731,
    0.6786239596941372,
    0.6784032423444998,
    0.6781779328654342,
    0.6779483042877428,
    0.6777146206856179,
    0.6774771374977228,
    0.6772361018612643,
    0.6769917528963544,
    0.6767443219298267,
    0.6764940327867854,
    0.6762411023092145,
    0.6759857412854936,
    0.6757281564541652,
    0.6754685549531793,
    0.6752071543859663,
    0.6749442193493964,
    0.6746803609746584,
    0.6744973683330131,
    0.6744745867940775,
    0.6745292166310277,
    0.6746357798107528,
    0.6748897037161918,
    0.6752709745964118,
    0.6756726172028693,
    0.6760481057650266,
    0.6763983439013596,
    0.676731571375984,
    0.6771362400904867,
    0.6776839160566765,
    0.6783722030990512,
    0.6792849071362118,
    0.6804037633766605,
    0.6815508665207711,
    0.682661060887261,
    0.6838316637146992,
    0.6851230436005123,
    0.686483307472219,
    0.6879207934411333,
    0.68949083759275,
    0.69116278386649,
    0.6928233767614697,
    0.6944057727640434,
    0.695912406483046,
    0.6973457432204994,
    0.6987081885258022,
    0.7000020803371577,
    0.701229688788627,
    0.7023932174471809,
    0.7034948049193582,
    0.7045365265660452,
    0.7055203962359439,
    0.706448367983096,
    0.7073223377548169,
    0.7081441450428544,
    0.7089155744941005,
    0.7096383574791332,
    0.7103141736183912,
    0.71094465226665,
    0.7115313739564122,
    0.712075871800946,
    0.7125796328579636,
    0.7130440994549522,
    0.7134706704771225,
    0.7138607026189376,
    0.7142155116002084,
    0.7145363733477552,
    0.7148245251435887,
    0.715081166740511,
    0.7153074614460592,
    0.7155045371756983,
    0.7156734874761167,
    0.7158153725194392,
    0.7159312200691776,
    0.7160220264187264,
    0.7160887573031791,
    0.7161323487852168,
    0.7161537081158026,
    0.7161537145703911,
    0.7161332202613464,
    0.7160930509272385,
    0.7160340066996738,
    0.7159568628482817,
    0.7158623705044789,
    0.715751257364613,
    0.7156242283730708,
    0.715481966385914,
    0.7153251328155954,
    0.7151543682572891,
    0.7149702930973595,
    0.7147735081044767,
    0.7145645950038635,
    0.714344117035152,
    0.7141126194943144,
    0.713870630260115,
    0.7136186603055251,
    0.7133572041945206,
    0.7130867405646831,
    0.712807732596003,
    0.7125206284662811,
    0.712225861793501,
    0.711923852065547,
    0.7116150050576201,
    0.7112997132377055,
    0.7109783561604253,
    0.7106513008496078,
    0.7103189021698934,
    0.7099815031876852,
    0.7096394355217492,
    0.709293019683756,
    0.70894256540905,
    0.7085883719779242,
    0.7082307285276699,
    0.7078699143556594,
    0.7075061992137184,
    0.707139843594035,
    0.706771099006845,
    0.7064002082501288,
    0.7060274056715478,
    0.7056529174228353,
    0.7052769617068607,
    0.7048997490175745,
    0.7045214823730317,
    0.7041423575416949,
    0.7037625632622043,
    0.7033822814568035,
    0.7030016874386005,
    0.702620950112837,
    0.7022402321723415,
    0.7018596902873242,
    0.7014794752896778,
    0.7010997323519443,
    0.7007206011610935,
    0.7003422160872651,
    0.6999647063476161,
    0.6995881961654136,
    0.6992128049245061,
    0.6988386473193069,
    0.6984658335004146,
    0.6980944692159989,
    0.6977246559490726,
    0.6973564910507635,
    0.6969900678696996,
    0.6966254758776215,
    0.696262800791326,
    0.6959021246910505,
    0.6955435261353952,
    0.6951870802728857,
    0.6948328589502699,
    0.6944809308176444,
    0.6941313614304989,
    0.6937842133487652,
    0.6934395462329571,
    0.6930974169374845,
    0.6927578796012231,
    0.6924209857354209,
    0.6920867843090144,
    0.6917553218314273,
    0.6914266424329254,
    0.6911007879425974,
    0.6907777979640333,
    0.69045770994876,
    0.690140559267502,
    0.6898263792793269,
    0.6895152013987423,
    0.6892070551607963,
    0.6889019682842439,
    0.688599966732833,
    0.6883010747747591,
    0.6880053150403469,
    0.6877127085780061,
    0.687423274908518,
    0.6871370320776935,
    0.6868539967074564,
    0.6865741840453885,
    0.6862976080127854,
    0.6860242812512655,
    0.6857542151679735,
    0.6854874199794225,
    0.6852239047540098,
    0.6849636774532455,
    0.6847067449717305,
    0.6844531131759227,
    0.6842027869417232,
    0.6839557701909189,
    0.6837120659265129,
    0.6834716762669754,
    0.6832346024794467,
    0.6830008450119238,
    0.6827704035244573,
    0.682543276919389,
    0.6823194633706575,
    0.6820989603522,
    0.681881764665475,
    0.6816678724661319,
    0.6814572792898526,
    0.6812499800773878,
    0.6810459691988128,
    0.6808452404770261,
    0.6806477872105106,
    0.6804536021953821,
    0.6802626777467433,
    0.6800750057193646,
    0.6798905775277112,
    0.679709384165336,
    0.6795314162236591,
    0.6793566639101465,
    0.6791851170659107,
    0.679016765182745,
    0.6788515974196144,
    0.6786896026186154,
    0.678530769320421,
    0.6783750857792268,
    0.6782225350513051,
    0.6780730999349017,
    0.6779267629837673,
    0.6777835065202451,
    0.6776433126479273,
    0.6775061632638955,
    0.6773720400705543,
    0.6772409245870755,
    0.6771127981604591,
    0.6769876419762251,
    0.6768654370687457,
    0.6767461643312269,
    0.6766298045253525,
    0.6765163382906012,
    0.6764057461532473,
    0.6762980085350535,
    0.6761931057616638,
    0.6760910180707081,
    0.675991725619624,
    0.6758952084932063,
    0.6758014467108933,
    0.6757104202337918,
    0.6756221089714551,
    0.6755364927884185,
    0.675453551510502,
    0.6753732649308839,
    0.675295612815958,
    0.6752205749109811,
    0.6751481309455121,
    0.675078260638649,
    0.6750109437040769,
    0.6749461598549321,
    0.674883888808488,
    0.6748241102906666,
    0.674766804040373,
    0.6747119498136652,
    0.6746595273877667,
    0.6746095165649414,
    0.6745618971762275,
    0.67451664908504,
    0.674473752190647,
    0.6744331864315272,
    0.6743949317886184,
    0.6743589682884743,
    0.6743252760063426,
    0.674293835069169,
    0.6742646256585393,
    0.6742376280136159,
    0.674212822434145,
    0.6741901892835942,
    0.6741697089924592,
    0.6741513620618463,
    0.6741351290675904,
    0.674120990665325,
    0.6741089275970037,
    0.674098920699506,
    0.6740909509165381,
    0.6740849993165342,
    0.6740810471226457,
    0.6740790757668467,
    0.6740790669885866,
    0.674081003024679,
    0.6740848670303623,
    0.6740906441559452,
    0.6740983247440894,
    0.6741079158314077,
    0.6741195048428358,
    0.6748099842657822,
    0.6769366802589852,
    0.6798746803392317,
    0.6828100253458438,
    0.6856356691973328,
    0.6886430862001132,
    0.6921135906081017,
    0.6957409503929286,
    0.6992289326649224,
    0.7025810963680217,
    0.7058357048355774,
    0.709442946599263,
    0.7137681322256111,
    0.7183356267903602,
    0.722721400346487,
    0.726931140207772,
    0.7312502177639411,
    0.7359893722545588,
    0.7408884164038232,
    0.745624351337009,
    0.7501657360215352,
    0.7548922767783433,
    0.760168903572022,
    0.7655991611713544,
    0.7708019131105179,
    0.775784318101783,
    0.7805533591404774,
    0.785115820934133,
    0.7894782913596856,
    0.7936471658434255,
    0.7976286523783428,
    0.801428776676986,
    0.805053387286957,
    0.8085081606057497,
    0.8117986057739383,
    0.8149300694410271,
    0.8179077404028068,
    0.8207366541112544,
    0.8234216970593782,
    0.8259676110436944,
    0.8283789973070134,
    0.8306603205644073,
    0.8328159129154975,
    0.8348499776462088,
    0.8367665929230236,
    0.8385697153826853,
    0.8402631836202665,
    0.8418507215784614,
    0.8433359418408526,
    0.8447223488318113,
    0.8460133419256517,
    0.8472122184676132,
    0.8483221767091607,
    0.8493463186600176,
    0.8502876528592735,
    0.8511490970678448,
    0.8519334808845013,
    0.8526435482876202,
    0.8532819601047708,
    0.8538512964121644,
    0.8543540588659468,
    0.8547926729672626,
    0.8551694902629606,
    0.8554867904837593,
    0.855746783621641,
    0.8559516119481915,
    0.8561033519755532,
    0.8562040163616094,
    0.8562555557609783,
    0.8562598606233502,
    0.8562187629406506,
    0.8561340379444791,
    0.8560074057552289,
    0.8558405329842511,
    0.8556350342903908,
    0.8553924738921798,
    0.8551143670369474,
    0.8548021814280665,
    0.8544573386115273,
    0.8540812153229818,
    0.8536751447963802,
    0.8532404180352862,
    0.852778285047926,
    0.8522899560469924,
    0.8517766026151985,
    0.8512393588375613,
    0.8506793224013544,
    0.8500975556646431,
    0.8494950866942932,
    0.8488729102743211,
    0.8482319888854187,
    0.8475732536564646,
    0.846897605288811,
    0.8462059149541257,
    0.8454990251665387,
    0.844777750629814,
    0.8440428790602588,
    0.8432951719860653,
    0.8425353655237409,
    0.841764171132277,
    0.8409822763456895,
    0.8401903454845481,
    0.8393890203470946,
    0.8385789208805265,
    0.8377606458329954,
    0.8369347733868676,
    0.8361018617737899,
    0.8352624498720808,
    0.834417057786945,
    0.8335661874139919,
    0.8327103229865329,
    0.8318499316071302,
    0.830985463763849,
    0.8301173538316307,
    0.8292460205592059,
    0.8283718675419689,
    0.8274952836812077,
    0.8266166436300761,
    0.8257363082266754,
    0.8248546249146237,
    0.8239719281514764,
    0.823088539805344,
    0.8222047695400295,
    0.8213209151890122,
    0.8204372631185917,
    0.8195540885804914,
    0.8186716560542326,
    0.8177902195795916,
    0.8169100230794188,
    0.8160313006730722,
    0.8151542769807364,
    0.8142791674189014,
    0.8134061784872388,
    0.8125355080471303,
    0.8116673455921293,
    0.8108018725105558,
    0.8099392623404202,
    0.809079681016988,
    0.8082232871132284,
    0.8073702320732496,
    0.8065206604388462,
    0.8056747100693873,
    0.8048325123553304,
    0.8039941924255665,
    0.8031598693486728,
    0.8023296563281926,
    0.8015036608921579,
    0.800681985077111,
    0.7998647256069898,
    0.7990519740668833,
    0.7982438170717326,
    0.797440336430575,
    0.7966416093058581,
    0.7958477083675324,
    0.7950587019445541,
    0.7942746541760373,
    0.7934956251601682,
    0.7927216711002093,
    0.7919528444529996,
    0.7911891940849034,
    0.7904307654360614,
    0.7896776006968916,
    0.7889297390103607,
    0.788187216714681,
    0.7874500676832663,
    0.7867183239861997,
    0.7859920170975615,
    0.7852711795403167,
    0.7845558488207743,
    0.7838460944197938,
    0.7831938769071672,
    0.7827530385960848,
    0.7825678725402716,
    0.7824731140001568,
    0.7823613408762805,
    0.7822330595493134,
    0.7820888949427047,
    0.7819294925099625,
    0.7817554880414427,
    0.7815675007942278,
    0.781366131797945,
    0.7811519635995587,
    0.7809255604695976,
    0.7806874687523774,
    0.7804382172808838,
    0.7801783178296651,
    0.7799082655824179,
    0.7796285395980729,
    0.7793396032708374,
    0.7790419047836727,
    0.7787358775522242,
    0.7784219406556577,
    0.7781004992536852,
    0.777771944992936,
    0.7774366564050872,
    0.7770949992944667,
    0.7767473271138322,
    0.7763939813297336,
    0.776035291777217,
    0.775671577004508,
    0.7753031446098038,
    0.7749302915700497,
    0.7745533045605442,
    0.7741724602648425,
    0.7737880256749028,
    0.7734002583824544,
    0.7730094068624315,
    0.7726157107479039,
    0.7722194010960114,
    0.7718207006458996,
    0.7714198240696019,
    0.7710169782152768,
    0.7706123623429249,
    0.7702061683538826,
    0.769798581014038,
    0.7693897781703425,
    0.7689799309614047,
    0.7685692040229214,
    0.7681577556874964,
    0.767745738177578,
    0.7673332977918013,
    0.7669205750866906,
    0.7665077050542748,
    0.7660948172949081,
    0.765682036185157,
    0.7652694810408287,
    0.7648572662748434,
    0.76444550154949,
    0.7640342919237383,
    0.7636237379969706,
    0.7632139360488613,
    0.7628049781748378,
    0.7623969524176106,
    0.761989942894289,
    0.7615840299190998,
    0.7611792901240271,
    0.7607757965775247,
    0.7603736188981319,
    0.7599728233629603,
    0.7595734730146593,
    0.7591756277669344,
    0.7587793445050566,
    0.7583846771812869,
    0.7579916769083715,
    0.757600392052093,
    0.7572108683236903,
    0.7568231488716763,
    0.7564372743672847,
    0.756053283083308,
    0.7556712109744449,
    0.7552910917614236,
    0.7549129570174797,
    0.7545368362572134,
    0.7541627570198365,
    0.7537907449429384,
    0.7534208238489771,
    0.7530530158619828,
    0.7526873415322911,
    0.7523238199726368,
    0.7519624691149256,
    0.7516033062915582,
    0.7512463494996128,
    0.7508916206545331,
    0.7505391594731946,
    0.7501891305328882,
    0.7498418147768383,
    0.7494972691317046,
    0.7491552954651793,
    0.7488159849443715,
    0.7484996526336476,
    0.748225510458282,
    0.7479717780930106,
    0.7477174988224616,
    0.7474625984875782,
    0.7472071095586602,
    0.7469511080612107,
    0.7466947288898224,
    0.7464471641641455,
    0.7462548421783901,
    0.7461444305294133,
    0.7460663548739115,
    0.7459818534580844,
    0.7458916789081147,
    0.7458010708421856,
    0.7457519986922303,
    0.7458010625454908,
    0.7459381160495975,
    0.7461077696324705,
    0.7462731111702239,
    0.7464227888429067,
    0.7465566270542843,
    0.746675120067651,
    0.7467787858393076,
    0.7468681342248975,
    0.7469436619010172,
    0.7470058513066817,
    0.7470551705113517,
    0.7470920733802342,
    0.747116999860439,
    0.7471303763175482,
    0.747132615890562,
    0.7471241188511378,
    0.7471052729615104,
    0.7470764538280618,
    0.7470380252482144,
    0.7469903395494941,
    0.74693373792038,
    0.7468685507326723,
    0.7467950978553137,
    0.7467136889597952,
    0.7466246238171781,
    0.746528192586761,
    0.746424676096641,
    0.7463143461164711,
    0.7461974656225959,
    0.7460742890557072,
    0.745945062571188,
    0.7458100242823295,
    0.7456694044966092,
    0.7455234259452402,
    0.7453723040062158,
    0.745216246921034,
    0.7450554560052388,
    0.744890125852923,
    0.744720444535382,
    0.7445465937941054,
    0.7443687492282514,
    0.7441870804767512,
    0.7440017513951933,
    0.7438129202276462,
    0.7436207397735615,
    0.74342535754989,
    0.7432269159485423,
    0.7430255523893321,
    0.7428213994685386,
    0.7426145851032007,
    0.742405232671263,
    0.7421934611476915,
    0.7419793852366714,
    0.7417631155000006,
    0.7415447584817837,
    0.7413244168295322,
    0.7411021894117732,
    0.7408781714322719,
    0.7406524545409625,
    0.7404251269416767,
    0.7401962734967599,
    0.7399659758286642,
    0.7397343124186072,
    0.7395013587023781,
    0.7392671871633765,
    0.7390318674229593,
    0.7387954663281693,
    0.738558048036922,
    0.7383196741007239,
    0.7380804035449902,
    0.7378402929470316,
    0.7375993965117754,
    0.7373577661452883,
    0.7371154515261626,
    0.7368725001748254,
    0.7366289575208272,
    0.7363848669681697,
    0.7361402699587304,
    0.7358952060338365,
    0.7356497128940416,
    0.7354038264571527,
    0.7351575809145638,
    0.7349110087859413,
    0.734664140972306,
    0.7344170068075666,
    0.7341696341085393,
    0.7339220492235007,
    0.7336742770793154,
    0.7334263412271831,
    0.7331782638870392,
    0.7329300659906471,
    0.7326817672234158,
    0.7324333860649875,
    0.7321849398286329,
    0.7319364446994826,
    0.7316879157716274,
    0.7314393670841185,
    0.7311908116558998,
    0.7309422615197023,
    0.7306937277549332,
    0.7304452205195872,
    0.7301967490812072,
    0.7299483218469257,
    0.7296999463926106,
    0.7294516294911404,
    0.7292033771398339,
    0.7289551945870616,
    0.7287070863580587,
    0.728459056279961,
    0.7282111075060925,
    0.7279632425395257,
    0.7277154632559362,
    0.7274677709257688,
    0.7272201662357339,
    0.7269726493096456,
    0.7267252197286249,
    0.7264778765506963,
    0.7262306183297877,
    0.7259834431341591,
    0.7257363485642694,
    0.7254893317701022,
    0.7252423894679568,
    0.7249955179567131,
    0.7247487131335985,
    0.7245019705094795,
    0.7242552852236852,
    0.7240086520583651,
    0.7237620654523993,
    0.7235155195148858,
    0.723269008038215,
    0.7230225245107416,
    0.7227760621290575,
    0.7225296138098687,
    0.7222831722014909,
    0.7220367296949878,
    0.721790278434974,
    0.7215438103300789,
    0.7212973170630845,
    0.7210507901007481,
    0.7208042207033237,
    0.7205575999337749,
    0.720310918666689,
    0.7200641675969032,
    0.7198173372478601,
    0.7195704179797026,
    0.7193233999971085,
    0.7190762733568754,
    0.7188290360855705,
    0.7185816860763194,
    0.7183342210956772,
    0.7180866387902876,
    0.7178389366933341,
    0.7175911122307735,
    0.7173431627273462,
    0.7170950854123832
]