[
    3.1923254959277676,
    3.188275745827201,
    3.270124180229754,
    3.2608025789475272,
    3.2516756147049257,
    3.2427379471162108,
    3.233984388044479,
    3.2254098972858114,
    3.2170095783750643,
    3.208778674509851,
    3.2007125645894363,
    3.1928067593653475,
    3.185056897700576,
    3.1774587429342755,
    3.170008179349065,
    3.1627012087380395,
    3.155533947068719,
    3.1485026212412732,
    3.141603565938307,
    3.134833220563632,
    3.1281881262675055,
    3.121664923055923,
    3.1152603469815774,
    3.1089712274142207,
    3.1027944843881716,
    3.096727126024774,
    3.0907662460277057,
    3.084909021249073,
    3.079152709324337,
    3.073494646374105,
    3.067932244770912,
    3.0624629909691663,
    3.0570844433964934,
    3.0517942304047887,
    3.0465900482792465,
    3.0414696593037522,
    3.0364308898809944,
    3.031471628705843,
    3.0265898249905745,
    3.021783486740499,
    3.017050679078617,
    3.0123895226179522,
    3.0077981918803482,
    3.0032749137605337,
    2.998817966034302,
    2.9944256759098957,
    2.990096418622148,
    2.985828616068999,
    2.9816207354900337,
    2.977471288187833,
    2.9733788282946416,
    2.969341951590408,
    2.9653592943844256,
    2.961429532481989,
    2.957551380281923,
    2.9537235901334666,
    2.9499449523295964,
    2.946214296975873,
    2.942530503287709,
    2.938892558400144,
    2.9353048416542498,
    2.932653792865255,
    2.9317822056075857,
    2.9339266997105704,
    2.941297968792305,
    2.9525221741078402,
    2.964240957620025,
    2.9754137338239177,
    2.986057616175341,
    2.9961892726759505,
    3.0058248959841127,
    3.0149802104112546,
    3.0236704835435826,
    3.031910538651212,
    3.0397147670941735,
    3.047097140508823,
    3.0540712227060443,
    3.0606501812595384,
    3.0668467987798183,
    3.0726734838765384,
    3.0781422818149524,
    3.0832648848734507,
    3.0880526424096697,
    3.092516570642776,
    3.0966673621596015,
    3.100515395152216,
    3.1040707423943834,
    3.1073431799641806,
    3.1103421957198525,
    3.11307699753586,
    3.1155565213058374,
    3.117789438719008,
    3.119784164816459,
    3.1215488653334584,
    3.1230914638338607,
    3.1244196486424407,
    3.1255408795808837,
    3.1264623945129375,
    3.127191215704132,
    3.1277341560012966,
    3.1280978248369458,
    3.1282886340634932,
    3.128312803622087,
    3.1281763670507345,
    3.127885176836262,
    3.1274449096145,
    3.126861071223007,
    3.126139001610459,
    3.125283879606791,
    3.1243007275579844,
    3.123194415829354,
    3.121969667181027,
    3.1206310610192336,
    3.119183037526918,
    3.117629901677067,
    3.115975827132089,
    3.114224860032435,
    3.112380922677619,
    3.1104478171026577,
    3.108429228552886,
    3.106328728860038,
    3.104149779722355,
    3.101895735891458,
    3.099569848268599,
    3.097175266912875,
    3.0947150439638635,
    3.092192136481127,
    3.089609409202924,
    3.0869696372263986,
    3.0842755086114972,
    3.081529626910736,
    3.0787345136269453,
    3.0758926106010054,
    3.073006282331563,
    3.07007781822866,
    3.0671094348031205,
    3.0641032777935444,
    3.0610614242326415,
    3.057985884454647,
    3.0548786040454723,
    3.0517414657372135,
    3.0485762912485956,
    3.045384843072877,
    3.0421688262147155,
    3.0389298898774215,
    3.035669629102018,
    3.0323895863594696,
    3.029091253097404,
    3.0257760712426225,
    3.0224454346606358,
    3.019100690573474,
    3.015743140936924,
    3.0123740437783764,
    3.008994614496375,
    3.005606027122975,
    3.0022094155499808,
    2.9988058747200723,
    2.995396461783854,
    2.9919821972237783,
    2.988564065945927,
    2.985143018340619,
    2.981719971312709,
    2.978295809282522,
    2.9748713851583197,
    2.97144752128126,
    2.968025010343752,
    2.9646046162821187,
    2.96118707514468,
    2.9577730959365773,
    2.9543633614429385,
    2.950958529032314,
    2.9475592314431784,
    2.9441660775577,
    2.9407796531696992,
    2.9374005217589034,
    2.934029225298517,
    2.9306662851545253,
    2.927312203196497,
    2.9239674634294355,
    2.920632535077408,
    2.917307880425965,
    2.913993984088324,
    2.910691568755947,
    2.9079812555736297,
    2.9064228409424793,
    2.9053949034937276,
    2.9042960629018966,
    2.9031272437184787,
    2.901891024664789,
    2.9005900868575165,
    2.8992270961968827,
    2.89780468205854,
    2.896325452649216,
    2.8947921564181804,
    2.893230929169653,
    2.891669839625649,
    2.8900903637172966,
    2.8884770575959933,
    2.886857064790392,
    2.8852425791135445,
    2.8836039075392117,
    2.8819204464903985,
    2.880193753706743,
    2.8784257822705888,
    2.87661853115946,
    2.874774071830364,
    2.8728949512102444,
    2.870987849863374,
    2.869067891735508,
    2.867144105474961,
    2.8652070419532656,
    2.8632463921392755,
    2.8612635386837537,
    2.8592803133107063,
    2.857329360828937,
    2.855408965958274,
    2.853486363192139,
    2.851541236776029,
    2.8495707587449814,
    2.8475759828908283,
    2.8455582865138203,
    2.8435191299786644,
    2.841460255421787,
    2.839466282016854,
    2.837619208759141,
    2.8358321391592147,
    2.8340196618388296,
    2.8321827839586846,
    2.8303232416085287,
    2.8284416922334885,
    2.8265388161720972,
    2.8246174245775593,
    2.822800521995069,
    2.821207715579752,
    2.8197136648516268,
    2.8181903991431443,
    2.8166345404019095,
    2.8150473753466088,
    2.8134712275704805,
    2.811946463934125,
    2.8104302158625876,
    2.8088815195343955,
    2.8073019059415047,
    2.805692865719875,
    2.804055875222435,
    2.802392379817955,
    2.8007037926681884,
    2.7989915002346746,
    2.7972568746513913,
    2.7955012875173355,
    2.7937261111725165,
    2.7919327549883586,
    2.790122986292338,
    2.788314528660173,
    2.786712154559795,
    2.7854819371315545,
    2.784407543871782,
    2.783294526551709,
    2.782143183363184,
    2.7809550741835922,
    2.7797444225412,
    2.778585598371438,
    2.777530084567515,
    2.7765274313024744,
    2.775548802584981,
    2.7745853466532218,
    2.773600510900432,
    2.7725769576590604,
    2.7715135642250233,
    2.770411586776593,
    2.769274890473455,
    2.7681844467272008,
    2.767284329374527,
    2.7665594267011233,
    2.765856662206721,
    2.7651042015637572,
    2.7643033648982906,
    2.763470580398137,
    2.762656245441206,
    2.7618812343897483,
    2.7610956655338903,
    2.7602638976558653,
    2.7593865760319694,
    2.75846530267796,
    2.7575018370488973,
    2.7564979656487845,
    2.7554554533810047,
    2.7543760281213876,
    2.7532613751562938,
    2.7521131379249635,
    2.7509329284474857,
    2.749722338081246,
    2.7484829668925643,
    2.7472165329995137,
    2.745996040650637,
    2.744895605638022,
    2.743844850155935,
    2.7427698256005604,
    2.7417069380883925,
    2.740712923177182,
    2.7397718410013256,
    2.7389113975511625,
    2.7381873819934026,
    2.7375069762966855,
    2.736784177142719,
    2.736019964801014,
    2.7352158869149936,
    2.7343741451005044,
    2.7335139944084936,
    2.732654566632081,
    2.7317807133219327,
    2.7308772226236298,
    2.729988666415016,
    2.729226690395554,
    2.7286129641880774,
    2.7280269127524632,
    2.727395190185767,
    2.726719223771373,
    2.726000756493219,
    2.725241562736092,
    2.7244434086240905,
    2.7236661665914337,
    2.722968291182651,
    2.7222898948677714,
    2.721572178423759,
    2.7208177735134713,
    2.7200299418971787,
    2.719209218706756,
    2.71835485427093,
    2.7174675901891243,
    2.716549856365262,
    2.715604793702774,
    2.7146349132136844,
    2.7136440314921377,
    2.712685025569506,
    2.7118244342550413,
    2.711028600050817,
    2.710226052955296,
    2.7093934678332587,
    2.708528996134919,
    2.707633439091237,
    2.7067080604762745,
    2.7057542185161925,
    2.704773330319665,
    2.7037670263003832,
    2.702758474032544,
    2.701805358195251,
    2.7009224600882127,
    2.7000576225564275,
    2.699185995074651,
    2.6983149475438686,
    2.6974463603416887,
    2.6966120116197567,
    2.695832021574136,
    2.6950590067260802,
    2.6942562424648226,
    2.693424869370259,
    2.6925785870615875,
    2.6918023329463496,
    2.6911546803420197,
    2.6905477870503725,
    2.6899070044570834,
    2.6892322610980672,
    2.6885246292912206,
    2.687785912095842,
    2.687052478532341,
    2.6863737791432203,
    2.6857315029577973,
    2.6850806803971126,
    2.684406231329492,
    2.683703358837409,
    2.6829700654347226,
    2.682207064164555,
    2.6814154424110255,
    2.680596392952167,
    2.6797511580157494,
    2.6788810012589153,
    2.677987223099451,
    2.677071264911005,
    2.67613568666895,
    2.675246152377893,
    2.674463467581729,
    2.6737191970515535,
    2.6729486519414385,
    2.6721546441119877,
    2.6713839279161897,
    2.670679416167109,
    2.669994236090843,
    2.6692828522180068,
    2.6685454772171933,
    2.667783682678049,
    2.666999336352834,
    2.666193634706002,
    2.6653678030107675,
    2.664553236670758,
    2.663800885318125,
    2.6630993558160645,
    2.662394328187293,
    2.6616637465439603,
    2.660908482493535,
    2.660129414117665,
    2.6593274369654187,
    2.658503523683053,
    2.657658679440219,
    2.656793935503618,
    2.655910414355079,
    2.6550096881254706,
    2.6541889967323447,
    2.653552312024546,
    2.6530096660920224,
    2.6524529015239513,
    2.6518703766894887,
    2.651260624458451,
    2.6506237401497645,
    2.649960719017353,
    2.6492727984637714,
    2.6485612516461314,
    2.6478274342086654,
    2.647073746569341,
    2.646362002667127,
    2.6457520641657397,
    2.6451831534658616,
    2.6446463102270603,
    2.644191576054351,
    2.6437621627165124,
    2.643302195884521,
    2.6428136020124535,
    2.6423181172333274,
    2.6418333684144093,
    2.6413388894170584,
    2.6408160230932984,
    2.6403160780333343,
    2.639940504120481,
    2.6396857772460613,
    2.6394446743051936,
    2.6391643849667346,
    2.6388462252988245,
    2.638491645830105,
    2.6381018505193556,
    2.6376779398694015,
    2.6372211007207484,
    2.6367325725916415,
    2.6362135929047015,
    2.6356655421067905,
    2.635107175407548,
    2.6345608544726926,
    2.6340133295692723,
    2.6334427351711143,
    2.6328453434719736,
    2.6322222644008213,
    2.6315747309027344,
    2.6309041439481575,
    2.630211868227135,
    2.6294987874779494,
    2.6287654947468675,
    2.628012763658484,
    2.6272416006256503,
    2.6264529169691118,
    2.6256472623034797,
    2.6248251421133797,
    2.6239875652508413,
    2.6231475255023207,
    2.622372708534741,
    2.621708392876823,
    2.6211484643259615,
    2.62069253585656,
    2.6202730987474494,
    2.6198260623449836,
    2.6193515075857863,
    2.6189965184086703,
    2.6189033634308916,
    2.6189181893209708,
    2.6188904335466945,
    2.618822269870494,
    2.618727565550211,
    2.618633168663306,
    2.618548786359415,
    2.6186040614451156,
    2.6190374038239614,
    2.6197897688852003,
    2.6205829658323005,
    2.6213015428525335,
    2.62194709629579,
    2.622521652350627,
    2.6230766620563135,
    2.6238589051011214,
    2.6250442654047936,
    2.6264073185065033,
    2.627706988973314,
    2.628907610032455,
    2.630011312431536,
    2.631020942982301,
    2.6319393969747393,
    2.632769626868356,
    2.633514672558705,
    2.6341779030479646,
    2.634776831924886,
    2.635435350622863,
    2.6362460463096147,
    2.63708345926913,
    2.637838217203014,
    2.6386263326075055,
    2.6395677471910615,
    2.6405534831452697,
    2.6415073919354604,
    2.6424784934332726,
    2.6434336509931127,
    2.644312026364142,
    2.645098773814298,
    2.645796632313285,
    2.6464330181564044,
    2.647134842470525,
    2.6479763202219133,
    2.6488275412845335,
    2.649587565830872,
    2.6502719112685984,
    2.650894893850121,
    2.6514465335472748,
    2.652000510763214,
    2.6526398974709755,
    2.653278027976312,
    2.65383023326583,
    2.654298210739197,
    2.6546844243407004,
    2.65499213157554,
    2.6552255068713633,
    2.6553881935055217,
    2.655482125690273,
    2.6555091383500664,
    2.6554728612828224,
    2.6553859836225207,
    2.655320863817529,
    2.655328551952245,
    2.6553340919879433,
    2.6552744215973934,
    2.655151645013739,
    2.654968841489609,
    2.6550606579387566,
    2.655847674824863,
    2.6570708171059056,
    2.658280727340094,
    2.659376459951374,
    2.660361386364978,
    2.661239174442147,
    2.6620134459325855,
    2.662687732245876,
    2.6632654657168353,
    2.6637499787409795,
    2.6641445051267874,
    2.6644521822043155,
    2.6646760532281126,
    2.6648190698815446,
    2.6648840947956276,
    2.6648739040430773,
    2.66479118959,
    2.664638561695899,
    2.664418551255662,
    2.664133612081074,
    2.6637861231219127,
    2.663378390626721,
    2.6629126502436766,
    2.6623910690627977,
    2.6618157476010786,
    2.6611887217318455,
    2.6605119645596895,
    2.6597873882424037,
    2.659016845761264,
    2.6582021326411276,
    2.6573449886217624,
    2.656447099281697,
    2.655510097615826,
    2.654535565568123,
    2.6535250355207705,
    2.6524799917408632,
    2.6514018717858834,
    2.6502920678691027,
    2.6491519281860865,
    2.647982758203369,
    2.646785821910352,
    2.6455623430354778,
    2.644313506227651,
    2.643040458203929,
    2.641744308864419,
    2.6404261323753255,
    2.6390869682210396,
    2.6377278222261493,
    2.636349667548225,
    2.6349534456421835,
    2.6335400671970666,
    2.632110413045985,
    2.630665335050007,
    2.6292056569567284,
    2.627732175234225,
    2.626245659881119,
    2.624746855213408,
    2.6232364806287247,
    2.62171523134865,
    2.6201837791397224,
    2.618642773013732,
    2.6170928399079076,
    2.615534585345555,
    2.6139685940776767,
    2.6123954307061545,
    2.6108156402889877,
    2.60922974892811,
    2.607638264340296,
    2.6060416764115977,
    2.6044404577358224,
    2.6028350641374587,
    2.601225935179541,
    2.5996134946568277,
    2.5979981510747665,
    2.596380298114604,
    2.5947603150850487,
    2.5931385673608967,
    2.591515406808939,
    2.589891172201557,
    2.5882661896183237,
    2.586640772835967,
    2.585015223707038,
    2.5833898325275744,
    2.581764878394117,
    2.5801406295503306,
    2.5785173437235707,
    2.5768952684516537,
    2.575274641400127,
    2.573655690670297,
    2.572038635098287,
    2.57042368454538,
    2.5688110401798787,
    2.5672008947507488,
    2.565593432853258,
    2.5639888311868653,
    2.5623872588055585,
    2.5607888773608614,
    2.5591938413377306,
    2.5576022982835087,
    2.5560143890301696,
    2.554430247910023,
    2.552850002965093,
    2.5512737761503494,
    2.549701683530951,
    2.5481338354736844,
    2.546570336832745,
    2.5450112871300465,
    2.5434567807301924,
    2.541906907010283,
    2.540361750524696,
    2.538821391164975,
    2.5372859043149836,
    2.53575536100144,
    2.5342298280400093,
    2.532709368177058,
    2.531194040227165,
    2.529683899206545,
    2.528178996462454,
    2.5266793797987477,
    2.525185093597712,
    2.5236961789382577,
    2.5222126737105928,
    2.5207346127274106,
    2.5192620278317452,
    2.517794948001561,
    2.516333399451212,
    2.514877405729829,
    2.5134269878168074,
    2.511982164214441,
    2.51054295103775,
    2.5091093621016394,
    2.507681409005429,
    2.50625910121482,
    2.5048424461413754,
    2.503431449219669,
    2.502026113982209,
    2.5006264421320723,
    2.4992324336134093,
    2.4978440866799434,
    2.4964613979614545,
    2.495084362528307,
    2.4937129739541217,
    2.4923472243766036,
    2.4909871045567598,
    2.489632603936635,
    2.4882837106956535,
    2.486940411805957,
    2.4856026930868107,
    2.4842705392581244,
    2.482943933993584,
    2.4816228599738643,
    2.4803072989406503,
    2.4789972317533002,
    2.4776926384503315,
    2.4763934983166385,
    2.475099789960071,
    2.473811491409895,
    2.4725285802570354,
    2.4712510338638416,
    2.469978829701626,
    2.4687119459164006,
    2.467450362312236,
    2.466194062434896,
    2.4649430395464895,
    2.4636973199313688,
    2.4624571177175376,
    2.461322195592828,
    2.4604130987664212,
    2.459646659872319,
    2.458893065641356,
    2.4581267626840235,
    2.457348086237709,
    2.4565574812519704,
    2.4557554125489545,
    2.454942342794178,
    2.454118725770069,
    2.453285004115843,
    2.4524416083782024,
    2.4515889566057956,
    2.450727454268129,
    2.449857494384116,
    2.448979457745474,
    2.4480937131751386,
    2.4472006178127126,
    2.446300517412727,
    2.445393746645953,
    2.4444806294039703,
    2.4435614791025264,
    2.4426365989801058,
    2.4417062823904456,
    2.44077081308776,
    2.43983046550507,
    2.4388855050267515,
    2.437936188255451,
    2.4369827632717094,
    2.4360254698851778,
    2.4350645398784567,
    2.4341001972449505,
    2.4331326584208925,
    2.4321621325111846,
    2.431188821508985,
    2.4302129205088763,
    2.429234617913676,
    2.4282540956353618,
    2.4272715292904805,
    2.426287088390061,
    2.4253009365238483,
    2.4243132315391183,
    2.4233241257145357,
    2.4223337659292925,
    2.4213422938274083,
    2.4203498459772432,
    2.4193565540264808,
    2.41836254485254,
    2.4173679407083957,
    2.4163728593643112,
    2.415377414245816,
    2.414381714567269,
    2.4133858654610507,
    2.41238996810324,
    2.4113941198359004,
    2.410398414285697,
    2.4094029414790814,
    2.408407787954469,
    2.407413036871414,
    2.4064187681164446,
    2.4054250584052994,
    2.404431981382178,
    2.4034396077166433,
    2.4024480051978783,
    2.4014572388258957,
    2.4004673708994893,
    2.3994784611013045,
    2.398490566581114,
    2.397503742037745,
    2.396518039798628,
    2.3955335098960036,
    2.3945502001406527,
    2.3935681561938793,
    2.3925874216375482,
    2.391608038042359,
    2.3906300450343543,
    2.3896534803588874,
    2.388678379941876,
    2.3877047779494345,
    2.3867327068462836,
    2.3857621974524186,
    2.384793278998089,
    2.3838259791773324,
    2.3828603241996955,
    2.3818963388401198,
    2.3809340464880306,
    2.3799734691981884,
    2.3790146277443367,
    2.3780575416728005,
    2.377102229353006,
    2.3761487080238606,
    2.375196993836213,
    2.374247101897419,
    2.373299046327317,
    2.3723528403215983,
    2.371408496215508,
    2.370466025560639,
    2.3695254392136156,
    2.368586747411467,
    2.3676499598567045,
    2.3667150858630994,
    2.365782134543749,
    2.364851114972472,
    2.363922036305758,
    2.362994907942875,
    2.36206973996546,
    2.3611465442689004,
    2.3602253367033947,
    2.359306141411309,
    2.3583890012095314,
    2.3574740040941404,
    2.356561326589758,
    2.3556512444668734,
    2.354744183108862,
    2.3538414224181206,
    2.3529678343117384,
    2.3521492503350836,
    2.3513633969432997,
    2.350582893566068,
    2.3498049323550667,
    2.3490307180260817,
    2.348261585826529,
    2.3474965854720864,
    2.3467325116693556,
    2.345966893011683,
    2.3451989132289324,
    2.344428410292528,
    2.3436553881395636,
    2.3428799190468004,
    2.3421021184274324,
    2.3413221197496568,
    2.3405400523565087,
    2.339756036526101,
    2.338970197122021,
    2.338182674233637,
    2.3373936154252384,
    2.336603139994423,
    2.3358113182157823,
    2.3350182179653576,
    2.334223956315709,
    2.3334287112974073,
    2.3326328130965033,
    2.3318382132752897,
    2.331087506679386,
    2.330421111702268,
    2.329796421779094,
    2.329168555775065,
    2.328534454941262,
    2.327893823609329,
    2.3272467639352996,
    2.3265933915154258,
    2.3259338303587733,
    2.3252682370783435,
    2.3245967863549604,
    2.323919672407249,
    2.323237108697032,
    2.322549318682561,
    2.321856545864146,
    2.3211590955615864,
    2.320457450459207,
    2.3197525748528895,
    2.3190469533026095,
    2.318346943491897,
    2.3176560951978664,
    2.316968829255234,
    2.3162847251124417,
    2.315679650995696,
    2.3152174410579165,
    2.314815509279495,
    2.3144419671292225,
    2.314140468644979,
    2.3138676719868463,
    2.3135771470937376,
    2.313266773210453,
    2.3129370512325726,
    2.3125894539279965,
    2.3122412392762826,
    2.31190761165154,
    2.3115714734494865,
    2.3112167457528505,
    2.310843820862795,
    2.310453473110595,
    2.3100469753564763,
    2.3096259536632107,
    2.30946766309279,
    2.3098628644762487,
    2.3105382571544513,
    2.31118069806325,
    2.3117654667496534,
    2.312294227052874,
    2.312768725381078,
    2.3131906859581166,
    2.313561792419323,
    2.3138836832991103,
    2.314157951178011,
    2.3143861430361445,
    2.314569761071756,
    2.3147102637124535,
    2.314809066709599,
    2.314867544263611,
    2.314887030151676,
    2.3148688188442965,
    2.314814166604201,
    2.3147242925635645,
    2.314600379776228,
    2.314443576243254,
    2.314254995911971,
    2.3140357196485497,
    2.313786796183888,
    2.3135092430335007,
    2.3132040473923126,
    2.312872167004734,
    2.31251453101036,
    2.3121320407658548,
    2.311725570643724,
    2.3112959688086065,
    2.3108440579717167,
    2.3103706361239977,
    2.309876477248524,
    2.3093623320127294,
    2.3088289284410486,
    2.3082769725685006,
    2.307707149075761,
    2.3071201219062103,
    2.3065165348654655,
    2.305897012203897,
    2.305262159182589,
    2.304612562623201,
    2.303948791442202,
    2.3032713971699335,
    2.302580914454911,
    2.301877861553779,
    2.3011627408073325,
    2.300436039102984,
    2.2996982283240883,
    2.298949765786455,
    2.2981910946624424,
    2.297422644392973,
    2.296644831087816,
    2.295858057914458,
    2.295062715475885,
    2.29425918217759,
    2.293447824584128,
    2.2926289977654903,
    2.291803045633601,
    2.2909703012692053,
    2.290131087239427,
    2.289285715906254,
    2.288434489726221,
    2.2875777015415153,
    2.286715634862769,
    2.2858485641437625,
    2.284976755048285,
    2.284100464709366,
    2.2832199419810753,
    2.2823354276831336,
    2.281447154838508,
    2.280555348904203,
    2.2796602279954468,
    2.2787620031034375,
    2.2778608783068455,
    2.276957050977259,
    2.2760507119787357,
    2.2751420458616343,
    2.274231231050879,
    2.2733184400288096,
    2.2724038395127786,
    2.271487590627651,
    2.2705698490733335,
    2.2696507652874964,
    2.2687304846036125,
    2.2678091474044395,
    2.26688688927108,
    2.2659638411277516,
    2.265040129382384,
    2.264115876063158,
    2.2631911989511226,
    2.2622662117089707,
    2.2613410240060894,
    2.260415741640013,
    2.2594904666543636,
    2.258565297453384,
    2.2576403289131473,
    2.256715652489545,
    2.255791356323154,
    2.2548675253410653,
    2.2539442413557564,
    2.253021583161106,
    2.2520996266256246,
    2.251178444782963,
    2.2502581079198034,
    2.2493386836611844,
    2.248420237053348,
    2.247502830644179,
    2.2465865245613,
    2.2456713765878784,
    2.244757442236234,
    2.243844774819297,
    2.2429334198002584,
    2.2420234205796348,
    2.2411148185606407,
    2.2402076532126602,
    2.239301962132868,
    2.2383977811060456,
    2.2374951441626294,
    2.236594083635053,
    2.235694630212433,
    2.2347968129936437,
    2.2339006595388216,
    2.2330061959193657,
    2.2321134467664767,
    2.231222435318281,
    2.230333183465585,
    2.229445711796242,
    2.228560039638218,
    2.2276761851013744,
    2.2267941651180174,
    2.2259139954822107,
    2.225035690887916,
    2.224159264966005,
    2.2232847303201724,
    2.2224120985617652,
    2.22154138034359,
    2.220672585392714,
    2.2198057225423016,
    2.2189407997624975,
    2.218077824190347,
    2.2172168021588026,
    2.2163577392248484,
    2.215500640196773,
    2.214645509160624,
    2.2137923495059066,
    2.212941163950524,
    2.212091954564952,
    2.2112447227956884,
    2.2103994694879696,
    2.209556194907709,
    2.208714898762714,
    2.2078755802232815,
    2.207038237942259,
    2.2062028700744896,
    2.205369474295604,
    2.204538047820315,
    2.2037085874200715,
    2.2028810894399924,
    2.202055549815486,
    2.2012319640885294,
    2.200410327423241,
    2.1995906346209093,
    2.198772880134699,
    2.1979570580838113,
    2.19714316226685,
    2.1963311861745805,
    2.195521123002599,
    2.194712965663801,
    2.1939067068003837,
    2.1931023387958803,
    2.192299853787304,
    2.1914992436765837,
    2.190700500141302,
    2.189903614645392,
    2.189108578449563,
    2.188315382621341,
    2.187524018045149,
    2.186734475431903,
    2.1859467453276418,
    2.185160818121464,
    2.1843766840528605,
    2.183594333218794,
    2.1828137555815346,
    2.182034940977152,
    2.1812578791232204,
    2.180482559625219,
    2.1797089719821523,
    2.178937105592013,
    2.1781669497582445,
    2.177398493696548,
    2.176631726540373,
    2.1758666373453166,
    2.1751032150926863,
    2.1743414486919415,
    2.173581326982796,
    2.172822838737733,
    2.172065972665769,
    2.1713107174181436,
    2.1705570615932808,
    2.169804993738861,
    2.1690545023530596,
    2.168305575887411,
    2.16755820275344,
    2.1668123713327754,
    2.166068069985693,
    2.1653252870551882,
    2.164584010869249,
    2.1638442297445644,
    2.1631059319918955,
    2.1623691059206624,
    2.161633739842387,
    2.1608998220749824,
    2.1601673409471838,
    2.1594362848020623,
    2.1587066420006398,
    2.1579784009254293,
    2.157251549982737,
    2.156526077604155,
    2.15580197224813,
    2.1550792224011275,
    2.1543578165784623,
    2.1536377433257368,
    2.1529189912205258,
    2.1522015488736517,
    2.1514854049303804,
    2.1507705480715527,
    2.150056967014406,
    2.1493446505132816,
    2.1486335873605293,
    2.147923766387658,
    2.147215176466447,
    2.146507806509946,
    2.145801645473538,
    2.1450966823558932,
    2.1443929061997964,
    2.1436903060930166,
    2.1429888711691323,
    2.1422885906081506,
    2.141589453637002,
    2.140891449530018,
    2.1401945676095253,
    2.139498797246506,
    2.138804127861217,
    2.1381105489237604,
    2.137418049954589,
    2.136726620524941,
    2.136036250257323,
    2.135346928826023,
    2.134658645957542,
    2.13397139143099,
    2.1332851550784757,
    2.1325999267854034,
    2.1319156964906907,
    2.131232454186998,
    2.1305501899209576,
    2.129868893793366,
    2.129188555959402,
    2.1285091666288203,
    2.1278307160660663,
    2.1271531945903974,
    2.126476592576009,
    2.125800900452069,
    2.125126108702709,
    2.124452207867049,
    2.1237791885392894,
    2.123107041368766,
    2.1224357570598986,
    2.1217653263721075,
    2.121095740119733,
    2.1204269891719645,
    2.119759064452777,
    2.1190919569409137,
    2.118425657669834,
    2.1177601577275924,
    2.1170954482566993,
    2.116431520454013,
    2.1157683655706347,
    2.115105974911769,
    2.114444339836584,
    2.113783451758092,
    2.113123302143011,
    2.1124638825115922,
    2.111805184437459,
    2.111147199547441,
    2.110489919521381,
    2.1098333360919628,
    2.109177441044538,
    2.1085222262169094,
    2.107867683499106,
    2.1072138048331537,
    2.10656058221283,
    2.105908007683445,
    2.105256073341605,
    2.104604771334946,
    2.1039540938618715,
    2.1033040331712822,
    2.1026545815623225,
    2.102005731384123,
    2.1013574750355364,
    2.1007098049648856,
    2.1000627136696997,
    2.0994161936964284,
    2.0987702376401765,
    2.0981248381444173,
    2.0974799879006714,
    2.0968356796482044,
    2.096191906173738,
    2.095548660311152,
    2.0949059349411883,
    2.094263722991153,
    2.0936220174345985,
    2.0929808112910324,
    2.0923400976256357,
    2.091699869548946,
    2.091060120216571,
    2.090420842828876,
    2.0897820306306696,
    2.089143676910908,
    2.088505775002411,
    2.087868318281528,
    2.0872313001677814,
    2.086594714123509,
    2.0859585536535663,
    2.08532281230507,
    2.084687483667118,
    2.0840525613704757,
    2.0834180390872796,
    2.0827839105307535,
    2.082150169454895,
    2.0815168096541847,
    2.0808838249632706,
    2.080251209256604,
    2.0796189564480887,
    2.0789870604907246,
    2.078355515376314,
    2.0777243151351668,
    2.077093453835754,
    2.0764629255843157,
    2.07583272452451,
    2.0752028448371447,
    2.074573280739954,
    2.0739440264873172,
    2.073315076369926,
    2.0726864247145103,
    2.0720580658836325,
    2.0714299942754306,
    2.0708022043233143,
    2.070174690495683,
    2.0695474472956996,
    2.06892046926103,
    2.068293750963541,
    2.0676672870090003,
    2.067041072036764,
    2.0664151007194516,
    2.0657893677626884,
    2.065163867904859,
    2.064538595916786,
    2.063913546601395,
    2.063288714793415,
    2.062664095359112,
    2.062039683195983,
    2.0614154732324605,
    2.0607914604276574,
    2.0601676397711,
    2.0595440062824504,
    2.058920555011233,
    2.0582972810365643,
    2.0576741794668965,
    2.057051245439778,
    2.056428474121602,
    2.0558058607073173,
    2.0551834004201703,
    2.0545610885114653,
    2.0539389202603098,
    2.053316890973383,
    2.052694995984702,
    2.0520732306553553,
    2.0514515903732393,
    2.0508300705528133,
    2.0502086666348505,
    2.0495873740862023,
    2.0489661883995782,
    2.048345105093298,
    2.047724119711075,
    2.0471032278218337,
    2.0464824250195086,
    2.0458617069228158,
    2.045241069175037,
    2.0446205074438244,
    2.044000017420981,
    2.0433795948222344,
    2.0427592353870194,
    2.0421389348782886,
    2.0415186890822947,
    2.0408984938083607,
    2.0402783448886783,
    2.0396582381781334,
    2.039038169554113,
    2.0384181349162884,
    2.0377981301864043,
    2.0371781513080496,
    2.036558194246418,
    2.0359382549880953,
    2.0353183295408686,
    2.0346984139335182,
    2.034078504215615,
    2.0334585964573253,
    2.032838686749204,
    2.0322187712020154,
    2.0315988459465637,
    2.0309789071335134,
    2.030358950933191,
    2.029738973535368,
    2.0291189711490487,
    2.0284989400022626,
    2.027878876341866,
    2.027258776433364,
    2.026638636560734,
    2.026018453026243,
    2.025398222150282,
    2.0247779402711954,
    2.0241576037451097,
    2.023537208945767,
    2.022916752264355,
    2.022296230109338,
    2.0216756389063013,
    2.021054975097816,
    2.0204342351432767,
    2.0198134155187284,
    2.0191925127167214,
    2.018571523246163,
    2.017950443632171,
    2.0173292704159027,
    2.0167080001543973,
    2.016086629420415,
    2.0154651548022833,
    2.014843572903756,
    2.014221880343867,
    2.013600073756777,
    2.0129781497916257,
    2.0123561051123837,
    2.0117339363976967,
    2.0111116403407205,
    2.0104892136489783,
    2.009866653044221,
    2.0092439552622925,
    2.0086211170529906,
    2.0079981351799314,
    2.0073750064204154,
    2.006751727565287,
    2.0061282954188004,
    2.0055047067984924,
    2.004880958535051,
    2.004257047472197,
    2.003632970466567,
    2.0030087243875876,
    2.002384306117354,
    2.001759712550512,
    2.001134940594131,
    2.000509987167586,
    1.999884849202441,
    1.999259523642326,
    1.9986340074428157,
    1.9980082975713185,
    1.9973823910069552,
    1.9967562847404559,
    1.9961299757740625,
    1.9955034611214229,
    1.994876737807488,
    1.9942498028683997,
    1.993622653351387,
    1.9929952863146736,
    1.9923676988274033,
    1.9917398879695454,
    1.9911118508317938,
    1.990483584515475,
    1.9898550861324655,
    1.9892263528050953,
    1.9885973816660492,
    1.9879681698582725,
    1.9873387145348869,
    1.9867090128591087,
    1.9860790620041542,
    1.9854488591531378,
    1.9848184014989676,
    1.9841876862442456,
    1.9835567106011776,
    1.9829254717914757,
    1.9822939670462434,
    1.9816621936058545,
    1.9810301487198685,
    1.9803978296469695,
    1.979765233654905,
    1.9791323580204117,
    1.9784992000291495,
    1.9778657569756442,
    1.97723202616323,
    1.9765980049040248,
    1.9759636905188949,
    1.9753290803373598,
    1.974694171697503,
    1.9740589619459163,
    1.9734234484376498,
    1.9727876285362083,
    1.9721514996135403,
    1.971515059049993,
    1.9708783042342883,
    1.9702412325635261,
    1.9696038414431851,
    1.9689661282872417,
    1.9683280905183722,
    1.9676897255680728,
    1.9670510308766807,
    1.966412003893503,
    1.9657726420770303,
    1.9651329428950972,
    1.964492903824969,
    1.9638525223535044,
    1.9632117959775437,
    1.9625707222043296,
    1.9619292985517447,
    1.9612875225486517,
    1.9606453917354434,
    1.9600029036647293,
    1.9593600559023012,
    1.9587168460281188,
    1.9580732716372589,
    1.9574293303415218,
    1.9567850197714243,
    1.95614033757811,
    1.9554952814358963,
    1.9548498490451485,
    1.954204038135393,
    1.9535578464702403,
    1.952911271853066,
    1.9522643121321621,
    1.9516169652099942,
    1.9509692290605576,
    1.9503211017497446,
    1.9496725814559495,
    1.9490236664981087,
    1.948374355370735,
    1.9477246467883234,
    1.947074539774565,
    1.9464240338262802,
    1.9457731291096059,
    1.94512182665872,
    1.9444701287528647,
    1.9438180397278406,
    1.9431655671945434,
    1.9425127235357245,
    1.9418595287080973,
    1.9412060183983102,
    1.9405522630302159,
    1.9398983987569134,
    1.9392447664132952,
    1.9386127722864819,
    1.9380507488236367,
    1.9375631631415298,
    1.937098242540555,
    1.9366268898180472,
    1.9361497429189531,
    1.935725341150022,
    1.9355310398462091,
    1.935622916837792,
    1.9358118982493255,
    1.936059710955329,
    1.9364508494635135,
    1.93689156346191,
    1.9372907017560952,
    1.9376486183322241,
    1.9379676940857453,
    1.9383656844956518,
    1.9389545075310788,
    1.9396122161964056,
    1.9403154214388736,
    1.9411809133907274,
    1.9422309632264962,
    1.9434354070729167,
    1.944663128996985,
    1.9458137430713893,
    1.9468889319728895,
    1.9478908582159675,
    1.9488217425442504,
    1.9496837767938549,
    1.9504791017802068,
    1.9512098014944186,
    1.9518779019718284,
    1.9524853717053723,
    1.9530341225993029,
    1.9535260111725314,
    1.953962839882968,
    1.9543463585118488,
    1.9546782655748436,
    1.9549602097249554,
    1.9551937911355666,
    1.9553805628584087,
    1.9555220321477034,
    1.9556196617506216,
    1.9556748711679113,
    1.9556890378849408,
    1.95566349857052,
    1.9555995502413883,
    1.9554984513933094,
    1.9553614231010719,
    1.9551896500886567,
    1.954984281769938,
    1.9547464332604123,
    1.9544771863606774,
    1.9541775905124055,
    1.953848663727381,
    1.9534913916677736,
    1.953106730345264,
    1.9526956069731076,
    1.9522589207944068,
    1.9517975438871529,
    1.9513123219464648,
    1.9508040750445108,
    1.9502735983688262,
    1.9497216629398428,
    1.9491490163081642,
    1.9485563832319013,
    1.9479444663347054,
    1.947313946745224,
    1.946665484718397,
    1.945999720239031,
    1.9453172736083517,
    1.9446187460139301,
    1.9439047200832955,
    1.9431757604217186,
    1.9424324141347569,
    1.941675211336063,
    1.9409046656407967,
    1.9401212746449148,
    1.9393255203907214,
    1.938517869819168,
    1.9376987752093784,
    1.9368686746057349,
    1.936027992232748,
    1.935177138898034,
    1.9343165123838086,
    1.9334464978271804,
    1.932567468089558,
    1.9316797841155064,
    1.9307837952813809,
    1.9298798397340071,
    1.9289682447197238,
    1.92804932690405,
    1.9271233926822302,
    1.9261907384809562,
    1.925251651051491,
    1.9243064077543879,
    1.9233552768360862,
    1.9223985176976024,
    1.9214363811555206,
    1.920469109695443,
    1.9194969377180375,
    1.9185200917780432,
    1.9175387908165322,
    1.916553246386568,
    1.9155636628723713,
    1.9145702377022487,
    1.9135731615554432,
    1.9125726185630538,
    1.9115687865031525,
    1.910561836990313,
    1.9095519356596875,
    1.9085392423457148,
    1.9075239112556144,
    1.9065060911379332,
    1.9054859254462864,
    1.9044635524984204,
    1.903439105630752,
    1.9024127133484858,
    1.9013844994713638,
    1.9003545832751803,
    1.8993230796292124,
    1.898290099129684,
    1.8972557482293746,
    1.896220129363564,
    1.8951833410725056,
    1.8941454781204579,
    1.8931066316112124,
    1.8920668891001624,
    1.8910263347030623,
    1.8899850492015606,
    1.888943110145581,
    1.8879005919525962,
    1.886857566003968,
    1.8858141007386415,
    1.8847702617442337,
    1.883726111845507,
    1.8826817111903056,
    1.8816371173329967,
    1.8805923853154909,
    1.8795475677458893,
    1.8785027148748368,
    1.8774578746696577,
    1.8764130928863478,
    1.8753684131394697,
    1.8743238769700072,
    1.8732795239112823,
    1.8722353915530314,
    1.8711915156035548,
    1.8701479299499149,
    1.8691046667163314,
    1.8680617563208974,
    1.867019227530611,
    1.865977107514783,
    1.864935421896964,
    1.8638941948053651,
    1.862853448921704,
    1.8618132055285894,
    1.8607734845555397,
    1.8597343046236348,
    1.858695683088815,
    1.8576576360838946,
    1.856620178559354,
    1.8555833243229436
]