[
    -0.9972616662186526,
    -0.9971300978292842,
    -1.0001430940043596,
    -1.000062463453079,
    -0.9999796289941405,
    -0.9998946813677946,
    -0.9998077085868233,
    -0.999718796014658,
    -0.9996280264412742,
    -0.9995354801569393,
    -0.9994412350238703,
    -0.9993453665458611,
    -0.9992479479359464,
    -0.9991490501821564,
    -0.9990487421114284,
    -0.9989470904517258,
    -0.9988441598924113,
    -0.9987400131429017,
    -0.9986347109896526,
    -0.998528312351521,
    -0.9984208743335731,
    -0.9983124522793851,
    -0.9982030998218637,
    -0.9980928689326193,
    -0.9979818099699059,
    -0.9978699717251566,
    -0.9977574014681911,
    -0.9976441449911538,
    -0.9975302466512023,
    -0.9974157494119928,
    -0.9973006948840196,
    -0.9971851233638447,
    -0.9970690738722158,
    -0.9969525841910756,
    -0.9968356908995245,
    -0.9967184294087832,
    -0.9966008339961553,
    -0.9964829378380186,
    -0.9963647730418962,
    -0.9962463706776464,
    -0.9961277608077498,
    -0.9960089725166251,
    -0.9958900339390052,
    -0.9957709722874835,
    -0.9956518138792619,
    -0.9955325841621764,
    -0.995413307740137,
    -0.9952940083979518,
    -0.9951747091254153,
    -0.995055432140645,
    -0.9949361989127419,
    -0.9948170301838808,
    -0.9946979459908366,
    -0.9945789656858398,
    -0.9944601079568129,
    -0.9943413908471769,
    -0.9942228317752126,
    -0.9941044475528166,
    -0.9939862544036459,
    -0.9938682679806166,
    -0.9937505033824806,
    -0.9936329751695612,
    -0.9935156973792011,
    -0.9933986835411953,
    -0.9932819466931351,
    -0.993165499395474,
    -0.9930493537461283,
    -0.9929335213945848,
    -0.9928180135554795,
    -0.9927028410217232,
    -0.9925880141773309,
    -0.9924735430099163,
    -0.9923594371228959,
    -0.9922457057474339,
    -0.992132357753699,
    -0.9920194016610069,
    -0.991906845647279,
    -0.9917946975587225,
    -0.9916829649198831,
    -0.9915716549435295,
    -0.9914607745401717,
    -0.9913503303273383,
    -0.9912403286385595,
    -0.9911307755320612,
    -0.9910216767993025,
    -0.9909130379733304,
    -0.9908048643368967,
    -0.9906971609303993,
    -0.9905899325597776,
    -0.9904831838042258,
    -0.9903769190231184,
    -0.9902711423616932,
    -0.9901658577561275,
    -0.9900610689390764,
    -0.9899567794458235,
    -0.9898529926205423,
    -0.9897497116224544,
    -0.9896469394318882,
    -0.9895446788561012,
    -0.9894429325348704,
    -0.9893417029460218,
    -0.9892409924108408,
    -0.9891408030992319,
    -0.9890411370345851,
    -0.9889419960984085,
    -0.9888433820348846,
    -0.9887452964551392,
    -0.9886477408407719,
    -0.9885507165469859,
    -0.9884542248061496,
    -0.9883582667317811,
    -0.9882628433224572,
    -0.9881679554654667,
    -0.9880736039403573,
    -0.987979789422694,
    -0.9878865124879136,
    -0.9877937736147858,
    -0.9877015731884626,
    -0.9876099115035052,
    -0.987518788767051,
    -0.9874282051018882,
    -0.9873381605492835,
    -0.9872486550717254,
    -0.987159688555663,
    -0.9870712608140918,
    -0.9869833715890033,
    -0.9868960205538034,
    -0.9868092073155097,
    -0.9867229314165327,
    -0.98663719233634,
    -0.9865519894934592,
    -0.986467322247702,
    -0.9863831899022315,
    -0.9862995917055306,
    -0.9862165268534132,
    -0.9861339944909852,
    -0.9860519937144973,
    -0.9859705235731622,
    -0.9858895830709558,
    -0.9858091711683417,
    -0.985729286783895,
    -0.9856499287958376,
    -0.9855710960435156,
    -0.9854927873288667,
    -0.985415001417873,
    -0.9853377370419487,
    -0.9852609928992558,
    -0.9851847676559528,
    -0.9851090599473737,
    -0.9850338683791164,
    -0.9849591915280999,
    -0.9848850279436842,
    -0.984811376148822,
    -0.9847382346411728,
    -0.9846656018941847,
    -0.984593476358132,
    -0.9845218564611032,
    -0.9844507406099611,
    -0.9843801271912821,
    -0.9843100145722663,
    -0.9842404011016157,
    -0.9841712851103661,
    -0.9841026649126842,
    -0.9840345388066408,
    -0.9839669050749724,
    -0.9838997619858137,
    -0.9838331077933977,
    -0.9837669407387241,
    -0.983701259050214,
    -0.9836360609443502,
    -0.983571344626297,
    -0.9835071082904923,
    -0.9834433501212012,
    -0.9833800682930435,
    -0.983317260971514,
    -0.9832549263134988,
    -0.9831930624677843,
    -0.9831316675755506,
    -0.9830707397708515,
    -0.9830102771810738,
    -0.9829502779273752,
    -0.9828907401251044,
    -0.9828316618842101,
    -0.9827730413096386,
    -0.982714876501714,
    -0.9826571655565058,
    -0.982599906566186,
    -0.9825430976193721,
    -0.9824867368014545,
    -0.9824308221949152,
    -0.9823753518796368,
    -0.9823203239332009,
    -0.9822657364311709,
    -0.9822115874473634,
    -0.9821578750541085,
    -0.9821045973225037,
    -0.9820517523226603,
    -0.9819993381239398,
    -0.9819473527951815,
    -0.9818957944049239,
    -0.9818446610216197,
    -0.9817939507138381,
    -0.9817436615504583,
    -0.9816937916008548,
    -0.9816443389350784,
    -0.9815953016240343,
    -0.9815466777396519,
    -0.9814984653550467,
    -0.9814506625446723,
    -0.9814032673844622,
    -0.9813562779519588,
    -0.981309692326423,
    -0.9812635085889285,
    -0.9812177248224646,
    -0.9811723391120564,
    -0.9811273495448829,
    -0.98108275421038,
    -0.9810385512003369,
    -0.9809947386089922,
    -0.9809513145331333,
    -0.9809082770721897,
    -0.9808656243283206,
    -0.9808233544064976,
    -0.9807814654145836,
    -0.9807399554634062,
    -0.9806988226668275,
    -0.9806580651418052,
    -0.980617681008454,
    -0.980577668390108,
    -0.9805380254133811,
    -0.9804987502082219,
    -0.980459840907962,
    -0.9804212956493673,
    -0.980383112572682,
    -0.9803452898216684,
    -0.9803078255436433,
    -0.9802707178895174,
    -0.9802339650138349,
    -0.9801975650748082,
    -0.9801615162343518,
    -0.9801258166581195,
    -0.980090464515535,
    -0.9800554579798084,
    -0.9800207952279552,
    -0.9799864744408213,
    -0.9799524938031089,
    -0.9799188515033975,
    -0.9798855457341633,
    -0.9798525746917928,
    -0.9798199365765959,
    -0.9797876295928226,
    -0.9797556519486728,
    -0.9797240018562983,
    -0.979692677531805,
    -0.9796616771952605,
    -0.9796309990706975,
    -0.979600641386119,
    -0.9795706023734998,
    -0.9795408802687804,
    -0.9795114733118561,
    -0.9794823797465702,
    -0.9794535978207193,
    -0.9794251257860584,
    -0.9793969618982976,
    -0.9793691044170871,
    -0.979341551606007,
    -0.979314301732561,
    -0.9792873530681723,
    -0.9792607038881684,
    -0.9792343524717573,
    -0.9792082971020074,
    -0.9791825360658325,
    -0.979157067653977,
    -0.9791318901610012,
    -0.9791070018852659,
    -0.9790824011289081,
    -0.9790580861978153,
    -0.9790340554015974,
    -0.9790103070535625,
    -0.9789868394706888,
    -0.9789636509735977,
    -0.9789407398865261,
    -0.9789181045372993,
    -0.9788957432573037,
    -0.9788736543814591,
    -0.9788518362481942,
    -0.9788302871994242,
    -0.9788090055805269,
    -0.9787879897403178,
    -0.9787672380310217,
    -0.9787467488082462,
    -0.9787265204309645,
    -0.9787065512615123,
    -0.9786868396655837,
    -0.978667384012225,
    -0.9786481826738318,
    -0.9786292340261513,
    -0.9786105364482844,
    -0.9785920883226867,
    -0.9785738880351698,
    -0.9785559339749096,
    -0.978538224534456,
    -0.9785207581097403,
    -0.9785035331000687,
    -0.9784865479081043,
    -0.978469800939839,
    -0.978453290604564,
    -0.9784370153148385,
    -0.9784209734864604,
    -0.9784051635384343,
    -0.9783895838929408,
    -0.9783742329753081,
    -0.9783591092139831,
    -0.9783442110405007,
    -0.9783295368894579,
    -0.9783150851984889,
    -0.9783008544082418,
    -0.9782868429623476,
    -0.9782730493073867,
    -0.9782594718928588,
    -0.9782461091711556,
    -0.9782329595975333,
    -0.9782200216300883,
    -0.9782072937297328,
    -0.97819477436017,
    -0.978182461987867,
    -0.9781703550820275,
    -0.9781584521145692,
    -0.9781467515600988,
    -0.9781352518958897,
    -0.9781239516018578,
    -0.978112849160534,
    -0.978101943057043,
    -0.9780912317790859,
    -0.9780807138169209,
    -0.9780703876633409,
    -0.9780602518136495,
    -0.9780503047656408,
    -0.9780405450195789,
    -0.9780309710781726,
    -0.9780215814465454,
    -0.9780123746322084,
    -0.9780033491450395,
    -0.977994503497267,
    -0.9779858362034498,
    -0.9779773457804555,
    -0.977969030747438,
    -0.9779608896258173,
    -0.9779529209392608,
    -0.9779451232136668,
    -0.9779374949771484,
    -0.9779300347600176,
    -0.9779227410947673,
    -0.9779156125160504,
    -0.9779086475606593,
    -0.9779018447675039,
    -0.9778952026775933,
    -0.9778887198340166,
    -0.9778823947819251,
    -0.9778762260685143,
    -0.9778702122430091,
    -0.9778643518566418,
    -0.9778586434626335,
    -0.9778530856161753,
    -0.977847676874412,
    -0.9778424157964254,
    -0.9778373009432179,
    -0.9778323308776942,
    -0.9778275041646459,
    -0.9778228193707382,
    -0.9778182750644928,
    -0.9778138698162718,
    -0.9778096021982577,
    -0.9778054707844327,
    -0.9778014741505605,
    -0.977797610874173,
    -0.977793879534558,
    -0.9777902787127456,
    -0.9777868069914952,
    -0.9777834629552828,
    -0.9777802451902841,
    -0.9777771522843597,
    -0.9777741828270429,
    -0.9777713354095288,
    -0.9777686086246636,
    -0.9777660010669362,
    -0.9777635113324658,
    -0.9777611380189937,
    -0.9777588797258769,
    -0.977756735054075,
    -0.9777547026061351,
    -0.9777527809861762,
    -0.9777509687998621,
    -0.9777492646543571,
    -0.9777476671582921,
    -0.977746174921746,
    -0.9777447865562303,
    -0.9777435006746779,
    -0.9777423158914481,
    -0.9777412308223392,
    -0.9777402440845698,
    -0.9777393542967336,
    -0.9777385600787649,
    -0.9777378600519131,
    -0.977737252838721,
    -0.9777367370630057,
    -0.9777363113498503,
    -0.9777359743256117,
    -0.9777357246179408,
    -0.9777355608557962,
    -0.9777354816694269,
    -0.977735485690343,
    -0.9777355715513111,
    -0.9777357378863709,
    -0.9777359833308459,
    -0.9777363065213427,
    -0.9777367060957372,
    -0.9777371806931565,
    -0.9777377289539673,
    -0.9777383495197733,
    -0.9777390410334181,
    -0.9777398021389755,
    -0.9777406314817308,
    -0.9777415277081698,
    -0.977742489465963,
    -0.9777435154039176,
    -0.9777446041719206,
    -0.9777457544209335,
    -0.9777469648030108,
    -0.977748233971301,
    -0.9777495605800343,
    -0.9777509432845094,
    -0.977752380741081,
    -0.9777538716071524,
    -0.9777554145411753,
    -0.9777570082026295,
    -0.9777586512519856,
    -0.9777603423506493,
    -0.9777620801609264,
    -0.9777638633460465,
    -0.9777656905702024,
    -0.9777675604985573,
    -0.9777694717972357,
    -0.9777714231333127,
    -0.9777734131747968,
    -0.9777754405906234,
    -0.9777775040506659,
    -0.9777796022257467,
    -0.9777817337876363,
    -0.977783897409039,
    -0.9777860917635783,
    -0.9777883155257828,
    -0.9777905673710677,
    -0.9777928459757127,
    -0.9777951500168409,
    -0.9777974781724182,
    -0.977799829121262,
    -0.977802201543032,
    -0.9778045941182029,
    -0.9778070055280498,
    -0.9778094344546476,
    -0.9778118795808584,
    -0.9778143395903127,
    -0.9778168131674058,
    -0.9778192989972908,
    -0.9778217957658566,
    -0.9778243021597002,
    -0.9778268168661186,
    -0.9778293385731238,
    -0.9778318659694558,
    -0.9778343977445643,
    -0.9778369325885793,
    -0.9778394691923049,
    -0.9778420062472211,
    -0.9778445424454737,
    -0.9778470764798711,
    -0.9778496070438997,
    -0.9778521328317226,
    -0.9778546525381552,
    -0.9778571648586523,
    -0.9778596684893164,
    -0.9778621621268967,
    -0.9778646444687822,
    -0.9778671142129975,
    -0.9778695700581991,
    -0.9778720107036624,
    -0.977874434849275,
    -0.9778768411955269,
    -0.9778792284434981,
    -0.9778815952948466,
    -0.9778839404518077,
    -0.9778862626171876,
    -0.9778885604943174,
    -0.9778908327869871,
    -0.9778930781994346,
    -0.9778952954363929,
    -0.9778974832031251,
    -0.9778996402054313,
    -0.9779017651496323,
    -0.9779038567425355,
    -0.9779059136914126,
    -0.977907934704018,
    -0.9779099198890591,
    -0.9779118693557668,
    -0.9779137832138903,
    -0.9779156615736844,
    -0.9779175045459026,
    -0.977919312241794,
    -0.9779210847730947,
    -0.9779228222520197,
    -0.977924524791256,
    -0.977926192503954,
    -0.9779278255037128,
    -0.9779294239045639,
    -0.9779309878209643,
    -0.9779325173678058,
    -0.9779340126604247,
    -0.9779354738146,
    -0.9779369009465494,
    -0.9779382941729274,
    -0.9779396536108248,
    -0.9779409793777649,
    -0.9779422715916989,
    -0.9779435303709925,
    -0.9779447558344111,
    -0.9779459481011082,
    -0.9779471072906133,
    -0.9779482335228222,
    -0.9779493269180028,
    -0.9779503875968046,
    -0.977951415680263,
    -0.9779524112898005,
    -0.9779533745472234,
    -0.9779543055747191,
    -0.9779552044948525,
    -0.9779560714305622,
    -0.9779569065051538,
    -0.9779577098422939,
    -0.9779584815660054,
    -0.97795922180066,
    -0.9779599306709728,
    -0.9779606083020033,
    -0.9779612548191584,
    -0.9779618703481961,
    -0.9779624550152245,
    -0.9779630089466951,
    -0.9779635322693936,
    -0.9779640251104317,
    -0.9779644875972441,
    -0.9779649198575873,
    -0.9779653220195385,
    -0.977965694211493,
    -0.9779660365621616,
    -0.9779663492005659,
    -0.977966632256035,
    -0.977966885858201,
    -0.9779671101369986,
    -0.9779673052226623,
    -0.9779674712457253,
    -0.9779676083370127,
    -0.9779677166276387,
    -0.9779677962490028,
    -0.9779678473327871,
    -0.9779678700109551,
    -0.9779678644157543,
    -0.9779678306797167,
    -0.977967768935654,
    -0.9779676793166543,
    -0.9779675619560769,
    -0.9779674169875499,
    -0.9779672445449658,
    -0.9779670447624778,
    -0.9779668177744977,
    -0.9779665637156952,
    -0.9779662827209967,
    -0.9779659749255832,
    -0.9779656404648898,
    -0.9779652794746053,
    -0.9779648920906715,
    -0.9779644784492815,
    -0.9779640386868736,
    -0.9779635729401281,
    -0.9779630813459601,
    -0.9779625640415195,
    -0.9779620211641902,
    -0.9779614528515868,
    -0.977960859241551,
    -0.9779602404721486,
    -0.9779595966816698,
    -0.9779589280086262,
    -0.9779582345917475,
    -0.9779575165699802,
    -0.9779567740824893,
    -0.9779560072686574,
    -0.9779552162680848,
    -0.9779544012205869,
    -0.977953562266189,
    -0.9779526995451204,
    -0.9779518131978084,
    -0.9779509033648756,
    -0.9779499701871379,
    -0.9779490138056045,
    -0.9779480343614761,
    -0.9779470319961447,
    -0.9779460068511904,
    -0.977944959068381,
    -0.977943888789672,
    -0.9779427961572055,
    -0.9779416813133089,
    -0.9779405444004897,
    -0.9779393855614344,
    -0.9779382049390085,
    -0.977937002676254,
    -0.9779357789163872,
    -0.9779345338027938,
    -0.9779332674790266,
    -0.9779319800888043,
    -0.9779306717760123,
    -0.9779293426847008,
    -0.9779279929590811,
    -0.9779266227435234,
    -0.9779252321825521,
    -0.9779238214208478,
    -0.9779223906032477,
    -0.977920939874748,
    -0.9779194693805006,
    -0.9779179792658131,
    -0.9779164696761516,
    -0.9779149407571393,
    -0.9779133926545491,
    -0.9779118255142975,
    -0.9779102394824399,
    -0.9779086347051729,
    -0.9779070113288324,
    -0.9779053694998944,
    -0.9779037093649686,
    -0.977902031070795,
    -0.9779003347642413,
    -0.9778986205923035,
    -0.9778968887021069,
    -0.9778951392409081,
    -0.9778933723560914,
    -0.977891588195167,
    -0.9778897869057666,
    -0.9778879686356414,
    -0.977886133532663,
    -0.9778842817448191,
    -0.9778824134202126,
    -0.9778805287070587,
    -0.9778786277536862,
    -0.9778767107085392,
    -0.9778747777201828,
    -0.9778728289373027,
    -0.9778708645087003,
    -0.9778688845832844,
    -0.9778668893100664,
    -0.9778648788381603,
    -0.9778628533167824,
    -0.9778608128952481,
    -0.9778587577229739,
    -0.9778566879494773,
    -0.9778546037243779,
    -0.9778525051973976,
    -0.9778503925183585,
    -0.9778482658371794,
    -0.9778461253038774,
    -0.9778439710685657,
    -0.9778418032814478,
    -0.9778396220928125,
    -0.9778374276530352,
    -0.9778352201125768,
    -0.9778329996219836,
    -0.9778307663318831,
    -0.9778285203929817,
    -0.9778262619560607,
    -0.9778239911719762,
    -0.9778217081916553,
    -0.9778194131660932,
    -0.9778171062463513,
    -0.9778147875835559,
    -0.9778124573288975,
    -0.9778101156336321,
    -0.977807762649088,
    -0.9778053985266724,
    -0.9778030234178692,
    -0.9778006374742259,
    -0.9777982408473443,
    -0.9777958336888823,
    -0.9777934161505534,
    -0.9777909883841222,
    -0.9777885505413969,
    -0.9777861027742282,
    -0.9777836452345101,
    -0.9777811780741856,
    -0.977778701445243,
    -0.9777762154997015,
    -0.9777737203895969,
    -0.9777712162669757,
    -0.9777687032838979,
    -0.97776618159244,
    -0.9777636513446959,
    -0.977761112692771,
    -0.9777585657887766,
    -0.9777560107848245,
    -0.9777534478330213,
    -0.9777508770854708,
    -0.9777482986942795,
    -0.9777457128115524,
    -0.9777431195893942,
    -0.9777405191799057,
    -0.977737911735164,
    -0.9777352974071954,
    -0.9777326763479545,
    -0.9777300487093217,
    -0.9777274146431194,
    -0.9777247743011156,
    -0.9777221278349983,
    -0.9777194753963454,
    -0.9777168171366084,
    -0.9777141532070976,
    -0.9777114837589599,
    -0.9777088089431591,
    -0.9777061289104716,
    -0.9777034438114897,
    -0.9777007537966363,
    -0.9776980590161711,
    -0.9776953596201601,
    -0.9776926557584158,
    -0.9776899475804623,
    -0.9776872352355493,
    -0.9776845188726838,
    -0.9776817986406523,
    -0.9776790746880306,
    -0.9776763471631535,
    -0.9776736162139965,
    -0.9776708819880207,
    -0.9776681446320867,
    -0.97766540429246,
    -0.9776626611148392,
    -0.9776599152443654,
    -0.9776571668256219,
    -0.9776544160026222,
    -0.9776516629187672,
    -0.9776489077168011,
    -0.977646150538735,
    -0.9776433915256899,
    -0.9776406308177581,
    -0.9776378685540147,
    -0.9776351048725901,
    -0.977632339910535,
    -0.9776295738034569,
    -0.9776268066852055,
    -0.977624038687682,
    -0.9776212699406965,
    -0.9776185005718979,
    -0.9776157307066851,
    -0.977612960467989,
    -0.9776101899760337,
    -0.9776074193481037,
    -0.9776046486982545,
    -0.9776018781372168,
    -0.9775991077725995,
    -0.9775963377090692,
    -0.9775935680482862,
    -0.9775907988885225,
    -0.9775880303238897,
    -0.977585262443459,
    -0.9775824953306006,
    -0.9775797290623416,
    -0.9775769637084544,
    -0.9775741993302824,
    -0.9775714359797782,
    -0.9775686736994521,
    -0.9775659125228735,
    -0.9775631524747838,
    -0.9775603935707641,
    -0.9775576358164696,
    -0.9775548792056579,
    -0.977552123717175,
    -0.9775493693129091,
    -0.9775466159376539,
    -0.9775438635187169,
    -0.9775411119629961,
    -0.9775383611526142,
    -0.9775356109422866,
    -0.977532861159759,
    -0.9775301116066284,
    -0.9775273620571151,
    -0.9775246122584842,
    -0.9775218619355385,
    -0.9775191107939886,
    -0.9775163585201437,
    -0.9775136047798768,
    -0.9775108492187813,
    -0.9775080914670984,
    -0.9775053311509789,
    -0.977502567901347,
    -0.9774998013559308,
    -0.9774970311662794,
    -0.9774942570143127,
    -0.9774914786227308,
    -0.9774886957562974,
    -0.9774859082313414,
    -0.9774831159330477,
    -0.9774803188287682,
    -0.9774775169796645,
    -0.9774747105513379,
    -0.9774718998193334,
    -0.9774690851726935,
    -0.9774662671211539,
    -0.9774634462999179,
    -0.9774606234598786,
    -0.9774577994513284,
    -0.9774549752210945,
    -0.977452151805918,
    -0.9774493302876697,
    -0.9774465117537179,
    -0.9774436973190503,
    -0.9774408881653058,
    -0.9774380855401434,
    -0.9774352907229709,
    -0.9774325049929726,
    -0.9774297296232538,
    -0.9774269658864709,
    -0.9774242150534167,
    -0.9774214783826577,
    -0.9774187571063572,
    -0.977416052416828,
    -0.9774133654446772,
    -0.9774106972235909,
    -0.9774080486604769,
    -0.9774054205295886,
    -0.9774028134860705,
    -0.9774002280839349,
    -0.977397664789926,
    -0.9773951239943021,
    -0.9773926060221587,
    -0.9773901111432193,
    -0.9773876395785223,
    -0.9773851915068441,
    -0.9773827670712534,
    -0.9773803663844791,
    -0.9773779895334315,
    -0.9773756365841504,
    -0.977373307587576,
    -0.9773710025828899,
    -0.9773687215971024,
    -0.9773664646450959,
    -0.9773642317317323,
    -0.9773620228539588,
    -0.977359838001542,
    -0.9773576771566174,
    -0.9773555402938158,
    -0.9773534273816313,
    -0.9773513383839503,
    -0.9773492732612508,
    -0.9773472319716126,
    -0.9773452144715834,
    -0.977343220716883,
    -0.9773412506630185,
    -0.9773393042659105,
    -0.977337381482504,
    -0.9773354822712857,
    -0.9773336065926693,
    -0.9773317544092945,
    -0.9773299256863105,
    -0.9773281203916235,
    -0.9773263384960933,
    -0.9773245799737263,
    -0.9773228448018825,
    -0.9773211329614605,
    -0.9773194444370364,
    -0.977317779216919,
    -0.9773161372931403,
    -0.9773145186614466,
    -0.977312923321303,
    -0.9773113512758892,
    -0.9773098025320822,
    -0.9773082771004411,
    -0.9773067749951904,
    -0.9773052962341955,
    -0.977303840838929,
    -0.9773024088344375,
    -0.9773010002493189,
    -0.9772996151156923,
    -0.9772982534691487,
    -0.9772969153486896,
    -0.9772956007966761,
    -0.9772943098587742,
    -0.9772930425838885,
    -0.9772917990240951,
    -0.9772905792345733,
    -0.9772893832735375,
    -0.9772882112021702,
    -0.977287063084558,
    -0.9772859389876277,
    -0.9772848389810831,
    -0.9772837631373444,
    -0.9772827115314819,
    -0.9772816842411496,
    -0.9772806813465214,
    -0.9772797029302296,
    -0.9772787490773076,
    -0.9772778198751305,
    -0.9772769154133544,
    -0.9772760357838524,
    -0.9772751810806569,
    -0.9772743513999071,
    -0.9772735468397974,
    -0.9772727675005226,
    -0.9772720134842205,
    -0.9772712848949189,
    -0.9772705818384837,
    -0.9772699044225722,
    -0.9772692527565819,
    -0.9772686269516021,
    -0.9772680271203682,
    -0.9772674533772158,
    -0.977266905838036,
    -0.9772663846202316,
    -0.9772658898426739,
    -0.9772654216256598,
    -0.9772649800908713,
    -0.9772645653613351,
    -0.9772641775613856,
    -0.9772638168166281,
    -0.9772634832539027,
    -0.977263177001247,
    -0.9772628981878592,
    -0.977262646944065,
    -0.9772624234012838,
    -0.9772622276919967,
    -0.9772620599497159,
    -0.9772619203089553,
    -0.9772618089052004,
    -0.9772617258748806,
    -0.9772616713553388,
    -0.9772616454848049,
    -0.9772616484023677,
    -0.9772616802479508,
    -0.9772617411622854,
    -0.9772618312868883,
    -0.9772619507640378,
    -0.9772620997367497,
    -0.9772622783487537,
    -0.97726248674447,
    -0.9772627250689883,
    -0.9772629934680453,
    -0.9772632920880082,
    -0.9772636210758582,
    -0.9772639805791764,
    -0.9772643707461254,
    -0.9772647917254279,
    -0.977265243666348,
    -0.9772657267186783,
    -0.9772662410327216,
    -0.9772667867592747,
    -0.9772673640496132,
    -0.9772679730554806,
    -0.9772686139290742,
    -0.9772692868230285,
    -0.9772699918903986,
    -0.9772707292846435,
    -0.9772714991596112,
    -0.9772723016695254,
    -0.9772731369689752,
    -0.9772740052129031,
    -0.977274906556592,
    -0.977275841155656,
    -0.9772768091660314,
    -0.9772778107439697,
    -0.9772788460460264,
    -0.9772799152290512,
    -0.9772810184501772,
    -0.977282155866813,
    -0.9772833276366342,
    -0.9772845339175749,
    -0.9772857748678182,
    -0.9772870506457878,
    -0.9772883614101388,
    -0.9772897073197486,
    -0.977291088533709,
    -0.9772925052113176,
    -0.9772939575120717,
    -0.9772954455956616,
    -0.9772969696219637,
    -0.9772985297510337,
    -0.9773001261431006,
    -0.9773017589585598,
    -0.977303428357966,
    -0.977305134502027,
    -0.9773068775515976,
    -0.9773086576676735,
    -0.9773104750113873,
    -0.9773123297440027,
    -0.9773142220269089,
    -0.9773161520216146,
    -0.9773181198897428,
    -0.9773201257930259,
    -0.9773221698933011,
    -0.9773242523525061,
    -0.9773263733326742,
    -0.9773285326835124,
    -0.9773307302548109,
    -0.9773329658964407,
    -0.9773352394583514,
    -0.9773375507905692,
    -0.9773398997431928,
    -0.9773422861663904,
    -0.977344709910395,
    -0.9773471708255018,
    -0.9773496687620672,
    -0.9773522035705058,
    -0.9773547751012884,
    -0.9773573832049377,
    -0.9773600277320255,
    -0.9773627085331704,
    -0.9773654254590358,
    -0.9773681783603279,
    -0.9773709670877928,
    -0.9773737914922143,
    -0.9773766514244102,
    -0.9773795467352323,
    -0.9773824772755637,
    -0.9773854428963177,
    -0.9773884434484357,
    -0.977391478782886,
    -0.9773945487506609,
    -0.977397653202776,
    -0.977400791990267,
    -0.9774039649641888,
    -0.9774071719756158,
    -0.9774104128756395,
    -0.9774136875153664,
    -0.9774169957459173,
    -0.9774203374184255,
    -0.9774237123840358,
    -0.9774271204939038,
    -0.9774305615991941,
    -0.9774340355510794,
    -0.9774375422007395,
    -0.9774410813993593,
    -0.977444652998128,
    -0.9774482568482393,
    -0.9774518928008893,
    -0.9774555607072762,
    -0.9774592604185992,
    -0.9774629917860563,
    -0.9774667546608447,
    -0.9774705488941583,
    -0.9774743743371882,
    -0.9774782308411198,
    -0.977482118257135,
    -0.977486036436409,
    -0.9774899852301102,
    -0.9774939644893997,
    -0.97749797406543,
    -0.9775020138093454,
    -0.9775060835722805,
    -0.9775101832053599,
    -0.9775143125596972,
    -0.9775184714863957,
    -0.9775226598365464,
    -0.9775268774612289,
    -0.9775311242115098,
    -0.9775353999384425,
    -0.9775397044930668,
    -0.9775440377264067,
    -0.9775483994894704,
    -0.9775527896332504,
    -0.9775572080087233,
    -0.9775616544668484,
    -0.977566128858566,
    -0.9775706310347969,
    -0.9775751608464431,
    -0.9775797181443878,
    -0.9775843027794932,
    -0.9775889146025974,
    -0.977593553464515,
    -0.9775982192160361,
    -0.9776029117079283,
    -0.9776076307909382,
    -0.9776123763157897,
    -0.9776171481331853,
    -0.9776219460938027,
    -0.9776267700482923,
    -0.9776316198472775,
    -0.9776364953413543,
    -0.9776413963810889,
    -0.9776463228170177,
    -0.9776512744996471,
    -0.9776562512794577,
    -0.977661253006907,
    -0.9776662795324299,
    -0.9776713307064394,
    -0.9776764063793261,
    -0.9776815064014588,
    -0.9776866306231887,
    -0.9776917788948517,
    -0.9776969510667648,
    -0.9777021469892234,
    -0.9777073665125013,
    -0.9777126094868541,
    -0.9777178757625197,
    -0.9777231651897167,
    -0.9777284776186431,
    -0.9777338128994739,
    -0.9777391708823596,
    -0.9777445514174263,
    -0.977749954354774,
    -0.9777553795444786,
    -0.9777608268365894,
    -0.9777662960811274,
    -0.977771787128083,
    -0.9777772998274202,
    -0.9777828340290838,
    -0.9777883895830027,
    -0.9777939663390925,
    -0.9777995641472558,
    -0.9778051828573816,
    -0.9778108223193474,
    -0.9778164823830192,
    -0.9778221628982511,
    -0.9778278637148814,
    -0.9778335846827333,
    -0.9778393256516137,
    -0.9778450864713127,
    -0.9778508669916023,
    -0.9778566670622347,
    -0.9778624865329466,
    -0.9778683252534641,
    -0.9778741830735058,
    -0.9778800598427841,
    -0.9778859554110024,
    -0.9778918696278507,
    -0.9778978023430039,
    -0.9779037534061239,
    -0.9779097226668604,
    -0.9779157099748532,
    -0.9779217151797341,
    -0.977927738131126,
    -0.9779337786786443,
    -0.9779398366718962,
    -0.9779459119604788,
    -0.9779520043939784,
    -0.9779581138219714,
    -0.9779642400940256,
    -0.9779703830597024,
    -0.9779765425685584,
    -0.977982718470146,
    -0.9779889106140117,
    -0.9779951188496974,
    -0.9780013430267377,
    -0.9780075829946606,
    -0.9780138386029883,
    -0.9780201097012383,
    -0.9780263961389235,
    -0.9780326977655533,
    -0.9780390144306341,
    -0.9780453459836694,
    -0.9780516922741599,
    -0.9780580531516027,
    -0.9780644284654912,
    -0.9780708180653154,
    -0.9780772218005609,
    -0.9780836395207099,
    -0.97809007107524,
    -0.978096516313626,
    -0.9781029750853386,
    -0.9781094472398454,
    -0.9781159326266097,
    -0.9781224310950912,
    -0.9781289424947457,
    -0.9781354666750243,
    -0.9781420034853748,
    -0.9781485527752419,
    -0.9781551143940646,
    -0.9781616881912785,
    -0.9781682740163142,
    -0.9781748717185993,
    -0.9781814811475583,
    -0.9781881021526115,
    -0.9781947345831735,
    -0.9782013782886526,
    -0.9782080331184517,
    -0.978214698921968,
    -0.9782213755485923,
    -0.9782280628477088,
    -0.9782347606686943,
    -0.9782414688609181,
    -0.9782481872737424,
    -0.9782549157565233,
    -0.9782616541586102,
    -0.9782684023293463,
    -0.9782751601180693,
    -0.9782819273741113,
    -0.9782887039467983,
    -0.9782954896854477,
    -0.9783022844393681,
    -0.9783090880578598,
    -0.9783159003902148,
    -0.9783227212857182,
    -0.9783295505936471,
    -0.9783363881632692,
    -0.9783432338438397,
    -0.9783500874846025,
    -0.9783569489347911,
    -0.9783638180436304,
    -0.978370694660338,
    -0.9783775786341234,
    -0.9783844698141871,
    -0.9783913680497199,
    -0.9783982731899035,
    -0.9784051850839094,
    -0.9784121035809001,
    -0.9784190285300276,
    -0.9784259597804328,
    -0.9784328971812468,
    -0.9784398405815915,
    -0.9784467898305795,
    -0.9784537447773121,
    -0.9784607052708773,
    -0.9784676711603497,
    -0.9784746422947926,
    -0.9784816185232568,
    -0.9784885996947813,
    -0.9784955856583946,
    -0.9785025762631109,
    -0.9785095713579297,
    -0.9785165707918358,
    -0.9785235744137989,
    -0.9785305820727739,
    -0.978537593617701,
    -0.9785446088975045,
    -0.9785516277610922,
    -0.9785586500573537,
    -0.9785656756351611,
    -0.978572704343369,
    -0.9785797360308146,
    -0.9785867705463159,
    -0.9785938077386723,
    -0.9786008474566623,
    -0.9786078895490441,
    -0.9786149338645562,
    -0.978621980251918,
    -0.9786290285598312,
    -0.9786360786369784,
    -0.9786431303320244,
    -0.9786501834936157,
    -0.9786572379703797,
    -0.9786642936109262,
    -0.9786713502638456,
    -0.9786784077777102,
    -0.9786854660010742,
    -0.9786925247824748,
    -0.9786995839704324,
    -0.9787066434134517,
    -0.978713702960021,
    -0.978720762458613,
    -0.978727821757685,
    -0.9787348807056785,
    -0.9787419391510205,
    -0.9787489969421228,
    -0.9787560539273839,
    -0.9787631099551883,
    -0.978770164873908,
    -0.9787772185319014,
    -0.9787842707775141,
    -0.978791321459079,
    -0.9787983704249167,
    -0.978805417523335,
    -0.9788124626026303,
    -0.9788195055110865,
    -0.9788265460969768,
    -0.978833584208561,
    -0.9788406196940879,
    -0.9788476524017937,
    -0.978854682179904,
    -0.9788617088766333,
    -0.9788687323401863,
    -0.9788757524187565,
    -0.9788827689605263,
    -0.9788897818136677,
    -0.9788967908263435,
    -0.9789037958467077,
    -0.9789107967229032,
    -0.9789177933030617,
    -0.9789247854353047,
    -0.9789317729677425,
    -0.9789387557484746,
    -0.9789457336255897,
    -0.9789527064471673,
    -0.9789596740612768,
    -0.978966636315978,
    -0.9789735930593196,
    -0.9789805441393403,
    -0.9789874894040698,
    -0.9789944287015274,
    -0.9790013618797245,
    -0.9790082887866641,
    -0.9790152092703441,
    -0.9790221231787576,
    -0.9790290303598939,
    -0.9790359306617392,
    -0.9790428239322795,
    -0.979049710019501,
    -0.9790565887713915,
    -0.9790634600359389,
    -0.9790703236611323,
    -0.979077179494964,
    -0.979084027385428,
    -0.9790908671805206,
    -0.979097698728241,
    -0.9791045218765931,
    -0.979111336473589,
    -0.9791181423672501,
    -0.9791249394056055,
    -0.979131727436692,
    -0.979138506308556,
    -0.9791452758692586,
    -0.9791520359668748,
    -0.9791587864494924,
    -0.9791655271652068,
    -0.9791722579621178,
    -0.9791789786883259,
    -0.9791856891919314,
    -0.9791923893210359,
    -0.9791990789237418,
    -0.9792057578481536,
    -0.9792124259423798,
    -0.9792190830545338,
    -0.9792257290327328,
    -0.9792323637250945,
    -0.9792389869797332,
    -0.9792455986447611,
    -0.9792521985682905,
    -0.9792587865984351,
    -0.9792653625833089,
    -0.9792719263710257,
    -0.9792784778096985,
    -0.9792850167474397,
    -0.9792915430323647,
    -0.9792980565125949,
    -0.9793045570362587,
    -0.9793110444514905,
    -0.9793175186064335,
    -0.9793239793492383,
    -0.9793304265280568,
    -0.9793368599910375,
    -0.9793432795863247,
    -0.9793496851620602,
    -0.9793560765663865,
    -0.9793624536474498,
    -0.9793688162533963,
    -0.9793751642323627,
    -0.979381497432472,
    -0.9793878157018345,
    -0.9793941188885494,
    -0.9794004068407011,
    -0.9794066794063584,
    -0.9794129364335763,
    -0.9794191777703988,
    -0.9794254032648645,
    -0.979431612765005,
    -0.9794378061188418,
    -0.9794439831743825,
    -0.9794501437796259,
    -0.9794562877825613,
    -0.9794624150311624,
    -0.9794685253733819,
    -0.979474618657159,
    -0.9794806947304309,
    -0.9794867534411321,
    -0.9794927946371876,
    -0.9794988181665119,
    -0.9795048238770183,
    -0.9795108116166368,
    -0.9795167812333092,
    -0.9795227325749655,
    -0.9795286654895118,
    -0.9795345798248429,
    -0.9795404754288516,
    -0.9795463521494204,
    -0.9795522098344173,
    -0.9795580483317069,
    -0.979563867489168,
    -0.9795696671547012,
    -0.9795754471762177,
    -0.9795812074016264,
    -0.9795869476788391,
    -0.9795926678557809,
    -0.9795983677803807,
    -0.9796040473005608,
    -0.979609706264232,
    -0.9796153445192922,
    -0.9796209619136421,
    -0.9796265582952104,
    -0.9796321335119589,
    -0.9796376874118479,
    -0.9796432198428006,
    -0.9796487306526878,
    -0.9796542196893465,
    -0.9796596868006078,
    -0.9796651318343167,
    -0.9796705546383312,
    -0.9796759550605117,
    -0.9796813329487164,
    -0.9796866881507986,
    -0.9796920205145997,
    -0.9796973298879402,
    -0.9797026161186191,
    -0.9797078790544286,
    -0.9797131185431895,
    -0.9797183344327778,
    -0.9797235265711073,
    -0.9797286948060987,
    -0.9797338389856742,
    -0.9797389589577633,
    -0.979744054570307,
    -0.9797491256712743,
    -0.979754172108673,
    -0.9797591937305298,
    -0.9797641903848706,
    -0.97976916191975,
    -0.979774108183299,
    -0.9797790290237358,
    -0.9797839242893206,
    -0.9797887938283054,
    -0.9797936374889161,
    -0.9797984551193478,
    -0.9798032465677561,
    -0.9798080116822513,
    -0.9798127503109011,
    -0.9798174623017397,
    -0.9798221475027825,
    -0.9798268057620488,
    -0.9798314369275952,
    -0.9798360408475245,
    -0.9798406173699633,
    -0.9798451663430546,
    -0.9798496876149845,
    -0.9798541810339969,
    -0.9798586464483778,
    -0.9798630837064405,
    -0.9798674926565295,
    -0.9798718731470417,
    -0.9798762250264129,
    -0.9798805481430636,
    -0.9798848423453588,
    -0.9798891074816032,
    -0.9798933434000373,
    -0.9798975499488554,
    -0.9799017269762375,
    -0.9799058743303541,
    -0.9799099918593336,
    -0.9799140794112297,
    -0.9799181368340117,
    -0.9799221639755774,
    -0.9799261606837862,
    -0.9799301268065292,
    -0.9799340621917951,
    -0.9799379666876791,
    -0.9799418401423282,
    -0.9799456824038743,
    -0.9799494933204143,
    -0.979953272740057,
    -0.9799570205109697,
    -0.979960736481373,
    -0.9799644204995243,
    -0.9799680724137234,
    -0.9799716920722895,
    -0.9799752793234905,
    -0.9799788340154889,
    -0.9799823559963592,
    -0.9799858451141811,
    -0.9799893012171578,
    -0.9799927241536873,
    -0.9799961137723392,
    -0.9799994699217779,
    -0.9800027924507229,
    -0.9800060812079576,
    -0.9800093360423233,
    -0.9800125568026848,
    -0.9800157433379237,
    -0.9800188954969816,
    -0.9800220131288823,
    -0.980025096082711,
    -0.9800281442076022,
    -0.9800311573527314,
    -0.9800341353673085,
    -0.980037078100587,
    -0.9800399854018627,
    -0.9800428571204451,
    -0.9800456931056065,
    -0.980048493206551,
    -0.9800512572724356,
    -0.9800539851524009,
    -0.980056676695591,
    -0.9800593317511846,
    -0.9800619501684029,
    -0.9800645317965011,
    -0.9800670764847844,
    -0.9800695844524752,
    -0.9800720559188532,
    -0.9800744911032553,
    -0.9800768902250759,
    -0.980079253503728,
    -0.9800815811586059,
    -0.9800838734090768,
    -0.9800861304744505,
    -0.9800883525739346,
    -0.9800905399266475,
    -0.9800926927516962,
    -0.9800948112682725,
    -0.9800968956957287,
    -0.9800989462535539,
    -0.9801009631612821,
    -0.9801029466384393,
    -0.9801048969045429,
    -0.9801068141791456,
    -0.9801086986818939,
    -0.9801105506325034,
    -0.9801123702506783,
    -0.9801141577560943,
    -0.9801159133684286,
    -0.9801176373073158,
    -0.9801193297922414,
    -0.9801209910424724,
    -0.9801226212770877,
    -0.9801242207150717,
    -0.98012578957537,
    -0.9801273280769041,
    -0.980128836438604,
    -0.9801303148794502,
    -0.980131763618477,
    -0.9801331828747448,
    -0.9801345728672909,
    -0.9801359338150949,
    -0.9801372659371065,
    -0.9801385694522966,
    -0.980139844579638,
    -0.9801410915380243,
    -0.9801423105462456,
    -0.9801435018230467,
    -0.9801446655872292,
    -0.9801458020577579,
    -0.9801469114538052,
    -0.9801479939946948,
    -0.980149049899792,
    -0.9801500793884023,
    -0.9801510826797174,
    -0.9801520599928241,
    -0.9801530115467348,
    -0.9801539375604067,
    -0.98015483825277,
    -0.9801557138427626,
    -0.980156564549305,
    -0.9801573905912344,
    -0.9801581921872727,
    -0.9801589695560455,
    -0.9801597229161157,
    -0.9801604524859958,
    -0.9801611584841267,
    -0.9801618411288642,
    -0.9801625006385053,
    -0.9801631372313548,
    -0.9801637511257822,
    -0.9801643425402289,
    -0.9801649116931793,
    -0.9801654588031437,
    -0.9801659840886553,
    -0.9801664877682488,
    -0.9801669700604282,
    -0.9801674311836656,
    -0.9801678713564312,
    -0.9801682907972008,
    -0.9801686897244288,
    -0.9801690683565258,
    -0.980169426911844,
    -0.9801697656086497,
    -0.9801700846651183,
    -0.9801703842993609,
    -0.9801706647294371,
    -0.9801709261733453,
    -0.980171168849025,
    -0.9801713929743784,
    -0.9801715987672975,
    -0.9801717864456692,
    -0.9801719562273579,
    -0.9801721083301922,
    -0.9801722429719754,
    -0.9801723603704913,
    -0.9801724607434961,
    -0.9801725443087149,
    -0.9801726112838516,
    -0.9801726618866005,
    -0.980172696334654,
    -0.9801727148457079,
    -0.9801727176374648,
    -0.9801727049276301,
    -0.9801726769338999,
    -0.9801726338739573,
    -0.9801725759654776,
    -0.9801725034261265,
    -0.9801724164735326,
    -0.9801723153252032,
    -0.9801722001984198,
    -0.9801720713101801,
    -0.9801719288772185,
    -0.9801717731160958,
    -0.9801716042433087,
    -0.9801714224753519,
    -0.9801712280287352,
    -0.9801710211199904,
    -0.9801708019656724,
    -0.9801705707823454,
    -0.9801703277865741,
    -0.9801700731949297,
    -0.9801698072240025,
    -0.9801695300904061,
    -0.9801692420107698,
    -0.9801689432017282,
    -0.9801686338799247,
    -0.9801683142620209,
    -0.9801679845647021,
    -0.9801676450046755,
    -0.9801672957986588,
    -0.9801669371633641,
    -0.9801665693154898,
    -0.9801661924717231,
    -0.9801658068487457,
    -0.9801654126632418,
    -0.9801650101319058,
    -0.980164599471448,
    -0.9801641808986035,
    -0.9801637546301352,
    -0.9801633208828349,
    -0.9801628798735319,
    -0.9801624318190963,
    -0.9801619769364343,
    -0.9801615154424835,
    -0.9801610475542102,
    -0.9801605734886027,
    -0.9801600934626711,
    -0.9801596076934548,
    -0.9801591163980318,
    -0.980158619793523,
    -0.9801581180970841,
    -0.9801576115258952,
    -0.980157100297158,
    -0.9801565846281036,
    -0.9801560647359854,
    -0.9801555408380609,
    -0.9801550131515899,
    -0.9801544818938451,
    -0.9801539472821131,
    -0.9801534095336919,
    -0.9801528688658938,
    -0.980152325496052,
    -0.9801517796415177,
    -0.9801512315196527,
    -0.9801506813478237,
    -0.9801501293434076,
    -0.9801495757238051,
    -0.9801490207064555,
    -0.9801484645088346,
    -0.9801479073484466,
    -0.9801473494428166,
    -0.9801467910094843,
    -0.980146232265992,
    -0.9801456734298785,
    -0.980145114718681,
    -0.9801445563499321,
    -0.9801439985411571,
    -0.9801434415098831,
    -0.9801428854736483,
    -0.9801423306500029,
    -0.9801417772565026,
    -0.9801412255107032,
    -0.9801406756301556,
    -0.9801401278324042,
    -0.9801395823349861,
    -0.9801390393554329,
    -0.9801384991112724,
    -0.980137961820034,
    -0.9801374276992536,
    -0.9801368969664752,
    -0.9801363698392466,
    -0.9801358465351124,
    -0.9801353272716145,
    -0.9801348122662945,
    -0.9801343017366945,
    -0.9801337959003533,
    -0.9801332949748092,
    -0.9801327991776034,
    -0.9801323087262906,
    -0.9801318238384445,
    -0.9801313447316616,
    -0.9801308716235532,
    -0.9801304047317302,
    -0.9801299442737973,
    -0.9801294904673582,
    -0.9801290435300227,
    -0.9801286036794044,
    -0.9801281711331162,
    -0.9801277461087714,
    -0.9801273288239849,
    -0.9801269194963798,
    -0.9801265183435859,
    -0.9801261255832354,
    -0.9801257414329623,
    -0.9801253661104053,
    -0.9801249998332123,
    -0.9801246428190378,
    -0.9801242952855419,
    -0.9801239574503874,
    -0.9801236295312372,
    -0.9801233117457551,
    -0.9801230043116064,
    -0.980122707446459,
    -0.98012242136798,
    -0.9801221462938339,
    -0.9801218824416826,
    -0.9801216300291886,
    -0.9801213892740188,
    -0.98012116039385,
    -0.9801209436063667,
    -0.9801207391292562,
    -0.9801205471802031,
    -0.9801203679768906,
    -0.9801202017370044,
    -0.9801200486782332,
    -0.9801199090182657,
    -0.9801197829747907,
    -0.9801196707655013,
    -0.9801195726080956,
    -0.9801194887202761,
    -0.9801194193197469,
    -0.9801193646242111,
    -0.9801193248513701,
    -0.9801193002189256,
    -0.9801192909445804,
    -0.9801192972460389,
    -0.9801193193410037,
    -0.980119357447175,
    -0.980119411782254,
    -0.9801194825639465,
    -0.9801195700099644,
    -0.9801196743380228,
    -0.9801197957658395,
    -0.9801199345111364,
    -0.9801200907916398,
    -0.9801202648250797,
    -0.98012045682919,
    -0.980120667021706,
    -0.980120895620366,
    -0.9801211428429141,
    -0.9801214089071009,
    -0.9801216940306811,
    -0.9801219984314097,
    -0.9801223223270409,
    -0.9801226659353309,
    -0.9801230294740402,
    -0.9801234131609347,
    -0.980123817213783,
    -0.9801242418503571,
    -0.9801246872884315,
    -0.9801251537457831,
    -0.980125641440189,
    -0.9801261505894245,
    -0.9801266814112646,
    -0.9801272341234821,
    -0.9801278089438507,
    -0.9801284060901454,
    -0.9801290257801436,
    -0.9801296682316247,
    -0.9801303336623725,
    -0.9801310222901759,
    -0.9801317343328291,
    -0.9801324700081289,
    -0.9801332295338729,
    -0.980134013127862,
    -0.9801348210078986,
    -0.9801356533917891,
    -0.9801365104973446,
    -0.9801373925423807,
    -0.9801382997447166,
    -0.9801392323221736,
    -0.9801401904925763,
    -0.9801411744737537,
    -0.9801421844835412,
    -0.9801432207397814,
    -0.9801442834603225,
    -0.9801453728630158,
    -0.9801464891657199,
    -0.9801476325862989,
    -0.9801488033426213,
    -0.9801500016525597,
    -0.9801512277339905,
    -0.9801524818047946,
    -0.9801537640828568,
    -0.9801550747860659,
    -0.9801564141323151,
    -0.9801577823395025,
    -0.9801591796255295,
    -0.9801606062083028,
    -0.9801620623057341,
    -0.9801635481357396,
    -0.9801650639162374,
    -0.9801666098651466,
    -0.9801681862003854,
    -0.98016979313987,
    -0.9801714309015146,
    -0.9801730997032332,
    -0.9801747997629394,
    -0.9801765312985465,
    -0.9801782945279668,
    -0.9801800896691124,
    -0.9801819169398942,
    -0.9801837765582235,
    -0.9801856687420119,
    -0.98018759370917,
    -0.9801895516776076,
    -0.9801915428652331,
    -0.9801935674899562,
    -0.9801956257696899,
    -0.9801977179223516,
    -0.9801998441658623,
    -0.9802020047181454,
    -0.9802041997971264,
    -0.980206429620729,
    -0.9802086944068775,
    -0.9802109943734986,
    -0.9802133297385212,
    -0.9802157007198752,
    -0.9802181075354905,
    -0.9802205504032998,
    -0.9802230295412416,
    -0.9802255451672599,
    -0.9802280974993016,
    -0.980230686755317,
    -0.9802333131532581,
    -0.980235976911079,
    -0.9802386782467335,
    -0.9802414173781746,
    -0.9802441945233544,
    -0.9802470099002248,
    -0.9802498637267382,
    -0.9802527562208483,
    -0.9802556876005112,
    -0.9802586580836858,
    -0.980261667888333,
    -0.9802647172324171,
    -0.9802678063339065,
    -0.9802709354107737,
    -0.980274104680994,
    -0.9802773143625461,
    -0.9802805646734125,
    -0.9802838558315817,
    -0.9802871880550489,
    -0.9802905615618154,
    -0.9802939765698881,
    -0.9802974332972775,
    -0.9803009319619962,
    -0.9803044727820583,
    -0.9803080559754812,
    -0.9803116817602867,
    -0.980315350354502,
    -0.9803190619761568,
    -0.9803228168432835,
    -0.9803266151739167,
    -0.9803304571860917,
    -0.980334343097843,
    -0.9803382731272047,
    -0.9803422474922107,
    -0.9803462664108933,
    -0.9803503301012811,
    -0.9803544387813967,
    -0.9803585926692554,
    -0.9803627919828647,
    -0.9803670369402248,
    -0.9803713277593286,
    -0.9803756646581601,
    -0.980380047854694,
    -0.9803844775668948,
    -0.9803889540127168,
    -0.9803934774101031,
    -0.9803980479769863,
    -0.9804026659312886,
    -0.9804073314909229,
    -0.9804120448737913,
    -0.9804168062977842,
    -0.9804216159807804,
    -0.9804264741406469,
    -0.9804313809952401,
    -0.9804363367624054,
    -0.9804413416599753,
    -0.980446395905769,
    -0.9804514997175919,
    -0.9804566533132361,
    -0.9804618569104808,
    -0.9804671107270934,
    -0.9804724149808282,
    -0.9804777698894291,
    -0.9804831756706293,
    -0.980488632542152,
    -0.9804941407217116,
    -0.9804997004270111,
    -0.9805053118757433,
    -0.9805109752855897,
    -0.9805166908742202,
    -0.9805224588592936,
    -0.980528279458457,
    -0.9805341528893453,
    -0.9805400793695807,
    -0.9805460591167728,
    -0.9805520923485198,
    -0.9805581792824074,
    -0.9805643201360089,
    -0.9805705151268826,
    -0.9805767644725741,
    -0.9805830683906205,
    -0.9805894270985553,
    -0.9805958408139102,
    -0.9806023097542151,
    -0.9806088341369997,
    -0.9806154141797925,
    -0.9806220501001235,
    -0.980628742115526,
    -0.9806354904435367,
    -0.980642295301698,
    -0.9806491569075568,
    -0.9806560754786636,
    -0.9806630512325699,
    -0.980670084386829,
    -0.9806771751589956,
    -0.9806843237666217,
    -0.9806915304272542,
    -0.9806987953584373,
    -0.9807061187777198,
    -0.9807135009026574,
    -0.9807209419508116,
    -0.9807284421397532,
    -0.9807360016870674,
    -0.9807436208103568,
    -0.9807512997272375,
    -0.9807590386553369,
    -0.9807668378122927,
    -0.9807746974157554,
    -0.9807826176833918,
    -0.9807905988328862,
    -0.9807986410819436,
    -0.9808067446482894,
    -0.980814909749669,
    -0.9808231366038469,
    -0.9808314254286057,
    -0.9808397764417455,
    -0.9808481898610852,
    -0.9808566659044642,
    -0.9808652047897415,
    -0.9808738067347937,
    -0.9808824719575175,
    -0.9808912006758341,
    -0.9808999931076915,
    -0.9809088494710643,
    -0.9809177699839547,
    -0.980926754864396,
    -0.9809358043304528,
    -0.9809449186002218,
    -0.9809540978918314,
    -0.9809633424234446,
    -0.9809726524132582,
    -0.9809820280795029,
    -0.9809914696404419,
    -0.9810009773143719,
    -0.9810105513196241,
    -0.981020191874565,
    -0.9810298991975934,
    -0.9810396735071435,
    -0.9810495150216869,
    -0.9810594239597326,
    -0.9810694005398253,
    -0.9810794449805437,
    -0.9810895575004995,
    -0.9810997383183354,
    -0.9811099876527197,
    -0.9811203057223401,
    -0.9811306927458947,
    -0.9811411489420822,
    -0.9811516745295927,
    -0.9811622697271023,
    -0.9811729347532656,
    -0.9811836698267073,
    -0.9811944751660141,
    -0.9812053509897237,
    -0.9812162975163163,
    -0.9812273149642029,
    -0.9812384035517129,
    -0.9812495634970784,
    -0.9812607950184188,
    -0.981272098333727,
    -0.9812834736608556,
    -0.9812949205802451,
    -0.9813064386721676,
    -0.9813180275167114,
    -0.9813296866937669,
    -0.9813414157830168,
    -0.9813532143639292,
    -0.9813650820157535,
    -0.981377018317521,
    -0.9813890228480465,
    -0.981401095185933,
    -0.9814132349095854,
    -0.9814254415972288,
    -0.9814377148269258,
    -0.9814500541766018,
    -0.9814624592240813,
    -0.9814749295471323,
    -0.9814874647235146,
    -0.9815000643310359,
    -0.9815127279476143,
    -0.9815254551513417,
    -0.9815382455205419,
    -0.9815510986338162,
    -0.9815640140700771,
    -0.9815769914085986,
    -0.9815900302290804,
    -0.9816031301116936,
    -0.9816162906371021,
    -0.9816295113864891,
    -0.9816427919415845,
    -0.9816561318846818,
    -0.9816695307986227,
    -0.9816829882667508,
    -0.9816965038728481,
    -0.9817100772010631,
    -0.9817237078358166,
    -0.9817373953617072,
    -0.9817511393634177,
    -0.9817649394255963,
    -0.9817787951327047,
    -0.9817927060688483,
    -0.9818066718175984,
    -0.9818206919618091,
    -0.9818347660834533,
    -0.9818488937634795,
    -0.9818630745816337,
    -0.9818773081162314,
    -0.9818915939439661,
    -0.981905931639811,
    -0.9819203207769361,
    -0.9819347609265602,
    -0.9819492516578481,
    -0.9819637925379857,
    -0.9819783831323525,
    -0.9819930230046929,
    -0.982007711717417,
    -0.9820224488320985,
    -0.9820372339100694,
    -0.9820520665131076,
    -0.9820669462043009,
    -0.9820818725490277,
    -0.9820968451158618,
    -0.9821118634772672,
    -0.9821269272101205,
    -0.9821420358961129,
    -0.9821571891219454,
    -0.9821723864791931,
    -0.982187627563797,
    -0.9822029119752179,
    -0.9822182393154121,
    -0.9822336091878361,
    -0.9822490211965794,
    -0.9822644749455609,
    -0.982279970037808,
    -0.9822955060749657,
    -0.9823110826570751,
    -0.9823266993825118,
    -0.9823423558479977,
    -0.9823580516486772,
    -0.982373786378251,
    -0.9823895596291418,
    -0.982405370992663,
    -0.9824212200591624,
    -0.9824371064181077,
    -0.9824530296581202,
    -0.9824689893669937,
    -0.9824849851317103,
    -0.982501016538459,
    -0.9825170831726419,
    -0.9825331846188792,
    -0.9825493204610262,
    -0.9825654902822046,
    -0.9825816936648415,
    -0.9825979301907157,
    -0.982614199441009,
    -0.9826305009963515,
    -0.9826468344368698,
    -0.9826631993422421,
    -0.9826795952917589,
    -0.9826960218643764,
    -0.9827124786387611,
    -0.9827289651933281,
    -0.9827454811062815,
    -0.9827620259556479,
    -0.9827785993193066,
    -0.9827952007750077,
    -0.9828118299003842,
    -0.9828284862729568,
    -0.9828451694701366
]