[
    -0.49882014576246936,
    -0.49875627893817515,
    -0.5096734647068977,
    -0.5093723442003767,
    -0.5090770916996847,
    -0.508787547290837,
    -0.5085035555155172,
    -0.5082249652462684,
    -0.5079516295651962,
    -0.5076834056460835,
    -0.5074201546398232,
    -0.5071617415630714,
    -0.5069080351900306,
    -0.5066589079472721,
    -0.506414235811515,
    -0.5061738982102791,
    -0.5059377779253227,
    -0.5057057609987885,
    -0.5054777366419908,
    -0.5052535971467724,
    -0.5050332377993562,
    -0.5048165567966139,
    -0.5046034551646852,
    -0.5043938366798847,
    -0.5041876077918311,
    -0.5039846775487318,
    -0.5037849575247593,
    -0.5035883617494594,
    -0.5033948066391486,
    -0.5032042109302428,
    -0.5030164956144666,
    -0.5028315838758797,
    -0.5026494010296728,
    -0.50246987446268,
    -0.5022929335755579,
    -0.5021185097265888,
    -0.5019465361770576,
    -0.5017769480381654,
    -0.5016096822194375,
    -0.5014446773785814,
    -0.5012818738727481,
    -0.5011212137111546,
    -0.5009626405090433,
    -0.5008060994429397,
    -0.500651537207158,
    -0.5004989019715066,
    -0.5003481433401578,
    -0.5001992123116712,
    -0.5000520612401513,
    -0.49990664379750527,
    -0.49976291493675196,
    -0.49962083085634945,
    -0.4994803489655324,
    -0.4993414278506233,
    -0.49920402724226215,
    -0.49906810798353474,
    -0.4989336319990038,
    -0.4988005622646193,
    -0.4986688627784642,
    -0.49853849853233245,
    -0.49840943548414873,
    -0.49828164053117185,
    -0.49815508148385323,
    -0.49802972704020165,
    -0.4979055467606555,
    -0.4977825110436742,
    -0.4976605911020991,
    -0.4975397589400822,
    -0.4974199873304764,
    -0.49730124979278634,
    -0.49718352057178083,
    -0.4970667746169073,
    -0.4969509875626561,
    -0.49683613570939306,
    -0.4967221960033586,
    -0.4966091460148207,
    -0.49649696391449016,
    -0.4963856284486233,
    -0.4962751189126069,
    -0.49616541512348267,
    -0.4960564973921637,
    -0.49594834649546043,
    -0.49584094366041465,
    -0.4957342705777265,
    -0.4956283093966567,
    -0.49552304260752383,
    -0.4954184527804118,
    -0.4953145220538203,
    -0.4952112307672418,
    -0.4951085517609147,
    -0.4950063530071615,
    -0.4948728501818739,
    -0.4946776644530616,
    -0.4944549139788198,
    -0.4942373624438153,
    -0.4940248670219632,
    -0.4938172662017652,
    -0.493614361077058,
    -0.49339975516126083,
    -0.4931577569818346,
    -0.492905716566644,
    -0.4926603123692752,
    -0.4924213675840694,
    -0.4921886927642259,
    -0.4919620995073441,
    -0.4917414034147052,
    -0.49152642498172855,
    -0.49131698987011824,
    -0.4911129288511452,
    -0.4909140776012833,
    -0.4907202765125384,
    -0.49053137054207085,
    -0.4903472090743918,
    -0.49016764578801275,
    -0.4899925385347278,
    -0.48982174923787997,
    -0.48965514380078495,
    -0.4894925920133464,
    -0.4893339674551122,
    -0.48917914739753965,
    -0.4890280127051887,
    -0.4888804477355772,
    -0.48873634024034057,
    -0.48859558127010916,
    -0.48845806508287415,
    -0.48832368905465184,
    -0.4881923535919664,
    -0.4880639620461544,
    -0.4879384206296737,
    -0.4878156383347244,
    -0.48769552685427275,
    -0.48757800050525046,
    -0.48746297615377593,
    -0.4873503731422966,
    -0.48724011321849564,
    -0.4871321204661791,
    -0.48702632123846473,
    -0.48692264409303315,
    -0.48682101972912933,
    -0.4867213809263121,
    -0.4866236624849122,
    -0.4865278011681277,
    -0.48643373564575687,
    -0.486341406439527,
    -0.4862507558699537,
    -0.48616172800469803,
    -0.48607426860838443,
    -0.4859883250938342,
    -0.48590384647469825,
    -0.48582078331944417,
    -0.4857390877066162,
    -0.48565871318130627,
    -0.4855796147128352,
    -0.4855017486536714,
    -0.48542507269956825,
    -0.48534954585085943,
    -0.48527512837485043,
    -0.4852017817692602,
    -0.485129468726689,
    -0.48505815310010203,
    -0.48498779986929585,
    -0.484918375108311,
    -0.4848498459537581,
    -0.4847821805740455,
    -0.4847153481394877,
    -0.4846493187932644,
    -0.4845840636232086,
    -0.4845195546343998,
    -0.4844557647225339,
    -0.4843926676480452,
    -0.48433023801096786,
    -0.4842684512265134,
    -0.4842072835013435,
    -0.4841467118105111,
    -0.48408671387505914,
    -0.48402726814026076,
    -0.4839683537544808,
    -0.48390995054864117,
    -0.48385203901626567,
    -0.48379460029408006,
    -0.48373761614316163,
    -0.4836810689306435,
    -0.48362494161195474,
    -0.48356921771356554,
    -0.4835138813162179,
    -0.4834589170386391,
    -0.4834043100217256,
    -0.4833500459131751,
    -0.4832961108525541,
    -0.48324249145679105,
    -0.4831891748060892,
    -0.48313614843024427,
    -0.4830834002953561,
    -0.4830309187909181,
    -0.4829786927172733,
    -0.48292671127342796,
    -0.4828749640452163,
    -0.48282344099380625,
    -0.482772132444536,
    -0.48272102907606756,
    -0.4826701219098499,
    -0.4826194022998854,
    -0.48256886192279036,
    -0.4825184927681442,
    -0.4824682871291157,
    -0.48241823759335783,
    -0.482368337034163,
    -0.4823185786018743,
    -0.4822689557155402,
    -0.482219462054807,
    -0.4821700915520483,
    -0.48212083838472597,
    -0.4820716969679711,
    -0.482022661947378,
    -0.4819737281920071,
    -0.48192489078758904,
    -0.4818761450299255,
    -0.48182748641848044,
    -0.48177891065015804,
    -0.48173041361326013,
    -0.4816819913816183,
    -0.48163364020889593,
    -0.48158535652305645,
    -0.48153713692099337,
    -0.48148897816331293,
    -0.48144087716927,
    -0.48139283101184965,
    -0.4813448369129923,
    -0.4812968922389561,
    -0.48124899449581704,
    -0.48120114132509917,
    -0.48115333049953285,
    -0.48110555991893494,
    -0.4810578276062109,
    -0.48101013170347334,
    -0.48096247046827423,
    -0.48091484226994785,
    -0.48086724558606053,
    -0.4808196789989639,
    -0.48077214119244727,
    -0.48072463094849,
    -0.48067714714410853,
    -0.48062968874829703,
    -0.48058225481905686,
    -0.48053484450051426,
    -0.480487457020124,
    -0.4804400916859538,
    -0.4803927478840505,
    -0.4803454250758837,
    -0.480298122795866,
    -0.48025084064894447,
    -0.480203578308265,
    -0.48015633551290265,
    -0.48010911206566265,
    -0.48006190783094443,
    -0.480014722732672,
    -0.4799675567522849,
    -0.4799204099267874,
    -0.4798732823468571,
    -0.47982617415501067,
    -0.4797790855438245,
    -0.4797320167542081,
    -0.47968496807372946,
    -0.47963793983499053,
    -0.4795909324140524,
    -0.4795439462289059,
    -0.4794969817379904,
    -0.4794500394387561,
    -0.4794031198662701,
    -0.4793562235918643,
    -0.4793093512218245,
    -0.47926250339612025,
    -0.4792156807871726,
    -0.47916888409865876,
    -0.4791221140643538,
    -0.47907537144700796,
    -0.4790286570372577,
    -0.4789819716525713,
    -0.47893531613622625,
    -0.478888691356319,
    -0.4788420982048043,
    -0.47879553759656385,
    -0.47874901046850393,
    -0.47870251777868,
    -0.4786560605054484,
    -0.47860963964664227,
    -0.4785632562187751,
    -0.47851691125626894,
    -0.47847060581070955,
    -0.4784243409501235,
    -0.4783781177582787,
    -0.4783319373340059,
    -0.4782858007905421,
    -0.47823970925489495,
    -0.4781936638672275,
    -0.4781476657802628,
    -0.47810171615870733,
    -0.4780558161786928,
    -0.4780099670272352,
    -0.4779641699017119,
    -0.4779184260093559,
    -0.47787273656676665,
    -0.477827102799435,
    -0.47778152594128537,
    -0.4777360072342326,
    -0.47769054792775273,
    -0.477645149278469,
    -0.47759981254974904,
    -0.47755453901131784,
    -0.4775093299388826,
    -0.4774641866137716,
    -0.4774191103225824,
    -0.4773741023568449,
    -0.47732916401269376,
    -0.4772842965905524,
    -0.477239501394828,
    -0.47719477973361685,
    -0.47715013291841973,
    -0.477105562263867,
    -0.47706106908745405,
    -0.477016654709284,
    -0.47697232045182003,
    -0.4769280676396471,
    -0.47688389759924227,
    -0.4768398116587532,
    -0.4767958111477844,
    -0.4767518973971912,
    -0.47670807173888075,
    -0.47666433550562065,
    -0.476620690030855,
    -0.4765771366485273,
    -0.4765336766929086,
    -0.4764903114984334,
    -0.47644704239954183,
    -0.47640387073052715,
    -0.4763607978253888,
    -0.47631782501769154,
    -0.47627495364043015,
    -0.4762321850258986,
    -0.47618952050556623,
    -0.4761469614099565,
    -0.4761045090685321,
    -0.476062164809584,
    -0.4760199299601256,
    -0.47597780584578825,
    -0.4759357937907194,
    -0.47589389511748675,
    -0.4758521111469885,
    -0.4758104431983686,
    -0.4757688925889338,
    -0.4757274606340755,
    -0.4756861486471943,
    -0.47564495793962863,
    -0.47560388982058727,
    -0.47556294559708506,
    -0.4755221265738813,
    -0.4754814340534219,
    -0.4754408693357821,
    -0.47540043371861324,
    -0.4753601284970927,
    -0.47531995496387675,
    -0.4752799144090542,
    -0.47524000812010386,
    -0.47520023738185385,
    -0.4751606034764438,
    -0.4751211076832887,
    -0.4750817512790436,
    -0.475042535537572,
    -0.4750034617299143,
    -0.47496453112426207,
    -0.47492574498593143,
    -0.47488710457733974,
    -0.4748486111579823,
    -0.4748102659844113,
    -0.4747720703102162,
    -0.4747340253860059,
    -0.47469613245939324,
    -0.47465839277498,
    -0.4746208075743441,
    -0.4745833780960273,
    -0.47454610557552446,
    -0.47450899124527507,
    -0.4744720363346559,
    -0.47443524206997423,
    -0.4743986096744628,
    -0.47436214036827606,
    -0.47432583536848494,
    -0.4742896958890741,
    -0.47425372314093867,
    -0.47421791833188276,
    -0.47418228266661894,
    -0.47414681734677083,
    -0.47411152357087566,
    -0.4740764025343882,
    -0.47404145542968434,
    -0.4740066834460666,
    -0.47397208776976996,
    -0.4739376695839673,
    -0.4739034300687754,
    -0.47386937040126037,
    -0.4738354917554459,
    -0.4738017953023235,
    -0.4737682822098643,
    -0.4737349536430288,
    -0.4737018107637754,
    -0.4736688547310694,
    -0.47363608670089485,
    -0.4736035078262654,
    -0.4735711192572319,
    -0.47353892214088866,
    -0.47350691762138086,
    -0.47347510683991534,
    -0.473443490934771,
    -0.47341207104131305,
    -0.4733808482920068,
    -0.4733498238164339,
    -0.4733189987413066,
    -0.47328837419048103,
    -0.4732579512849735,
    -0.4732277311429771,
    -0.47319771487987644,
    -0.4731679036082617,
    -0.4731382984379443,
    -0.4731089004759728,
    -0.47307971082664996,
    -0.47305073059154795,
    -0.47302196086952414,
    -0.4729934027567366,
    -0.4729650573466614,
    -0.4729369257301099,
    -0.4729090089952449,
    -0.47288130822759755,
    -0.4728538245100841,
    -0.4728265589230251,
    -0.4727995125441628,
    -0.4727726864486782,
    -0.472746081709204,
    -0.47271969939583675,
    -0.4726935405761492,
    -0.4726676063152074,
    -0.4726418976755883,
    -0.4726164157173986,
    -0.47259116149829256,
    -0.4725661360734913,
    -0.47254134049580104,
    -0.47251677581562934,
    -0.4724924430810023,
    -0.4724683433375817,
    -0.4724444776286842,
    -0.4724208469953004,
    -0.47239745247611564,
    -0.4723742951075267,
    -0.4723513759236583,
    -0.47232869595637805,
    -0.4723062562353138,
    -0.4722840577878711,
    -0.47226210163925036,
    -0.4722403888124655,
    -0.4722189203283617,
    -0.47219769720563415,
    -0.4721767204608456,
    -0.4721559911084448,
    -0.4721355101607835,
    -0.47211527862813407,
    -0.47209529751870627,
    -0.47207556783866367,
    -0.47205609059214054,
    -0.47203686678125834,
    -0.47201789740614225,
    -0.4719991834649373,
    -0.4719807259538247,
    -0.47196252586703835,
    -0.47194458419688246,
    -0.47192690193374875,
    -0.47190948006613237,
    -0.4718923195806473,
    -0.47187542146204253,
    -0.4718587866932189,
    -0.4718424162552443,
    -0.47182631112736984,
    -0.471810472287045,
    -0.47179490070993363,
    -0.471779597369929,
    -0.47176456323917115,
    -0.47174979928806154,
    -0.4717353064852798,
    -0.4717210857977984,
    -0.47170713819089866,
    -0.47169346462818573,
    -0.4716800660716018,
    -0.4716669434814402,
    -0.4716540978163607,
    -0.4716415300334041,
    -0.4716292410880064,
    -0.4716172319340144,
    -0.47160550352369895,
    -0.4715940568077694,
    -0.4715828927353867,
    -0.47157201225417955,
    -0.4715614163102593,
    -0.4715511058482322,
    -0.4715410818112122,
    -0.47153134394745827,
    -0.47152189200376576,
    -0.4715127257254802,
    -0.4715038448565112,
    -0.47149524913934443,
    -0.47148693831505417,
    -0.4714789121233163,
    -0.47147117030242164,
    -0.4714637125892895,
    -0.4714565387194801,
    -0.4714496484272064,
    -0.4714430414453471,
    -0.4714367175054591,
    -0.47143067633778796,
    -0.47142491767127953,
    -0.4714194412335929,
    -0.4714142467511129,
    -0.47140933394896023,
    -0.4714047025510035,
    -0.4714003522798708,
    -0.471396282856963,
    -0.47139249400246486,
    -0.4713889854353561,
    -0.47138575687342293,
    -0.47138280803326904,
    -0.4713801386303286,
    -0.47137774837887786,
    -0.4713756369920463,
    -0.47137380418182623,
    -0.4713722496590812,
    -0.47137097313355397,
    -0.4713699743138756,
    -0.47136925290757364,
    -0.4713688086210838,
    -0.4713686411597625,
    -0.4713687502278995,
    -0.4713691355287291,
    -0.4713697967644377,
    -0.47137073363617216,
    -0.4713719458440507,
    -0.4713734330871739,
    -0.4713751950636326,
    -0.4713772314705138,
    -0.47137954200390664,
    -0.47138212635891324,
    -0.4713849842296623,
    -0.47138811530932073,
    -0.4713915192901046,
    -0.47139519586328565,
    -0.47139914471920025,
    -0.4714033655472554,
    -0.47140785803593466,
    -0.47141262187280614,
    -0.4714176567445342,
    -0.47142296233688713,
    -0.47142853833474496,
    -0.4714343844221092,
    -0.47144050028211104,
    -0.4714468855970175,
    -0.4714535400482388,
    -0.47146046331633723,
    -0.47146765508103067,
    -0.4714751150211949,
    -0.47148284281486724,
    -0.4714908381392532,
    -0.47149910067073114,
    -0.47150763008485846,
    -0.4715164260563753,
    -0.47152548825920776,
    -0.47153481636647415,
    -0.4715444100504912,
    -0.47155426898277913,
    -0.471564392834054,
    -0.4715747812742156,
    -0.4715854339723388,
    -0.471596350596675,
    -0.4716075308146528,
    -0.47161897429287414,
    -0.47163068069710007,
    -0.47164264969222786,
    -0.47165488094226937,
    -0.4716673741103549,
    -0.47168012885876454,
    -0.47169314484894437,
    -0.47170642174146993,
    -0.47171995919595366,
    -0.4717337568709491,
    -0.4717478144238975,
    -0.47176213151112156,
    -0.47177670778783404,
    -0.4717915429081183,
    -0.47180663652485444,
    -0.4718219882896099,
    -0.4718375978525164,
    -0.47185346486212293,
    -0.4718695889652164,
    -0.4718859698066118,
    -0.47190260702886433,
    -0.4719195002718391,
    -0.4719366491721411,
    -0.47195405336241303,
    -0.4719717124704809,
    -0.4719896261182169,
    -0.4720077939198648,
    -0.4720262154797729,
    -0.4720448903895813,
    -0.4720638182245877,
    -0.4720829985388584,
    -0.47210243085837184,
    -0.47212211467181764,
    -0.47214204942084886,
    -0.47216223449293904,
    -0.472182669221343,
    -0.4722033529073392,
    -0.4722242848709606,
    -0.47224546447424615,
    -0.4722668910677823,
    -0.47228856392473517,
    -0.47231048222190425,
    -0.47233264501444644,
    -0.4723550511523543,
    -0.4723776991654155,
    -0.4724005871377311,
    -0.4724237125665687,
    -0.47244707221671167,
    -0.4724706616858484,
    -0.47249447406862155,
    -0.4725184980010461,
    -0.4725427147109838,
    -0.4725670815459395,
    -0.4725911479751338,
    -0.4726051279473713,
    -0.4726002440461317,
    -0.47258682749665587,
    -0.47257481608573254,
    -0.47256441333772214,
    -0.4725556132375437,
    -0.47254838233605473,
    -0.4725426812722027,
    -0.4725384719140945,
    -0.47253571853467957,
    -0.47253438635505673,
    -0.4725344404835132,
    -0.4725358444428494,
    -0.47253855843784387,
    -0.47254253686721026,
    -0.4725477161432946,
    -0.4725539826270894,
    -0.472561148654745,
    -0.4725690714595483,
    -0.4725778109115266,
    -0.4725875207170118,
    -0.47259826930003307,
    -0.47261005399407957,
    -0.47262285364465095,
    -0.4726366296652768,
    -0.4726513377007983,
    -0.4726669471907723,
    -0.4726834196558399,
    -0.472700609413133,
    -0.47270695875284874,
    -0.47269129805906535,
    -0.4726657223475551,
    -0.47264230066584545,
    -0.4726213121731292,
    -0.4726027819725863,
    -0.4725866740793818,
    -0.4725729319113541,
    -0.4725614929227067,
    -0.4725522922776009,
    -0.47254526370031613,
    -0.4725403380412758,
    -0.47253743571260975,
    -0.47253644722878335,
    -0.47253725610022446,
    -0.4725398068561085,
    -0.47254409722246676,
    -0.4725501179657131,
    -0.47255783965185294,
    -0.47256722220968383,
    -0.47257821820924006,
    -0.47259076843762465,
    -0.47260475476779645,
    -0.4725675044772269,
    -0.472428362642325,
    -0.4722437616198189,
    -0.4720681862171257,
    -0.4719015051838376,
    -0.471743474932043,
    -0.4715938428051038,
    -0.47145235773290356,
    -0.4713187727534314,
    -0.47119284633941255,
    -0.471074343066224,
    -0.47096303378466564,
    -0.47085869544378883,
    -0.47076111068844834,
    -0.47067006740308837,
    -0.47058535765201864,
    -0.47050677436096383,
    -0.4704341006380561,
    -0.47036703179259415,
    -0.4702567572137037,
    -0.4700564899392709,
    -0.4698183226048047,
    -0.46959236879732236,
    -0.46937830204936126,
    -0.46917576270686445,
    -0.4689843933100612,
    -0.46880384333566,
    -0.46863376906977744,
    -0.46847383024716205,
    -0.4683236746425538,
    -0.4681536115508905,
    -0.46793462412262177,
    -0.4676975132230683,
    -0.46747290541078695,
    -0.46726093245350425,
    -0.46706121644940174,
    -0.46687337561831915,
    -0.4666970361840766,
    -0.466531834780086,
    -0.4663774187903812,
    -0.46623344600908045,
    -0.46609958414661434,
    -0.4659755103259244,
    -0.4658609107263416,
    -0.4657554804064922,
    -0.46565892317558666,
    -0.4655709514363119,
    -0.4654912859978068,
    -0.46541965587295625,
    -0.46535579806748767,
    -0.4652994573664318,
    -0.4652503861211209,
    -0.46520834403746925,
    -0.46517309796840967,
    -0.4651444217128086,
    -0.46512209581989217,
    -0.4651059073979514,
    -0.4650956499274284,
    -0.46509112307876527,
    -0.46509213253506204,
    -0.4650984898194959,
    -0.4651100121275198,
    -0.4651265221637833,
    -0.4651478479836186,
    -0.4651738228389503,
    -0.46520428502849887,
    -0.46523907775215356,
    -0.46527804896943364,
    -0.46532105126195983,
    -0.46536794169983986,
    -0.46541858171184824,
    -0.46547283695928465,
    -0.4655305772134065,
    -0.46559167623635095,
    -0.46565601166545173,
    -0.46572346490084066,
    -0.4657939209962281,
    -0.4658672685527867,
    -0.46594339961606174,
    -0.4660222095758089,
    -0.46610359706867316,
    -0.46618746388363735,
    -0.46627371487017244,
    -0.4663622578490079,
    -0.4664530035254393,
    -0.46654586540509624,
    -0.46664075971211294,
    -0.4667376053096416,
    -0.46683632362264,
    -0.46693683856286056,
    -0.4670390764559685,
    -0.46714296597074234,
    -0.46724843805031335,
    -0.46735542584537565,
    -0.46746386464929307,
    -0.46757369183504943,
    -0.46768484679399935,
    -0.46779727087637296,
    -0.4679109073334832,
    -0.46802570126158166,
    -0.46814159954731854,
    -0.46825855081476603,
    -0.468376505373964,
    -0.4684954151709393,
    -0.46861523373915837,
    -0.468735916152372,
    -0.468857418978811,
    -0.4689797002366979,
    -0.4691027193510352,
    -0.4692264371116388,
    -0.46935081563237957,
    -0.4694758183116,
    -0.4696014097936613,
    -0.46972755593159154,
    -0.46985422375080643,
    -0.46998138141387535,
    -0.47010899818629887,
    -0.4702370444032732,
    -0.47036549143741396,
    -0.4704943116674133,
    -0.4706234784476001,
    -0.470752966078378,
    -0.4708827497775217,
    -0.471012805652303,
    -0.4711431106724197,
    -0.4712736426437024,
    -0.4714043801825848,
    -0.4715353026913123,
    -0.4716663903338687,
    -0.4717976240125965,
    -0.4719289853454936,
    -0.47206045664417035,
    -0.47219202089244766,
    -0.4723236617255808,
    -0.472455363410089,
    -0.47258711082417115,
    -0.47271888943868745,
    -0.4728506852986932,
    -0.47298248500550866,
    -0.47311427569930825,
    -0.47324604504221635,
    -0.47337778120190127,
    -0.47350947283565126,
    -0.47364110907491713,
    -0.4737726795103111,
    -0.47390417417704067,
    -0.47403558354076547,
    -0.4741668984838667,
    -0.47429811029212104,
    -0.47442921064177024,
    -0.4745601915869758,
    -0.4746910455476401,
    -0.47482176529758013,
    -0.47495234395304786,
    -0.47508277496158835,
    -0.47521305209122683,
    -0.4753431694199728,
    -0.475473121325634,
    -0.47560290247593195,
    -0.4757325078189098,
    -0.47586193257362347,
    -0.47599117222111176,
    -0.4761202224956341,
    -0.4762490793761698,
    -0.47637773907817405,
    -0.4765061980455858,
    -0.4766344529430774,
    -0.4767625006485304,
    -0.47689033824573107,
    -0.47701796301728366,
    -0.47714537243773725,
    -0.477272564166916,
    -0.47739953604344876,
    -0.4775262860784933,
    -0.4776528124496521,
    -0.4777791134950691,
    -0.4779051877077025,
    -0.4780310337297739,
    -0.4781566503473845,
    -0.47828203648529627,
    -0.47840719120186886,
    -0.4785321136841554,
    -0.4786568032431566,
    -0.4787812593092251,
    -0.4789054814275997,
    -0.4790294692540703,
    -0.47915322255077775,
    -0.47927674118214136,
    -0.4794000251109128,
    -0.47952307439435055,
    -0.4796458891805153,
    -0.4797684697046791,
    -0.47989081628584157,
    -0.4800129293233542,
    -0.48013480929365443,
    -0.4802564567471005,
    -0.4803778723049059,
    -0.4804990566561684,
    -0.4806200105549915,
    -0.480740734817703,
    -0.48086123032017186,
    -0.48098149799520884,
    -0.4811015388300383,
    -0.48122135386384857,
    -0.4813409441854236,
    -0.48146031093085057,
    -0.48157945528129464,
    -0.48169837846084274,
    -0.48181708173441395,
    -0.48193556640574164,
    -0.48205383381542266,
    -0.4821718853390319,
    -0.48228972238530055,
    -0.48240734639435295,
    -0.4825247588360004,
    -0.48264196120809777,
    -0.4827589550349674,
    -0.4828757418658715,
    -0.48299232327352454,
    -0.48310870085265273,
    -0.4832248762186009,
    -0.4833408510059826,
    -0.4834566268673747,
    -0.48357220547205265,
    -0.48368758850477206,
    -0.48380277766459884,
    -0.48391777466377933,
    -0.4840325812266477,
    -0.48414719908856974,
    -0.4842616299949246,
    -0.4843758757001201,
    -0.48448993796664364,
    -0.4846038185641438,
    -0.4847175192685422,
    -0.4848310418611807,
    -0.48494438812801594,
    -0.48505755985885446,
    -0.48517055884660915,
    -0.4852833868865706,
    -0.4853960457756939,
    -0.4855085373119096,
    -0.4856208632934646,
    -0.48573302551829295,
    -0.4858450257834085,
    -0.4859568658843206,
    -0.48606854761447454,
    -0.4861800727647089,
    -0.48629144312273265,
    -0.4864026604726211,
    -0.48651372659433545,
    -0.48662464326326405,
    -0.4867354122497884,
    -0.48684603531887166,
    -0.48695651422967207,
    -0.48706685073516864,
    -0.4871770465817963,
    -0.48728710350908866,
    -0.48739702324933537,
    -0.4875068075272573,
    -0.4876164580596975,
    -0.4877259765553191,
    -0.48783536471431377,
    -0.4879446242281276,
    -0.4880537567792025,
    -0.4881627640407266,
    -0.48827164767639547,
    -0.4883804093401923,
    -0.4884890506761927,
    -0.48859757331838566,
    -0.4887059788904934,
    -0.4888142690057925,
    -0.48892244526694256,
    -0.4890305092658241,
    -0.48913846258338656,
    -0.4892463067895011,
    -0.48935404344282335,
    -0.48946167409066765,
    -0.48956920026888695,
    -0.4896766235017595,
    -0.48978394530188346,
    -0.4898911671700792,
    -0.48999829059529787,
    -0.4901053170545397,
    -0.49021224801277746,
    -0.490319084922887,
    -0.49042582922557926,
    -0.4905324823493416,
    -0.49063904571038325,
    -0.49074552071258765,
    -0.49085190874747264,
    -0.4909582111941665,
    -0.4910644294193944,
    -0.4911705647774602,
    -0.491276618610224,
    -0.491382592247078,
    -0.4914884870049283,
    -0.4915943041881818,
    -0.4917000450887403,
    -0.49180571098599923,
    -0.49191130314684656,
    -0.4920168228256611,
    -0.4921222712643154,
    -0.49222764969218685,
    -0.4923329593261758,
    -0.492438201370726,
    -0.4925433770178524,
    -0.49264848744717976,
    -0.4927535338259781,
    -0.49285851730919084,
    -0.49296343903946394,
    -0.4930683001471785,
    -0.4931731017504813,
    -0.49327784495531657,
    -0.49338253085546335,
    -0.4934871605325741,
    -0.4935917350562124,
    -0.49369625548389195,
    -0.49380072309609613,
    -0.4939051391613473,
    -0.49400950493625484,
    -0.4941138216655643,
    -0.4942180905822089,
    -0.49432231290736106,
    -0.4944264898504878,
    -0.4945306226094093,
    -0.49463471237035694,
    -0.49473876030803016,
    -0.49484276758565354,
    -0.49494673535504247,
    -0.49505066475667275,
    -0.49515455691974997,
    -0.49525841296227546,
    -0.4953622339911115,
    -0.4954660211020417,
    -0.4955697753798326,
    -0.4956734978982984,
    -0.49577718972036733,
    -0.49588085189814696,
    -0.4959844854729895,
    -0.4960880914755594,
    -0.4961916709258988,
    -0.4962952248334937,
    -0.49639875419734164,
    -0.4965022600060279,
    -0.4966057432378042,
    -0.4967092048606659,
    -0.4968126458324244,
    -0.4969160671007781,
    -0.49701946960337884,
    -0.49712285426789965,
    -0.49722622201210215,
    -0.49732957374390446,
    -0.4974329103614514,
    -0.4975362327531835,
    -0.4976395417979084,
    -0.49774283836486855,
    -0.49784612331381095,
    -0.4979493974950573,
    -0.4980526617495746,
    -0.49815591690904615,
    -0.49825916379594454,
    -0.4983624032236008,
    -0.49846563599627386,
    -0.4985688629092188,
    -0.4986720847487556,
    -0.4987753022923387,
    -0.4988785163086264,
    -0.49898172755755227,
    -0.49908493679039845,
    -0.4991881447498719,
    -0.499291352170178,
    -0.4993945597770897,
    -0.4994977682880129,
    -0.49960097841205314,
    -0.4997041908500814,
    -0.4998074062948009,
    -0.4999106254308164,
    -0.5000138489347004,
    -0.500117077475061,
    -0.500220311712606,
    -0.500323552300209,
    -0.5004267998829738,
    -0.5005300550983008,
    -0.5006333185759516,
    -0.5007365909381158,
    -0.5008398727994755,
    -0.500943164767273,
    -0.5010464674413787,
    -0.5011497814143581,
    -0.5012531072715349,
    -0.5013564455910529,
    -0.5014597969439369,
    -0.501563161894155,
    -0.501666540998678,
    -0.5017699348075417,
    -0.5018733438639077,
    -0.501976768704123,
    -0.502080209857781,
    -0.5021836678477795,
    -0.5022871431903797,
    -0.5023906363952656,
    -0.5024941479656005,
    -0.5025976783980872,
    -0.5027012281830245,
    -0.5028047978043654,
    -0.5029083877397722,
    -0.5030119984606751,
    -0.5031156304323305,
    -0.5032192841138805,
    -0.5033229599584098,
    -0.5034266584130026,
    -0.5035303799187962,
    -0.503634124911034,
    -0.5037378938191178,
    -0.5038416870666608,
    -0.503945505071542,
    -0.5040493482459575,
    -0.5041532169964731,
    -0.5042571117240758,
    -0.5043610328242236,
    -0.504464980686897,
    -0.5045689556966501,
    -0.5046729582326611,
    -0.5047769886687834,
    -0.504881047373598,
    -0.504985134710463,
    -0.5050892510375646,
    -0.505193396707963,
    -0.5052975720696409,
    -0.5054017774655506,
    -0.505506013233661,
    -0.5056102797070035,
    -0.5057145772137173,
    -0.5058189060770957,
    -0.5059232666156306,
    -0.5060276591430578,
    -0.506132083968402,
    -0.5062365413960209,
    -0.5063410317256497,
    -0.5064455552524475,
    -0.5065501122670415,
    -0.5066547030555706,
    -0.506759327899727,
    -0.5068639870767987,
    -0.5069686808597107,
    -0.5070734095170656,
    -0.5071781733131844,
    -0.5072829725081472,
    -0.5073878073578333,
    -0.5074926781139603,
    -0.5075975850241244,
    -0.5077025283318403,
    -0.5078075082765791,
    -0.5079125250938062,
    -0.5080175790150211,
    -0.5081226702677952,
    -0.5082277990758122,
    -0.5083329656589055,
    -0.5084381702330955,
    -0.5085434130106263,
    -0.508648694200002,
    -0.5087540140060217,
    -0.508859372629815,
    -0.5089647702688772,
    -0.5090702071171029,
    -0.5091756833648219,
    -0.5092811991988322,
    -0.5093867548024344,
    -0.5094923503554651,
    -0.5095979860343294,
    -0.5097036620120343,
    -0.5098093784582222,
    -0.5099151355392056,
    -0.5100209334179998,
    -0.5101267722543552,
    -0.5102326522047882,
    -0.510338573422612,
    -0.5104445360579689,
    -0.510550540257859,
    -0.5106565861661716,
    -0.5107626739237143,
    -0.5108688036682443,
    -0.5109749755344969,
    -0.5110811896542188,
    -0.5111874461561969,
    -0.5112937451662877,
    -0.5114000868074441,
    -0.5115064711997457,
    -0.5116128984604259,
    -0.5117193687038988,
    -0.5118258820417874,
    -0.5119324385829487,
    -0.5120390384335012,
    -0.5121456816968504,
    -0.5122523684737157,
    -0.512359098862157,
    -0.5124658729576003,
    -0.512572690852862,
    -0.5126795526381754,
    -0.5127864584012175,
    -0.5128934082271337,
    -0.5130004021985654,
    -0.5131074403956736,
    -0.5132145228961641,
    -0.5133216497753106,
    -0.5134288211059784,
    -0.5135360369586477,
    -0.5136432974014367,
    -0.5137506025001235,
    -0.5138579523181693,
    -0.5139653469167406,
    -0.5140727863547312,
    -0.514180270688784,
    -0.5142877999733121,
    -0.5143953742605206,
    -0.5145029936004286,
    -0.5146106580408932,
    -0.5147183676276322,
    -0.514826122404247,
    -0.5149339224122412,
    -0.5150417676910429,
    -0.5151496582780231,
    -0.5152575942085155,
    -0.5153655755158375,
    -0.515473602231309,
    -0.515581674384273,
    -0.5156897920021134,
    -0.5157979551102739,
    -0.5159061637322763,
    -0.5160144178897399,
    -0.5161227176023995,
    -0.5162310628881236,
    -0.5163394537629342,
    -0.5164478902410263,
    -0.5165563723347869,
    -0.516664900054812,
    -0.5167734734099255,
    -0.5168820924071946,
    -0.516990757051949,
    -0.5170994673477961,
    -0.5172082232966394,
    -0.5173170248986931,
    -0.5174258721524989,
    -0.5175347650549414,
    -0.5176437036012644,
    -0.5177526877850859,
    -0.5178617175984134,
    -0.5179707930316605,
    -0.5180799140736607,
    -0.5181890807116819,
    -0.5182982929314409,
    -0.5184075507171209,
    -0.5185168540513895,
    -0.5186262029154161,
    -0.5187355972888861,
    -0.5188450371500153,
    -0.5189545224755628,
    -0.5190640532408453,
    -0.5191736294197496,
    -0.519283250984746,
    -0.5193929179069007,
    -0.5195026301558883,
    -0.5196123877000094,
    -0.5197221905062056,
    -0.5198320385400756,
    -0.5199419317658884,
    -0.5200518701465954,
    -0.5201618536438443,
    -0.5202718822179916,
    -0.5203819558281181,
    -0.5204920744320441,
    -0.5206022379863463,
    -0.5207124464463708,
    -0.5208226997662465,
    -0.5209329978988952,
    -0.5210433407960453,
    -0.5211537284082451,
    -0.5212641606848777,
    -0.52137463757417,
    -0.5214851590232037,
    -0.5215957249779232,
    -0.5217063353831466,
    -0.5218169901825751,
    -0.5219276893188036,
    -0.5220384327333326,
    -0.522149220366579,
    -0.522260052157889,
    -0.5223709280455506,
    -0.5224818479668047,
    -0.5225928118578531,
    -0.5227038196538676,
    -0.522814871288999,
    -0.5229259666963861,
    -0.523037105808166,
    -0.5231482885554819,
    -0.5232595148684933,
    -0.5233707846763819,
    -0.5234820979073627,
    -0.5235934544886935,
    -0.5237048543466818,
    -0.5238162974066907,
    -0.523927783593149,
    -0.524039312829563,
    -0.5241508850385305,
    -0.5242625001417555,
    -0.5243741580600615,
    -0.5244858587134028,
    -0.5245976020208714,
    -0.524709387900707,
    -0.5248212162703035,
    -0.5249330870462163,
    -0.5250450001441692,
    -0.5251569554790622,
    -0.5252689529649763,
    -0.5253809925151796,
    -0.525493074042129,
    -0.5256051974574794,
    -0.5257173626720935,
    -0.5258295695960498,
    -0.5259418181386504,
    -0.5260541082084234,
    -0.5261664397131296,
    -0.5262788125597682,
    -0.5263912266545843,
    -0.5265036819030793,
    -0.5266161782100176,
    -0.5267287154794312,
    -0.5268412936146233,
    -0.5269539125181741,
    -0.5270665720919516,
    -0.5271792722371277,
    -0.5272920128541904,
    -0.5274047938429507,
    -0.5275176151025499,
    -0.5276304765314648,
    -0.5277433780275136,
    -0.5278563194878605,
    -0.5279693008090186,
    -0.5280823218868564,
    -0.5281953826166056,
    -0.5283084828928656,
    -0.528421622609607,
    -0.5285348016601753,
    -0.528648019937293,
    -0.5287612773330658,
    -0.5288745737389904,
    -0.5289879090459653,
    -0.5291012831443033,
    -0.5292146959237437,
    -0.5293281472734574,
    -0.5294416370820529,
    -0.529555165237577,
    -0.5296687316275204,
    -0.5297823361388221,
    -0.5298959786578741,
    -0.5300096590705253,
    -0.5301233772620854,
    -0.5302371331173283,
    -0.5303509265204979,
    -0.5304647573553092,
    -0.530578625504953,
    -0.5306925308520997,
    -0.5308064732789026,
    -0.5309204526670022,
    -0.5310344688975356,
    -0.5311485218511489,
    -0.5312626114080091,
    -0.5313767374478113,
    -0.5314908998497825,
    -0.5316050984926864,
    -0.5317193332548268,
    -0.5318336040140491,
    -0.5319479106477423,
    -0.5320622530328403,
    -0.532176631045821,
    -0.5322910445627104,
    -0.5324054934590872,
    -0.5325199776100865,
    -0.5326344968904013,
    -0.5327490511742825,
    -0.5328636403355449,
    -0.5329782642475757,
    -0.5330929227833482,
    -0.5332076158154325,
    -0.5333223432160015,
    -0.5334371048568328,
    -0.5335519006093112,
    -0.5336667303444296,
    -0.5337815939327907,
    -0.5338964912446087,
    -0.5340114221497121,
    -0.5341263865175452,
    -0.5342413842171695,
    -0.5343564151172676,
    -0.5344714790861528,
    -0.5345865759917836,
    -0.5347017057017716,
    -0.5348168680833849,
    -0.5349320630035493,
    -0.5350472903288508,
    -0.5351625499255385,
    -0.5352778416595282,
    -0.5353931653964036,
    -0.5355085210014155,
    -0.5356239083394828,
    -0.5357393272751939,
    -0.5358547776728109,
    -0.5359702593962685,
    -0.5360857723091751,
    -0.536201316274812,
    -0.53631689115614,
    -0.5364324968158078,
    -0.5365481331161651,
    -0.5366637999192719,
    -0.5367794970869006,
    -0.536895224480535,
    -0.5370109819613689,
    -0.5371267693903098,
    -0.5372425866279811,
    -0.5373584335347232,
    -0.5374743099705952,
    -0.5375902157953735,
    -0.5377061508685539,
    -0.537822115049355,
    -0.5379381081967202,
    -0.5380541301693159,
    -0.538170180825531,
    -0.5382862600234779,
    -0.5384023676209968,
    -0.5385185034756631,
    -0.5386346674448032,
    -0.5387508593855042,
    -0.5388670791546183,
    -0.5389833266087619,
    -0.5390996016043138,
    -0.5392159039974161,
    -0.5393322336439752,
    -0.539448590399663,
    -0.5395649741199178,
    -0.5396813846599426,
    -0.5397978218747044,
    -0.5399142856189348,
    -0.5400307757471339,
    -0.5401472921135706,
    -0.5402638345722809,
    -0.5403804029770664,
    -0.5404969971814958,
    -0.540613617038914,
    -0.5407302624024545,
    -0.5408469331250481,
    -0.5409636290594272,
    -0.5410803500581283,
    -0.541197095973495,
    -0.5413138666576788,
    -0.5414306619626376,
    -0.5415474817401349,
    -0.5416643258417411,
    -0.541781194118834,
    -0.5418980864225975,
    -0.5420150026040199,
    -0.5421319425138885,
    -0.5422489060027884,
    -0.5423658929211007,
    -0.5424829031190009,
    -0.5425999364464574,
    -0.5427169927532323,
    -0.5428340718888807,
    -0.5429511737027605,
    -0.5430682980440455,
    -0.5431854447617368,
    -0.5433026137046677,
    -0.5434198047215056,
    -0.5435370176607555,
    -0.5436542523707589,
    -0.5437715086996928,
    -0.5438887864955668,
    -0.5440060856062235,
    -0.544123405879335,
    -0.5442407471624029,
    -0.5443581093027605,
    -0.5444754921475791,
    -0.5445928955438792,
    -0.5447103193385394,
    -0.5448277633782994,
    -0.5449452275097598,
    -0.5450627115793834,
    -0.5451802154334925,
    -0.5452977389182676,
    -0.5454152818797453,
    -0.5455328441638149,
    -0.5456504256162138,
    -0.5457680260825254,
    -0.5458856454081759,
    -0.546003283438436,
    -0.5461209400184232,
    -0.5462386149931016,
    -0.5463563082072901,
    -0.5464740195056741,
    -0.5465917487328185,
    -0.5467094957331761,
    -0.5468272603510911,
    -0.5469450424307917,
    -0.5470628418163827,
    -0.5471806583518446,
    -0.5472984918810373,
    -0.5474163422477021,
    -0.5475342092954616,
    -0.5476520928678195,
    -0.5477699928081575,
    -0.5478879089597326,
    -0.5480058411656846,
    -0.5481237892690582,
    -0.5482417531128195,
    -0.5483597325398559,
    -0.5484777273929713,
    -0.5485957375148817,
    -0.5487137627482102,
    -0.5488318029595106,
    -0.5489498580152402,
    -0.5490679277817625,
    -0.5491860121253463,
    -0.5493041109121669,
    -0.5494222240083051,
    -0.549540351279742,
    -0.54965849259235,
    -0.5497766478118858,
    -0.5498948168039833,
    -0.5500129994341512,
    -0.5501311955677888,
    -0.5502494050702227,
    -0.5503676278067288,
    -0.5504858636425305,
    -0.5506041124427872,
    -0.5507223740725923,
    -0.5508406483969771,
    -0.5509589352809067,
    -0.5510772345892736,
    -0.551195546186892,
    -0.5513138699384862,
    -0.5514322057086851,
    -0.5515505533620173,
    -0.5516689127628968,
    -0.5517872837756126,
    -0.5519056662643278,
    -0.5520240600930914,
    -0.5521424651258642,
    -0.5522608812265554,
    -0.552379308259043,
    -0.5524977460871779,
    -0.5526161945747843,
    -0.5527346535856553,
    -0.5528531229835424,
    -0.5529716026321408,
    -0.5530900923950802,
    -0.5532085921359196,
    -0.5533271017181423,
    -0.5534456210051447,
    -0.5535641498602302,
    -0.5536826881466018,
    -0.5538012357273564,
    -0.5539197924654743,
    -0.554038358223812,
    -0.554156932865101,
    -0.554275516251976,
    -0.5543941082470215,
    -0.554512708712808,
    -0.5546313175118964,
    -0.5547499345068274,
    -0.554868559560116,
    -0.5549871925342513,
    -0.555105833291692,
    -0.5552244816948642,
    -0.5553431376061486,
    -0.5554618008878507,
    -0.5555804714021628,
    -0.5556991490111571,
    -0.5558178335768045,
    -0.5559365249609911,
    -0.5560552230255092,
    -0.5561739276320445,
    -0.5562926386421955,
    -0.5564113559175231,
    -0.5565300793195826,
    -0.5566488087099231,
    -0.5567675439500793,
    -0.5568862849015631,
    -0.5570050314258574,
    -0.5571237833844105,
    -0.5572425406386289,
    -0.5573613030498653,
    -0.5574800704794067,
    -0.557598842788466,
    -0.5577176198381731,
    -0.5578364014895694,
    -0.5579551876036121,
    -0.5580739780411688,
    -0.5581927726630077,
    -0.5583115713298114,
    -0.5584303739022227,
    -0.5585491802408861,
    -0.5586679902064601,
    -0.5587868036596119,
    -0.5589056204610048,
    -0.5590244404712861,
    -0.559143263551072,
    -0.559262089560922,
    -0.5593809183613174,
    -0.5594997498126628,
    -0.5596185837752963,
    -0.5597374201094918,
    -0.5598562586754513,
    -0.5599750993332838,
    -0.5600939419429853,
    -0.5602127863644419,
    -0.5603316324574675,
    -0.5604504800818547,
    -0.5605693290974014,
    -0.5606881793639076,
    -0.5608070307411663,
    -0.5609258830889542,
    -0.5610447362670169,
    -0.5611635901350547,
    -0.5612824445527111,
    -0.5614012993795784,
    -0.561520154475208,
    -0.5616390096991137,
    -0.5617578649107523,
    -0.5618767199695003,
    -0.5619955747346437,
    -0.5621144290653837,
    -0.5622332828208647,
    -0.5623521358602224,
    -0.5624709880426157,
    -0.5625898392272198,
    -0.5627086892732056,
    -0.5628275380397257,
    -0.5629463853859027,
    -0.5630652311708162,
    -0.5631840752534882,
    -0.5633029174928661,
    -0.5634217577478233,
    -0.5635405958771648,
    -0.5636594317396197,
    -0.5637782651938242,
    -0.563897096098321,
    -0.564015924311597,
    -0.5641347496921337,
    -0.5642535720984326,
    -0.564372391389011,
    -0.5644912074223911,
    -0.5646100200570944,
    -0.564728829151637,
    -0.5648476345645248,
    -0.5649664361542386,
    -0.5650852337792239,
    -0.565204027297874,
    -0.5653228165685178,
    -0.5654416014494085,
    -0.5655603817987113,
    -0.5656791574744867,
    -0.5657979283346927,
    -0.5659166942372317,
    -0.566035455040016,
    -0.5661542106009836,
    -0.566272960778077,
    -0.5663917054292462,
    -0.5665104444124687,
    -0.5666291775857466,
    -0.5667479048070787,
    -0.5668666259344369,
    -0.5669853408257565,
    -0.5671040493389363,
    -0.5672227513318315,
    -0.56734144666222,
    -0.567460135187756,
    -0.5675788167659499,
    -0.5676974912541676,
    -0.5678161585096179,
    -0.5679348183893043,
    -0.5680534707499791,
    -0.5681721154481649,
    -0.5682907523402255,
    -0.5684093812824155,
    -0.568528002130882,
    -0.5686466147416394,
    -0.5687652189705223,
    -0.5688838146731319,
    -0.5690024017047938,
    -0.5691209799205219,
    -0.569239549174966,
    -0.569358109322297,
    -0.569476660216035,
    -0.5695952017089059,
    -0.5697137336528298,
    -0.5698322558989724,
    -0.5699507682977041,
    -0.570069270698477,
    -0.5701877629496556,
    -0.5703062448982608,
    -0.5704247163896548,
    -0.5705431772672973,
    -0.5706616273727558,
    -0.5707800665458623,
    -0.5708984946247615,
    -0.5710169114458931,
    -0.5711353168440109,
    -0.5712537106523251,
    -0.57137209270269,
    -0.5714904628255457,
    -0.5716088208497113,
    -0.5717271666021042,
    -0.5718454999071455,
    -0.571963820586266,
    -0.572082128458224,
    -0.5722004233401026,
    -0.5723187050483208,
    -0.5724369733987753,
    -0.5725552282059957,
    -0.5726734692820202,
    -0.5727916964338997,
    -0.5729099094578892,
    -0.5730281081303767,
    -0.573146292194409,
    -0.5732644613371114,
    -0.5733826151573497,
    -0.573500753133497,
    -0.5736188745977192,
    -0.5737369787189189,
    -0.573855064517433,
    -0.573973130918922,
    -0.5740911767993844,
    -0.5742092010089888,
    -0.574327202492568,
    -0.5744451806071684,
    -0.5745631354366302,
    -0.5746810677515517,
    -0.574798978633798,
    -0.5749168691328249,
    -0.5750347401331822,
    -0.5751525923105657,
    -0.5752704260592654,
    -0.5753882413705664,
    -0.575506037595286,
    -0.5756238129366772,
    -0.5757415633208718,
    -0.5758592782259279,
    -0.5759769002767854,
    -0.5760889390036376,
    -0.5761898219318007,
    -0.5762850583654291,
    -0.5763806781634813,
    -0.5764770816960321,
    -0.5765742743722831,
    -0.5766722406998946,
    -0.5767709607638651,
    -0.5768704132321435,
    -0.5769705763523273,
    -0.5770714283614351,
    -0.5771729476945027,
    -0.5772751131097769,
    -0.5773779037302639,
    -0.5774812990429585,
    -0.5775852788441478,
    -0.5776898229605447,
    -0.577794910315511,
    -0.5779005157500339,
    -0.5780065885599653,
    -0.5781125763401839,
    -0.5782178118388431,
    -0.5783226610074316,
    -0.5784278286320339,
    -0.5785335073498356,
    -0.5786396975787901,
    -0.5787463878426425,
    -0.5788535639624811,
    -0.5789612109519602,
    -0.5790693137148183,
    -0.5791778572384418,
    -0.5792868265908708,
    -0.5793962068717463,
    -0.5795059829667021,
    -0.5796161386141847,
    -0.5797266537805759,
    -0.5798374995424372,
    -0.5799486407544142,
    -0.5800573418235956,
    -0.580160991763576,
    -0.5802625090085386,
    -0.5803646986135647,
    -0.5804675509031427,
    -0.5805710549070069,
    -0.5806751936112351,
    -0.580779947930259,
    -0.5808852981809228,
    -0.5809912246761554,
    -0.5810977079464098,
    -0.5812047288165265,
    -0.5813122684440648,
    -0.5814203081826519,
    -0.5815288289922529,
    -0.5816378094303651,
    -0.581747219584152,
    -0.5818570162271628,
    -0.5819637674362745,
    -0.5820636941884956,
    -0.5821599453709344,
    -0.5822565537272383,
    -0.5823540414097166,
    -0.5824524122662873,
    -0.5825516485088751,
    -0.5826517261524926,
    -0.5827526193404504,
    -0.5828543019608489,
    -0.582956748064001,
    -0.5830599319455775,
    -0.583163828233793,
    -0.5832684119429536,
    -0.5833736583323891,
    -0.5834795422666954,
    -0.583586036664014,
    -0.5836931076900342,
    -0.5838006863288603,
    -0.5839085625466814,
    -0.5840165312817414,
    -0.5841246918339285,
    -0.584233261788626,
    -0.5843423223526331,
    -0.5844518768528406,
    -0.5845619143105621,
    -0.5846724200836392,
    -0.5847833783700078,
    -0.584894773062717,
    -0.5850065881486156,
    -0.5851188078930049,
    -0.5852314168593342,
    -0.5853443998263916,
    -0.585457741590391,
    -0.5855714264733014,
    -0.5856854372195134,
    -0.5857997520746728,
    -0.5859143218642371,
    -0.5860142385027318,
    -0.5860850502740599,
    -0.5861425865171132,
    -0.5862023947588171,
    -0.5862645866931039,
    -0.5863291018647027,
    -0.5863958708860612,
    -0.5864648236334815,
    -0.5865358907486158,
    -0.5866090041700741,
    -0.5866840974128056,
    -0.5867611057197523,
    -0.5868399661188172,
    -0.5869206174008947,
    -0.5870030000543264,
    -0.5870870561828146,
    -0.5871727294172727,
    -0.5872599647559877,
    -0.5873487082146175,
    -0.5874389063025643,
    -0.5875305056439697,
    -0.58762345382245,
    -0.587717701947101,
    -0.5878132063403414,
    -0.5879099271359459,
    -0.5880078257597512,
    -0.5881068636930699,
    -0.5882070025228652,
    -0.5883082043474293,
    -0.5884104320394138,
    -0.5885136493518832,
    -0.5886178209420347,
    -0.5887229123744978,
    -0.5888288901186809,
    -0.5889357215348975,
    -0.5890433748519317,
    -0.5891518191268447,
    -0.5892610241286126,
    -0.5893709600785758,
    -0.5894815972698971,
    -0.5895929055050361,
    -0.5897048524076417,
    -0.5898173964151985,
    -0.5899209303036375,
    -0.5900055378833262,
    -0.5900808050768159,
    -0.5901573365100764,
    -0.5902358057270317,
    -0.590316175320964,
    -0.590398390717878,
    -0.590482393689508,
    -0.590568125868809,
    -0.5906555297894065,
    -0.5907445490652062,
    -0.5908351283245492,
    -0.5909272130562048,
    -0.5910207490590645,
    -0.5911156798191631,
    -0.5912119384503121,
    -0.5913094469413238,
    -0.5914048516094083,
    -0.5914949561177781,
    -0.5915832707052373,
    -0.5916731662486084,
    -0.5917646056706437,
    -0.5918575526586924,
    -0.5919519615050843,
    -0.5920477838769278,
    -0.5921449712397132,
    -0.592243475747699,
    -0.5923432505918586,
    -0.5924442501568138,
    -0.5925464300866625,
    -0.5926497472769552,
    -0.5927541598428124,
    -0.592859627103736,
    -0.5929661095854001,
    -0.5930735690230484,
    -0.5931819683435016,
    -0.5932912716202748,
    -0.5934014440229025,
    -0.5935124517754629,
    -0.5936242621204348,
    -0.5937368432833516,
    -0.5938501644408302,
    -0.593964195693017,
    -0.5940789080385896,
    -0.5941942733511529,
    -0.5943102643561108,
    -0.5944268546078609,
    -0.5945440184675953,
    -0.5946617310814444,
    -0.5947799683590659,
    -0.5948987069527097,
    -0.595017924236533,
    -0.5951375982866541,
    -0.595257707861952,
    -0.5953782323847919,
    -0.5954991519216689,
    -0.595620447164203,
    -0.5957420994105983,
    -0.5958640905476139,
    -0.5959864030330614,
    -0.5961090198789185,
    -0.5962319246351344,
    -0.5963551013739763,
    -0.5964785346747804,
    -0.5966022096091012,
    -0.5967261117262666,
    -0.5968502270393603,
    -0.5969745420116087,
    -0.5970990435431892,
    -0.5972237189585927,
    -0.5973485559944535,
    -0.5974735427875322,
    -0.5975986678628191,
    -0.5977239201219433,
    -0.5978492888319524,
    -0.5979747636144317,
    -0.5981003344349485,
    -0.5982259915927943,
    -0.5983517257110071,
    -0.5984775277266889,
    -0.5986033888816151,
    -0.5987293007131271,
    -0.5988552550452972,
    -0.5989812439803383,
    -0.5991072598902499,
    -0.5992332954087157,
    -0.5993593434232432,
    -0.599485397067541,
    -0.5996114497141382,
    -0.5997374949672278,
    -0.5998635266556811,
    -0.5999895388262216,
    -0.600115525736796,
    -0.6002414818501477,
    -0.6003674018275659,
    -0.600493280522816,
    -0.6006191129762615,
    -0.6007448944091558,
    -0.6008706202180921,
    -0.6009962859696144,
    -0.6011218873949938,
    -0.6012474203851573,
    -0.601372880985768,
    -0.6014982653924588,
    -0.601623569946204,
    -0.6017487911288191,
    -0.6018739255585799,
    -0.6019989699859636,
    -0.6021239212895088,
    -0.6022487764717993,
    -0.6023735326555713,
    -0.6024981870799284,
    -0.6026227370966681,
    -0.6027471801667186,
    -0.6028715138566804,
    -0.6029957358354711,
    -0.6031198438710661,
    -0.6032438358273368,
    -0.6033677096609814,
    -0.6034914634185429,
    -0.6036150952335174,
    -0.6037386033235552,
    -0.603861985987749,
    -0.6039852416039952,
    -0.6041083686264254,
    -0.6042313655829133,
    -0.6043542310726568,
    -0.6044769637638303,
    -0.6045995623913061,
    -0.6047220257544444,
    -0.6048443527149463,
    -0.6049665421947703,
    -0.6050885931741123,
    -0.6052105045073349,
    -0.6053322751031804,
    -0.6054539039229292,
    -0.605575389978613,
    -0.6056967323312814,
    -0.6058179300893205,
    -0.6059389824068262,
    -0.6060598884820227,
    -0.606180647555727,
    -0.606301258909859,
    -0.6064217218659953,
    -0.6065420357839686,
    -0.6066622000605061,
    -0.6067822141279101,
    -0.6069020774527792,
    -0.607021789534768,
    -0.6071413499053855,
    -0.6072607581268287,
    -0.6073800137908537,
    -0.6074991165176784,
    -0.6076180659549199,
    -0.6077368617765654,
    -0.6078555036819737,
    -0.6079739913949086,
    -0.6080923246626037,
    -0.6082105032548555,
    -0.6083285269631464,
    -0.6084463955997891,
    -0.6085641089970996,
    -0.608681667006597,
    -0.6087990694982256,
    -0.6089163163596036,
    -0.6090334074952944,
    -0.6091503428260999,
    -0.6092671222883774,
    -0.6093837458333762,
    -0.6095002134265967,
    -0.6096165250471695,
    -0.6097326806872536,
    -0.609848680351454,
    -0.6099645240562603,
    -0.6100802118295016,
    -0.61019574370982,
    -0.6103111197461589,
    -0.610426339997268,
    -0.6105414045312239,
    -0.6106563134249664,
    -0.6107710667638508,
    -0.6108856646412145,
    -0.6110001071579558,
    -0.6111143944221288,
    -0.6112285265485503,
    -0.6113425036584198,
    -0.6114563258789539,
    -0.6115699933430301,
    -0.6116835061888469,
    -0.6117968645595908,
    -0.6119100686031178,
    -0.612023118471643,
    -0.612136014321442,
    -0.6122487563125615,
    -0.6123613446085399,
    -0.612473779376138,
    -0.6125860607850794,
    -0.6126981890077986,
    -0.612810164219199,
    -0.6129219865964196,
    -0.6130336563186084,
    -0.6131451735667044,
    -0.6132565385232275,
    -0.6133677513720768,
    -0.6134788122983342,
    -0.6135897214880778,
    -0.6137004791282009,
    -0.6138110854062377,
    -0.6139215405101962,
    -0.6140318446283946,
    -0.6141419979493064,
    -0.6142520006614093,
    -0.614361852953041,
    -0.61447155501226,
    -0.6145811070267125,
    -0.6146905091835034,
    -0.6147997616690725,
    -0.6149088646690763,
    -0.6150178183682742,
    -0.6151266229504183,
    -0.6152352785981497,
    -0.6153437854928987,
    -0.6154521438147879,
    -0.6155603537425403,
    -0.6156684154533906,
    -0.6157763291230002,
    -0.6158840949253763,
    -0.6159917130327934,
    -0.6160991836157202,
    -0.6162065068427485,
    -0.6163136828805249,
    -0.6164207118936865,
    -0.6165275940447994,
    -0.6166343294942997,
    -0.6167409184004375,
    -0.6168473609192254,
    -0.6169536572043874,
    -0.6170598074073114,
    -0.6171658116770029,
    -0.6172716701600429,
    -0.6173773830005466,
    -0.6174829503401245,
    -0.6175883723178458,
    -0.617693649070205,
    -0.6177987807310886,
    -0.6179037674317448,
    -0.6180086093007555,
    -0.6181133064640099,
    -0.6182178590446799,
    -0.6183222671631968,
    -0.6184265309372309,
    -0.6185306504816702,
    -0.6186346259086024,
    -0.6187384573272984,
    -0.6188421448441972,
    -0.6189456885628922,
    -0.6190490885841184,
    -0.6191523450057409,
    -0.6192554579227446,
    -0.6193584274272249,
    -0.6194612536083793,
    -0.6195639365525014,
    -0.6196664763429746,
    -0.6197688730602667,
    -0.6198711267819267,
    -0.6199732375825818,
    -0.6200752055339357,
    -0.6201770307047675,
    -0.6202787131609329,
    -0.6203802529653649,
    -0.6204816501780752,
    -0.620582904856156,
    -0.620684017053784,
    -0.6207849868222233,
    -0.6208858142098298,
    -0.620986499262056,
    -0.6210870420214564,
    -0.6211874425276943,
    -0.6212877008175479,
    -0.6213878169249173,
    -0.6214877908808332,
    -0.6215876227134642,
    -0.6216873124481272,
    -0.6217868601072963,
    -0.6218862657106141,
    -0.6219855292749006,
    -0.6220846508141642,
    -0.6221836303396135,
    -0.6222824678596673,
    -0.6223811633799674,
    -0.6224797169033893,
    -0.6225781284300561,
    -0.6226763979573494,
    -0.6227745254799234,
    -0.6228725109897172,
    -0.6229703544759688,
    -0.6230680559252285,
    -0.6231656153213729,
    -0.6232630326456192,
    -0.6233603078765415,
    -0.6234574409900838,
    -0.623554431959576,
    -0.6236512807557485,
    -0.6237479873467466,
    -0.6238445516981465,
    -0.6239409737729688,
    -0.6240372535316965,
    -0.6241333909322886,
    -0.6242293859301962,
    -0.6243252384783784,
    -0.6244209485273186,
    -0.6245165160250389,
    -0.6246119409171185,
    -0.62470722314671,
    -0.6248023626545554,
    -0.6248973593790023,
    -0.6249922132560212,
    -0.625086924219221,
    -0.6251814921998653,
    -0.6252759171268901,
    -0.6253701989269187,
    -0.6254643375242791,
    -0.6255583328410196,
    -0.6256521847969257,
    -0.6257458933095366,
    -0.62583945829416,
    -0.6259328796638906,
    -0.6260261573296243,
    -0.6261192912000771,
    -0.6262122811818018,
    -0.6263051271792046,
    -0.6263978290945629,
    -0.6264903868280407,
    -0.6265828002777045,
    -0.62667506933954,
    -0.6267671939074676,
    -0.6268591738733598,
    -0.626951009127056,
    -0.627042699556379,
    -0.6271342450471504,
    -0.6272256454832048,
    -0.6273169007464061,
    -0.6274080107166625,
    -0.6274989752719432,
    -0.6275897942882942,
    -0.6276804676398557,
    -0.6277709951988786,
    -0.6278613768357397,
    -0.6279516124189571,
    -0.6280417018152052,
    -0.6281316448893304,
    -0.6282214415043644,
    -0.6283110915215399,
    -0.6284005948003033,
    -0.6284899511983304,
    -0.6285791605715393,
    -0.6286682227741048,
    -0.6287571376584714,
    -0.6288459050753674,
    -0.6289345248738193,
    -0.6290229969011675,
    -0.6291113210030831,
    -0.6291994970235815,
    -0.6292875248050344,
    -0.6293754041881822,
    -0.6294631350121491,
    -0.6295507171144544,
    -0.6296381503310243,
    -0.6297254344962018,
    -0.629812569442758,
    -0.6298995550019031,
    -0.6299863910032961,
    -0.6300730772750558,
    -0.6301596136437688,
    -0.6302459999344993,
    -0.6303322359707959,
    -0.6304183215747031,
    -0.6305042565667744,
    -0.6305900407660855,
    -0.630675673990242,
    -0.6307611560553861,
    -0.6308464867762038,
    -0.6309316659659352,
    -0.6310166934363779,
    -0.6311015689978832,
    -0.6311862924593542,
    -0.6312708636282487,
    -0.6313552823105797,
    -0.6314395483109075,
    -0.6315236614323282,
    -0.6316076214764574,
    -0.6316914282434198,
    -0.6317750815318391,
    -0.631858581138828,
    -0.6319419268599724,
    -0.6320251184893049,
    -0.6321081558192599,
    -0.6321910386405984,
    -0.6322737667423046,
    -0.6323563399114674,
    -0.6324387579331425,
    -0.6325210205901893,
    -0.632603127663096,
    -0.6326850789297618,
    -0.6327668741651831,
    -0.6328485131409856,
    -0.632929995624792,
    -0.6330113213794448,
    -0.6330924901619577,
    -0.6331735017220684,
    -0.6332543558003054,
    -0.6333350521251013,
    -0.6334155904083134,
    -0.6334959703386781,
    -0.6335761915717452,
    -0.6336562537120226,
    -0.6337361562782173,
    -0.6338158986328172,
    -0.6338954798220657,
    -0.6339748981421462,
    -0.6340541497319953,
    -0.6341332232625352,
    -0.6342120819565162,
    -0.6342906130967654,
    -0.6343681734821155,
    -0.6344426185784285,
    -0.6345125028691017,
    -0.6345786532640332,
    -0.6346232237757048,
    -0.6346021734146362,
    -0.6344630446588625,
    -0.6342089458124253,
    -0.6339193900132862,
    -0.6336437044777119,
    -0.6333815594508049,
    -0.6331325471078916,
    -0.6328962568360447,
    -0.6326722840616636,
    -0.6324602279317474,
    -0.6322596723582318,
    -0.6320701312628239,
    -0.6318911769348151,
    -0.6317225876982728,
    -0.6315641596466378,
    -0.6314155973597744,
    -0.6312765902254297,
    -0.6311468319116906,
    -0.6310260232507131,
    -0.6309138727105471,
    -0.6308100963304422,
    -0.630714416772961,
    -0.6306265594095329,
    -0.6305462278980881,
    -0.6304463099827148,
    -0.6303007056459523,
    -0.6301379752550264,
    -0.629985739025784,
    -0.6298437521344877,
    -0.629711695137515,
    -0.6295892477104856,
    -0.629476096107952,
    -0.6293719348086596,
    -0.629276466754493,
    -0.6291894031810263,
    -0.6291104633773944,
    -0.6290393744573342,
    -0.6289758710741633,
    -0.628919694825169,
    -0.6288705930663282,
    -0.628828317749594,
    -0.6287926249267872,
    -0.6287632728120395,
    -0.6287400169577382,
    -0.628722603230877,
    -0.6287107282380185,
    -0.6286724307160658,
    -0.6285641742503696,
    -0.6284074711425388,
    -0.6282488476940963,
    -0.6281014273057187,
    -0.6279648977504122,
    -0.6278389167189998,
    -0.6277231407645811,
    -0.627617231978471,
    -0.6275208605828393,
    -0.6274337058197083,
    -0.6273554561293351,
    -0.6272858090418699,
    -0.627224470955864,
    -0.6271711568913988,
    -0.6271255902476177,
    -0.6270875025801819,
    -0.6270566334045453,
    -0.6270327299976213,
    -0.6270155471766717,
    -0.6270048470715847,
    -0.6270003989159748,
    -0.6270019788589042,
    -0.6270093697766502,
    -0.6270223610619278,
    -0.6270407483948991,
    -0.6270643335354362,
    -0.6270929241354063,
    -0.6271263335255673,
    -0.6271643804858419,
    -0.6272068890298428,
    -0.6272536881885284,
    -0.6273046116876169,
    -0.6273594973179633,
    -0.6274181852196674,
    -0.6274805086895915,
    -0.6275022240160978,
    -0.6274406300651353,
    -0.6273427946705306,
    -0.627254308940315,
    -0.6271750071066051,
    -0.6271045850312258,
    -0.6270427091492243,
    -0.6269890442238512,
    -0.626943298888236,
    -0.6269052076568601,
    -0.6268744573266766,
    -0.6268506520348869,
    -0.626833417862809,
    -0.6268225526321566,
    -0.6268179710536981,
    -0.6268195527514568,
    -0.6268271186220387,
    -0.6268404765567303,
    -0.6268594361056663,
    -0.6268837763281406,
    -0.6269131044713098,
    -0.626946701375163,
    -0.6269840077179676,
    -0.6270251417093429,
    -0.6270703409695663,
    -0.6270911204116281,
    -0.6269954928434959,
    -0.6267518421617304,
    -0.6264589014270157,
    -0.6261833284588342,
    -0.6259246637050441,
    -0.6256823792043641,
    -0.6254559401944362,
    -0.6252448212868353,
    -0.6250485099591215,
    -0.6248665066709869,
    -0.6246983222250538,
    -0.6245434657754007,
    -0.6243775388123728,
    -0.6241769847553,
    -0.623966991742113,
    -0.6237720122694794,
    -0.6235916563789344,
    -0.6234254082202357,
    -0.6232726584697861,
    -0.6230841250413448,
    -0.6228125195593285,
    -0.6225098166479548,
    -0.6222261212075785,
    -0.6219609151649251,
    -0.6217135950414602,
    -0.621483560334425,
    -0.6212702212787122,
    -0.6210729955383308,
    -0.6208912747382195,
    -0.6206625830305177,
    -0.6203268918646685,
    -0.619950280805562,
    -0.61959635320416,
    -0.619264397757471,
    -0.6189536933662002,
    -0.6186635356393853,
    -0.6183932386636655,
    -0.618142134737395,
    -0.6179095743057278,
    -0.6176949257448311,
    -0.6174975748073654,
    -0.6173169235500904,
    -0.6171523873456629,
    -0.6170033825131355,
    -0.6168538723431951,
    -0.6166779710962939,
    -0.6164817249012589,
    -0.6162919278057919,
    -0.6161189071676102,
    -0.615962103667481,
    -0.6158209590649708,
    -0.6156949281210826,
    -0.6155834807042647,
    -0.6154861020181248,
    -0.615402292375135,
    -0.615331566851591,
    -0.6152734548929608,
    -0.6152274998494888,
    -0.6151932583525095,
    -0.615170299506534,
    -0.6151582036613965,
    -0.6151565595950876,
    -0.6151649576244812,
    -0.6151829671839427,
    -0.6152099673330216,
    -0.6152335899787125,
    -0.6152244144533432,
    -0.6151776436874061,
    -0.6151243426792974,
    -0.6150828488614326,
    -0.6150529022773196,
    -0.6150341231659231,
    -0.6150261205058143,
    -0.6150285063199623,
    -0.6150408989219749,
    -0.6150629250095369,
    -0.6150942206456612,
    -0.6151344318253643,
    -0.615183214764721,
    -0.6152402358735549,
    -0.6153051715749652,
    -0.6153777080874261,
    -0.6154575411922167,
    -0.6155443759886883,
    -0.6156379266437659,
    -0.6157379161420965,
    -0.6158440760402115,
    -0.6159561462254646,
    -0.6160738746793215,
    -0.6161970172449206,
    -0.6163253374008519,
    -0.6164586060414746,
    -0.6165966012607298,
    -0.6167391081390144,
    -0.6168859185376283,
    -0.6170368309051163,
    -0.6171916510617954,
    -0.6173501910477729,
    -0.6175122689387762,
    -0.6176777086643874,
    -0.6178463398322879,
    -0.6180179975587563,
    -0.6181925223042752,
    -0.6183697597133812,
    -0.6185495604564941,
    -0.6187317800721831,
    -0.6189162788123134,
    -0.6191029214904337,
    -0.6192915773241624,
    -0.6194821197489342,
    -0.6196744261724256,
    -0.6198683776528691,
    -0.620063858431973,
    -0.6202607549268565,
    -0.6204589526720723,
    -0.6206583213005236,
    -0.6208580417844681,
    -0.6210134485504755,
    -0.6210829374385227,
    -0.6211143099032348,
    -0.6211529473450232,
    -0.6211986163927221,
    -0.621251058508591,
    -0.6213100139607324,
    -0.6213752270082735,
    -0.6214464478256468,
    -0.6215234332096982,
    -0.6216059468808777,
    -0.6216937595489145,
    -0.6217866488285724,
    -0.6218843990903375,
    -0.6219868012712843,
    -0.622093652649578,
    -0.622204756540616,
    -0.6223199218479958,
    -0.6224389625570154,
    -0.6225616973064552,
    -0.6226879487173621,
    -0.6228175416106746,
    -0.6229502978442963,
    -0.6230860145219345,
    -0.6231868594666893,
    -0.6232055446802953,
    -0.6231718265523515,
    -0.6231362252058517,
    -0.6231098182756539,
    -0.623092327044108,
    -0.6230834281112926,
    -0.6230828057451245,
    -0.6230901560235793,
    -0.6231051673507243,
    -0.6231274917485007,
    -0.6231566690858401,
    -0.6231921251726334,
    -0.6232332709547351,
    -0.6232704312689165,
    -0.6232839549130119,
    -0.6232734561124129,
    -0.6232597807778375,
    -0.6232538458134181,
    -0.6232493299809043,
    -0.6232370482341805,
    -0.623220389262522,
    -0.6232087296209547,
    -0.6232051089635873,
    -0.6232094077043471,
    -0.6232214419448456,
    -0.6232409898754552,
    -0.6232677943988056,
    -0.6233015891966753,
    -0.6233421092063838,
    -0.6233890941916485,
    -0.6234422902329101,
    -0.6235014503049705,
    -0.6235663344163032,
    -0.6236367095835249,
    -0.6237123497710088,
    -0.6237930357899572,
    -0.6238785551467869,
    -0.6239687018363662,
    -0.6240632760736878,
    -0.6241620839325631,
    -0.6242649367726948,
    -0.6243716501587914,
    -0.6244820410111918,
    -0.6245959161706943,
    -0.6247129692839726,
    -0.6248043504011259,
    -0.6248420151743853,
    -0.6248560283106752,
    -0.6248762429677617,
    -0.6249030329776302,
    -0.6249362936067632,
    -0.6249758246215684,
    -0.6250213994902639,
    -0.6250727870047346,
    -0.625129758470297,
    -0.6251920903165922,
    -0.6252595649441529,
    -0.6253319709863983,
    -0.6254091033110578,
    -0.625490762889544,
    -0.6255767566253658,
    -0.6256668971923622,
    -0.6257610028786943,
    -0.6258588973831027,
    -0.6259604094692113,
    -0.626065372269807,
    -0.6261736220444968,
    -0.6262849958803911,
    -0.6263993198142054,
    -0.6265102443537727,
    -0.6266032965873284,
    -0.6266768840982745,
    -0.626746253246535,
    -0.6268199794806093,
    -0.6268979356805716,
    -0.6269799575630359,
    -0.6270658756283298,
    -0.627155522149875,
    -0.6272487334909765,
    -0.6273453505924333,
    -0.6274452188744971,
    -0.6275481881561528,
    -0.6276541126520679,
    -0.6277628508239836,
    -0.627874264849996,
    -0.6279882193758265,
    -0.6281045787414614,
    -0.6282232002263658,
    -0.6283348629705324,
    -0.6284274695111192,
    -0.628507552203399,
    -0.6285878923962629,
    -0.6286717233425968,
    -0.6287589083053116,
    -0.6288493030713861,
    -0.6289427642457482,
    -0.6290391513155795,
    -0.6291383274511938,
    -0.6292401598115802,
    -0.6293445195978066,
    -0.6294512819921699,
    -0.6295603260589349,
    -0.6296715346284397,
    -0.6297847941302416,
    -0.6298999943216939,
    -0.6300170278866452,
    -0.6301357897698822,
    -0.6302561754907516,
    -0.6303780734837956,
    -0.6305012574428887,
    -0.630625364763674,
    -0.6307502658410855,
    -0.6308761515453264,
    -0.6310031311830512,
    -0.6311311586904057,
    -0.6312601703187515,
    -0.6313900985281803,
    -0.6315208750671094,
    -0.6316524320357748,
    -0.631784701706266,
    -0.6319176130180792,
    -0.6320510672873366,
    -0.6321593182707617,
    -0.6322064067090257,
    -0.6322090417150862,
    -0.6322057898051682,
    -0.6322081529488834,
    -0.6322159514983952,
    -0.6322289866901595,
    -0.632247060350698,
    -0.6322699785385162,
    -0.6322975524323614,
    -0.6323295985781147,
    -0.6323659389386408,
    -0.63240640084568,
    -0.6324508169035605,
    -0.6324990248719445,
    -0.6325508675389401,
    -0.6326061925882094,
    -0.6326648524656974,
    -0.6327267042470153,
    -0.6327916095036028,
    -0.6328594341713017,
    -0.6329300484240201,
    -0.6330033265515075,
    -0.6330791468407521,
    -0.6331573914608051,
    -0.6332379463506479,
    -0.633320701109949,
    -0.6334055488925687,
    -0.6334923863028299,
    -0.6335811132947171,
    -0.6336716330739397,
    -0.6337638520026777,
    -0.6338576795069307,
    -0.6339530279863768,
    -0.6340498127267312,
    -0.634147951814667,
    -0.6342473660552274,
    -0.6343479788915622,
    -0.6344497163268985,
    -0.6345525068487263,
    -0.6346562813551512,
    -0.6347609730833277,
    -0.6348665175399091,
    -0.6349728524334837,
    -0.6350799176089557,
    -0.6351876549838245,
    -0.6352960084862849,
    -0.6354049239950756,
    -0.6355143492810361,
    -0.6356242339503364,
    -0.6357345293893406,
    -0.6358451887110569,
    -0.6359561667031346,
    -0.6360674197773588,
    -0.6361789059205962,
    -0.6362905846471532,
    -0.6364024169525109,
    -0.6365143652683974,
    -0.6366263934191575,
    -0.6367384665793849,
    -0.6368505512327767,
    -0.6369626151321801,
    -0.6370746272608016,
    -0.637186557794536,
    -0.6372983780653806,
    -0.637410060525905,
    -0.6375215787147491,
    -0.6376329072231276,
    -0.6377440216623076,
    -0.6378548986320305,
    -0.637965515689849,
    -0.6380758513213542,
    -0.638185884911271,
    -0.6382955967153936,
    -0.638404967833341,
    -0.6385139801821044,
    -0.6386226164703683,
    -0.6387308601735805,
    -0.6388386955097511,
    -0.6389461074159637,
    -0.6390530815255732,
    -0.6391596041460706,
    -0.6392656622375923,
    -0.63937124339206,
    -0.6394763358129314,
    -0.6395809282955472,
    -0.6396850102080534,
    -0.6397885714728883,
    -0.6398916025488136,
    -0.6399940944134752,
    -0.6400960385464772,
    -0.6401974269129562,
    -0.6402982519476428,
    -0.6403985065393932,
    -0.6404981840161789,
    -0.6405972781305197,
    -0.6406957830453515,
    -0.640793693320313,
    -0.6408910038984416,
    -0.6409877100932663,
    -0.6410838075762845,
    -0.6411792923648103,
    -0.641274160810186,
    -0.6413684095863444,
    -0.6414620356787161,
    -0.641555036373466,
    -0.6416474092470548,
    -0.6417391521561139,
    -0.6418302632276256,
    -0.6419207408493991,
    -0.6420105836608326,
    -0.6420997905439549,
    -0.6421883606147379,
    -0.6422762932146739,
    -0.642363587902608,
    -0.6424502444468185,
    -0.6425362628173398,
    -0.6426216431785138,
    -0.642706385881773,
    -0.642790491458642,
    -0.6428739606139543,
    -0.6429567942192773,
    -0.6430389933065384,
    -0.6431205590618484,
    -0.6432014928195154,
    -0.6432817960562418,
    -0.6433614703855018,
    -0.6434405175520944,
    -0.643518939426864,
    -0.643596738001588,
    -0.6436739153840229,
    -0.6437504737931048,
    -0.6438264155543009,
    -0.6439017430951074,
    -0.6439764589406909,
    -0.6440505657096656,
    -0.6441240661100033,
    -0.6441969629350734,
    -0.6442692590598091,
    -0.6443409574369938,
    -0.6444120610936686,
    -0.6444825731276537,
    -0.6445524967041824,
    -0.6446218350526425,
    -0.6446905914634242,
    -0.6447587692848687,
    -0.6448263719203173,
    -0.6448934028252554,
    -0.644959865504551,
    -0.6450257635097845,
    -0.645091100436665,
    -0.6451558799225332,
    -0.6452201056439475,
    -0.6452837813143509,
    -0.645346910681816,
    -0.6454094975268645,
    -0.6454715456603597,
    -0.6455330589214696,
    -0.6455940411756997,
    -0.6456544963129927,
    -0.6457144282458945,
    -0.6457738409077817,
    -0.6458327382511511,
    -0.6458911242459677,
    -0.6459490028780716,
    -0.6460063781476386,
    -0.6460632540676973,
    -0.6461196346626968,
    -0.6461755239671274,
    -0.646230926024189,
    -0.6462858448845082,
    -0.6463402846049023,
    -0.6463942492471891,
    -0.6464477428770403,
    -0.6465007695628776,
    -0.6465533333748084,
    -0.6466054383836013,
    -0.6466570886596995,
    -0.6467082882722722,
    -0.6467590412883013,
    -0.6468093517717053,
    -0.646859223782495,
    -0.6469086613759646,
    -0.6469576686019114,
    -0.6470062495038896,
    -0.647054408118492,
    -0.6471021484746626,
    -0.6471494745930353,
    -0.6471963904853013,
    -0.6472429001536032,
    -0.6472890075899558,
    -0.6473347167756909,
    -0.6473800316809276,
    -0.6474249562640629,
    -0.6474694944712867,
    -0.6475136502361166,
    -0.6475574274789556,
    -0.6476008301066688,
    -0.6476438620121793,
    -0.6476865270740846,
    -0.6477288291562907,
    -0.6477707721076637,
    -0.6478123597616982,
    -0.6478535959362045,
    -0.6478944844330112,
    -0.6479350290376849,
    -0.6479752335192628,
    -0.6480151016300041,
    -0.6480546371051564,
    -0.6480938436627344,
    -0.6481327250033094,
    -0.6481712848098111,
    -0.6482095267473432,
    -0.6482474544630109,
    -0.6482850715857602,
    -0.6483223817262266,
    -0.6483593884765966,
    -0.6483960954104766,
    -0.6484325060827747,
    -0.6484686240295918,
    -0.6485044527681224,
    -0.6485399957965662,
    -0.6485752565940451,
    -0.6486102386205304,
    -0.6486449453167771,
    -0.648679380104272,
    -0.6487135463851906,
    -0.6487474475423608,
    -0.6487810869392301,
    -0.6488144679198422,
    -0.6488475938088162,
    -0.6488804679113325,
    -0.6489130935131273,
    -0.6489454738804926,
    -0.6489776122602801,
    -0.6490095118799118,
    -0.6490411759473946,
    -0.6490726076513391,
    -0.6491038101609837,
    -0.6491347866262231,
    -0.6491655401776439
]