[
    -0.8234489556428036,
    -0.8234626424752637,
    -0.8239575568406137,
    -0.8238991909488038,
    -0.8238433700784066,
    -0.8237900151518848,
    -0.8237390493805097,
    -0.8236903981992898,
    -0.8236439892037378,
    -0.823599752088422,
    -0.8235576185872558,
    -0.8235175224154779,
    -0.823479399213274,
    -0.8234431864909973,
    -0.8234088235759427,
    -0.823376251560626,
    -0.823345413252529,
    -0.8233162531252672,
    -0.8232887172711431,
    -0.8232627533550386,
    -0.8232383105696122,
    -0.8232153395917616,
    -0.82319379254032,
    -0.8231736229349467,
    -0.823154785656177,
    -0.8231372369066025,
    -0.8231209341731511,
    -0.8231058361904393,
    -0.8230919029051569,
    -0.8230790954414613,
    -0.8230673760673615,
    -0.8230567081620662,
    -0.8230470561842501,
    -0.8230383856412145,
    -0.8230306630589274,
    -0.823023855952916,
    -0.8230179327999855,
    -0.8230128630107338,
    -0.8230086169028412,
    -0.823005165675109,
    -0.8230024813822376,
    -0.823000536910354,
    -0.822999305953248,
    -0.8229987629892553,
    -0.8229988832587732,
    -0.8229996427424149,
    -0.8230010181398153,
    -0.8230029868490631,
    -0.8230055269467148,
    -0.8230086171683614,
    -0.8230122368897125,
    -0.8230163661081801,
    -0.8230209854250023,
    -0.8230260760279207,
    -0.8230316196743473,
    -0.8230375986750029,
    -0.8230439958780285,
    -0.8230507946535309,
    -0.8230579788785589,
    -0.8230655329225505,
    -0.8230734416331896,
    -0.8230816903226071,
    -0.8230902647539702,
    -0.8230991511284913,
    -0.8231083360728216,
    -0.8231178066267548,
    -0.823127550231222,
    -0.8231375547166612,
    -0.82314780829179,
    -0.8231582995326263,
    -0.8231690173716983,
    -0.823179951087611,
    -0.8231910902949903,
    -0.8232024249347376,
    -0.8232139452645997,
    -0.8232256418499916,
    -0.8232375055550551,
    -0.8232495275340015,
    -0.8232616992226676,
    -0.8232740123302564,
    -0.8232864588313044,
    -0.8232990309578598,
    -0.82331172119188,
    -0.8233245222578498,
    -0.8233374271156234,
    -0.8233504289535151,
    -0.8233635211816491,
    -0.8233766974254838,
    -0.8233899515194759,
    -0.8234032775009442,
    -0.8234166696040994,
    -0.8234301222541724,
    -0.8234436300616957,
    -0.8234571878170083,
    -0.8234707904849402,
    -0.8234844331996254,
    -0.8234981112594323,
    -0.8235118201220095,
    -0.8235255553994828,
    -0.8235393128538706,
    -0.8235530883926887,
    -0.8235668780646463,
    -0.8235806780554247,
    -0.8235944846835734,
    -0.8236082943965232,
    -0.823622103766706,
    -0.8236359094878012,
    -0.8236497083711173,
    -0.8236634973421024,
    -0.823677273436947,
    -0.8236910337992539,
    -0.8237047756768056,
    -0.8237184964184361,
    -0.8237321934709957,
    -0.8237458643763967,
    -0.8237595067687308,
    -0.8237731183714607,
    -0.8237866969946985,
    -0.8238002405325757,
    -0.8238137469607025,
    -0.823827214333706,
    -0.8238406407828288,
    -0.8238540245135932,
    -0.8238673638035273,
    -0.823880656999961,
    -0.8238939025178903,
    -0.8239070988379049,
    -0.8239202445041742,
    -0.8239333381224908,
    -0.8239463783583734,
    -0.8239593639352208,
    -0.8239722936325208,
    -0.8239851662841149,
    -0.8239979807765117,
    -0.8240107360472414,
    -0.8240234310832595,
    -0.8240360649194032,
    -0.8240486366368976,
    -0.8240611453619057,
    -0.8240735902641174,
    -0.824085970555379,
    -0.8240982854883658,
    -0.8241105343552947,
    -0.8241227164866706,
    -0.8241348312500654,
    -0.824146878048934,
    -0.8241588563214658,
    -0.8241707655394712,
    -0.824182605207302,
    -0.8241943748608018,
    -0.8242060740662868,
    -0.8242177024195552,
    -0.8242292595449273,
    -0.824240745094313,
    -0.8242521587463062,
    -0.8242635002053066,
    -0.8242747692006664,
    -0.8242859654858627,
    -0.8242970888376945,
    -0.8243081390555036,
    -0.8243191159604206,
    -0.8243300193946318,
    -0.8243408492206666,
    -0.8243516053207068,
    -0.8243622875959145,
    -0.8243728959657816,
    -0.8243834303674983,
    -0.824393890755342,
    -0.8244042771000852,
    -0.8244145893884218,
    -0.824424827622405,
    -0.8244349918189047,
    -0.8244450820090812,
    -0.8244550982378768,
    -0.8244650405635198,
    -0.8244749090570456,
    -0.824484703801831,
    -0.8244944248931438,
    -0.8245040724377047,
    -0.8245136465532633,
    -0.8245231473681872,
    -0.8245325750210626,
    -0.8245419296603046,
    -0.8245512114437787,
    -0.8245604205384345,
    -0.8245695571199546,
    -0.8245786213724139,
    -0.8245876134879525,
    -0.8245965336664595,
    -0.8246053821152629,
    -0.8246141590488301,
    -0.8246228646884743,
    -0.8246314992620726,
    -0.8246400630037888,
    -0.8246485561538045,
    -0.8246569789580614,
    -0.8246653316680186,
    -0.8246736145404155,
    -0.8246818278370378,
    -0.8246899718244864,
    -0.8246980467739556,
    -0.8247060529610247,
    -0.8247139906654597,
    -0.8247218601710153,
    -0.8247296617652442,
    -0.8247373957393098,
    -0.824745062387811,
    -0.8247526620086097,
    -0.8247601949026644,
    -0.8247676613738666,
    -0.8247750617288847,
    -0.824782396277011,
    -0.8247896653300161,
    -0.8247968692020077,
    -0.8248040082092968,
    -0.824811082670266,
    -0.8248180929052429,
    -0.8248250392363752,
    -0.8248319219875123,
    -0.824838741484087,
    -0.8248454980530032,
    -0.8248521920225279,
    -0.8248588237221858,
    -0.8248653934826604,
    -0.8248719016356961,
    -0.8248783485140044,
    -0.8248847344511717,
    -0.8248910597815692,
    -0.8248973248402637,
    -0.8249035299629316,
    -0.8249096754857774,
    -0.8249157617454552,
    -0.8249217890789974,
    -0.8249277578237459,
    -0.8249336683172821,
    -0.8249395208973598,
    -0.8249453159018416,
    -0.8249510536686383,
    -0.8249567345356511,
    -0.824962358840715,
    -0.8249679269215415,
    -0.8249734391156633,
    -0.8249788957603815,
    -0.8249842971927174,
    -0.8249896437493641,
    -0.82499493576664,
    -0.8250001735804434,
    -0.8250053575262085,
    -0.825010487938867,
    -0.8250155651528095,
    -0.8250205895018484,
    -0.8250255613191833,
    -0.8250304809373681,
    -0.8250353486882797,
    -0.8250401649030892,
    -0.8250449299122345,
    -0.825049644045394,
    -0.8250543076314598,
    -0.8250589209985144,
    -0.8250634844738073,
    -0.8250679983837327,
    -0.8250724630538094,
    -0.8250768788086604,
    -0.8250812459719953,
    -0.8250855648665926,
    -0.825089835814284,
    -0.8250940591359394,
    -0.8250982351514528,
    -0.825102364179728,
    -0.8251064465386665,
    -0.8251104825451547,
    -0.8251144725150543,
    -0.8251184167631911,
    -0.825122315603345,
    -0.8251261693482425,
    -0.8251299783095467,
    -0.8251337427978509,
    -0.8251374631226699,
    -0.8251411395924334,
    -0.8251447725144809,
    -0.8251483621950555,
    -0.8251519089392996,
    -0.8251554130512497,
    -0.8251588748338334,
    -0.8251622945888645,
    -0.8251656726170408,
    -0.8251690092179413,
    -0.825172304690024,
    -0.8251755593306223,
    -0.8251787734359436,
    -0.8251819473010674,
    -0.825185081219941,
    -0.8251881754853801,
    -0.8251912303890676,
    -0.8251942462215537,
    -0.8251972232722561,
    -0.8252001618294604,
    -0.8252030621803222,
    -0.8252059246108682,
    -0.8252087494059969,
    -0.8252115368494787,
    -0.8252142872239564,
    -0.8252170008109456,
    -0.8252196778908366,
    -0.8252223187428991,
    -0.8252249236452843,
    -0.8252274928750274,
    -0.8252300267080498,
    -0.8252325254191616,
    -0.8252349892820638,
    -0.8252374185693525,
    -0.8252398135525211,
    -0.8252421745019648,
    -0.8252445016869874,
    -0.8252467953758067,
    -0.8252490558355584,
    -0.8252512833322967,
    -0.8252534781309964,
    -0.8252556404955581,
    -0.8252577706888118,
    -0.8252598689725208,
    -0.8252619356073876,
    -0.8252639708530575,
    -0.8252659749681248,
    -0.8252679482101384,
    -0.8252698908356056,
    -0.825271803099998,
    -0.8252736852577559,
    -0.8252755375622947,
    -0.825277360266011,
    -0.8252791536202896,
    -0.82528091787551,
    -0.8252826532810509,
    -0.8252843600852944,
    -0.8252860385356312,
    -0.825287688878466,
    -0.8252893113592231,
    -0.8252909062223515,
    -0.8252924737113321,
    -0.8252940140686846,
    -0.8252955275359747,
    -0.8252970143538202,
    -0.8252984747619003,
    -0.8252999089989613,
    -0.8253013173028236,
    -0.8253026999103856,
    -0.8253040570576305,
    -0.8253053889796302,
    -0.8253066959105512,
    -0.8253079780836601,
    -0.8253092357313321,
    -0.8253104690850588,
    -0.8253116783754545,
    -0.8253128638322635,
    -0.8253140256843668,
    -0.8253151641597872,
    -0.8253162794856942,
    -0.8253173718884106,
    -0.8253184415934214,
    -0.8253194888253789,
    -0.8253205138081079,
    -0.8253215167646134,
    -0.8253224979170871,
    -0.825323457486915,
    -0.8253243956946832,
    -0.8253253127601834,
    -0.8253262089024201,
    -0.8253270843396167,
    -0.8253279392892225,
    -0.8253287739679185,
    -0.8253295885916212,
    -0.8253303833754899,
    -0.8253311585339344,
    -0.8253319142806215,
    -0.8253326508284801,
    -0.825333368389708,
    -0.8253340671757792,
    -0.825334747397451,
    -0.8253354092647717,
    -0.8253360529870822,
    -0.8253366787730189,
    -0.8253372868305159,
    -0.8253378773668161,
    -0.8253384505884824,
    -0.8253390067014084,
    -0.825339545910827,
    -0.8253400684213207,
    -0.8253405744368248,
    -0.8253410641606317,
    -0.8253415377953925,
    -0.8253419955431246,
    -0.825342437605219,
    -0.8253428641824426,
    -0.8253432754749374,
    -0.8253436716822276,
    -0.8253440530032359,
    -0.8253444196362897,
    -0.8253447717791178,
    -0.825345109628844,
    -0.8253454333819885,
    -0.825345743234475,
    -0.8253460393816446,
    -0.8253463220182675,
    -0.8253465913385422,
    -0.8253468475360937,
    -0.8253470908039845,
    -0.8253473213347275,
    -0.8253475393202884,
    -0.8253477449520865,
    -0.8253479384209979,
    -0.8253481199173602,
    -0.8253482896309865,
    -0.8253484477511925,
    -0.8253485944668272,
    -0.8253487299662823,
    -0.8253488544374856,
    -0.8253489680678968,
    -0.8253490710445118,
    -0.8253491635538618,
    -0.8253492457820061,
    -0.825349317914526,
    -0.8253493801365265,
    -0.8253494326326424,
    -0.8253494755870431,
    -0.825349509183435,
    -0.8253495336050587,
    -0.82534954903469,
    -0.8253495556546656,
    -0.8253495536469216,
    -0.8253495431930017,
    -0.8253495244740487,
    -0.8253494976708184,
    -0.8253494629636959,
    -0.8253494205326947,
    -0.8253493705574377,
    -0.8253493132171398,
    -0.8253492486906046,
    -0.825349177156239,
    -0.8253490987920761,
    -0.8253490137757877,
    -0.8253489222846745,
    -0.8253488244956443,
    -0.8253487205851965,
    -0.8253486107294188,
    -0.8253484951040003,
    -0.8253483738842768,
    -0.8253482472452615,
    -0.8253481153616303,
    -0.8253479784077136,
    -0.8253478365575084,
    -0.8253476899846817,
    -0.8253475388625755,
    -0.8253473833642204,
    -0.8253472236623297,
    -0.8253470599292867,
    -0.8253468923371385,
    -0.825346721057591,
    -0.825346546262002,
    -0.825346368121381,
    -0.8253461868063958,
    -0.8253460024873931,
    -0.8253458153344233,
    -0.8253456255172523,
    -0.8253454332053587,
    -0.8253452385679257,
    -0.8253450417738388,
    -0.8253448429916784,
    -0.8253446423897137,
    -0.8253444401359041,
    -0.8253442363979107,
    -0.8253440313431097,
    -0.825343825138594,
    -0.8253436179511627,
    -0.8253434099473224,
    -0.8253432012932922,
    -0.8253429921550152,
    -0.8253427826981541,
    -0.8253425730880845,
    -0.8253423634898902,
    -0.8253421540683633,
    -0.8253419449880022,
    -0.8253417364130118,
    -0.8253415285072897,
    -0.8253413214344131,
    -0.8253411153576526,
    -0.8253409104399916,
    -0.825340706844137,
    -0.8253405047325345,
    -0.8253403042673771,
    -0.825340105610591,
    -0.8253399089238317,
    -0.8253397143684915,
    -0.8253395221056925,
    -0.8253393322962713,
    -0.8253391451007855,
    -0.8253389606795357,
    -0.8253387791925755,
    -0.8253386007997136,
    -0.8253384256605191,
    -0.8253382539343281,
    -0.8253380857802407,
    -0.8253379213571028,
    -0.8253377606431967,
    -0.825337603616574,
    -0.8253374502550828,
    -0.825337300536371,
    -0.8253371544378769,
    -0.8253370119368213,
    -0.8253368730101986,
    -0.8253367376347731,
    -0.8253366057870789,
    -0.8253364774434253,
    -0.8253363525799016,
    -0.8253362311723743,
    -0.8253361131964875,
    -0.8253359986276648,
    -0.8253358874411117,
    -0.8253357796118144,
    -0.8253356751145441,
    -0.8253355739238651,
    -0.8253354760141498,
    -0.8253353813595923,
    -0.8253352899342149,
    -0.8253352017118667,
    -0.8253351166662173,
    -0.825335034770754,
    -0.8253349559987841,
    -0.8253348803234357,
    -0.8253348077176539,
    -0.8253347381542001,
    -0.8253346716056562,
    -0.8253346080444323,
    -0.8253345474427698,
    -0.8253344897727406,
    -0.8253344350062476,
    -0.8253343831150276,
    -0.825334334070653,
    -0.8253342878445342,
    -0.8253342444079231,
    -0.8253342037319132,
    -0.8253341657874339,
    -0.8253341305452515,
    -0.8253340979759737,
    -0.8253340680500543,
    -0.8253340407377974,
    -0.8253340160093587,
    -0.8253339938347443,
    -0.8253339741838115,
    -0.8253339570262761,
    -0.8253339423317223,
    -0.8253339300696078,
    -0.8253339202092583,
    -0.8253339127198603,
    -0.8253339075704614,
    -0.8253339047299733,
    -0.8253339041671732,
    -0.8253339058507052,
    -0.8253339097490822,
    -0.8253339158306894,
    -0.8253339240637876,
    -0.8253339344165184,
    -0.8253339468569069,
    -0.8253339613528634,
    -0.825333977872185,
    -0.8253339963825611,
    -0.8253340168515761,
    -0.8253340392467092,
    -0.8253340635353292,
    -0.8253340896846926,
    -0.8253341176619434,
    -0.8253341474341145,
    -0.8253341789681272,
    -0.8253342122307902,
    -0.8253342471887999,
    -0.8253342838087437,
    -0.8253343220571042,
    -0.825334361900263,
    -0.8253344033045021,
    -0.8253344462360053,
    -0.8253344906608565,
    -0.8253345365450432,
    -0.8253345838544578,
    -0.8253346325548995,
    -0.8253346826120771,
    -0.825334733991614,
    -0.8253347866590467,
    -0.8253348405798236,
    -0.8253348957193005,
    -0.8253349520427414,
    -0.8253350095153213,
    -0.8253350681021266,
    -0.8253351277681562,
    -0.8253351884783248,
    -0.8253352501974651,
    -0.8253353128903255,
    -0.8253353765215687,
    -0.8253354410557735,
    -0.8253355064574357,
    -0.8253355726909734,
    -0.8253356397207277,
    -0.8253357075109613,
    -0.8253357760258563,
    -0.8253358452295156,
    -0.8253359150859673,
    -0.8253359855591659,
    -0.8253360566129929,
    -0.825336128211258,
    -0.8253362003176988,
    -0.8253362728959809,
    -0.8253363459096974,
    -0.8253364193223695,
    -0.8253364930974477,
    -0.8253365671983128,
    -0.8253366415882756,
    -0.8253367162305785,
    -0.8253367910883973,
    -0.8253368661248419,
    -0.8253369413029572,
    -0.8253370165857219,
    -0.8253370919360459,
    -0.8253371673167705,
    -0.8253372426906715,
    -0.8253373180204606,
    -0.8253373932687873,
    -0.8253374683982403,
    -0.8253375433713495,
    -0.8253376181505861,
    -0.8253376926983632,
    -0.8253377669770332,
    -0.8253378409488876,
    -0.8253379145761569,
    -0.8253379878210096,
    -0.8253380606455523,
    -0.8253381330118293,
    -0.825338204881826,
    -0.8253382762174708,
    -0.8253383469806376,
    -0.8253384171331453,
    -0.8253384866367572,
    -0.8253385554531809,
    -0.8253386235440686,
    -0.8253386908710189,
    -0.825338757395575,
    -0.8253388230792273,
    -0.8253388878834131,
    -0.8253389517695195,
    -0.8253390146988839,
    -0.8253390766327944,
    -0.8253391375324881,
    -0.8253391973591515,
    -0.8253392560739212,
    -0.8253393136378853,
    -0.8253393700120832,
    -0.8253394251575078,
    -0.8253394790351053,
    -0.8253395316057763,
    -0.825339582830376,
    -0.8253396326697123,
    -0.8253396810845471,
    -0.8253397280355964,
    -0.825339773483531,
    -0.8253398173889772,
    -0.8253398597125148,
    -0.8253399004146785,
    -0.8253399394559584,
    -0.8253399767968025,
    -0.8253400123976157,
    -0.8253400462187609,
    -0.8253400782205587,
    -0.8253401083632885,
    -0.8253401366071896,
    -0.8253401629124606,
    -0.8253401872392596,
    -0.8253402095477047,
    -0.8253402297978742,
    -0.8253402479498083,
    -0.8253402639635085,
    -0.8253402777989386,
    -0.8253402894160247,
    -0.8253402987746536,
    -0.8253403058346732,
    -0.8253403105558923,
    -0.8253403128980827,
    -0.8253403128209806,
    -0.8253403102842874,
    -0.8253403052476699,
    -0.8253402976707609,
    -0.8253402875131607,
    -0.8253402747344379,
    -0.8253402592941272,
    -0.8253402411517308,
    -0.8253402202667176,
    -0.8253401965985243,
    -0.825340170106556,
    -0.8253401407501859,
    -0.8253401084887558,
    -0.8253400732815765,
    -0.8253400350879292,
    -0.8253399938670639,
    -0.8253399495782016,
    -0.8253399021805318,
    -0.8253398516332149,
    -0.8253397978953809,
    -0.8253397409261314,
    -0.8253396806845393,
    -0.8253396171296493,
    -0.8253395502204772,
    -0.8253394799160099,
    -0.8253394061752066,
    -0.8253393289569984,
    -0.8253392482202887,
    -0.8253391639239532,
    -0.82533907602684,
    -0.8253389844877694,
    -0.8253388892655359,
    -0.8253387903189077,
    -0.8253386876066272,
    -0.8253385810874121,
    -0.825338470719955,
    -0.8253383564629235,
    -0.8253382382749601,
    -0.8253381161146826,
    -0.8253379899406842,
    -0.8253378597115351,
    -0.8253377253857819,
    -0.8253375869219478,
    -0.8253374442785328,
    -0.8253372974140143,
    -0.8253371462868476,
    -0.8253369908554651,
    -0.8253368310782769,
    -0.8253366669136714,
    -0.8253364983200158,
    -0.8253363252556555,
    -0.8253361476789142,
    -0.8253359655480944,
    -0.825335778821478,
    -0.8253355874573266,
    -0.8253353914138823,
    -0.8253351906493671,
    -0.825334985121984,
    -0.8253347747899157,
    -0.8253345596113265,
    -0.8253343395443609,
    -0.8253341145471444,
    -0.8253338845777833,
    -0.825333649594365,
    -0.8253334095549576,
    -0.8253331644176113,
    -0.8253329141403574,
    -0.8253326586812088,
    -0.8253323979981598,
    -0.825332132049187,
    -0.8253318607922485,
    -0.8253315841852853,
    -0.8253313021862207,
    -0.8253310147529603,
    -0.8253307218433927,
    -0.8253304234153896,
    -0.8253301194268058,
    -0.8253298098354798,
    -0.8253294945992331,
    -0.8253291736758717,
    -0.8253288470231847,
    -0.8253285145989456,
    -0.8253281763609123,
    -0.8253278322668266,
    -0.8253274822744154,
    -0.82532712634139,
    -0.8253267644254466,
    -0.8253263964842665,
    -0.8253260224755152,
    -0.8253256423568435,
    -0.8253252560858868,
    -0.8253248636202661,
    -0.8253244649175877,
    -0.8253240599354446,
    -0.8253236486314153,
    -0.8253232309630653,
    -0.8253228068879465,
    -0.8253223763635973,
    -0.8253219393475424,
    -0.8253214957972937,
    -0.8253210456703494,
    -0.8253205889241946,
    -0.8253201255163015,
    -0.8253196554041293,
    -0.8253191785451246,
    -0.8253186948967212,
    -0.8253182044163405,
    -0.8253177070613913,
    -0.8253172027892698,
    -0.8253166915573603,
    -0.8253161733230349,
    -0.825315648043654,
    -0.8253151156765657,
    -0.8253145761791064,
    -0.8253140295086008,
    -0.8253134756223617,
    -0.8253129144776905,
    -0.8253123460318773,
    -0.8253117702422014,
    -0.8253111870659313,
    -0.8253105964603253,
    -0.8253099983826307,
    -0.8253093927900849,
    -0.825308779639914,
    -0.8253081588893348,
    -0.8253075304955537,
    -0.8253068944157668,
    -0.8253062506071601,
    -0.8253055990269104,
    -0.8253049396321843,
    -0.825304272380139,
    -0.825303597227923,
    -0.8253029141326746,
    -0.8253022230515235,
    -0.8253015239415897,
    -0.8253008167599841,
    -0.8253001014638084,
    -0.8252993780101546,
    -0.8252986463561062,
    -0.8252979064587372,
    -0.8252971582751137,
    -0.8252964017622921,
    -0.8252956368773208,
    -0.8252948635772388,
    -0.8252940818190774,
    -0.8252932915598593,
    -0.825292492756599,
    -0.8252916853663026,
    -0.8252908693459676,
    -0.8252900446525839,
    -0.8252892112431329,
    -0.8252883690745884,
    -0.8252875181039158,
    -0.8252866582880731,
    -0.8252857895840103,
    -0.8252849119486703,
    -0.8252840253389881,
    -0.8252831297118917,
    -0.8252822250243014,
    -0.8252813112331295,
    -0.8252803882952816,
    -0.8252794561676556,
    -0.8252785148071426,
    -0.8252775641706273,
    -0.8252766042149865,
    -0.8252756348970902,
    -0.825274656173802,
    -0.8252736680019783,
    -0.8252726703384692,
    -0.8252716631401184,
    -0.8252706463637629,
    -0.8252696199662336,
    -0.8252685839043548,
    -0.8252675381349441,
    -0.8252664826148137,
    -0.8252654173007686,
    -0.8252643421496076,
    -0.8252632571181243,
    -0.8252621621631058,
    -0.8252610572413338,
    -0.8252599423095843,
    -0.8252588173246277,
    -0.8252576822432284,
    -0.8252565370221449,
    -0.8252553816181295,
    -0.8252542159879278,
    -0.8252530400882794,
    -0.8252518538759183,
    -0.8252506573075726,
    -0.8252494503399656,
    -0.8252482329298143,
    -0.8252470050338312,
    -0.8252457666087225,
    -0.8252445176111894,
    -0.8252432579979283,
    -0.82524198772563,
    -0.8252407067509808,
    -0.8252394150306618,
    -0.8252381125213492,
    -0.8252367991797145,
    -0.8252354749624246,
    -0.8252341398261425,
    -0.8252327937275262,
    -0.825231436623229,
    -0.8252300684698985,
    -0.825228689224178,
    -0.8252272988427062,
    -0.8252258972821171,
    -0.8252244844990412,
    -0.8252230604501036,
    -0.8252216250919253,
    -0.8252201783811217,
    -0.8252187202743034,
    -0.8252172507280766,
    -0.8252157696990428,
    -0.825214277143799,
    -0.8252127730189386,
    -0.8252112572810507,
    -0.825209729886721,
    -0.8252081907925314,
    -0.8252066399550585,
    -0.8252050773308743,
    -0.8252035028765464,
    -0.8252019165486385,
    -0.8252003183037103,
    -0.8251987080983186,
    -0.8251970858890166,
    -0.8251954516323536,
    -0.8251938052848758,
    -0.8251921468031254,
    -0.8251904761436423,
    -0.825188793262963,
    -0.82518709811762,
    -0.8251853906641425,
    -0.8251836708590558,
    -0.8251819386588822,
    -0.8251801940201413,
    -0.8251784368993499,
    -0.8251766672530215,
    -0.8251748850376671,
    -0.825173090209794,
    -0.8251712827259062,
    -0.8251694625425032,
    -0.8251676296160808,
    -0.825165783903131,
    -0.8251639253601417,
    -0.8251620539435974,
    -0.8251601696099795,
    -0.8251582723157662,
    -0.8251563620174334,
    -0.8251544386714528,
    -0.8251525022342929,
    -0.8251505526624181,
    -0.8251485899122896,
    -0.8251466139403648,
    -0.8251446247030978,
    -0.8251426221569385,
    -0.8251406062583332,
    -0.8251385769637247,
    -0.8251365342295522,
    -0.8251344780122514,
    -0.8251324082682548,
    -0.8251303249539926,
    -0.8251282280258918,
    -0.8251261174403755,
    -0.8251239931538633,
    -0.8251218551227706,
    -0.8251197033035081,
    -0.8251175376524829,
    -0.8251153581260974,
    -0.8251131646807508,
    -0.8251109572728382,
    -0.8251087358587531,
    -0.8251065003948865,
    -0.8251042508376275,
    -0.825101987143361,
    -0.8250997092684685,
    -0.8250974171693278,
    -0.8250951108023115,
    -0.8250927901237874,
    -0.8250904550901181,
    -0.8250881056576617,
    -0.8250857417827727,
    -0.8250833634218033,
    -0.8250809705311033,
    -0.8250785630670184,
    -0.8250761409858902,
    -0.8250737042440548,
    -0.825071252797843,
    -0.8250687866035804,
    -0.825066305617588,
    -0.8250638097961809,
    -0.8250612990956679,
    -0.8250587734723515,
    -0.8250562328825279,
    -0.8250536772824896,
    -0.8250511066285227,
    -0.8250485208769073,
    -0.8250459199839173,
    -0.825043303905821,
    -0.8250406725988803,
    -0.8250380260193507,
    -0.8250353641234824,
    -0.8250326868675176,
    -0.8250299942076905,
    -0.8250272861002254,
    -0.8250245625013376,
    -0.825021823367234,
    -0.825019068654114,
    -0.8250162983181711,
    -0.8250135123155903,
    -0.8250107106025468,
    -0.8250078931352061,
    -0.8250050598697254,
    -0.8250022107622549,
    -0.8249993457689347,
    -0.8249964648458934,
    -0.8249935679492453,
    -0.8249906550350902,
    -0.8249877261237709,
    -0.8249847812356197,
    -0.8249818203909587,
    -0.8249788436100973,
    -0.8249758509133293,
    -0.824972842320931,
    -0.8249698178531614,
    -0.8249667775302617,
    -0.8249637213724557,
    -0.8249606493999493,
    -0.8249575616329293,
    -0.8249544580915595,
    -0.8249513387959725,
    -0.8249482037662663,
    -0.8249450530225041,
    -0.8249418865847143,
    -0.8249387044728922,
    -0.8249355067070029,
    -0.8249322933069816,
    -0.8249290642927305,
    -0.8249258196841138,
    -0.8249225595009511,
    -0.8249192837630147,
    -0.8249159924900291,
    -0.8249126857016649,
    -0.8249093634175334,
    -0.8249060256571811,
    -0.8249026724400854,
    -0.8248993037856477,
    -0.8248959197131884,
    -0.8248925202419423,
    -0.8248891053910565,
    -0.8248856751795937,
    -0.8248822296265297,
    -0.8248787687507464,
    -0.8248752925710205,
    -0.8248718011060266,
    -0.8248682943743465,
    -0.8248647723944676,
    -0.8248612351847646,
    -0.8248576827634765,
    -0.8248541151486906,
    -0.8248505323583384,
    -0.8248469344101917,
    -0.824843321321836,
    -0.8248396931106221,
    -0.8248360497936317,
    -0.8248323913876661,
    -0.824828717909244,
    -0.8248250293746048,
    -0.8248213257997101,
    -0.8248176072002206,
    -0.8248138735914415,
    -0.8248101249882687,
    -0.824806361405151,
    -0.8248025828560555,
    -0.8247987893544358,
    -0.8247949809132196,
    -0.8247911575447932,
    -0.8247873192609716,
    -0.8247834660729687,
    -0.8247795979913976,
    -0.8247757150262773,
    -0.8247718171869588,
    -0.8247679044819353,
    -0.8247639769186714,
    -0.8247600345035629,
    -0.824756077241937,
    -0.8247521051379513,
    -0.824748118194421,
    -0.8247441164126457,
    -0.8247400997922457,
    -0.8247360683311441,
    -0.8247320220257428,
    -0.8247279608710313,
    -0.8247238848604862,
    -0.8247197939858704,
    -0.8247156882369445,
    -0.8247115676011112,
    -0.8247074320630502,
    -0.8247032816044608,
    -0.8246991162041214,
    -0.8246949358381267,
    -0.824690740479984,
    -0.8246865301006904,
    -0.8246823046687897,
    -0.8246780641500931,
    -0.8246738085073634,
    -0.8246695377006499,
    -0.8246652516883343,
    -0.8246609504279641,
    -0.8246566338759539,
    -0.8246523019868367,
    -0.8246479547133009,
    -0.8246435920071876,
    -0.8246392138213791,
    -0.8246348201121144,
    -0.8246304108401671,
    -0.8246259859706961,
    -0.8246215454741044,
    -0.8246170893284597,
    -0.8246126175219423,
    -0.8246081300555087,
    -0.824603626945604,
    -0.8245991082253988,
    -0.8245945739428191,
    -0.8245900241531212,
    -0.8245854589106296,
    -0.8245808782696723,
    -0.8245762822906227,
    -0.8245716710383307,
    -0.8245670445784535,
    -0.824562402982973,
    -0.8245577463381676,
    -0.824553074746374,
    -0.8245483883245364,
    -0.8245436872040205,
    -0.8245389715298671,
    -0.8245342414558255,
    -0.8245294971406254,
    -0.8245247387515203,
    -0.8245199664692502,
    -0.8245151804885328,
    -0.8245103810143432,
    -0.8245055682538525,
    -0.8245007424053129,
    -0.8244959036509711,
    -0.8244910521587979,
    -0.8244861880868668,
    -0.8244813115844247,
    -0.8244764227916986,
    -0.8244715218396843,
    -0.8244666088485004,
    -0.8244616839249763,
    -0.8244567471615236,
    -0.8244517986368431,
    -0.8244468384175837,
    -0.8244418665601078,
    -0.8244368831118964,
    -0.8244318881125472,
    -0.8244268815945933,
    -0.8244218635843193,
    -0.8244168341026611,
    -0.8244117931660148,
    -0.8244067407867333,
    -0.8244016769735808,
    -0.8243966017323697,
    -0.8243915150664686,
    -0.8243864169769942,
    -0.8243813074629244,
    -0.8243761865213347,
    -0.824371054147743,
    -0.824365910336483,
    -0.8243607550810266,
    -0.8243555883741769,
    -0.8243504102081818,
    -0.8243452205748243,
    -0.8243400194654495,
    -0.8243348068709879,
    -0.8243295827820583,
    -0.8243243471890949,
    -0.8243191000824626,
    -0.8243138414525677,
    -0.8243085712899355,
    -0.8243032895852398,
    -0.8242979963293244,
    -0.82429269151324,
    -0.8242873751282871,
    -0.8242820471660633,
    -0.8242767076185055,
    -0.824271356477917,
    -0.8242659937369898,
    -0.8242606193888345,
    -0.824255233427021,
    -0.8242498358455941,
    -0.8242444266390831,
    -0.8242390058025246,
    -0.8242335733314801,
    -0.8242281292220252,
    -0.8242226734707301,
    -0.8242172060746461,
    -0.8242117270313033,
    -0.8242062363387179,
    -0.8242007339953938,
    -0.8241952200003224,
    -0.8241896943529868,
    -0.8241841570533718,
    -0.8241786081019669,
    -0.8241730474997632,
    -0.8241674752482451,
    -0.8241618913493775,
    -0.8241562958055916,
    -0.824150688619776,
    -0.8241450697952666,
    -0.8241394393358422,
    -0.8241337972457204,
    -0.8241281435295525,
    -0.8241224781924167,
    -0.8241168012398099,
    -0.824111112677639,
    -0.8241054125122138,
    -0.8240997007502407,
    -0.8240939773988163,
    -0.824088242465417,
    -0.8240824959578881,
    -0.8240767378844359,
    -0.8240709682536207,
    -0.8240651870743515,
    -0.8240593943558777,
    -0.8240535901077827,
    -0.8240477743399739,
    -0.8240419470626775,
    -0.8240361082864324,
    -0.824030258022083,
    -0.824024396280773,
    -0.8240185230739381,
    -0.8240126384132987,
    -0.824006742310854,
    -0.8240008347788744,
    -0.8239949158298955,
    -0.8239889854767094,
    -0.8239830437323572,
    -0.8239770906101216,
    -0.8239711261235205,
    -0.8239651502863035,
    -0.8239591631124462,
    -0.8239531646161457,
    -0.8239471548118125,
    -0.8239411337140656,
    -0.8239351013377256,
    -0.8239290576978097,
    -0.8239230028095265,
    -0.823916936688271,
    -0.8239108593496192,
    -0.8239047708093233,
    -0.8238986710833086,
    -0.8238925601876668,
    -0.8238864381386514,
    -0.8238803049526723,
    -0.8238741606462912,
    -0.8238680052362177,
    -0.8238618387393063,
    -0.8238556611725515,
    -0.8238494725530849,
    -0.8238432728981709,
    -0.8238370622252018,
    -0.8238308405516946,
    -0.8238246078952861,
    -0.8238183642737299,
    -0.8238121097048918,
    -0.823805844206747,
    -0.8237995677973772,
    -0.8237932804949673,
    -0.8237869823178033,
    -0.8237806732842684,
    -0.8237743534128406,
    -0.8237680227220897,
    -0.823761681230674,
    -0.8237553289573373,
    -0.8237489659209065,
    -0.8237425921402889,
    -0.823736207634469,
    -0.8237298124225076,
    -0.8237234065235391,
    -0.8237169899567696,
    -0.8237105627414739,
    -0.823704124896994,
    -0.8236976764427365,
    -0.8236912173981712,
    -0.8236847477828285,
    -0.8236782676162976,
    -0.8236717769182245,
    -0.8236652757083105,
    -0.82365876400631,
    -0.8236522418320287,
    -0.8236457092053213,
    -0.8236391661460908,
    -0.8236326126742858,
    -0.8236260488099004,
    -0.8236194745729715,
    -0.823612889983578,
    -0.8236062950618391,
    -0.8235996898279134,
    -0.8235930743019969,
    -0.823586448504322,
    -0.8235798124551561,
    -0.8235731661747999,
    -0.8235665096835855,
    -0.823559843001876,
    -0.8235531661500646,
    -0.8235464791485733,
    -0.8235397820178524,
    -0.823533074778379,
    -0.823526357450656,
    -0.8235196300552117,
    -0.823512892612598,
    -0.8235061451433899,
    -0.8234993876681846,
    -0.8234926202076005,
    -0.8234858427822769,
    -0.8234790554128726,
    -0.8234722581200656,
    -0.8234654509245526,
    -0.8234586338470478,
    -0.8234518069082829,
    -0.8234449701290056,
    -0.8234381235299786,
    -0.8234312671319791,
    -0.8234244009557978,
    -0.8234175250222386,
    -0.8234106393521182,
    -0.8234037439662647,
    -0.8233968388855183,
    -0.8233899241307302,
    -0.8233829997227619,
    -0.8233760656824841,
    -0.8233691220307777,
    -0.8233621687885314,
    -0.8233552059766427,
    -0.823348233616016,
    -0.823341251727564,
    -0.8233342603322062,
    -0.8233272594508688,
    -0.8233202491044839,
    -0.8233132293139895,
    -0.823306200100329,
    -0.8232991614844497,
    -0.8232921134873044,
    -0.8232850561298496,
    -0.8232779894330453,
    -0.823270913417856,
    -0.8232638281052485,
    -0.8232567335161933,
    -0.8232496296716636,
    -0.8232425165926341,
    -0.8232353943000825,
    -0.823228262814988,
    -0.8232211221583317,
    -0.8232139723510964,
    -0.8232068134142668,
    -0.8231996453688287,
    -0.823192468235769,
    -0.8231852820360752,
    -0.823178086790736,
    -0.8231708825207404,
    -0.823163669247078,
    -0.8231564469907383,
    -0.8231492157727108,
    -0.8231419756139852,
    -0.8231347265355503,
    -0.8231274685583957,
    -0.8231202017035095,
    -0.8231129259918792,
    -0.8231056414444909,
    -0.8230983480823301,
    -0.8230910459263807,
    -0.8230837349976259,
    -0.8230764153170473,
    -0.8230690869056257,
    -0.8230617497843405,
    -0.8230544039741695,
    -0.8230470494960899,
    -0.8230396863710769,
    -0.8230323146201044,
    -0.8230249342641445,
    -0.8230175453241674,
    -0.823010147821141,
    -0.8230027417760322,
    -0.8229953272098057,
    -0.8229879041434244,
    -0.8229804725978486,
    -0.8229730325940372,
    -0.8229655841529467,
    -0.8229581272955313,
    -0.8229506620427435,
    -0.8229431884155336,
    -0.82293570643485,
    -0.8229282161216389,
    -0.8229207174968431,
    -0.8229132105814038,
    -0.8229056953962587,
    -0.8228981719623434,
    -0.8228906403005913,
    -0.8228831004319336,
    -0.8228755523772981,
    -0.8228679961576105,
    -0.8228604317937932,
    -0.8228528593067654,
    -0.8228452787174438,
    -0.8228376900467416,
    -0.8228300933155693,
    -0.8228224885448359,
    -0.8228148757554462,
    -0.8228072549683038,
    -0.8227996262043081,
    -0.8227919894843573,
    -0.8227843448293459,
    -0.8227766922601666,
    -0.8227690317977088,
    -0.822761363462859,
    -0.8227536872765004,
    -0.8227460032595133,
    -0.822738311432775,
    -0.8227306118171608,
    -0.8227229044335429,
    -0.8227151893027913,
    -0.8227074664457728,
    -0.8226997358833509,
    -0.8226919976363867,
    -0.8226842517257372,
    -0.822676498172257,
    -0.8226687369967971,
    -0.8226609682202063,
    -0.822653191863331,
    -0.8226454079470146,
    -0.8226376164920982,
    -0.8226298175194202,
    -0.8226220110498162,
    -0.8226141971041192,
    -0.8226063757031592,
    -0.8225985468677633,
    -0.8225907106187562,
    -0.8225828669769596,
    -0.8225750159631925,
    -0.8225671575982725,
    -0.8225592919030144,
    -0.8225514188982302,
    -0.8225435386047302,
    -0.8225356510433214,
    -0.8225277562348096,
    -0.822519854199998,
    -0.8225119449596879,
    -0.8225040285346794,
    -0.8224961049457699,
    -0.822488174213755,
    -0.8224802363594282,
    -0.8224722914035811,
    -0.8224643393670025,
    -0.8224563802704796,
    -0.8224484141347973,
    -0.8224404409807383,
    -0.8224324608290831,
    -0.8224244737006101,
    -0.8224164796160957,
    -0.8224084785963135,
    -0.8224004706620353,
    -0.8223924558340302,
    -0.8223844341330648,
    -0.8223764055799031,
    -0.822368370195306,
    -0.8223603280000313,
    -0.8223522790148338,
    -0.8223442232604634,
    -0.8223361607576667,
    -0.8223280915271847,
    -0.8223200155897535,
    -0.8223119329661042,
    -0.822303843676961,
    -0.8222957477430416,
    -0.8222876451850558,
    -0.8222795360237048,
    -0.822271420279681,
    -0.8222632979736676,
    -0.8222551691263386,
    -0.8222470337583588,
    -0.8222388918903835,
    -0.822230743543058,
    -0.8222225887370175,
    -0.8222144274928864,
    -0.822206259831279,
    -0.8221980857727976,
    -0.8221899053380343,
    -0.8221817185475703,
    -0.8221735254219775,
    -0.8221653259818189,
    -0.8221571202476501,
    -0.8221489082400205,
    -0.8221406899794759,
    -0.8221324654865587,
    -0.8221242347818115,
    -0.8221159978857788,
    -0.822107754819009,
    -0.8220995056020548,
    -0.8220912502554728,
    -0.8220829887998234,
    -0.8220747212556716,
    -0.8220664476435855,
    -0.8220581679841378,
    -0.8220498822979051,
    -0.8220415906054672,
    -0.8220332929274076,
    -0.8220249892843123,
    -0.822016679696771,
    -0.8220083641853752,
    -0.8220000427707187,
    -0.8219917154733978,
    -0.8219833823140111,
    -0.8219750433131588,
    -0.8219666984914431,
    -0.8219583478694674,
    -0.8219499915497703,
    -0.8219416296348918,
    -0.8219332622273732,
    -0.8219248894297565,
    -0.821916511344585,
    -0.8219081280744014,
    -0.8218997397217486,
    -0.8218913463891692,
    -0.8218829481792058,
    -0.8218745451944006,
    -0.8218661375372946,
    -0.8218577253104276,
    -0.8218493086163373,
    -0.8218408875575605,
    -0.8218324622366315,
    -0.8218240327560824,
    -0.8218155992184412,
    -0.8218071617262318,
    -0.8217987203819747,
    -0.821790275288186,
    -0.8217818265473774,
    -0.8217733742620571,
    -0.8217649185347298,
    -0.8217564594678958,
    -0.8217479971640492,
    -0.8217395317256778,
    -0.8217310632552631,
    -0.8217225918552814,
    -0.8217141176282043,
    -0.821705640676499,
    -0.8216971611026274,
    -0.8216886790090466,
    -0.8216801944982096,
    -0.8216717076725638,
    -0.8216632186345519,
    -0.8216547274866116,
    -0.8216462343311736,
    -0.8216377392706593,
    -0.8216292424074781,
    -0.8216207438440245,
    -0.8216122436826808,
    -0.8216037420258202,
    -0.821595238975808,
    -0.8215867346350011,
    -0.8215782291057447,
    -0.8215697224903725,
    -0.8215612148912049,
    -0.8215527064105488,
    -0.8215441971506983,
    -0.8215356872139354,
    -0.821527176702527,
    -0.8215186657187221,
    -0.8215101543647495,
    -0.8215016427428173,
    -0.8214931309551111,
    -0.8214846191037929,
    -0.8214761072910007,
    -0.8214675956188461,
    -0.8214590841894116,
    -0.8214505731047558,
    -0.821442062466917,
    -0.821433552377911,
    -0.821425042939728,
    -0.8214165342543261,
    -0.8214080264236304,
    -0.8213995195495288,
    -0.8213910137338727,
    -0.8213825090784752,
    -0.8213740056851145,
    -0.8213655036555305,
    -0.8213570030914236,
    -0.8213485040944597,
    -0.8213400067662756,
    -0.8213315112084679,
    -0.8213230175225809,
    -0.8213145258101032,
    -0.8213060361724729,
    -0.8212975487110713,
    -0.8212890635272122,
    -0.8212805807221287,
    -0.8212721003969664,
    -0.8212636226527742,
    -0.8212551475904922,
    -0.8212466753109424,
    -0.8212382059148315,
    -0.8212297395027607,
    -0.8212212761752289,
    -0.8212128160326343,
    -0.8212043591752618,
    -0.8211959057032515,
    -0.8211874557165708,
    -0.8211790093150173,
    -0.8211705665982396,
    -0.8211621276657528,
    -0.8211536926169297,
    -0.8211452615509678,
    -0.8211368345668519,
    -0.8211284117633495,
    -0.8211199932390323,
    -0.821111579092273,
    -0.8211031694212048,
    -0.821094764323698,
    -0.8210863638973651,
    -0.8210779682395816,
    -0.8210695774474981,
    -0.8210611916180425,
    -0.821052810847938,
    -0.8210444352337344,
    -0.8210360648718181,
    -0.8210276998583784,
    -0.821019340289357,
    -0.8210109862604605,
    -0.8210026378672501,
    -0.8209942952052007,
    -0.8209859583696215,
    -0.820977627455525,
    -0.820969302557601,
    -0.8209609837702971,
    -0.820952671187937,
    -0.8209443649048069,
    -0.8209360650151498,
    -0.8209277716130908,
    -0.820919484792652,
    -0.8209112046479347,
    -0.8209029312733116,
    -0.8208946647635559,
    -0.8208864052140331,
    -0.8208781527209369,
    -0.8208699073814796,
    -0.8208616692940968,
    -0.8208534385585787,
    -0.8208452152760897,
    -0.8208369995492216,
    -0.8208287914819691,
    -0.8208205911795982,
    -0.8208123987487832,
    -0.8208042142981192,
    -0.8207960379385414,
    -0.8207878697832447,
    -0.8207797099473858,
    -0.8207715585480473,
    -0.8207634157043469,
    -0.8207552815374415,
    -0.8207471561704275,
    -0.820739039728166,
    -0.8207309323370685,
    -0.8207228341247027,
    -0.8207147452192729,
    -0.8207066657491406,
    -0.8206985958420301,
    -0.8206905356241111,
    -0.8206824852200231,
    -0.8206744447536843,
    -0.820666414348506,
    -0.8206583941268143,
    -0.8206503842094109,
    -0.8206423847155047,
    -0.820634395762708,
    -0.8206264174670745,
    -0.820618449943225,
    -0.8206104933044758,
    -0.8206025476629071,
    -0.8205946131294082,
    -0.8205866898137694,
    -0.8205787778248095,
    -0.8205708772704787,
    -0.8205629882579354,
    -0.8205551108936133,
    -0.820547245283266,
    -0.8205393915319901,
    -0.8205315497442622,
    -0.8205237200239759,
    -0.8205159024744635,
    -0.820508097198534,
    -0.8205003042985417,
    -0.8204925238764454,
    -0.8204847560338181,
    -0.8204770008718537,
    -0.8204692584913988,
    -0.8204615289929738,
    -0.8204538124767985,
    -0.8204461090428528,
    -0.820438418790936,
    -0.8204307418206765,
    -0.8204230782315102,
    -0.8204154281226791,
    -0.8204077915932599,
    -0.8204001687421966,
    -0.8203925596683157,
    -0.8203849644703489,
    -0.820377383246965,
    -0.8203698160967927,
    -0.8203622631184306,
    -0.8203547244104449,
    -0.8203472000713642,
    -0.8203396901996743,
    -0.8203321948938223,
    -0.8203247142522389,
    -0.8203172483733592,
    -0.8203097973556196,
    -0.8203023612974453,
    -0.820294940297251,
    -0.8202875344534568,
    -0.8202801438645004,
    -0.8202727686288432,
    -0.8202654088449723,
    -0.8202580646114049,
    -0.8202507360266944,
    -0.8202434231894365,
    -0.8202361261982734,
    -0.8202288451518934,
    -0.8202215801490368,
    -0.8202143312884997,
    -0.8202070986691387,
    -0.8201998823898653,
    -0.8201926825496468,
    -0.8201854992475094,
    -0.8201783325825412,
    -0.8201711826538916,
    -0.8201640495607686,
    -0.8201569334024402,
    -0.8201498342782294,
    -0.8201427522875121,
    -0.8201356875297173,
    -0.8201286401043297,
    -0.8201216101108927,
    -0.8201145976490106,
    -0.8201076028183519,
    -0.8201006257186487,
    -0.820093666449696,
    -0.8200867251113483,
    -0.820079801803521,
    -0.82007289662619,
    -0.8200660096793911,
    -0.8200591410632169,
    -0.8200522908778128,
    -0.8200454592233762,
    -0.8200386462001572,
    -0.8200318519084567,
    -0.8200250764486268,
    -0.8200183199210693,
    -0.8200115824262351,
    -0.820004864064622,
    -0.8199981649367748,
    -0.8199914851432836,
    -0.8199848247847834,
    -0.8199781839619535,
    -0.8199715627755181,
    -0.8199649613262444,
    -0.8199583797149431,
    -0.819951818042466,
    -0.8199452764097044,
    -0.8199387549175894,
    -0.819932253667091,
    -0.8199257727592175,
    -0.819919312295014,
    -0.819912872375562,
    -0.8199064531019812,
    -0.8199000545754302,
    -0.8198936768971058,
    -0.8198873201682413,
    -0.819880984490105,
    -0.8198746699639987,
    -0.8198683766912565,
    -0.8198621047732455,
    -0.8198558543113637,
    -0.8198496254070391,
    -0.8198434181617288,
    -0.8198372326769183,
    -0.8198310690541223,
    -0.8198249273948838,
    -0.8198188078007738,
    -0.8198127103733913,
    -0.8198066352143621,
    -0.8198005824253373,
    -0.8197945521079917,
    -0.8197885443640228,
    -0.8197825592951499,
    -0.8197765970031147,
    -0.8197706575896816,
    -0.8197647411566376,
    -0.8197588478057908,
    -0.8197529776389704,
    -0.8197471307580244,
    -0.8197413072648204,
    -0.8197355072612459,
    -0.8197297308492071,
    -0.8197239781306287,
    -0.8197182492074536,
    -0.8197125441816417,
    -0.819706863155169,
    -0.819701206230028,
    -0.8196955735082266,
    -0.8196899650917887,
    -0.8196843810827532,
    -0.8196788215831742,
    -0.8196732866951197,
    -0.8196677765206726,
    -0.8196622911619301,
    -0.819656830721003,
    -0.8196513953000154,
    -0.8196459850011037,
    -0.8196405999264167,
    -0.819635240178114,
    -0.8196299058583658,
    -0.8196245970693539,
    -0.8196193139132701,
    -0.8196140564923177,
    -0.8196088249087103,
    -0.8196036192646715,
    -0.8195984396624342,
    -0.8195932862042412,
    -0.819588158992345,
    -0.819583058129007,
    -0.819577983716496,
    -0.819572935857088,
    -0.8195679146530652,
    -0.819562920206716,
    -0.8195579526203342,
    -0.8195530119962199,
    -0.8195480984366802,
    -0.8195432120440284,
    -0.8195383529205844,
    -0.8195335211686755,
    -0.8195287168906356,
    -0.8195239401888043,
    -0.8195191911655277,
    -0.8195144699231579,
    -0.8195097765640529,
    -0.8195051111905768,
    -0.8195004739050996,
    -0.8194958648099969,
    -0.8194912840076497,
    -0.8194867316004439,
    -0.8194822076907696,
    -0.8194777123810211,
    -0.8194732457735964,
    -0.8194688079708969,
    -0.8194643990753278,
    -0.8194600191892975,
    -0.8194556684152177,
    -0.8194513468555035,
    -0.8194470546125742,
    -0.8194427917888526,
    -0.8194385584867653,
    -0.819434354808741,
    -0.8194301808572108,
    -0.8194260367346067,
    -0.8194219225433633,
    -0.8194178383859176,
    -0.8194137843647102,
    -0.8194097605821846,
    -0.8194057671407878,
    -0.8194018041429689,
    -0.8193978716911785,
    -0.8193939698878682,
    -0.8193900988354907,
    -0.8193862586365009,
    -0.8193824493933552,
    -0.8193786712085109,
    -0.8193749241844265,
    -0.8193712084235598,
    -0.8193675240283689,
    -0.819363871101311,
    -0.8193602497448434,
    -0.8193566600614243,
    -0.8193531021535134,
    -0.819349576123572,
    -0.8193460820740638,
    -0.8193426201074548,
    -0.8193391903262125,
    -0.8193357928328051,
    -0.8193324277297012,
    -0.8193290951193687,
    -0.8193257951042757,
    -0.81932252778689,
    -0.8193192932696796,
    -0.8193160916551123,
    -0.8193129230456562,
    -0.8193097875437787,
    -0.8193066852519473,
    -0.819303616272629,
    -0.8193005807082903,
    -0.8192975786613966,
    -0.8192946102344133,
    -0.8192916755298066,
    -0.8192887746500432,
    -0.8192859076975905,
    -0.8192830747749169,
    -0.8192802759844918,
    -0.8192775114287839,
    -0.8192747812102602,
    -0.8192720854313866,
    -0.8192694241946288,
    -0.8192667976024515,
    -0.8192642057573187,
    -0.8192616487616944,
    -0.8192591267180412,
    -0.8192566397288212,
    -0.8192541878964962,
    -0.8192517713235273,
    -0.8192493901123767,
    -0.8192470443655068,
    -0.8192447341853805,
    -0.819242459674462,
    -0.8192402209352155,
    -0.819238018070106,
    -0.8192358511815981,
    -0.8192337203721562,
    -0.8192316257442449,
    -0.8192295674003295,
    -0.8192275454428752,
    -0.8192255599743475,
    -0.8192236110972113,
    -0.81922169891393,
    -0.8192198235269659,
    -0.8192179850387797,
    -0.8192161835518325,
    -0.8192144191685848,
    -0.8192126919914973,
    -0.8192110021230296,
    -0.8192093496656409,
    -0.8192077347217894,
    -0.8192061573939338,
    -0.8192046177845316,
    -0.8192031159960417,
    -0.8192016521309222,
    -0.8192002262916306,
    -0.8191988385806234,
    -0.8191974891003554,
    -0.8191961779532809,
    -0.8191949052418533,
    -0.8191936710685256,
    -0.8191924755357499,
    -0.8191913187459771,
    -0.8191902008016554,
    -0.8191891218052328,
    -0.8191880818591569,
    -0.8191870810658745,
    -0.8191861195278315,
    -0.8191851973474737,
    -0.8191843146272453,
    -0.8191834714695896,
    -0.819182667976949,
    -0.8191819042517648,
    -0.8191811803964764,
    -0.8191804965135216,
    -0.8191798527053372,
    -0.8191792490743605,
    -0.8191786857230284,
    -0.8191781627537783,
    -0.8191776802690471,
    -0.8191772383712711,
    -0.8191768371628853,
    -0.8191764767463239,
    -0.8191761572240214,
    -0.8191758786984131,
    -0.8191756412719341,
    -0.8191754450470193,
    -0.8191752901261029,
    -0.8191751766116194,
    -0.8191751046060025,
    -0.8191750742116848,
    -0.8191750855310963,
    -0.8191751386666666,
    -0.819175233720824,
    -0.8191753707959976,
    -0.8191755499946165,
    -0.8191757714191112,
    -0.819176035171912,
    -0.8191763413554496,
    -0.8191766900721543,
    -0.819177081424457,
    -0.8191775155147878,
    -0.8191779924455763,
    -0.8191785123192512,
    -0.8191790752382421,
    -0.81917968130498,
    -0.8191803306218987,
    -0.8191810232914348,
    -0.8191817594160262,
    -0.8191825390981113,
    -0.8191833624401276,
    -0.8191842295445114,
    -0.8191851405136985,
    -0.8191860954501232,
    -0.8191870944562194,
    -0.8191881376344213,
    -0.8191892250871642,
    -0.8191903569168841,
    -0.8191915332260177,
    -0.8191927541170032,
    -0.8191940196922796,
    -0.8191953300542867,
    -0.8191966853054656,
    -0.819198085548258,
    -0.8191995308851063,
    -0.8192010214184529,
    -0.8192025572507403,
    -0.8192041384844109,
    -0.8192057649935729,
    -0.8192074366523372,
    -0.8192091533348175,
    -0.8192109149151309,
    -0.819212721267397,
    -0.819214572265737,
    -0.8192164677842744,
    -0.8192184076971345,
    -0.819220391878444,
    -0.8192224202023293,
    -0.8192244925429166,
    -0.8192266087743311,
    -0.819228768770699,
    -0.8192309724061464,
    -0.8192332195548002,
    -0.8192355100907862,
    -0.8192378438882294,
    -0.8192402208212524,
    -0.8192426407639756,
    -0.8192451035905178,
    -0.8192476091749963,
    -0.819250157391527,
    -0.8192527481142224,
    -0.8192553812171929,
    -0.8192580565745458,
    -0.819260774060387,
    -0.819263533548821,
    -0.8192663349139492,
    -0.8192691780298685,
    -0.81927206277067,
    -0.8192749890104387,
    -0.8192779566232531,
    -0.8192809654831854,
    -0.8192840154643013,
    -0.8192871064406597,
    -0.819290238286312,
    -0.8192934108753019,
    -0.8192966240816651,
    -0.8192998777794286,
    -0.8193031718426093,
    -0.8193065061452134,
    -0.8193098805612372,
    -0.8193132949646665,
    -0.8193167492294761,
    -0.8193202432296294,
    -0.8193237768390781,
    -0.8193273499317621,
    -0.8193309623816102,
    -0.8193346140625402,
    -0.8193383048484602,
    -0.8193420346132689,
    -0.8193458032308563,
    -0.8193496105751054,
    -0.8193534565198953,
    -0.8193573409391048,
    -0.8193612637066149,
    -0.8193652246963099,
    -0.8193692237820815,
    -0.8193732608378322,
    -0.8193773357374755,
    -0.8193814483549346,
    -0.8193855985641413,
    -0.8193897862390355,
    -0.8193940112535701,
    -0.819398273481718,
    -0.8194025727974766,
    -0.8194069090748747,
    -0.8194112821879764,
    -0.8194156920108824,
    -0.8194201384177303,
    -0.8194246212826944,
    -0.8194291404799842,
    -0.8194336958838435,
    -0.8194382873685508,
    -0.8194429148084169,
    -0.8194475780777806,
    -0.8194522770510021,
    -0.81945701160246,
    -0.8194617816065457,
    -0.8194665869376607,
    -0.8194714274702148,
    -0.8194763030786166,
    -0.8194812136372617,
    -0.8194861590205208,
    -0.8194911391027304,
    -0.8194961537581846,
    -0.8195012028611224,
    -0.8195062862857151,
    -0.8195114039060513,
    -0.819516555596122,
    -0.8195217412298073,
    -0.8195269606808641,
    -0.8195322138229187,
    -0.8195375005294578,
    -0.8195428206738149,
    -0.8195481741291585,
    -0.8195535607684953,
    -0.8195589804646768,
    -0.8195644330904003,
    -0.8195699185182115,
    -0.8195754366205179,
    -0.8195809872696136,
    -0.8195865703377178,
    -0.819592185697028,
    -0.8195978332197832,
    -0.8196035127783302,
    -0.8196092242451753,
    -0.8196149674930221,
    -0.8196207423948233,
    -0.8196265488238431,
    -0.8196323866537032,
    -0.8196382557584041,
    -0.8196441560123353,
    -0.8196500872902853,
    -0.8196560494674401,
    -0.8196620424193525,
    -0.8196680660218927,
    -0.8196741201511886,
    -0.8196802046835568,
    -0.8196863194954231,
    -0.8196924644632402,
    -0.8196986394634121,
    -0.8197048443722345,
    -0.819711079065855,
    -0.8197173434202562,
    -0.8197236373112455,
    -0.8197299606144626,
    -0.8197363132053905,
    -0.8197426949593728,
    -0.8197491057516312,
    -0.8197555454572876,
    -0.8197620139513837,
    -0.8197685111088963,
    -0.819775036804742,
    -0.8197815909137813,
    -0.8197881733108222,
    -0.8197947838706195,
    -0.8198014224678719,
    -0.8198080889772155,
    -0.8198147832732191,
    -0.8198215052303797,
    -0.8198282547231183,
    -0.8198350316257775,
    -0.8198418358126226,
    -0.8198486671578432,
    -0.8198555255355588,
    -0.8198624108198233,
    -0.8198693228846313,
    -0.8198762616039253,
    -0.8198832268515994,
    -0.8198902185015042,
    -0.8198972364274533,
    -0.8199042805032277,
    -0.8199113506025816,
    -0.819918446599247,
    -0.8199255683669356,
    -0.8199327157793419,
    -0.8199398887101407,
    -0.8199470870329864
]