[
    0.8542027846355763,
    0.854140997623333,
    0.8452506672049218,
    0.8455474640755833,
    0.8458313319773908,
    0.8461026054031999,
    0.8463616094380129,
    0.8466086600250954,
    0.846844064224584,
    0.8470681204647958,
    0.8472811187864504,
    0.8474833410800038,
    0.847675061316291,
    0.8478565457706622,
    0.8480280532407911,
    0.8481898352583355,
    0.8483421362946245,
    0.8484851939605429,
    0.8486192392007746,
    0.8487444964825674,
    0.848861183979174,
    0.8489695137481159,
    0.8490696919044096,
    0.8491619187889005,
    0.8492463891318588,
    0.8493232922119532,
    0.8493928120107297,
    0.8494551273627299,
    0.8495104121013768,
    0.8495588352007449,
    0.8496005609133332,
    0.8496357489039429,
    0.8496645543797707,
    0.8496871282168332,
    0.8497036170828229,
    0.8497141635564893,
    0.8497189062436458,
    0.8497179798899026,
    0.8497115154902144,
    0.8496996403953433,
    0.8496824784153223,
    0.8496601499199838,
    0.8496327719366421,
    0.8496004582450198,
    0.8495633194695009,
    0.8495214631687817,
    0.8494749939229951,
    0.8494240134183756,
    0.8493686205295364,
    0.849308911399424,
    0.8492449795170297,
    0.8491769157929007,
    0.849104808632478,
    0.8490287440073568,
    0.8489488055245847,
    0.8488650744940295,
    0.8487776299938289,
    0.848686548933986,
    0.8485919061181685,
    0.8484937743037528,
    0.84839222426022,
    0.8482873248260078,
    0.8481791429638044,
    0.8480677438141796,
    0.8479531907474952,
    0.8478355454142211,
    0.8477148677939191,
    0.8475912162429666,
    0.8474646475409375,
    0.847335216935752,
    0.8472029781876839,
    0.8470679836120752,
    0.8469302841207534,
    0.8467899292625081,
    0.8466469672627528,
    0.8465014450621815,
    0.84635340835438,
    0.846202901622567,
    0.8460499681755894,
    0.8458946501823649,
    0.8457369887040845,
    0.8455770237255461,
    0.8454147941867894,
    0.845250338014059,
    0.8450836921492603,
    0.8449148925787242,
    0.8447439743618665,
    0.844570971658586,
    0.844395917756382,
    0.8442188451017426,
    0.8440397853369732,
    0.8438587693418449,
    0.8436758272797931,
    0.8434909886338295,
    0.843304282216665,
    0.8431157361699004,
    0.8429253779631845,
    0.842733234379248,
    0.8425393315043896,
    0.842343694771644,
    0.8421463490488065,
    0.8419473187175675,
    0.8417466277460731,
    0.8415442998658472,
    0.8413403590925567,
    0.8411348310542787,
    0.8409277462012661,
    0.8407191504329421,
    0.8405092343948448,
    0.8403128321425558,
    0.8401440192460231,
    0.8399870010548102,
    0.8398265125692631,
    0.8396625057578528,
    0.8394950329719155,
    0.8393241666497645,
    0.8391499906594977,
    0.8389726187907295,
    0.8387970051063768,
    0.8386359190693353,
    0.8384919634789386,
    0.8383515341740438,
    0.8382063362532274,
    0.8380564486849733,
    0.837901977993591,
    0.8377430347980753,
    0.8375797293645736,
    0.8374121701882341,
    0.8372404633687744,
    0.837064712347426,
    0.8368850178793644,
    0.8367014780834418,
    0.8365141884843929,
    0.8363232420510835,
    0.8361287292394259,
    0.8359307380379908,
    0.8357293540185111,
    0.8355246603902625,
    0.8353167380537067,
    0.8351056656555359,
    0.8348915196485184,
    0.8346743743540983,
    0.8344543020239714,
    0.8342313728986506,
    0.8340056552634105,
    0.8337772155027693,
    0.833546118153824,
    0.8333124259581902,
    0.8330761999123009,
    0.8328374993163157,
    0.832596381822268,
    0.8323529034814113,
    0.8321071187902516,
    0.8318590807351306,
    0.8316088408355296,
    0.8313564491861851,
    0.831101954498029,
    0.8308454041379861,
    0.830586844167653,
    0.8303263193808217,
    0.8300638733398673,
    0.8297995484111476,
    0.8295333857995285,
    0.8292654255819935,
    0.8289957067402902,
    0.828724267192659,
    0.8284511438246912,
    0.8281763725193233,
    0.8278999881859367,
    0.8276220247885903,
    0.8273425153734324,
    0.8270614920953383,
    0.8267789862438267,
    0.8264950282682787,
    0.8262096478024492,
    0.8259228736882773,
    0.825634733999019,
    0.8253452560617165,
    0.8250544664789912,
    0.8247623911501899,
    0.8244690552919594,
    0.8241744834582643,
    0.8238786995598254,
    0.8235817268829811,
    0.8232835881080073,
    0.8229843053269194,
    0.8226839000607697,
    0.8223823932764421,
    0.8220798054029846,
    0.8217761563475039,
    0.8214714655106066,
    0.8211657518013815,
    0.8208590336519371,
    0.8205513290315175,
    0.8202426554602289,
    0.8199330300223853,
    0.8196224693794749,
    0.8193109897827529,
    0.8189986070854695,
    0.8186853367547292,
    0.8183711938829956,
    0.8180561931992714,
    0.817740349079981,
    0.817423675559551,
    0.8171061863406851,
    0.8167878948043388,
    0.8164688140193921,
    0.8161489567520349,
    0.8158283354748892,
    0.8155069623758773,
    0.8151848493668384,
    0.8148620080918891,
    0.81453844993553,
    0.8142141860305201,
    0.8138892272655336,
    0.8135635842926024,
    0.8132372675343441,
    0.8129102871909749,
    0.8125826532471138,
    0.8122543754783844,
    0.8119254634578366,
    0.8115959265621846,
    0.8112657739778661,
    0.8109350147069223,
    0.8106036575726998,
    0.8102717112253841,
    0.8099391841473762,
    0.8096060846585219,
    0.8092724209211891,
    0.8089382009451933,
    0.8086034325925736,
    0.808268123582228,
    0.8079322814944163,
    0.8075959137751337,
    0.8072590277403606,
    0.8069216305801881,
    0.8065837293628184,
    0.8062453310384425,
    0.8059064424430077,
    0.8055670703018794,
    0.8052272212333941,
    0.8048869017523039,
    0.8045461182731176,
    0.8042048771133468,
    0.8038631844966618,
    0.8035210465559531,
    0.803178469336296,
    0.8028354587978266,
    0.8024920208185343,
    0.8021481611969795,
    0.8018038856549299,
    0.8014591998399192,
    0.8011141093277241,
    0.8007686196247651,
    0.8004227361704361,
    0.8000764643393701,
    0.7997298094436368,
    0.7993827767348737,
    0.7990353714063497,
    0.7986875985949711,
    0.7983394633832288,
    0.7979909708010889,
    0.7976421258278252,
    0.7972929333937916,
    0.7969433983821426,
    0.7965935256305012,
    0.7962433199325796,
    0.7958927860397499,
    0.7955419286625661,
    0.7951907524722377,
    0.7948392621020604,
    0.794487462148807,
    0.7941353571740762,
    0.7937829517055982,
    0.7934302502384973,
    0.7930772572365175,
    0.7927239771332103,
    0.7923704143330914,
    0.7920165732127566,
    0.7916624581219636,
    0.7913080733846779,
    0.7909534233000891,
    0.7905985121435972,
    0.790243344167769,
    0.7898879236032604,
    0.7895322546597108,
    0.7891763415266104,
    0.7888201883741437,
    0.7884637993540031,
    0.7881071786001775,
    0.7877503302297132,
    0.7873932583434522,
    0.787035967026752,
    0.7866784603501785,
    0.7863207423701776,
    0.7859628171297233,
    0.7856046886589461,
    0.7852463609757432,
    0.784887838086369,
    0.7845291239860045,
    0.7841702226593082,
    0.7838111380809508,
    0.7834518742161329,
    0.7830924350210876,
    0.7827328244435622,
    0.7823730464232822,
    0.7820131048924026,
    0.7816530037759454,
    0.7812927469922241,
    0.7809323384532519,
    0.7805717820651347,
    0.7802110817284508,
    0.7798502413386192,
    0.7794892647862587,
    0.7791281559575313,
    0.7787669187344746,
    0.7784055569953215,
    0.7780440746148076,
    0.7776824754644687,
    0.7773207634129282,
    0.7769589423261745,
    0.7765970160678263,
    0.7762349884993925,
    0.7758728634805239,
    0.7755106448692554,
    0.775148336522238,
    0.774785942294961,
    0.774423466041967,
    0.7740609116170614,
    0.7736982828735139,
    0.7733355836642501,
    0.772972817842034,
    0.772609989259646,
    0.7722471017700563,
    0.7718841592265915,
    0.7715211654830926,
    0.7711581243940684,
    0.7707950398148411,
    0.7704319156016879,
    0.7700687556119766,
    0.7697055637042961,
    0.769342343738578,
    0.7689790995762178,
    0.7686158350801899,
    0.7682525541151596,
    0.7678892605475862,
    0.7675259582458215,
    0.7671626510802049,
    0.7667993429231584,
    0.7664360376492774,
    0.7660727391354168,
    0.7657094512607711,
    0.7653461779069481,
    0.7649829229580426,
    0.764619690300705,
    0.7642564838242096,
    0.7638933074205154,
    0.7635301649843241,
    0.763167060413138,
    0.7628039976073152,
    0.7624409804701243,
    0.7620780129077946,
    0.7617150988295595,
    0.7613522421476974,
    0.7609894467775724,
    0.7606267166376741,
    0.7602640556496546,
    0.7599014677383609,
    0.7595389568318618,
    0.759176526861478,
    0.7588141817618137,
    0.7584519254707847,
    0.7580897619296397,
    0.7577276950829779,
    0.7573657288787651,
    0.7570038672683553,
    0.7566421142065111,
    0.7562804736514217,
    0.755918949564716,
    0.7555575459114694,
    0.7551962666602142,
    0.7548351157829517,
    0.7544740972551646,
    0.7541132150558213,
    0.7537524731673784,
    0.7533918755757799,
    0.7530314262704615,
    0.7526711292443559,
    0.7523109884938963,
    0.7519510080190165,
    0.7515911918231472,
    0.7512315439132122,
    0.7508720682996282,
    0.7505127689963025,
    0.7501536500206304,
    0.7497947153934877,
    0.7494359691392218,
    0.749077415285645,
    0.7487190578640305,
    0.7483609009091082,
    0.7480029484590547,
    0.7476452045554759,
    0.7472876732433954,
    0.7469303585712452,
    0.7465732645908585,
    0.7462163953574616,
    0.7458597549296604,
    0.7455033473694241,
    0.7451471767420701,
    0.7447912471162523,
    0.7444355625639524,
    0.7440801271604681,
    0.7437249449843992,
    0.7433700201176292,
    0.7430153566453074,
    0.7426609586558358,
    0.7423068302408555,
    0.7419529754952254,
    0.7415993985169994,
    0.7412461034074079,
    0.7408930942708458,
    0.7405403752148634,
    0.740187950350151,
    0.739835823790521,
    0.739483999652885,
    0.7391324820572347,
    0.7387812751266261,
    0.7384303829871629,
    0.7380798097679736,
    0.7377295596011859,
    0.7373796366219064,
    0.737030044968207,
    0.7366807887811119,
    0.7363318722045844,
    0.7359832993855081,
    0.7356350744736613,
    0.735287201621693,
    0.734939684985104,
    0.7345925287222338,
    0.73424573699425,
    0.7338993139651324,
    0.7335532638016483,
    0.7332075906733296,
    0.7328622987524611,
    0.7325173922140723,
    0.7321728752359318,
    0.7318287519985252,
    0.7314850266850276,
    0.7311417034812795,
    0.7307987865757695,
    0.7304562801596064,
    0.730114188426503,
    0.7297725155727626,
    0.7294312657972546,
    0.7290904433013728,
    0.7287500522890049,
    0.728410096966523,
    0.7280705815427824,
    0.7277315102290993,
    0.7273928872392152,
    0.7270547167892697,
    0.726717003097787,
    0.726379750385668,
    0.7260429628761845,
    0.7257066447949465,
    0.7253708003698525,
    0.7250354338310651,
    0.724700549411011,
    0.7243661513443814,
    0.7240322438681378,
    0.7236988312215248,
    0.7233659176460484,
    0.7230335073854138,
    0.7227016046854883,
    0.7223702137943114,
    0.7220393389621261,
    0.7217089844413945,
    0.7213791544867667,
    0.721049853355016,
    0.7207210853049854,
    0.7203928545975694,
    0.7200651654957212,
    0.719738022264482,
    0.7194114291710288,
    0.7190853904846615,
    0.7187599104767177,
    0.7184349934205192,
    0.7181106435913807,
    0.7177868652666266,
    0.717463662725588,
    0.7171410402495618,
    0.7168190021217531,
    0.7164975526272443,
    0.7161766960530215,
    0.7158564366880538,
    0.7155367788234024,
    0.7152177267522732,
    0.7148992847698997,
    0.7145814571732904,
    0.7142642482610706,
    0.7139476623335602,
    0.713631703693013,
    0.7133163716620112,
    0.7130016655655753,
    0.7126875847311228,
    0.7123741284882328,
    0.7120612961685185,
    0.71174908710573,
    0.7114375006360334,
    0.7111265360984586,
    0.7108161928352634,
    0.7105064701918219,
    0.7101973675162294,
    0.7098888841591882,
    0.709581019474424,
    0.7092737728196272,
    0.7089671435573197,
    0.7086611310546774,
    0.7083557346821714,
    0.7080509538122145,
    0.7077467878194554,
    0.7074432360827412,
    0.7071402979871233,
    0.7068379729249457,
    0.7065362602956549,
    0.7062351595044555,
    0.7059346699614851,
    0.7056347910829669,
    0.7053355222945685,
    0.7050368630372742,
    0.7047388127733671,
    0.7044413709864928,
    0.7041445371763464,
    0.70384831085728,
    0.7035526915649433,
    0.7032576788664894,
    0.7029632723749073,
    0.7026694717747612,
    0.7023762768515405,
    0.7020836875118023,
    0.7017917038018976,
    0.7015003259480098,
    0.7012095544929002,
    0.70091939073972,
    0.7006298381469459,
    0.7003409078561356,
    0.7000526824071269,
    0.6997661564098459,
    0.6994832779546317,
    0.6992045438343351,
    0.6989283960856512,
    0.6986534107790037,
    0.69837906960714,
    0.698105160724672,
    0.6978315433026869,
    0.697558157725137,
    0.6972849960606926,
    0.6970120625985573,
    0.6967393647621521,
    0.6964669111097894,
    0.6961947106401966,
    0.6959227724106153,
    0.69565110532137,
    0.6953797180725748,
    0.6951086191862458,
    0.6948378170229174,
    0.6945673197945368,
    0.694297135554073,
    0.6940272721547532,
    0.6937577372114696,
    0.6934885380974223,
    0.6932196819645821,
    0.692951175760108,
    0.692683026236609,
    0.6924152399563209,
    0.6921478232829078,
    0.6918807823717944,
    0.6916141231749823,
    0.6913478514566919,
    0.691081972806744,
    0.6908164926472233,
    0.6905514162363693,
    0.6902867486718468,
    0.6900224948904699,
    0.6897586596659228,
    0.6894952476108829,
    0.689232263183955,
    0.6889697106975093,
    0.688707594325043,
    0.6884459181073417,
    0.6881846859559004,
    0.687923901653334,
    0.6876635688533882,
    0.6874036910838459,
    0.6871442717515082,
    0.6868853141461997,
    0.6866268214439706,
    0.6863687967113953,
    0.6861112429107308,
    0.6858541629038652,
    0.6855975594536609,
    0.6853414352239936,
    0.6850857927811077,
    0.6848306345970365,
    0.6845759630539427,
    0.6843217804482989,
    0.6840680889946731,
    0.6838148908287129,
    0.6835621880086671,
    0.6833099825165032,
    0.683058276260413,
    0.6828070710786034,
    0.6825563687430677,
    0.6823061709618357,
    0.6820564793798575,
    0.6818072955808817,
    0.6815586210913648,
    0.6813104573848947,
    0.6810628058842724,
    0.6808156679611242,
    0.6805690449379167,
    0.6803229380948337,
    0.6800773486785553,
    0.6798322779143549,
    0.6795877270246272,
    0.6793436972379873,
    0.6791001897692008,
    0.6788572057867306,
    0.6786147464035107,
    0.6783728127022588,
    0.6781314057848696,
    0.6778905268334339,
    0.6776501771726474,
    0.6774103583594299,
    0.6771710723792117,
    0.6769323218829874,
    0.676694110126308,
    0.676456440391915,
    0.676219315339649,
    0.6759827372100156,
    0.675746709106698,
    0.675511238220245,
    0.6752763562222852,
    0.6750428794610007,
    0.6748170710398462,
    0.6746035454135352,
    0.6743957352107578,
    0.6741877770943123,
    0.6739795057416267,
    0.67377091559384,
    0.6735620267443675,
    0.6733528706700109,
    0.6731458653714643,
    0.6729444412398458,
    0.6727471268344155,
    0.6725502875547886,
    0.672352791337966,
    0.6721546498681679,
    0.6719558868214812,
    0.6717565328098184,
    0.6715566225804731,
    0.6713561964866704,
    0.6711553003831104,
    0.670953975619346,
    0.6707522481477284,
    0.6705501334516722,
    0.6703476477564108,
    0.6701448114402826,
    0.6699416478304747,
    0.6697381819976835,
    0.6695344402307734,
    0.6693304501593151,
    0.6691262407985052,
    0.6689218417312548,
    0.6687172822736713,
    0.6685125906962904,
    0.6683077924299715,
    0.6681029096999268,
    0.6678979648678542,
    0.6676929874451586,
    0.6674880563835266,
    0.6672872381222485,
    0.6670985423963559,
    0.6669217443034955,
    0.6667482783475216,
    0.666573753495317,
    0.666398125777029,
    0.6662214265776731,
    0.6660436996051887,
    0.6658649932670584,
    0.6656853603479428,
    0.6655048664426011,
    0.665323643196204,
    0.6651420435201034,
    0.6649606602249792,
    0.6647798046267906,
    0.6645991165481056,
    0.6644180520664704,
    0.6642363672358469,
    0.6640540289981745,
    0.6638710626288019,
    0.6636875607328653,
    0.6635041418413377,
    0.6633222325445438,
    0.6631423045635345,
    0.6629629993512848,
    0.6627832077345647,
    0.6626027667964182,
    0.6624216856637557,
    0.6622399935019255,
    0.6620577238896078,
    0.6618749127820482,
    0.6616915991901746,
    0.6615078265163915,
    0.6613236412614284,
    0.6611390860635683,
    0.6609541937987375,
    0.6607689908100383,
    0.6605835013321019,
    0.6603977472632039,
    0.6602117498335234,
    0.6600255363934635,
    0.6598391733364859,
    0.6596594114851093,
    0.6594927552623222,
    0.6593320824313503,
    0.6591703986480726,
    0.6590076458501761,
    0.6588438559861483,
    0.6586790734187872,
    0.6585133438200723,
    0.6583467127121935,
    0.6581792250439468,
    0.6580109249248823,
    0.6578418553164718,
    0.6576720578180174,
    0.6575015727077226,
    0.6573304390814328,
    0.6571586949357815,
    0.6569863772191598,
    0.6568135218669464,
    0.6566401638194341,
    0.6564663370307772,
    0.6562920744771862,
    0.6561174081717603,
    0.6559423691791634,
    0.6557669876274053,
    0.6555912927276218,
    0.6554153128029959,
    0.6552390753181805,
    0.6550626069049674,
    0.6548859333847541,
    0.6547090797900461,
    0.654532070385951,
    0.6543549286907632,
    0.6541776774958638,
    0.6540003388857318,
    0.6538229342571376,
    0.6536454843364875,
    0.6534680091964863,
    0.6532905282736795,
    0.6531130603866292,
    0.6529356237539778,
    0.6527582360123128,
    0.6525809142335934,
    0.6524036749417111,
    0.6522265341282927,
    0.6520495072680152,
    0.6518726093331663,
    0.6516958548075261,
    0.6515192577002573,
    0.6513428315599291,
    0.6511665894882452,
    0.6509905441532277,
    0.6508147078018788,
    0.650639092272431,
    0.6504637090062891,
    0.6502885690597137,
    0.650113683115181,
    0.6499390614923742,
    0.6497647141587873,
    0.6495906507399075,
    0.6494168805290638,
    0.6492434124971437,
    0.6490702553021924,
    0.6488974172987303,
    0.648724906546739,
    0.6485527308204082,
    0.6483808976166583,
    0.6482094141633984,
    0.6480382874275163,
    0.647867524122628,
    0.6476971307165864,
    0.6475271134387447,
    0.6473574782870049,
    0.6471882310347,
    0.6470193772373262,
    0.6468509222390992,
    0.6466828711793214,
    0.6465152289985587,
    0.6463480004446363,
    0.6461811900784585,
    0.6460148022796608,
    0.6458488412520982,
    0.6456833110291782,
    0.6455182154790362,
    0.6453535583095528,
    0.6451893430732035,
    0.645025573171761,
    0.6448622518608782,
    0.6446993822545585,
    0.6445369673295018,
    0.6443750099293254,
    0.6442135127686661,
    0.6440524784371646,
    0.6438919094033331,
    0.6437318080183024,
    0.6435721765194544,
    0.643413017033936,
    0.6432543315820691,
    0.6430961220806714,
    0.6429383903462894,
    0.6427811380983397,
    0.6426243669621607,
    0.6424680784719788,
    0.6423122740737841,
    0.6421569551281204,
    0.6420021229127936,
    0.6418477786255002,
    0.6416939233863822,
    0.6415405582405032,
    0.6413876841602544,
    0.6412353020476877,
    0.641083412736779,
    0.6409320169956215,
    0.6407811155285484,
    0.6406307089781976,
    0.6404807979275209,
    0.6403313829017356,
    0.6401824643702192,
    0.6400340427483473,
    0.6398861183992776,
    0.6397386916356819,
    0.6395917627214247,
    0.6394453318731913,
    0.6392993992620696,
    0.6391539650150834,
    0.6390090292166758,
    0.6388645919101459,
    0.6387206530990471,
    0.638577212748548,
    0.6384342707867522,
    0.6382918271059774,
    0.6381498815639962,
    0.6380084339852398,
    0.6378674841619664,
    0.637727031855393,
    0.6375870767967914,
    0.6374476186885532,
    0.6373086572052223,
    0.637170191994499,
    0.6370322226782094,
    0.6368947488532465,
    0.6367577700924791,
    0.6366212859456304,
    0.6364852959401336,
    0.6363497995819644,
    0.6362147963564481,
    0.6360802857290437,
    0.6359462671461034,
    0.6358127400356064,
    0.6356797038078718,
    0.6355471578562468,
    0.6354151015577755,
    0.6352835342738459,
    0.6351524553508185,
    0.6350218641206367,
    0.6348917599014136,
    0.634762141998002,
    0.6346330097025439,
    0.6345043622950036,
    0.6343761990436879,
    0.6342485192057474,
    0.6341213220276644,
    0.6339946067457227,
    0.633868372586466,
    0.6337426187671383,
    0.6336173444961134,
    0.6334925489733084,
    0.6333682313905833,
    0.633244390932124,
    0.6331210267748173,
    0.6329981380886128,
    0.6328757240368759,
    0.6327537837767268,
    0.6326323164593661,
    0.6325113212303914,
    0.6323907972301038,
    0.6322707435938061,
    0.6321511594520907,
    0.6320320439311192,
    0.631913396152892,
    0.6317952152355084,
    0.6316775002934178,
    0.6315602504376624,
    0.6314434647761117,
    0.6313271424136907,
    0.6312112824525988,
    0.6310958839925204,
    0.6309809461308267,
    0.63086646796277,
    0.6307524485816728,
    0.63063888707911,
    0.6305257825450876,
    0.6304131340682136,
    0.6303009407358635,
    0.6301892016343382,
    0.6300779158490183,
    0.6299670824645112,
    0.6298567005647929,
    0.6297467692333454,
    0.6296372875532869,
    0.6295282546074975,
    0.6294196694787398,
    0.6293115312497762,
    0.6292038390034826,
    0.6290965918229581,
    0.6289897887916317,
    0.6288834289933638,
    0.62877751151254,
    0.6286720354341622,
    0.6285669998439354,
    0.6284624038283537,
    0.6283582464747829,
    0.628254526871539,
    0.6281512441079649,
    0.6280483972745027,
    0.6279459854627641,
    0.6278440077655979,
    0.6277424632771529,
    0.6276413510929404,
    0.6275406703098915,
    0.6274404200264133,
    0.6273405993424426,
    0.6272412073594972,
    0.6271422431807263,
    0.6270437059109568,
    0.626945594656737,
    0.6268479085263812,
    0.6267506466300079,
    0.6266538080795777,
    0.6265573919889252,
    0.6264613974737893,
    0.6263658236518452,
    0.6262706696427356,
    0.6261759345680995,
    0.6260816175516016,
    0.6259877177189584,
    0.6258942341979625,
    0.6258011661185041,
    0.6257085126125942,
    0.625616272814383,
    0.6255244458601796,
    0.6254330308884681,
    0.6253420270399204,
    0.6252514334574066,
    0.6251612492860075,
    0.6250714736730267,
    0.6249821057680033,
    0.6248931447227208,
    0.624804589691216,
    0.6247164398297879,
    0.6246286942970075,
    0.6245413522537252,
    0.6244544128630775,
    0.624367875290493,
    0.6242817387036974,
    0.6241960022727154,
    0.6241106651698703,
    0.6240257265697801,
    0.6239411856493556,
    0.6238570415878009,
    0.6237732935666106,
    0.6236899407695704,
    0.6236069823827566,
    0.6235244175945363,
    0.623442245595567,
    0.6233604655787953,
    0.6232790767394518,
    0.623198078275046,
    0.6231174693853617,
    0.6230372492724515,
    0.6229574171406338,
    0.6228779721964903,
    0.6227989136488598,
    0.6227202407088325,
    0.6226419525897433,
    0.6225640485071671,
    0.6224865276789128,
    0.6224093893250175,
    0.6223326326677421,
    0.6222562569315634,
    0.6221802608224064,
    0.6221046430484011,
    0.6220294023198764,
    0.6219545373493452,
    0.6218800468514826,
    0.6218059295431067,
    0.6217321841431651,
    0.6216588093727249,
    0.6215858039549669,
    0.6215131666151819,
    0.6214408960807637,
    0.6213689910811999,
    0.6212974503480599,
    0.6212262726149842,
    0.6211554566176815,
    0.6210850010939267,
    0.6210149047835543,
    0.6209451664284479,
    0.6208757847725325,
    0.620806758561765,
    0.6207380865441332,
    0.6206697674696607,
    0.6206018000904123,
    0.6205341831604981,
    0.6204669154360827,
    0.6203999956753954,
    0.6203334226387334,
    0.6202671950884697,
    0.6202013117890774,
    0.6201357715071443,
    0.6200705730113582,
    0.6200057150724729,
    0.6199411964632906,
    0.6198770159586622,
    0.6198131723355006,
    0.6197496643728042,
    0.6196864908516858,
    0.6196236505553981,
    0.6195611422693618,
    0.6194989647812028,
    0.6194371168808002,
    0.6193755973603408,
    0.6193144050143865,
    0.6192535386399511,
    0.6191929970365989,
    0.6191327790065682,
    0.6190728833549147,
    0.6190133088896989,
    0.6189540544222227,
    0.6188951187672798,
    0.6188365007434349,
    0.6187781991733865,
    0.6187202128844842,
    0.6186625407094302,
    0.6186051814870129,
    0.6185481340628939,
    0.61849139729067,
    0.6184349700333446,
    0.6183788511652928,
    0.6183230395749099,
    0.6182675341684913,
    0.6182123338757591,
    0.618157437657462,
    0.6181028445165784,
    0.6180485535140663,
    0.6179945637899182,
    0.6179408745960479,
    0.6178874853521243,
    0.6178343957392901,
    0.617781605874777,
    0.6177291166970416,
    0.6176769309296073,
    0.6176250559268711,
    0.6175735180142384,
    0.6175392076159201,
    0.6175605041580922,
    0.6176406159882176,
    0.6177382998752022,
    0.6178306699021632,
    0.6179178620918242,
    0.6180000430905397,
    0.6180773884355869,
    0.6181500759026612,
    0.6182182796947046,
    0.6182821762212175,
    0.6183419967201966,
    0.6184499443537657,
    0.6186576412693144,
    0.6189109295303601,
    0.6191546741339286,
    0.6193874003830397,
    0.619609186175405,
    0.6198203307585964,
    0.6200211665493428,
    0.6202120313031236,
    0.6203932724686845,
    0.620565282150926,
    0.6207610970800114,
    0.621035394848218,
    0.6213754017953983,
    0.621722817509106,
    0.6220542047376203,
    0.6223700424704112,
    0.6226708166248699,
    0.6229570041131473,
    0.6232290699275232,
    0.6234874664692752,
    0.6237326334634131,
    0.6239649981144619,
    0.6241849753609152,
    0.6243929681556618,
    0.6245893677501851,
    0.6247745539867959,
    0.6249488955951794,
    0.6251127504843499,
    0.6252664660317051,
    0.6254103793708644,
    0.6255448176755432,
    0.6256700984382725,
    0.6257865297439092,
    0.6258944105370223,
    0.6259940308822777,
    0.6260856722174066,
    0.6261696075987278,
    0.6262461019398533,
    0.62631541224416,
    0.6263777878310421,
    0.6264334705559063,
    0.6264826950240272,
    0.6265256887984518,
    0.6265626726021738,
    0.6265938605146724,
    0.6266194601627968,
    0.626639672906145,
    0.6266546940172043,
    0.6266647128564494,
    0.6266699130425322,
    0.6266704726176832,
    0.6266665642084565,
    0.6266583551819447,
    0.6266460077975736,
    0.626629679354568,
    0.626609522335204,
    0.6265856845439794,
    0.6265583092428365,
    0.6265275352825561,
    0.6264934972304258,
    0.6264563254942724,
    0.6264161464429779,
    0.6263730825235884,
    0.6263272523751069,
    0.6262787709390523,
    0.626227749566864,
    0.6261742961242378,
    0.626118515092489,
    0.6260605076670348,
    0.6260003718530734,
    0.6259382025585354
]