[
    -0.07178372953236282,
    -0.07211491829892258,
    -0.0673029501690624,
    -0.06764601588847319,
    -0.06798971527326085,
    -0.0683340090551003,
    -0.06867885922959634,
    -0.06902422901938172,
    -0.069370082838268,
    -0.06971638625642002,
    -0.07006310596652496,
    -0.07041020975092631,
    -0.07075766644969458,
    -0.07110544592960942,
    -0.07145351905402901,
    -0.07180185765362151,
    -0.07215043449793243,
    -0.0724992232677633,
    -0.07284819852833985,
    -0.07319733570324806,
    -0.07354661104911663,
    -0.07389600163102326,
    -0.07424548529860438,
    -0.07459504066284862,
    -0.07494464707355498,
    -0.0752942845974368,
    -0.07564393399685362,
    -0.07599357670915347,
    -0.07634319482660788,
    -0.07669277107692325,
    -0.07704228880431054,
    -0.07739173195109783,
    -0.07774108503987089,
    -0.07809033315612704,
    -0.07843946193142809,
    -0.07878845752703825,
    -0.07913730661803337,
    -0.07948599637786613,
    -0.07983451446337535,
    -0.0801828490002271,
    -0.08053098856877616,
    -0.08087892219033539,
    -0.08122663931384073,
    -0.0815741298029002,
    -0.08192138392321568,
    -0.08226839233036892,
    -0.08261514605796082,
    -0.08296163650609396,
    -0.08330785543018776,
    -0.08365379493011707,
    -0.08399944743966625,
    -0.0843448057162889,
    -0.08468986283116331,
    -0.08503461215953595,
    -0.08537904737134547,
    -0.08572316242211958,
    -0.0860669515441358,
    -0.08641040923783845,
    -0.08675353026350527,
    -0.08709630963315737,
    -0.08743874260270539,
    -0.08778082466432355,
    -0.08812255153904533,
    -0.08846391916957473,
    -0.08880492371330816,
    -0.08914556153556089,
    -0.08948582920299182,
    -0.08982572347722009,
    -0.0901652413086281,
    -0.09050437983034607,
    -0.09084313635241316,
    -0.09118150835611034,
    -0.09151949348846018,
    -0.09185708955688775,
    -0.09219429452403825,
    -0.092531106502747,
    -0.09286752375115748,
    -0.09320354466798429,
    -0.09353916778791621,
    -0.09387439177715474,
    -0.0942092154290842,
    -0.09454363766006971,
    -0.09487765750538034,
    -0.09521127411523375,
    -0.09554448675095785,
    -0.0958772947812661,
    -0.09620969767864333,
    -0.0965416950158395,
    -0.0968732864624681,
    -0.09720447178170696,
    -0.09753525082709685,
    -0.09786562353943587,
    -0.09819558994376712,
    -0.09852515014645692,
    -0.09885430433236098,
    -0.09918305276207515,
    -0.09951139576926922,
    -0.099839333758101,
    -0.1001668672007086,
    -0.10049399663477886,
    -0.10082072266118913,
    -0.10114704594172046,
    -0.10147296719684043,
    -0.10179848720355389,
    -0.1021236067933187,
    -0.10244832685002489,
    -0.10277264830803567,
    -0.10309657215028842,
    -0.1034200994064544,
    -0.10374323115115473,
    -0.10406596850223104,
    -0.10438831261906899,
    -0.10471026470097405,
    -0.1050318259855976,
    -0.10535299774741211,
    -0.10567378129623343,
    -0.10599417797578882,
    -0.10631418916232971,
    -0.10663381626328786,
    -0.10695306071597399,
    -0.10727192398631717,
    -0.10759040756764382,
    -0.10790851297949502,
    -0.10822624176648128,
    -0.10854359549717452,
    -0.10886057576303501,
    -0.10917718417737221,
    -0.10949342237433812,
    -0.10980929200795315,
    -0.11012479475116312,
    -0.11043993229492723,
    -0.11075470634733575,
    -0.11106911863275563,
    -0.1113831708910038,
    -0.1116968648765473,
    -0.11201020235773003,
    -0.11232318511602499,
    -0.11263581494531134,
    -0.1129480936511747,
    -0.11326002305023072,
    -0.11357160496947148,
    -0.11388284124563405,
    -0.11419373372459006,
    -0.11450428426075504,
    -0.11481449471651776,
    -0.11512436696168886,
    -0.11543390287296892,
    -0.11574310433343499,
    -0.11605197323204448,
    -0.11636051146315587,
    -0.11666872092606591,
    -0.11697660352456292,
    -0.11728416116649636,
    -0.1175913957633616,
    -0.11789830922989933,
    -0.11820490348370845,
    -0.11851118044487297,
    -0.11881714203560229,
    -0.11912279017988445,
    -0.11942812680315215,
    -0.11973315383196134,
    -0.12003787319368203,
    -0.12034228681620016,
    -0.12064639662762995,
    -0.120950204556037,
    -0.12125371252917187,
    -0.12155692247421433,
    -0.12185983631752745,
    -0.122162455984422,
    -0.12246478339892951,
    -0.12276682048358398,
    -0.12306856915921194,
    -0.12337003134473079,
    -0.12367120895695558,
    -0.12397210391041436,
    -0.1242727181171712,
    -0.1245730534866565,
    -0.12487311192550374,
    -0.12517289533739284,
    -0.12547240562290066,
    -0.12577164467935853,
    -0.12607061440071668,
    -0.1263693166774137,
    -0.12666775339625175,
    -0.12696592644027754,
    -0.1272638376886694,
    -0.12756148901663025,
    -0.1278588822952854,
    -0.12815601939158439,
    -0.12845290216820857,
    -0.12874953248348353,
    -0.12904591219129602,
    -0.12934204314101544,
    -0.12963792717742004,
    -0.1299335661406269,
    -0.130228961866025,
    -0.13052411618421153,
    -0.13081903092093325,
    -0.1311137078970328,
    -0.13140814892839717,
    -0.13170235582590858,
    -0.13199633039539801,
    -0.13229007443760255,
    -0.13258358974812487,
    -0.13287687811739585,
    -0.13316994133064133,
    -0.1334627811678529,
    -0.1337553994037604,
    -0.1340477978078056,
    -0.1343399781441179,
    -0.13463194217149274,
    -0.13492369164337198,
    -0.13521522830782823,
    -0.13550655390755195,
    -0.13579767017984012,
    -0.13608857885658482,
    -0.13637928166426305,
    -0.13666978032392904,
    -0.13696007655121,
    -0.13725017205630577,
    -0.1375400685439884,
    -0.13782976771360167,
    -0.1381192712590597,
    -0.13840858086884666,
    -0.13869769822601916,
    -0.1389866250082131,
    -0.13927536288765371,
    -0.13956391353116523,
    -0.1398522786001785,
    -0.1401404597507372,
    -0.14042845863350625,
    -0.1407162768937874,
    -0.14100391617153896,
    -0.14129137810139242,
    -0.14157866431266508,
    -0.14186577642937126,
    -0.14215271607023677,
    -0.14243948484871916,
    -0.14272608437303297,
    -0.14301251624617178,
    -0.1432987820659233,
    -0.14358488342488313,
    -0.1438708219104677,
    -0.14415659910493014,
    -0.14444221658538509,
    -0.14472767592384123,
    -0.14501297868722507,
    -0.14529812643739556,
    -0.14558312073116342,
    -0.14586796312031355,
    -0.14615265515161377,
    -0.14643719836681288,
    -0.14672159430265472,
    -0.14700584449091564,
    -0.14728995045843749,
    -0.1475739137271312,
    -0.14785773581395756,
    -0.14814141823090696,
    -0.14842496248499937,
    -0.14870837007831383,
    -0.1489916425080292,
    -0.14927478126643354,
    -0.149557787840873,
    -0.14984066371364058,
    -0.1501234103618335,
    -0.1504060292572684,
    -0.1506885218664639,
    -0.15097088965052025,
    -0.15125313406479332,
    -0.15153525655833613,
    -0.15181725857306919,
    -0.15209914154296628,
    -0.1523809068934212,
    -0.1526625560400699,
    -0.15294409038618095,
    -0.15322551131798007,
    -0.15350682019562228,
    -0.1537880183350742,
    -0.15406910697670298,
    -0.15435008723006205,
    -0.1546309599443189,
    -0.15491172532898187,
    -0.15519238158364912,
    -0.15547291812786762,
    -0.15575325281304642,
    -0.15597202765258217,
    -0.15606715835878504,
    -0.15609960380063195,
    -0.15613423153943315,
    -0.15616095887265113,
    -0.15615346608003441,
    -0.15611457833909487,
    -0.15607429423655503,
    -0.15604649547937074,
    -0.15603083594428432,
    -0.15602695104060565,
    -0.156034479318904,
    -0.1560530665126967,
    -0.15608236698041297,
    -0.15612204447610487,
    -0.15617177233019947,
    -0.1562312333190836,
    -0.15630011944030403,
    -0.15637813165382639,
    -0.15646497960755762,
    -0.15656038140682332,
    -0.15666406341001116,
    -0.15677575995585924,
    -0.1568952129566473,
    -0.1570221711265678,
    -0.15715638742433816,
    -0.15729757789585969,
    -0.15741409498007777,
    -0.15747557981648078,
    -0.1575155913072591,
    -0.15756639183160842,
    -0.15762764409954327,
    -0.15769901501351213,
    -0.15778017980797326,
    -0.15787082275694195,
    -0.15797063722689372,
    -0.15807932553323903,
    -0.15819659873509137,
    -0.15832217641179475,
    -0.1584557864338804,
    -0.15859716473268076,
    -0.15874605507337589,
    -0.15890220883532494,
    -0.1590653847985439,
    -0.1592353489332919,
    -0.1594118741929794,
    -0.15959474031270915,
    -0.15978373361453058,
    -0.15997864681888732,
    -0.1601792788613289,
    -0.16038543471410416,
    -0.16059692521286176,
    -0.16081356688854584,
    -0.16103518180411333,
    -0.16126159739576168,
    -0.1614926463186599,
    -0.1617281662970399,
    -0.1619679999783123,
    -0.16221199479108997,
    -0.1624600028072106,
    -0.1627118806077364,
    -0.1629674891527989,
    -0.16322669365516773,
    -0.1634893634574759,
    -0.1637553719130123,
    -0.16402459626987057,
    -0.16429691755825757,
    -0.1645722204809239,
    -0.16485039330674664,
    -0.16513132776743455,
    -0.16541491895720534,
    -0.16570106523525524,
    -0.16598966813093155,
    -0.16628063225158696,
    -0.16657386519311426,
    -0.16686927745311567,
    -0.16716678234655027,
    -0.16746629592370335,
    -0.16776773689043067,
    -0.16807102653065875,
    -0.16837608863112344,
    -0.16868284940834655,
    -0.16899123743774208,
    -0.16930118358467613,
    -0.1696126209374263,
    -0.16992548474204242,
    -0.17023971233907403,
    -0.17055524310217676,
    -0.1708720183785566,
    -0.17118998143105837,
    -0.1715090773817739,
    -0.1718292531572237,
    -0.17215045743515317,
    -0.1724726405928846,
    -0.1727957546571922,
    -0.17311975325567433,
    -0.17344459156949776,
    -0.17377022628740646,
    -0.17409661556096812,
    -0.1744237189610661,
    -0.17475149743570206,
    -0.17507991326906466,
    -0.17540893004171385,
    -0.17573851259194614,
    -0.17606862697839448,
    -0.1763992404436308,
    -0.17673032137875308,
    -0.17706183928917174,
    -0.17739376476145735,
    -0.1777260694309062,
    -0.17805872594990854,
    -0.17839170795774065,
    -0.1787249900519663,
    -0.17905854776057983,
    -0.17939235751418967,
    -0.1797263966184204,
    -0.1800606432267871,
    -0.18039507631441393,
    -0.18072967565336315,
    -0.18106442178935808,
    -0.18139929601858254,
    -0.18173428036423864,
    -0.18206935755382633,
    -0.18240451099781338,
    -0.18273972476908976,
    -0.18307498358238689,
    -0.18341027277394745,
    -0.18374557828185598,
    -0.18408088662708352,
    -0.18441618489546374,
    -0.18475146072042833,
    -0.1850867022660111,
    -0.18542189821008692,
    -0.1857570377281239,
    -0.18609211047755775,
    -0.18642710658271816,
    -0.18676201662026756,
    -0.18709683160517177,
    -0.1874315429770919,
    -0.1877661425870408,
    -0.18810062268433508,
    -0.18843497590394986,
    -0.18876919525431993,
    -0.18910327410553515,
    -0.18943720617782864,
    -0.18977098553033825,
    -0.19010460655019937,
    -0.19043806394198629,
    -0.19077135271749485,
    -0.19110446818583737,
    -0.19143740594379777,
    -0.1917701618664336,
    -0.1921027320979546,
    -0.1924351130428915,
    -0.1927673013575507,
    -0.19309929394172998,
    -0.19343108793066124,
    -0.1937626806871729,
    -0.19409406979408314,
    -0.19442525304683322,
    -0.19475622844634866,
    -0.19508699419210468,
    -0.19541754867538846,
    -0.19574789047275837,
    -0.1960780183397015,
    -0.19640793120449068,
    -0.1967376281622305,
    -0.19706710846907577,
    -0.19739637153661632,
    -0.1977254169264312,
    -0.19805424434481284,
    -0.19838285363765368,
    -0.19871124478548274,
    -0.1990394178986461,
    -0.19936737321263273,
    -0.19969511108354268,
    -0.20002263198369546,
    -0.20034993649737445,
    -0.20067702531670462,
    -0.2010038992376538,
    -0.20133055915615367,
    -0.20165700606433593,
    -0.20198324104688542,
    -0.2023092652775059,
    -0.20263508001549593,
    -0.2029606866024324,
    -0.2032860864589573,
    -0.20361128108166215,
    -0.2039362720400671,
    -0.204261060973693,
    -0.20458564958922676,
    -0.20491003965777524,
    -0.20523423301220511,
    -0.20555823154456507,
    -0.20588203720358855,
    -0.20620565199227578,
    -0.2065290779655528,
    -0.20685231722800504,
    -0.2071753719316818,
    -0.20749824427396935,
    -0.2078209364955314,
    -0.20814345087831712,
    -0.20846578974363322,
    -0.20878795545027765,
    -0.2091099503927325,
    -0.20943177699941434,
    -0.20975343773098235,
    -0.21007493507870206,
    -0.21039627156286328,
    -0.21071744973124812,
    -0.21103847215764931,
    -0.2113593414404369,
    -0.2116800602011723,
    -0.21200063108326905,
    -0.21232105675069843,
    -0.2126413398867384,
    -0.2129614831927632,
    -0.21328148780262063,
    -0.2136013548659551,
    -0.21392108554711717,
    -0.21424068102410995,
    -0.2145601424875713,
    -0.21487947113979045,
    -0.2151986681937584,
    -0.21551773487225126,
    -0.21583667240694568,
    -0.2161554820375657,
    -0.2164741650110601,
    -0.2167927225808083,
    -0.21711115600585446,
    -0.2174294665501683,
    -0.21774765548193323,
    -0.21806572407286046,
    -0.21838367359752808,
    -0.21870150533274432,
    -0.2190192205569338,
    -0.21933682054954642,
    -0.21965430659048873,
    -0.21997167995957684,
    -0.22028894193600967,
    -0.22060609379786228,
    -0.22092313682159861,
    -0.22124007228160344,
    -0.22155690144973295,
    -0.22187362559488277,
    -0.2221902459825732,
    -0.22250676387455154,
    -0.22282318052841016,
    -0.2231394971972201,
    -0.22345571512917994,
    -0.22377183556727914,
    -0.2240878597489754,
    -0.22440378890588542,
    -0.2247196242634899,
    -0.2250353670408511,
    -0.2253510184503427,
    -0.2256665796973917,
    -0.22598205198023164,
    -0.2262974364896677,
    -0.22661273440885327,
    -0.22692794691307658,
    -0.22724307516955747,
    -0.2275581203372541,
    -0.22787308356667868,
    -0.2281879659997234,
    -0.2285027687694951,
    -0.22881749300015905,
    -0.22913213980679115,
    -0.2294467102952379,
    -0.22976120556198407,
    -0.23007562669402787,
    -0.23038997476876394,
    -0.23070425085387344,
    -0.2310184560072214,
    -0.23133259127676042,
    -0.23164665770044035,
    -0.23196065630612422,
    -0.23227458811151072,
    -0.23258845412406218,
    -0.23290225534093856,
    -0.23321599274893653,
    -0.23352966732443356,
    -0.23384328003333674,
    -0.2341568318310371,
    -0.23447032366236895,
    -0.23478375646157296,
    -0.23509713115226388,
    -0.23541044864740204,
    -0.23572370984926933,
    -0.23603691564944898,
    -0.2363500669288093,
    -0.23666316455749095,
    -0.23697620939489744,
    -0.23728920228968925,
    -0.23760214407978117,
    -0.23791503559234323,
    -0.238227877643804,
    -0.23854067103985674,
    -0.23885341657546835,
    -0.23916611503489082,
    -0.23947876719167552,
    -0.23979137380869045,
    -0.24010393563813914,
    -0.24041645342158202,
    -0.2407289278899597,
    -0.24104135976361835,
    -0.2413537497523374,
    -0.24166609855535945,
    -0.24197840686142202,
    -0.24229067534879042,
    -0.24260290468529258,
    -0.24291509552835513,
    -0.24322724852504152,
    -0.2435393643120915,
    -0.24385144351596225,
    -0.24416348675287036,
    -0.24447549462883517,
    -0.24478746773972315,
    -0.24509940667129396,
    -0.24541131199924748,
    -0.24572318428927195,
    -0.24603502409709263,
    -0.24634683196852172,
    -0.24665860843950893,
    -0.24697035403619297,
    -0.24728206927495444,
    -0.24759375466246905,
    -0.2479054106957613,
    -0.248217037862259,
    -0.24852863663984817,
    -0.24884020749692912,
    -0.24915175089247255,
    -0.24946326727607687,
    -0.249774757088025,
    -0.2500862207593424,
    -0.2503976587118552,
    -0.2507090713582488,
    -0.25102045910212706,
    -0.2513318223380712,
    -0.2516431614516992,
    -0.2519544768197255,
    -0.25226576881002083,
    -0.2525770377816729,
    -0.25288828408504643,
    -0.2531995080618439,
    -0.2535107100451662,
    -0.253821890359573,
    -0.2541330493211445,
    -0.254444187237542,
    -0.2547553044080688,
    -0.2550664011237311,
    -0.2553774776672988,
    -0.25568853431336674,
    -0.25599957132841594,
    -0.2563105889708746,
    -0.25662158749117925,
    -0.2569325671318352,
    -0.2572435281274772,
    -0.25755447070493004,
    -0.2578653950832692,
    -0.2581763014738816,
    -0.258487190080526,
    -0.25879806109939313,
    -0.25910891471916536,
    -0.2594197511210766,
    -0.2597305704789721,
    -0.2600413729593675,
    -0.26035215872150913,
    -0.2606629279174322,
    -0.2609736806920201,
    -0.261284417183063,
    -0.2615951375213164,
    -0.2619058418305594,
    -0.2622165302276525,
    -0.26252720282259495,
    -0.26283785971858237,
    -0.2631485010120638,
    -0.2634591267927986,
    -0.2637697371439136,
    -0.26408033214195875,
    -0.26439091185696323,
    -0.26470147635249114,
    -0.26501202568569726,
    -0.2653225599073821,
    -0.265633079062047,
    -0.26594358318794786,
    -0.2662540723171506,
    -0.2665645464755846,
    -0.26687500568309663,
    -0.26718544995350446,
    -0.26749587929464985,
    -0.2678062937084513,
    -0.2681166931909561,
    -0.2684270777323924,
    -0.2687374473172211,
    -0.26904780192418765,
    -0.2693581415263723,
    -0.26966846609124034,
    -0.26997877558069244,
    -0.27028906995111396,
    -0.27059934915342476,
    -0.270909613133129,
    -0.27121986183036406,
    -0.27153009517994886,
    -0.271840313111432,
    -0.2721505155491389,
    -0.27246070241222026,
    -0.2727708736146992,
    -0.2730810290655184,
    -0.2733911686685861,
    -0.27370129232282214,
    -0.2740113999222037,
    -0.2743214913558107,
    -0.2746315665078715,
    -0.2749416252578075,
    -0.27525166748027696,
    -0.2755616930452191,
    -0.2758717018178974,
    -0.27618169365894285,
    -0.2764916684243974,
    -0.2768016259657569,
    -0.2771115661300135,
    -0.277421488759697,
    -0.27773139369291633,
    -0.2780412807634005,
    -0.2783511498005397,
    -0.2786610006294272,
    -0.2789708330708995,
    -0.27928064694157617,
    -0.27959044205389944,
    -0.279900218216174,
    -0.2802099752326064,
    -0.280519712903344,
    -0.2808294310245131,
    -0.281139129388257,
    -0.28144880778277315,
    -0.2817584659923502,
    -0.2820681037974054,
    -0.28237772097452196,
    -0.28268731729648605,
    -0.282996892532323,
    -0.28330644644733227,
    -0.28361597880312234,
    -0.2839254893576456,
    -0.28423497786523283,
    -0.28454444407662843,
    -0.284853887739025,
    -0.28516330859609795,
    -0.2854727063880387,
    -0.2857820808515871,
    -0.28609143172006335,
    -0.28640075872340115,
    -0.2867100615881799,
    -0.28701934003765833,
    -0.28732859379180603,
    -0.28763782256733517,
    -0.2879470260777304,
    -0.28825620403328034,
    -0.2885653561411085,
    -0.2888744821052055,
    -0.28918358162645974,
    -0.2894926544026865,
    -0.28980170012865714,
    -0.29011071849612674,
    -0.2904197091938643,
    -0.29072867190768187,
    -0.29103760632046455,
    -0.29134651211219803,
    -0.2916553889599966,
    -0.291964236538131,
    -0.2922730545180576,
    -0.29258184256844627,
    -0.2928906003552072,
    -0.2931993275415168,
    -0.29350802378784424,
    -0.2938166887519771,
    -0.29412532208904685,
    -0.29443392345155606,
    -0.29474249248940326,
    -0.2950510288499083,
    -0.2953595321778366,
    -0.2956680021154239,
    -0.29597643830240006,
    -0.29628484037601416,
    -0.2965932079710596,
    -0.2969015407198987,
    -0.2972098382524857,
    -0.29751810019638986,
    -0.2978263261768186,
    -0.2981345158166414,
    -0.29844266873641384,
    -0.2987507845544007,
    -0.29905886288659667,
    -0.2993669033467479,
    -0.2996749055463725,
    -0.2999828690947822,
    -0.30029079359910543,
    -0.30059867866430945,
    -0.300906523893223,
    -0.3012143288865559,
    -0.3015220932429199,
    -0.30182981655884683,
    -0.3021374984288098,
    -0.30244513844524396,
    -0.3027527361985676,
    -0.30306029127720063,
    -0.3033678032675844,
    -0.30367527175419895,
    -0.30398269631958386,
    -0.3042900765443587,
    -0.30459741200724283,
    -0.3049047022850729,
    -0.3052119469528198,
    -0.30551914558360643,
    -0.3058262977487266,
    -0.3061334030176647,
    -0.30644046095811356,
    -0.30674747113599204,
    -0.3070544331154607,
    -0.3073613464589379,
    -0.30766821072711487,
    -0.3079750254789723,
    -0.3082817902717986,
    -0.30858850466120813,
    -0.3088951682011584,
    -0.30920178044396585,
    -0.3095083409403196,
    -0.30981484923929664,
    -0.3101213048883774,
    -0.3104277074334626,
    -0.31073405641888924,
    -0.31104035138744474,
    -0.31134659188038155,
    -0.3116527774374313,
    -0.31195890759682127,
    -0.3122649818952898,
    -0.31257099986810105,
    -0.31287696104905793,
    -0.3131828649705175,
    -0.313488711163407,
    -0.3137944991572401,
    -0.31410022848013214,
    -0.31440589865881596,
    -0.3147115092186555,
    -0.3150170596836586,
    -0.31532254957648953,
    -0.3156279784184826,
    -0.31593334572965825,
    -0.31623865102873683,
    -0.3165438938331509,
    -0.31684907365905673,
    -0.3171541900213451,
    -0.31745924243365153,
    -0.31776423040837,
    -0.31806915345666753,
    -0.31837401108849833,
    -0.31867880281261457,
    -0.3189835281365757,
    -0.31928818656675606,
    -0.3195927776083562,
    -0.3198973007654172,
    -0.32020175554083846,
    -0.3205061414363902,
    -0.3208104579527208,
    -0.32111470458936187,
    -0.3214188808447358,
    -0.3217229862161653,
    -0.322027020199883,
    -0.32233098229104434,
    -0.32263487198373964,
    -0.32293868877100546,
    -0.323242432144833,
    -0.32354610159618036,
    -0.32384969661498625,
    -0.3241532166901854,
    -0.3244566613097188,
    -0.32476002996054076,
    -0.32506332212862404,
    -0.32536653729896314,
    -0.325669674955578,
    -0.3259727345815272,
    -0.3262757156589237,
    -0.326578617668949,
    -0.3268814400918577,
    -0.3271841824069821,
    -0.3274868440927431,
    -0.3277894246266703,
    -0.3280919234854194,
    -0.3283943401447787,
    -0.32869667407966735,
    -0.32899892476413545,
    -0.32930109167138155,
    -0.3296031742737803,
    -0.3299051720428993,
    -0.3302070844494999,
    -0.3305089109635327,
    -0.33081065105413493,
    -0.33111230418963356,
    -0.33141386983756166,
    -0.3317153474646835,
    -0.33201673653700775,
    -0.33231803651978686,
    -0.3326192468775159,
    -0.3329203670739255,
    -0.3332213965719748,
    -0.33352233483386634,
    -0.3338231813210821,
    -0.33412393549439884,
    -0.334424596813879,
    -0.3347251647388547,
    -0.33502563872792324,
    -0.3353260182389694,
    -0.33562630272921334,
    -0.3359264916552416,
    -0.33622658447299936,
    -0.3365265806377594,
    -0.3368264796040926,
    -0.33712628082585433,
    -0.33742598375621563,
    -0.3377255878477296,
    -0.33802509255237184,
    -0.33832449732152187,
    -0.3386238016059157,
    -0.33892300485561877,
    -0.33922210652004925,
    -0.33952110604803154,
    -0.33982000288782616,
    -0.3401187964871205,
    -0.3404174862930047,
    -0.34071607175196145,
    -0.34101455230990113,
    -0.34131292741223335,
    -0.34161119650389804,
    -0.3419093590293323,
    -0.34220741443242364,
    -0.34250536215649846,
    -0.34280320164436284,
    -0.343100932338381,
    -0.34339855368051747,
    -0.3436960651123134,
    -0.3439934660748475,
    -0.3442907560086967,
    -0.34458793435390417,
    -0.34488500055001126,
    -0.34518195403614105,
    -0.3454787942510245,
    -0.345775520632951,
    -0.3460721326197089,
    -0.3463686296485397,
    -0.34666501115610776,
    -0.34696127657852993,
    -0.3472574253514477,
    -0.34755345691005946,
    -0.3478493706890868,
    -0.3481451661227361,
    -0.3484408426447015,
    -0.34873639968823517,
    -0.3490318366862443,
    -0.3493271530713073,
    -0.3496223482756096,
    -0.34991742173088425,
    -0.35021237286839896,
    -0.3505072011189979,
    -0.35080190591317806,
    -0.3510964866811277,
    -0.3513909428526967,
    -0.3516852738573277,
    -0.35197947912399047,
    -0.3522735580811615,
    -0.3525675101568754,
    -0.3528613347787925,
    -0.3531550313742143,
    -0.35344859937005085,
    -0.35374203819278016,
    -0.35403534726839764,
    -0.35432852602237835,
    -0.35462157387970766,
    -0.3549144902649603,
    -0.3552072746023492,
    -0.35549992631572325,
    -0.3557924448285332,
    -0.35608482956380116,
    -0.35637707994415213,
    -0.3566691953918908,
    -0.35696117532904453,
    -0.35725301917734287,
    -0.3575447263581534,
    -0.35783629629241487,
    -0.358127728400612,
    -0.35841902210279586,
    -0.35871017681862577,
    -0.3590011919673913,
    -0.3592920669680082,
    -0.3595828012390415,
    -0.3598733941987814,
    -0.360163845265319,
    -0.36045415385655566,
    -0.3607443193901725,
    -0.36103434128364476,
    -0.3613242189543209,
    -0.36161395181949313,
    -0.36190353929638835,
    -0.36219298080208623,
    -0.3624822757534392,
    -0.3627714235670417,
    -0.36306042365925695,
    -0.36334927544628937,
    -0.3636379783442365,
    -0.3639265317690661,
    -0.3642149351365429,
    -0.364503187862159,
    -0.36479128936110655,
    -0.3650792390483211,
    -0.36536703633855583,
    -0.3656546806463983,
    -0.3659421713862279,
    -0.3662295079721608,
    -0.36651669097288675,
    -0.36680372095682906,
    -0.367090598492199,
    -0.36737732414701413,
    -0.36766389848906894,
    -0.367950322085889,
    -0.36823659550469146,
    -0.3685227193123654,
    -0.3688086940754799,
    -0.3690945203603117,
    -0.36938019873286676,
    -0.369665729758875,
    -0.36995111400377734,
    -0.3702363520327186,
    -0.37052144441054446,
    -0.370806391701797,
    -0.37109119447071803,
    -0.37137585328126815,
    -0.37166036869715624,
    -0.3719447412818566,
    -0.37222897159860957,
    -0.3725130602104171,
    -0.37279700768004115,
    -0.3730808145700077,
    -0.3733644814426183,
    -0.37364800885996174,
    -0.37393139738392317,
    -0.374214647576183,
    -0.37449775999821494,
    -0.37478073521128474,
    -0.375063573776453,
    -0.37534627625458317,
    -0.3756288432063538,
    -0.37591127519226686,
    -0.3761935727726492,
    -0.37647573650765026,
    -0.3767577669572425,
    -0.3770396646812273,
    -0.37732143023924297,
    -0.3776030641907677,
    -0.3778845670951174,
    -0.3781659395114463,
    -0.3784471819987485,
    -0.3787282951158629,
    -0.3790092794214777,
    -0.37929013547413293,
    -0.37957086383222177,
    -0.37985146505398865,
    -0.3801319396975283,
    -0.3804122883207846,
    -0.3806925114815527,
    -0.380972609737482,
    -0.3812525836460821,
    -0.38153243376472656,
    -0.38181216065065393,
    -0.3820917648609665,
    -0.3823712469526311,
    -0.38265060748248114,
    -0.38292984700722055,
    -0.3832089660834263,
    -0.3834879652675504,
    -0.38376684511591985,
    -0.3840456061847376,
    -0.3843242490300819,
    -0.3846027742079088,
    -0.3848811822740542,
    -0.3851594737842351,
    -0.3854376492940497,
    -0.3857157093589781,
    -0.3859936545343835,
    -0.3862714853755136,
    -0.38654920243750257,
    -0.3868268062753738,
    -0.38710429744404196,
    -0.3873816764983126,
    -0.38765894399288287,
    -0.3879361004823411,
    -0.38821314652116845,
    -0.38849008266374,
    -0.38876690946432735,
    -0.3890436274770997,
    -0.38932023725612463,
    -0.38959673935536837,
    -0.3898731343286978,
    -0.39014942272988246,
    -0.3904256051125955,
    -0.39070168203041455,
    -0.39097765403682117,
    -0.3912535216852014,
    -0.3915292855288462,
    -0.3918049461209531,
    -0.3920805040146281,
    -0.3923559597628866,
    -0.392631313918654,
    -0.3929065670347657,
    -0.3931817196639677,
    -0.393456772358918,
    -0.393731725672187,
    -0.3940065801562588,
    -0.39428133636353263,
    -0.39455599484632325,
    -0.3948305561568612,
    -0.395105020847293,
    -0.39537938946968204,
    -0.395653662576009,
    -0.39592784071817405,
    -0.39620192444799757,
    -0.39647591431722073,
    -0.39674981087750555,
    -0.39702361468043545,
    -0.3972973262775156,
    -0.39757094622017486,
    -0.3978444750597666,
    -0.39811791334756924,
    -0.398391261634786,
    -0.39866452047254625,
    -0.39893769041190563,
    -0.3992107720038474,
    -0.3994837657992832,
    -0.3997566723490544,
    -0.40002949220393247,
    -0.4003022259146184,
    -0.40057487403174363,
    -0.4008474371058709,
    -0.4011199156874956,
    -0.40139231032704636,
    -0.40166462157488586,
    -0.4019368499813106,
    -0.4022089960965514,
    -0.40248106047077387,
    -0.40275304365407927,
    -0.40302494619650536,
    -0.40329676864802755,
    -0.4035685115585586,
    -0.40384017547794915,
    -0.40411176095598794,
    -0.4043832685424023,
    -0.40465469878685867,
    -0.4049260522389636,
    -0.4051973294482649,
    -0.4054685309642516,
    -0.4057396573363551,
    -0.40601070911394993,
    -0.40628168684635524,
    -0.4065525910828343,
    -0.4068234223725957,
    -0.407094181264794,
    -0.4073648683085307,
    -0.407635484052854,
    -0.4079060290467595,
    -0.4081765038391897,
    -0.4084469089790352,
    -0.4087172450151356,
    -0.40898751249628046,
    -0.40925771197120875,
    -0.4095278439886093,
    -0.4097979090971206,
    -0.4100679078453309,
    -0.4103378407817795,
    -0.41060770845495753,
    -0.41087751141330947,
    -0.411147250205233,
    -0.4114169253790792,
    -0.41168653748315326,
    -0.4119560870657156,
    -0.4122255746749824,
    -0.4124950008591262,
    -0.41276436616627576,
    -0.41303367114451633,
    -0.4133029163418899,
    -0.4135721023063952,
    -0.4138412295859889,
    -0.4141102987285863,
    -0.4143793102820618,
    -0.4146482647942489,
    -0.41491716281294005,
    -0.41518600488588675,
    -0.41545479156079956,
    -0.41572352338534985,
    -0.4159922009071707,
    -0.41626082467385744,
    -0.41652939523296734,
    -0.41679791313201886,
    -0.4170663789184921,
    -0.41733479313982796,
    -0.4176031563434297,
    -0.4178714690766633,
    -0.4181397318868595,
    -0.41840794532131276,
    -0.41867610992728177,
    -0.41894422625198846,
    -0.4192122948426181,
    -0.41948031624632054,
    -0.41974829101021066,
    -0.42001621968136976,
    -0.42028410280684525,
    -0.42055194093365106,
    -0.42081973460876704,
    -0.42108748437913973,
    -0.42135519079168354,
    -0.4216228543932822,
    -0.42189047573078803,
    -0.4221580553510231,
    -0.4224255938007775,
    -0.42269309162681007,
    -0.4229605493758483,
    -0.4232279675945897,
    -0.42349534682970225,
    -0.4237626876278259,
    -0.42402999053557133,
    -0.42429725609952007,
    -0.4245644848662234,
    -0.4248316773822028,
    -0.42509883419395106,
    -0.4253659558479341,
    -0.42563304289059095,
    -0.4259000958683336,
    -0.42616711532754636,
    -0.42643410181458535,
    -0.42670105587578017,
    -0.4269679780574345,
    -0.42723486890582857,
    -0.4275017289672188,
    -0.42776855878783776,
    -0.4280353589138932,
    -0.4283021298915671,
    -0.4285688722670157,
    -0.4288355865863701,
    -0.42910227339573825,
    -0.42936893324120506,
    -0.4296355666688328,
    -0.42990217422465987,
    -0.4301687564547002,
    -0.4304353139049429,
    -0.4307018471213533,
    -0.43096835664987493,
    -0.43123484303643095,
    -0.43150130682692395,
    -0.43176774856723654,
    -0.4320341688032297,
    -0.4323005680807423,
    -0.43256694694558945,
    -0.43283330594356406,
    -0.4330996456204375,
    -0.4333659665219617,
    -0.433632269193868,
    -0.43389855418186746,
    -0.4341648220316505,
    -0.4344310732888869,
    -0.434697308499227,
    -0.4349635282083021,
    -0.43522973296172557,
    -0.4354959233050925,
    -0.4357620997839803,
    -0.4360282629439469,
    -0.4362944133305311,
    -0.4365605514892511,
    -0.436826677965607,
    -0.4370927933050813,
    -0.4373588980531389,
    -0.4376249927552271,
    -0.43789107795677434,
    -0.43815715420319035,
    -0.43842322203986733,
    -0.4386892820121811,
    -0.4389553346654921,
    -0.4392213805451451,
    -0.4394874201964678,
    -0.43975345416477096,
    -0.44001948299534693,
    -0.4402855072334705,
    -0.4405515274243973,
    -0.44081754411336505,
    -0.4410835578455946,
    -0.44134956916629065,
    -0.4416155786206413,
    -0.4418815867538177,
    -0.4421475941109728,
    -0.4424136012372419,
    -0.4426796086777426,
    -0.4429456169775772,
    -0.44321162668183317,
    -0.44347763833558285,
    -0.4437436524838831,
    -0.4440096696717745,
    -0.4442756904442818,
    -0.4445417153464129,
    -0.4448077449231612,
    -0.4450737797195055,
    -0.445339820280411,
    -0.44560586715082867,
    -0.4458719208756951,
    -0.44613798199993127,
    -0.44640405106844266,
    -0.44667012862611893,
    -0.4469362152178363,
    -0.44720231138845773,
    -0.44746841768283324,
    -0.44773453464579926,
    -0.4480006628221781,
    -0.4482668027567778,
    -0.4485329549943916,
    -0.4487991200797982,
    -0.44906529855776317,
    -0.44933149097303937,
    -0.44959769787036685,
    -0.449863919794472,
    -0.45013015729006683,
    -0.45039641090185,
    -0.45066268117450703,
    -0.4509289686527121,
    -0.45119527388112723,
    -0.4514615974044026,
    -0.45172793976717657,
    -0.45199430151407655,
    -0.45226068318972,
    -0.452527085338714,
    -0.45279350850565603,
    -0.4530599532351349,
    -0.4533264200717315,
    -0.4535929095600176,
    -0.45385942224455605,
    -0.45412595866989974,
    -0.4543925193805926,
    -0.45465910492117134,
    -0.45492571583616603,
    -0.45519235267009994,
    -0.45545901596748894,
    -0.4557257062728404,
    -0.45599242413065244,
    -0.45625917008541456,
    -0.45652594468161045,
    -0.4567927484637179,
    -0.4570595819762076,
    -0.45732644576354264,
    -0.45759334037017785,
    -0.4578602663405613,
    -0.45812722421913527,
    -0.4583942145503376,
    -0.4586612378786013,
    -0.45892829474835384,
    -0.4591953857040163,
    -0.45946251129000293,
    -0.4597296720507206,
    -0.4599968685305698,
    -0.46026410127394574,
    -0.4605313708252393,
    -0.4607986777288362,
    -0.4610660225291157,
    -0.46133340577044984,
    -0.4616008279972018,
    -0.46186828975372657,
    -0.46213579158437124,
    -0.462403334033477,
    -0.4626709176453793,
    -0.46293854296440823,
    -0.46320621053488736,
    -0.4634739209011339
]