[
    -0.9319115016391646,
    -0.9318987729090614,
    -0.9308986982922625,
    -0.9309316721895196,
    -0.9309632799719125,
    -0.9309935642501342,
    -0.9310225664106172,
    -0.9310503266501551,
    -0.9310768840095288,
    -0.9311022764061705,
    -0.9311265406658981,
    -0.9311497125537496,
    -0.9311718268039417,
    -0.9311929171489767,
    -0.9312130163479259,
    -0.9312321562139201,
    -0.9312503676408767,
    -0.9312676806294823,
    -0.9312841243124509,
    -0.9312997269790727,
    -0.9313145160990879,
    -0.9313285183459075,
    -0.9313417596191819,
    -0.9313542650667271,
    -0.9313660591058538,
    -0.9313771654441405,
    -0.9313876070996459,
    -0.9313974064205459,
    -0.9314065851042231,
    -0.9314151642158572,
    -0.9314231642065204,
    -0.9314306049307635,
    -0.9314375056636661,
    -0.9314438851173391,
    -0.9314497614569267,
    -0.9314551523161935,
    -0.9314600748127441,
    -0.9314645455628768,
    -0.9314685806960048,
    -0.9314721958685989,
    -0.9314754062777415,
    -0.9314782266743644,
    -0.9314806713761071,
    -0.9314827542797485,
    -0.9314844888732589,
    -0.9314858882475318,
    -0.9314869651078195,
    -0.9314877317848544,
    -0.9314882002455719,
    -0.9314883821033987,
    -0.9314882886282412,
    -0.9314879307563151,
    -0.9314873190997898,
    -0.9314864639561385,
    -0.9314853753171048,
    -0.9314840628773037,
    -0.9314825360426141,
    -0.9314808039384707,
    -0.9314788754180134,
    -0.9314767590699959,
    -0.9314744632263052,
    -0.9314719959691292,
    -0.9314693651380287,
    -0.9314665783369573,
    -0.931463642940943,
    -0.9314605661024145,
    -0.9314573547574484,
    -0.9314540156319738,
    -0.9314505552477707,
    -0.9314469799282701,
    -0.9314432958042037,
    -0.9314395088190517,
    -0.9314356247342719,
    -0.9314316491344078,
    -0.931427587432139,
    -0.9314234448731405,
    -0.9314192265406636,
    -0.9314149373600472,
    -0.9314105821033294,
    -0.9314061653937604,
    -0.9314016917100382,
    -0.9313971653903351,
    -0.9313925906362269,
    -0.9313879715165783,
    -0.9313833119713913,
    -0.9313786158155846,
    -0.9313738867426303,
    -0.9313691283279901,
    -0.9313643440323982,
    -0.9313595372050765,
    -0.9313547110868665,
    -0.9313498688132592,
    -0.9313450134174129,
    -0.9313401478331932,
    -0.931335274898106,
    -0.9313303973560425,
    -0.9313255178599175,
    -0.9313206389742462,
    -0.9313157631776268,
    -0.931310892865158,
    -0.9313060303508491,
    -0.9313011778700172,
    -0.9312963375816407,
    -0.9312915115706147,
    -0.9312867018498989,
    -0.931281910362583,
    -0.9312771389839012,
    -0.9312723895232153,
    -0.9312676637259588,
    -0.9312629632755058,
    -0.9312582897949527,
    -0.9312536448488217,
    -0.9312490299447306,
    -0.9312444465350456,
    -0.9312398960184943,
    -0.9312353797417416,
    -0.9312308990009474,
    -0.9312264550432928,
    -0.9312220490684445,
    -0.9312176822299664,
    -0.9312133556366866,
    -0.9312090703540048,
    -0.9312048274051674,
    -0.9312006277725253,
    -0.9311964723987554,
    -0.9311923621880337,
    -0.9311882980071629,
    -0.9311842806866695,
    -0.9311803110218773,
    -0.9311763897739587,
    -0.9311725176709611,
    -0.9311686954087892,
    -0.9311649236521385,
    -0.9311612030354148,
    -0.9311575341636489,
    -0.9311539176133954,
    -0.9311503539336026,
    -0.9311468436464567,
    -0.9311433872481952,
    -0.9311399852098855,
    -0.9311366379781846,
    -0.9311333459760817,
    -0.931130109603613,
    -0.9311269292385583,
    -0.9311238052371251,
    -0.9311207379346162,
    -0.9311177276460735,
    -0.9311147746668976,
    -0.9311118792734454,
    -0.9311090417236126,
    -0.9311062622574032,
    -0.9311035410974845,
    -0.9311008784497283,
    -0.9310982745037355,
    -0.9310957294333421,
    -0.9310932433971104,
    -0.9310908165388018,
    -0.9310884489878366,
    -0.9310861408597432,
    -0.9310838922565917,
    -0.9310817032674182,
    -0.9310795739686402,
    -0.9310775044244578,
    -0.9310754946872428,
    -0.9310735447979082,
    -0.9310716547862715,
    -0.9310698246714088,
    -0.9310680544619933,
    -0.931066344156623,
    -0.9310646937441411,
    -0.9310631032039541,
    -0.9310615725063429,
    -0.9310601016127629,
    -0.9310586904761275,
    -0.931057339041078,
    -0.9310560472442435,
    -0.9310548150144967,
    -0.9310536422732044,
    -0.9310525289344712,
    -0.9310514749053779,
    -0.9310504800862169,
    -0.9310495443707202,
    -0.9310486676462747,
    -0.9310478497941319,
    -0.9310470906896161,
    -0.9310463902023194,
    -0.9310457481962894,
    -0.931045164530213,
    -0.9310446390575992,
    -0.9310441716269537,
    -0.9310437620819448,
    -0.9310434102615635,
    -0.9310431160002854,
    -0.9310428791282288,
    -0.9310426994713049,
    -0.9310425768513624,
    -0.9310425110863267,
    -0.9310425019903376,
    -0.9310425493738833,
    -0.931042653043927,
    -0.931042812804027,
    -0.9310430284544551,
    -0.9310432997923221,
    -0.9310436266117064,
    -0.9310440087037714,
    -0.9310444458568738,
    -0.9310449378566762,
    -0.9310454844862535,
    -0.9310460855261908,
    -0.931046740754673,
    -0.9310474499475775,
    -0.931048212878568,
    -0.9310490293191919,
    -0.9310498990389693,
    -0.9310508218054672,
    -0.9310517973843626,
    -0.9310528255395127,
    -0.9310539060330333,
    -0.9310550386253912,
    -0.9310562230754971,
    -0.9310574591407793,
    -0.9310587465772435,
    -0.9310600851395333,
    -0.9310614745809935,
    -0.9310629146537415,
    -0.9310644051087505,
    -0.9310659456959293,
    -0.9310675361641758,
    -0.9310691762614106,
    -0.9310708657346182,
    -0.9310726043298996,
    -0.9310743917925043,
    -0.9310762278668213,
    -0.9310781122963905,
    -0.9310800448239684,
    -0.9310820251915995,
    -0.9310840531406551,
    -0.9310861284118616,
    -0.9310882507453255,
    -0.9310904198805652,
    -0.931092635556547,
    -0.9310948975117214,
    -0.9310972054840568,
    -0.9310995592110665,
    -0.931101958429831,
    -0.9311044028770415,
    -0.9311068922890431,
    -0.9311094264018572,
    -0.9311120049511759,
    -0.9311146276723272,
    -0.9311172943002571,
    -0.9311200045695469,
    -0.9311227582144554,
    -0.9311255549689652,
    -0.9311283945668021,
    -0.9311312767414333,
    -0.931134201226085,
    -0.9311371677537579,
    -0.9311401760572457,
    -0.9311432258691741,
    -0.9311463169220301,
    -0.9311494489481672,
    -0.9311526216797954,
    -0.931155834848973,
    -0.9311590881875967,
    -0.9311623814273996,
    -0.9311657142999605,
    -0.9311690865367225,
    -0.9311724978690076,
    -0.9311759480280387,
    -0.9311794367449586,
    -0.9311829637508264,
    -0.9311865287766122,
    -0.9311901315531992,
    -0.9311937718113881,
    -0.9311974492819095,
    -0.9312011636954481,
    -0.9312049147826702,
    -0.9312087022742377,
    -0.9312125259008118,
    -0.9312163853930592,
    -0.9312202804816593,
    -0.9312242108973081,
    -0.931228176370719,
    -0.9312321766326321,
    -0.9312362114138321,
    -0.9312402804451615,
    -0.9312443834575334,
    -0.9312485201819474,
    -0.9312526903495003,
    -0.9312568936913916,
    -0.9312611299389384,
    -0.931265398823595,
    -0.9312697000769704,
    -0.9312740334308367,
    -0.9312783986171377,
    -0.9312827953679961,
    -0.9312872234157239,
    -0.9312916824928331,
    -0.9312961723320461,
    -0.9313006926663091,
    -0.9313052432288065,
    -0.9313098237529724,
    -0.9313144339724977,
    -0.9313190736213334,
    -0.9313237424337004,
    -0.931328440144103,
    -0.9313331664873351,
    -0.9313379211984874,
    -0.9313427040129527,
    -0.931347514666427,
    -0.9313523528949148,
    -0.9313572184347412,
    -0.9313621110225595,
    -0.9313670303953558,
    -0.9313719762904541,
    -0.931376948445519,
    -0.9313819465985609,
    -0.9313869704879357,
    -0.9313920198523479,
    -0.9313970944308569,
    -0.9314021939628857,
    -0.9314073181882133,
    -0.9314124668469629,
    -0.9314176396795963,
    -0.9314228364269151,
    -0.931428056830058,
    -0.9314333006304983,
    -0.9314385675700383,
    -0.9314438573908072,
    -0.93144916983526,
    -0.9314545046461713,
    -0.9314598615666301,
    -0.9314652403400374,
    -0.9314706407101008,
    -0.9314760624208229,
    -0.9314815052165005,
    -0.9314869688417243,
    -0.9314924530413767,
    -0.9314979575606306,
    -0.9315034821449447,
    -0.931509026540058,
    -0.9315145904919789,
    -0.9315201737469755,
    -0.9315257760515662,
    -0.9315313971525198,
    -0.9315370367968625,
    -0.931542694731877,
    -0.9315483707050863,
    -0.9315540644642414,
    -0.9315597757573192,
    -0.9315655043325234,
    -0.9315712499382828,
    -0.9315770123232482,
    -0.9315827912362895,
    -0.9315885864264883,
    -0.9315943976431317,
    -0.9316002246357084,
    -0.9316060671539191,
    -0.9316119249476874,
    -0.931617797767158,
    -0.9316236853626834,
    -0.9316295874848188,
    -0.9316355038843259,
    -0.931641434312177,
    -0.9316473785195544,
    -0.9316533362578432,
    -0.9316593072786246,
    -0.931665291333672,
    -0.9316712881749515,
    -0.9316772975546179,
    -0.9316833192250162,
    -0.931689352938685,
    -0.931695398448354,
    -0.9317014555069366,
    -0.9317075238675229,
    -0.9317136032833798,
    -0.9317196935079574,
    -0.9317257942948903,
    -0.9317319053979938,
    -0.9317380265712543,
    -0.9317441575688297,
    -0.9317502981450575,
    -0.9317564480544613,
    -0.9317626070517561,
    -0.931768774891849,
    -0.9317749513298254,
    -0.9317811361209327,
    -0.9317873290205738,
    -0.9317935297843069,
    -0.9317997381678461,
    -0.9318059539270633,
    -0.9318121768179798,
    -0.9318184065967683,
    -0.931824643019767,
    -0.9318308858435108,
    -0.9318371348247705,
    -0.9318433897205576,
    -0.9318496502880823,
    -0.9318559162847155,
    -0.9318621874679884,
    -0.9318684635956015,
    -0.9318747444254313,
    -0.9318810297155375,
    -0.9318873192241651,
    -0.9318936127097297,
    -0.9318999099307955,
    -0.9319062106460629,
    -0.9319125146143767,
    -0.9319188215947377,
    -0.9319251313463071,
    -0.9319314436283979,
    -0.9319377582004633,
    -0.931944074822097,
    -0.9319503932530501,
    -0.9319567132532476,
    -0.9319630345827966,
    -0.9319693570019928,
    -0.9319756802713214,
    -0.9319820041514449,
    -0.9319883284031911,
    -0.9319946527875368,
    -0.9320009770656033,
    -0.9320073009986647,
    -0.9320136243481422,
    -0.9320199468755803,
    -0.9320262683426326,
    -0.9320325885110723,
    -0.9320389071428077,
    -0.9320452239998791,
    -0.9320515388444406,
    -0.9320578514387504,
    -0.9320641615451677,
    -0.9320704689261466,
    -0.9320767733442303,
    -0.9320830745620597,
    -0.9320893723423823,
    -0.9320956664480408,
    -0.9321019566419552,
    -0.9321082426871158,
    -0.9321145243465893,
    -0.9321208013835245,
    -0.9321270735611471,
    -0.9321333406427614,
    -0.9321396023918054,
    -0.9321458585719335,
    -0.9321521089470859,
    -0.932158353281521,
    -0.9321645913398113,
    -0.9321708228868062,
    -0.9321770476875941,
    -0.9321832655075034,
    -0.9321894761121197,
    -0.9321956792672836,
    -0.932201874739051,
    -0.9322080622936598,
    -0.932214241697546,
    -0.932220412717359,
    -0.932226575119912,
    -0.9322327286721066,
    -0.9322388731409168,
    -0.9322450082934001,
    -0.9322511338966595,
    -0.9322572497177928,
    -0.932263355523877,
    -0.9322694510819759,
    -0.9322755361591445,
    -0.9322816105224233,
    -0.9322876739388397,
    -0.932293726175452,
    -0.9322997669994344,
    -0.9323057961781311,
    -0.9323118134790617,
    -0.9323178186699129,
    -0.9323238115185205,
    -0.9323297917928022,
    -0.9323357592606766,
    -0.9323417136900609,
    -0.9323476548489024,
    -0.9323535825051652,
    -0.9323594964268356,
    -0.9323653963819634,
    -0.9323712821386645,
    -0.932377153465094,
    -0.9323830101294688,
    -0.9323888519001183,
    -0.9323946785455185,
    -0.9324004898343009,
    -0.9324062855352493,
    -0.9324120654172869,
    -0.9324178292494435,
    -0.9324235768007907,
    -0.9324293078404093,
    -0.9324350221374227,
    -0.9324407194610417,
    -0.9324463995805718,
    -0.9324520622653952,
    -0.9324577072849313,
    -0.9324633344086073,
    -0.9324689434058786,
    -0.9324745340462515,
    -0.9324801060992861,
    -0.9324856595613393,
    -0.9324911944288601,
    -0.9324967106983889,
    -0.9325022083665285,
    -0.932507687429878,
    -0.9325131478849966,
    -0.9325185897284449,
    -0.932524012956834,
    -0.9325294175668357,
    -0.9325348035551871,
    -0.9325401709187061,
    -0.9325455196542999,
    -0.9325508497589605,
    -0.932556161229755,
    -0.9325614540638163,
    -0.9325667282583359,
    -0.9325719838105591,
    -0.9325772207177816,
    -0.9325824389773357,
    -0.9325876385865774,
    -0.9325928195428826,
    -0.9325979818436518,
    -0.9326031254863044,
    -0.9326082504682434,
    -0.9326133567867938,
    -0.9326184444391586,
    -0.9326235134224201,
    -0.932628563733594,
    -0.9326335953697015,
    -0.9326386083277979,
    -0.9326436026049628,
    -0.9326485781982949,
    -0.9326535351049251,
    -0.9326584733220313,
    -0.9326633928468488,
    -0.9326682936766736,
    -0.9326731758088577,
    -0.9326780392408082,
    -0.932682883969985,
    -0.9326877099938968,
    -0.9326925173100958,
    -0.9326973059161741,
    -0.9327020758097598,
    -0.9327068269885121,
    -0.9327115594501102,
    -0.932716273192256,
    -0.9327209682126846,
    -0.9327256445091631,
    -0.9327303020794875,
    -0.9327349409214875,
    -0.9327395610330317,
    -0.9327441624120294,
    -0.9327487450564371,
    -0.9327533089642664,
    -0.9327578541335845,
    -0.9327623805625179,
    -0.9327668882492568,
    -0.9327713771920553,
    -0.9327758473892278,
    -0.932780298839144,
    -0.9327847315402252,
    -0.9327891454909419,
    -0.9327935406898068,
    -0.9327979171353661,
    -0.9328022748261968,
    -0.9328066137609123,
    -0.9328109339381655,
    -0.9328152353566502,
    -0.9328195180151034,
    -0.9328237819123124,
    -0.9328280270471195,
    -0.9328322534184162,
    -0.9328364610251344,
    -0.9328406498662416,
    -0.9328448199407419,
    -0.9328489712476851,
    -0.9328531037861726,
    -0.9328572175553462,
    -0.9328613125543737,
    -0.9328653887824473,
    -0.9328694462387931,
    -0.9328734849226784,
    -0.9328775048334138,
    -0.9328815059703509,
    -0.9328854883328863,
    -0.9328894519204645,
    -0.9328933967325747,
    -0.9328973227687453,
    -0.9329012300285396,
    -0.9329051185115521,
    -0.9329089882173998,
    -0.9329128391457114,
    -0.932916671296126,
    -0.932920484668297,
    -0.9329242792619005,
    -0.9329280550766387,
    -0.9329318121122393,
    -0.9329355503684522,
    -0.9329392698450483,
    -0.93294297054182,
    -0.9329466524585825,
    -0.9329503155951709,
    -0.9329539599514314,
    -0.9329575855272152,
    -0.9329611923223826,
    -0.9329647803368071,
    -0.9329683495703732,
    -0.9329719000229767,
    -0.932975431694527,
    -0.9329789445849521,
    -0.9329824386942016,
    -0.9329859140222423,
    -0.932989370569051,
    -0.9329928083346107,
    -0.9329962273189093,
    -0.9329996275219398,
    -0.9330030089437025,
    -0.9330063715842081,
    -0.9330097154434779,
    -0.9330130405215433,
    -0.9330163468184441,
    -0.9330196343342272,
    -0.9330229030689463,
    -0.9330261530226602,
    -0.933029384195431,
    -0.9330325965873237,
    -0.9330357901984017,
    -0.9330389650287264,
    -0.9330421210783593,
    -0.9330452583473633,
    -0.9330483768358044,
    -0.9330514765437522,
    -0.9330545574712781,
    -0.933057619618454,
    -0.933060662985353,
    -0.9330636875720479,
    -0.9330666933786114,
    -0.9330696804051158,
    -0.9330726486516342,
    -0.9330755981182415,
    -0.9330785288050167,
    -0.9330814407120418,
    -0.9330843338393996,
    -0.9330872081871757,
    -0.9330900637554586,
    -0.9330929005443422,
    -0.9330957185539258,
    -0.9330985177843115,
    -0.9331012982356057,
    -0.9331040599079236,
    -0.93310680280139,
    -0.933109526916142,
    -0.9331122322523254,
    -0.9331149188100942,
    -0.9331175865896133,
    -0.9331202355910588,
    -0.9331228658146172,
    -0.9331254772604878,
    -0.9331280699288859,
    -0.9331306438200445,
    -0.9331331989342175,
    -0.933135735271681,
    -0.9331382528327322,
    -0.9331407516176894,
    -0.9331432316268906,
    -0.9331456928606953,
    -0.9331481353194884,
    -0.9331505590036837,
    -0.9331529639137264,
    -0.9331553500500956,
    -0.9331577174133054,
    -0.933160066003901,
    -0.9331623958224555,
    -0.9331647068695713,
    -0.9331669991458785,
    -0.9331692726520362,
    -0.9331715273887331,
    -0.9331737633566911,
    -0.9331759805566682,
    -0.9331781789894624,
    -0.9331803586559173,
    -0.9331825195569208,
    -0.9331846616934033,
    -0.933186785066339,
    -0.9331888896767427,
    -0.9331909755256724,
    -0.9331930426142285,
    -0.933195090943552,
    -0.9331971205148208,
    -0.9331991313292486,
    -0.9332011233880799,
    -0.9332030966925873,
    -0.9332050512440703,
    -0.9332069870438539,
    -0.9332089040932856,
    -0.9332108023937364,
    -0.9332126819466001,
    -0.9332145427532881,
    -0.9332163848152296,
    -0.9332182081338746,
    -0.9332200127106931,
    -0.933221798547175,
    -0.9332235656448301,
    -0.9332253140051883,
    -0.9332270436297991,
    -0.9332287545202286,
    -0.9332304466780545,
    -0.933232120104867,
    -0.9332337748022681,
    -0.9332354107718719,
    -0.9332370280153045,
    -0.9332386265342031,
    -0.933240206330215,
    -0.9332417674049976,
    -0.9332433097602132,
    -0.9332448333975221,
    -0.9332463383185822,
    -0.9332478245250508,
    -0.9332492920185871,
    -0.9332507408008505,
    -0.9332521708735021,
    -0.9332535822382081,
    -0.9332549748966428,
    -0.9332563488504896,
    -0.9332577041014366,
    -0.9332590406511708,
    -0.9332603585013781,
    -0.9332616576537452,
    -0.9332629381099582,
    -0.9332641998717005,
    -0.933265442940653,
    -0.9332666673184932,
    -0.9332678730068917,
    -0.9332690600075113,
    -0.9332702283220051,
    -0.9332713779520151,
    -0.9332725088991682,
    -0.933273621165074,
    -0.9332747147513216,
    -0.9332757896594807,
    -0.9332768458910979,
    -0.9332778834477016,
    -0.9332789023308067,
    -0.933279902541918,
    -0.9332808840825277,
    -0.9332818469541161,
    -0.9332827911581538,
    -0.9332837166961084,
    -0.9332846235694484,
    -0.9332855117796537,
    -0.9332863813282265,
    -0.9332872322166957,
    -0.9332880644466192,
    -0.9332888780195915,
    -0.9332896729372551,
    -0.9332904492013133,
    -0.9332912068135408,
    -0.9332919457757887,
    -0.9332926660899881
]