[
    -0.8583073298779619,
    -0.8580222130997152,
    -0.8515510655773026,
    -0.8514331185349095,
    -0.8513123828150176,
    -0.8511889798483385,
    -0.8510630275295257,
    -0.8509346403166839,
    -0.8508039293280717,
    -0.8506710024360817,
    -0.850535964358577,
    -0.8503989167476564,
    -0.8502599582759143,
    -0.8501191847202701,
    -0.8499766890434396,
    -0.8498325614731129,
    -0.8496868895788986,
    -0.8495397583470907,
    -0.849391250253336,
    -0.8492414453332626,
    -0.8490904212511228,
    -0.8489382533665009,
    -0.8487850147991414,
    -0.8486307764919566,
    -0.8484756072722633,
    -0.8483195739112964,
    -0.8481627411820453,
    -0.848005171915464,
    -0.8478469270550981,
    -0.8476880657101736,
    -0.8475286452071857,
    -0.8473687211400301,
    -0.8472083474187284,
    -0.8470475763167894,
    -0.8468864585172419,
    -0.8467250431573645,
    -0.8465633778721393,
    -0.8464015088364664,
    -0.846239480806199,
    -0.8460773371580425,
    -0.8459151199283355,
    -0.8457528698507386,
    -0.8455906263928572,
    -0.8454284277918335,
    -0.8452663110889415,
    -0.8451043121632138,
    -0.8449424657641195,
    -0.8447808055433228,
    -0.8446193640855497,
    -0.8444581729385884,
    -0.844297262642448,
    -0.8441366627576906,
    -0.8439764018929456,
    -0.8438165077316375,
    -0.8436570070579782,
    -0.8434979257822466,
    -0.8433392889653512,
    -0.8431811208427068,
    -0.843023444847453,
    -0.842866283633009,
    -0.8427096590949872,
    -0.8425535923924956,
    -0.842398103968855,
    -0.8422432135717207,
    -0.8420889402726159,
    -0.8419353024858882,
    -0.8417823179871291,
    -0.841630003931089,
    -0.8414783768691011,
    -0.8413274527660195,
    -0.8411772470166978,
    -0.8410277744620072,
    -0.8408790494043747,
    -0.8407310856228561,
    -0.8405838963877983,
    -0.8404374944751208,
    -0.8402918921802028,
    -0.8401471013313475,
    -0.8400031333028517,
    -0.8398599990277203,
    -0.8397177090100499,
    -0.8395762733370723,
    -0.8394357016908477,
    -0.8392960033596153,
    -0.8391571872488173,
    -0.839019261891822,
    -0.8388822354603632,
    -0.8387461157746938,
    -0.8386109103134514,
    -0.8384766262232373,
    -0.8383432703279253,
    -0.8382108491377112,
    -0.8380793688579109,
    -0.8379488353975109,
    -0.8378192543774793,
    -0.8376906311388436,
    -0.8375629707505353,
    -0.8374362780170058,
    -0.8373105574856192,
    -0.8371858134538432,
    -0.8370620499762492,
    -0.8369392708713161,
    -0.836817479728041,
    -0.8366966799123621,
    -0.8365768745734086,
    -0.8364580666495787,
    -0.8363402588744444,
    -0.8362234537824876,
    -0.8361076537146727,
    -0.8359928608238635,
    -0.835879077080088,
    -0.835766304275655,
    -0.8356545440301237,
    -0.8355437977951352,
    -0.8354340668591067,
    -0.8353253523517962,
    -0.8352176552487393,
    -0.8351109763755635,
    -0.8350053164121788,
    -0.8349006758968496,
    -0.8347970552301485,
    -0.834694454678792,
    -0.8345928743793685,
    -0.8344923143419656,
    -0.8343927744537045,
    -0.8342942544821755,
    -0.8341967540787759,
    -0.8341002727819519,
    -0.8340048100203484,
    -0.8339103651158718,
    -0.8338169372866673,
    -0.8337245256500144,
    -0.8336331292251403,
    -0.8335427469359505,
    -0.8334533776136833,
    -0.8333650199994885,
    -0.8332776727469314,
    -0.8331913344244292,
    -0.8331060035176222,
    -0.8330216784316815,
    -0.8329383574935492,
    -0.8328560389541177,
    -0.8327747209903443,
    -0.8326944017073077,
    -0.8326150791402053,
    -0.8325367512562926,
    -0.8324594159567681,
    -0.832383071078607,
    -0.8323077143963464,
    -0.8322333436238211,
    -0.8321599564158498,
    -0.8320875503698735,
    -0.8320161230275477,
    -0.8319456718762911,
    -0.8318761943507895,
    -0.8318076878344579,
    -0.8317401496608623,
    -0.8316735771151017,
    -0.8316079674351475,
    -0.8315433178131464,
    -0.8314796253966875,
    -0.8314168872900353,
    -0.8313551005553289,
    -0.8312942622137491,
    -0.8312343692466498,
    -0.8311754185966603,
    -0.8311174071687543,
    -0.8310603318312909,
    -0.8310041894170239,
    -0.8309489767240852,
    -0.8308946905169395,
    -0.8308413275273132,
    -0.8307888844550972,
    -0.8307373579692251,
    -0.8306867447085248,
    -0.8306370412825486,
    -0.8305882442723785,
    -0.8305403502314094,
    -0.8304933556861094,
    -0.8304472571367635,
    -0.8304020510581943,
    -0.8303577339004646,
    -0.830314302089556,
    -0.8302717520280303,
    -0.8302300800956705,
    -0.8301892826501049,
    -0.8301493560274137,
    -0.8301102965427186,
    -0.8300721004907561,
    -0.8300347641464342,
    -0.8299982837653759,
    -0.829962655584445,
    -0.829927875822259,
    -0.8298939406796857,
    -0.8298608463403282,
    -0.8298285889709948,
    -0.8297971647221579,
    -0.8297665697283985,
    -0.8297368001088375,
    -0.8297078519675567,
    -0.8296797213940058,
    -0.8296524044634002,
    -0.8296258972371067,
    -0.8296001957630178,
    -0.8295752960759168,
    -0.8295511941978331,
    -0.8295278861383869,
    -0.8295053678951255,
    -0.8294836354538501,
    -0.8294626847889307,
    -0.8294425118636154,
    -0.8294231126303291,
    -0.829404483030964,
    -0.8293866189971643,
    -0.8293695164506001,
    -0.829353171303238,
    -0.829337579457599,
    -0.8293227368070105,
    -0.8293086392358524,
    -0.829295282619795,
    -0.829282662826032,
    -0.8292707757135068,
    -0.8292596171331323,
    -0.8292491829280053,
    -0.8292394689336151,
    -0.8292304709780475,
    -0.8292221848821846,
    -0.8292146064598993,
    -0.8292077315182396,
    -0.8292015558576107,
    -0.8291960752719487,
    -0.8291912855488925,
    -0.8291871824699485,
    -0.8291837618106518,
    -0.8291810193407244,
    -0.829178950824228,
    -0.8291775520197134,
    -0.8291768186803656,
    -0.8291767465541442,
    -0.8291773313839201,
    -0.8291785689076072,
    -0.82918045485829,
    -0.829182984964347,
    -0.8291861549495747,
    -0.8291899605333064,
    -0.8291943974305305,
    -0.829199461352001,
    -0.8292051480043474,
    -0.8292114530901792,
    -0.8292183723081877,
    -0.8292259013532483,
    -0.8292340359165205,
    -0.8292427716855416,
    -0.8292521043443174,
    -0.82926202957341,
    -0.8292725430500258,
    -0.8292836404481023,
    -0.8292953174383908,
    -0.8293075696885377,
    -0.8293203928631612,
    -0.8293337826239279,
    -0.829347734629628,
    -0.829362244536249,
    -0.8293773079970456,
    -0.8293929206626037,
    -0.8294090781809045,
    -0.8294257761973867,
    -0.8294430103550119,
    -0.8294607762943256,
    -0.8294790696535174,
    -0.8294978860684746,
    -0.8295172211728336,
    -0.8295370705980286,
    -0.8295574299733441,
    -0.8295782949259684,
    -0.8295996610810397,
    -0.829621524061689,
    -0.8296438794890894,
    -0.829666722982505,
    -0.8296900501593288,
    -0.8297138566351162,
    -0.8297381380236231,
    -0.8297628899368497,
    -0.829788107985082,
    -0.829813787776928,
    -0.8298399249193504,
    -0.8298665150176938,
    -0.8298935536757104,
    -0.8299210364955876,
    -0.8299489590779858,
    -0.8299773170220733,
    -0.8300061059255507,
    -0.8300353213846697,
    -0.8300649589942467,
    -0.8300950143476581,
    -0.830125483036826,
    -0.830156360652217,
    -0.8301876427828591,
    -0.8302193250163745,
    -0.8302514029390194,
    -0.8302838721357095,
    -0.8303167281900259,
    -0.8303499666841951,
    -0.8303835831990468,
    -0.8304175733139691,
    -0.8304519326068935,
    -0.8304866566542884,
    -0.8305217410311463,
    -0.8305571813109798,
    -0.8305929730658514,
    -0.8306291118664043,
    -0.8306655932818424,
    -0.8307024128798818,
    -0.8307395662266955,
    -0.8307770488868095,
    -0.8308148564229517,
    -0.8308529843958803,
    -0.8308914283641987,
    -0.8309301838841608,
    -0.8309692465094884,
    -0.8310086117911853,
    -0.8310482752772587,
    -0.8310882325123587,
    -0.8311284790374799,
    -0.8311690103895465,
    -0.8312098221005398,
    -0.831250909696421,
    -0.8312922686963607,
    -0.831333894612292,
    -0.8313757829487712,
    -0.8314179292024984,
    -0.8314603288599566,
    -0.8315029773933472,
    -0.8315458702570244,
    -0.831589002885494,
    -0.8316323706909742,
    -0.8316759690572012,
    -0.8317197933297245,
    -0.8317638388080582,
    -0.831808100742459,
    -0.8318525743324403,
    -0.8318972547208209,
    -0.8319421369701894,
    -0.8319872160110513,
    -0.8320324865722705,
    -0.8320779431478578,
    -0.8321235800800971,
    -0.8321693917186308,
    -0.8322153724753919,
    -0.8322615166616989,
    -0.8323078179983308,
    -0.8323542686962074,
    -0.8324008581064232,
    -0.832447569561928,
    -0.8324943681164483,
    -0.8325411324506387,
    -0.8325753751576147,
    -0.8325455913846844,
    -0.8324268906695423,
    -0.8322746147542649,
    -0.8321299270482523,
    -0.8319927733468981,
    -0.831862945872404,
    -0.8317402281072466,
    -0.8316244047475584,
    -0.8315152640408323,
    -0.8314125986846547,
    -0.831316206387059,
    -0.8312258901350651,
    -0.8311414582225449,
    -0.8310627241946088,
    -0.8309895067474492,
    -0.8309216295787798,
    -0.8308589212359909,
    -0.8308012149839195,
    -0.8307483486625181,
    -0.8307001645162971,
    -0.8306565090040365,
    -0.8306172325954918,
    -0.8305821895624378,
    -0.8305512377437461,
    -0.8305242381322855,
    -0.8305010541517397,
    -0.8304815508635253,
    -0.830465593710299,
    -0.8304530447598938,
    -0.8304437553595521,
    -0.8304375418734088,
    -0.8304337751030139,
    -0.8303922613865221,
    -0.8302752614830177,
    -0.8301258223444261,
    -0.8299849736609887,
    -0.8298525018872225,
    -0.8297281499356887,
    -0.829611659203871,
    -0.8295027754663796,
    -0.829401250604702,
    -0.8293068431570638,
    -0.829219318385212,
    -0.8291384481714695,
    -0.8290640108739821,
    -0.8289957911684175,
    -0.8289335798805492,
    -0.8288771738219258,
    -0.8288263756297143,
    -0.8287809935983186,
    -0.8287408415100568,
    -0.8287057384711244,
    -0.8286755087522235,
    -0.8286499816447432,
    -0.8286289913076522,
    -0.8286123765669925,
    -0.828599980685192,
    -0.8285916511460931,
    -0.8285872393671421,
    -0.8285866001013722,
    -0.8285895905753662,
    -0.8285960697566703,
    -0.8286058983812074,
    -0.8286189401504477,
    -0.828635061859846,
    -0.8286541291076844,
    -0.8286759974319734,
    -0.8287004776154047,
    -0.8287212525093287,
    -0.828725982442891,
    -0.8287150061133639,
    -0.8287013062933504,
    -0.8286913808299172,
    -0.8286851337588396,
    -0.8286823856644793,
    -0.8286827931799061,
    -0.8286853660739779,
    -0.8286891626024562,
    -0.8286945386174965,
    -0.8287023502097659,
    -0.8287129977310899,
    -0.8287265824339884,
    -0.8287430459626197,
    -0.8287621853911603,
    -0.8287830594889368,
    -0.8288034339565215,
    -0.828822278881426,
    -0.8288410963965719,
    -0.8288580578673249,
    -0.8288537193455916,
    -0.8288152790367109,
    -0.8287640333122704,
    -0.8287177709866284,
    -0.82867667912433,
    -0.8286406628431252,
    -0.8286095699319347,
    -0.8285832343613433,
    -0.8285614869301484,
    -0.8285441595549027,
    -0.8285310874308907,
    -0.8285221092353892,
    -0.8285170662061071,
    -0.828515801558188,
    -0.8285181601765866,
    -0.828523986692785,
    -0.8285331176829968,
    -0.8285453282421598,
    -0.8285537052097056,
    -0.8285500515902064,
    -0.8285397863696301,
    -0.8285314072683906,
    -0.828526625641816,
    -0.8285254594000718,
    -0.8285278144969295,
    -0.8285335724858388,
    -0.8285426060620847,
    -0.8285547860929484,
    -0.8285699848981553,
    -0.8285880773401288,
    -0.8286089411038405,
    -0.8286324568056214,
    -0.8286585081135371,
    -0.8286869818747064,
    -0.8287177681557385,
    -0.8287507601595454,
    -0.8287858540997951,
    -0.828822949114886,
    -0.8288619472190207,
    -0.8289027532404679,
    -0.8289452747345779,
    -0.8289894219015798,
    -0.8290351075173544,
    -0.8290822468632806,
    -0.8291307576567427,
    -0.8291805599759233,
    -0.8292315761532306,
    -0.829283730627308,
    -0.8293369497232703,
    -0.8293911612860896,
    -0.8294462941383156,
    -0.8295022772702275,
    -0.829559037545402,
    -0.8296164872079232,
    -0.8296736205180276,
    -0.8297221367156187,
    -0.8297558973199434,
    -0.8297837211583339,
    -0.8298132027948613,
    -0.8298442870093496,
    -0.8298769034794122,
    -0.8299109792042325,
    -0.8299464416376985,
    -0.829983219716759,
    -0.8300212441994751,
    -0.8300604477912326,
    -0.8301007651946396,
    -0.8301421331207808,
    -0.8301844902760943,
    -0.8302277773319087,
    -0.830271936883884,
    -0.830316913408596,
    -0.8303626532192284,
    -0.830409104419279,
    -0.8304562168547194,
    -0.8305039420659271,
    -0.8305522332402078,
    -0.8306010451652865,
    -0.8306503341838046,
    -0.8307000581487692,
    -0.830750176380017,
    -0.830800649621686,
    -0.8308514400007018,
    -0.8309025109863831,
    -0.8309538273512012,
    -0.8310053551326172,
    -0.8310570615959354,
    -0.831108915198151,
    -0.8311608855527609,
    -0.8312129433955427,
    -0.8312650605513408,
    -0.8313172099017936,
    -0.831369365353914,
    -0.8314215018095326,
    -0.8314735951356478,
    -0.8315256221356578,
    -0.8315775605213986,
    -0.8316293888859584,
    -0.8316810866772679,
    -0.8317326341724438,
    -0.8317840124528488,
    -0.8318352033798556,
    -0.8318861895713209,
    -0.8319369543787436,
    -0.831987481865072,
    -0.8320377567831465,
    -0.8320877645547688,
    -0.8321374912503702,
    -0.832186923569289,
    -0.832236048820636,
    -0.8322848549047048,
    -0.8323333302948934,
    -0.8323814640201274,
    -0.8324292456477776,
    -0.8324766652670776,
    -0.8325237134730358,
    -0.8325703813508165,
    -0.8326166604605749,
    -0.8326625428227287,
    -0.8327080209036613,
    -0.8327530876018379,
    -0.8327977362343228,
    -0.8328419605236896,
    -0.8328857545853139,
    -0.8329291129150421,
    -0.8329720303772197,
    -0.8330145021930655,
    -0.8330565239293839,
    -0.833098091487607,
    -0.8331392010931614,
    -0.8331798492851463,
    -0.8332200329063136,
    -0.8332597490933386,
    -0.8332989952673807,
    -0.8333377691249202,
    -0.8333760686288622,
    -0.833413891999909,
    -0.8334512377081867,
    -0.833488104465115,
    -0.8335244912155175,
    -0.8335603971299635,
    -0.8335958215973369,
    -0.8336307642176255,
    -0.8336652247949231,
    -0.833699203330642,
    -0.8337327000169235,
    -0.8337657152302466,
    -0.8337982495252254,
    -0.833830303628591,
    -0.8338618784333527,
    -0.8338929749931364,
    -0.8339235945166905,
    -0.8339537383625568,
    -0.8339834080339015,
    -0.8340126051734974,
    -0.8340413315588587,
    -0.8340695890975228,
    -0.8340973798224757,
    -0.8341247058877161,
    -0.834151569563951,
    -0.8341779732344214,
    -0.8342039193908533,
    -0.8342294106295312,
    -0.8342544496474925,
    -0.8342790392388366,
    -0.8343031822911485,
    -0.8343268817820312,
    -0.8343501407757431,
    -0.8343729624199401,
    -0.834395349942514,
    -0.8344173066485299,
    -0.8344388359172585,
    -0.8344599411993016,
    -0.8344806260138107,
    -0.8345008939457861,
    -0.8345207486434587,
    -0.834540193815753,
    -0.8345592332298277,
    -0.8345778707086955,
    -0.8345961101289147,
    -0.8346139554183544,
    -0.83463141055403,
    -0.8346484795600062,
    -0.8346651665053667,
    -0.8346814755022481,
    -0.8346974107039369,
    -0.8347129763030262,
    -0.8347281765296307,
    -0.8347430156496604,
    -0.8347574979631469,
    -0.834771627802626,
    -0.8347854095315702,
    -0.8347988475428725,
    -0.8348119462573813,
    -0.834824710122481,
    -0.8348371436107208,
    -0.834849251218486,
    -0.8348610374647129,
    -0.8348725068896475,
    -0.8348836640536427,
    -0.8348945135359979,
    -0.8349050599338367,
    -0.8349153078610217,
    -0.8349252619471065,
    -0.8349349268363222,
    -0.834944307186599,
    -0.8349534076686184,
    -0.8349622329649015,
    -0.8349707877689249,
    -0.8349790767842686,
    -0.8349871047237942,
    -0.8349948763088486,
    -0.835002396268498,
    -0.8350096693387875,
    -0.8350167002620267,
    -0.8350234937861016,
    -0.8350300546638116,
    -0.8350363876522311,
    -0.8350424975120931,
    -0.8350483890071977,
    -0.8350540669038377,
    -0.8350595359702474,
    -0.8350648009760686,
    -0.835069866691839,
    -0.8350747378884997,
    -0.8350794193369201,
    -0.8350839158074411,
    -0.8350882320694386,
    -0.8350923728908988,
    -0.8350963430380135,
    -0.8351001472747893,
    -0.8351037903626722,
    -0.8351072770601887,
    -0.8351106121225991,
    -0.8351138003015668,
    -0.8351168463448402,
    -0.8351197549959494,
    -0.8351225309939142,
    -0.8351251790729637,
    -0.8351277039622697,
    -0.8351301103856894,
    -0.8351324030615205,
    -0.8351345867022664,
    -0.8351366660144127,
    -0.8351386456982123,
    -0.835140530447482,
    -0.8351423249494101,
    -0.8351440338843693,
    -0.8351456619257426,
    -0.8351472137397535,
    -0.8351486939853079,
    -0.8351501073138415,
    -0.8351514583691789,
    -0.835152751787396,
    -0.8351539921966934,
    -0.8351551842172745,
    -0.8351563324612318,
    -0.835157441532438,
    -0.8351585160264442,
    -0.8351595605303856,
    -0.8351605796228909,
    -0.8351615778739988,
    -0.8351625598450793,
    -0.8351635300887612,
    -0.8351644931488653,
    -0.8351654535603416,
    -0.8351664158492124,
    -0.8351673845325188,
    -0.8351683641182732,
    -0.8351693591054142,
    -0.835170373983767,
    -0.8351714132340076,
    -0.835172481327631,
    -0.8351735827269223,
    -0.8351747218849317,
    -0.8351759032454554,
    -0.8351771312430157,
    -0.8351784103028499,
    -0.8351797448408975,
    -0.8351811392637928,
    -0.8351825979688585,
    -0.8351841253441044,
    -0.8351857257682255,
    -0.835187403610607,
    -0.8351891632313284,
    -0.8351910089811705,
    -0.8351929452016258,
    -0.835194976224912,
    -0.8351971063739903,
    -0.8351993399625812,
    -0.8352016812951835,
    -0.8352041346670932,
    -0.8352067043644263,
    -0.8352093946641446,
    -0.8352122098340797,
    -0.8352151541329622,
    -0.8352182318104492,
    -0.8352214471071548,
    -0.8352248042546825,
    -0.8352283074756571,
    -0.835231960983759,
    -0.835235768983759,
    -0.8352397356715554,
    -0.83524386523421,
    -0.8352481618499877,
    -0.8352526296883953,
    -0.8352572729102223,
    -0.8352620956675832,
    -0.8352671021039598,
    -0.8352722963542446,
    -0.835277682544785,
    -0.8352832647934281,
    -0.8352890472095648,
    -0.8352950338941774,
    -0.8353012289398849,
    -0.8353076364309918,
    -0.8353142604435372,
    -0.8353211050453397,
    -0.835328174296048,
    -0.8353354722471874,
    -0.8353430029422102,
    -0.8353507704165454,
    -0.8353587786976495,
    -0.8353670318050589,
    -0.83537553375044,
    -0.835384288537641,
    -0.8353933001627436,
    -0.8354025726141139,
    -0.8354121098724553,
    -0.835421915910861,
    -0.8354319946948652,
    -0.8354423501824952,
    -0.8354529863243236,
    -0.8354639070635187,
    -0.8354751163358994,
    -0.8354866180699861,
    -0.8354984161870551,
    -0.835510514601192,
    -0.835522917219344,
    -0.8355356279413749,
    -0.8355486506601167,
    -0.8355619892614232,
    -0.8355756476242228,
    -0.8355896296205704,
    -0.8356039391157,
    -0.8356185799680774,
    -0.8356335560294511,
    -0.8356488711449058,
    -0.8356645291529138,
    -0.8356805338853877,
    -0.8356968891677315,
    -0.8357135988188957,
    -0.8357306666514269,
    -0.8357480964715205,
    -0.8357658920790692,
    -0.8357840572677153,
    -0.8358025958249007,
    -0.8358215115319177,
    -0.8358408081639604,
    -0.8358604894901737,
    -0.8358805592737028,
    -0.8359010212717436,
    -0.8359218792355911,
    -0.8359431369106921,
    -0.8359647980366917,
    -0.8359868663474821,
    -0.8360093455712482,
    -0.8360322394305156,
    -0.8360555516421992,
    -0.8360792859176542,
    -0.8361034459627266,
    -0.8361280354777989,
    -0.8361530581578341,
    -0.8361785176924199,
    -0.8362044177658154,
    -0.8362307620569971,
    -0.8362575542397059,
    -0.8362847979824903,
    -0.8363124969487497,
    -0.8363406547967767,
    -0.8363692751798025,
    -0.8363983617460395,
    -0.8364279181387226,
    -0.8364579479961518,
    -0.8364884549517357,
    -0.8365194426340363,
    -0.8365509146668156,
    -0.8365828746690849,
    -0.8366153262551496,
    -0.8366482730346525,
    -0.8366817186126182,
    -0.8367156665894924,
    -0.8367501205611856,
    -0.8367850841191142,
    -0.8368205608502421,
    -0.8368565543371237,
    -0.8368930681579416,
    -0.8369301058865436,
    -0.8369676710924784,
    -0.837005767341035,
    -0.8370443981932826,
    -0.8370835672061113,
    -0.8371232779322711,
    -0.83716353392041,
    -0.8372043387151115,
    -0.8372456958569285,
    -0.8372876088824182,
    -0.8373300813241726,
    -0.8373731167108536,
    -0.8374167185672288,
    -0.837460890414205,
    -0.837505635768857,
    -0.8375509581444559,
    -0.8375968610505105,
    -0.8376433479928043,
    -0.8376904224734327,
    -0.8377380879908299,
    -0.837786348039789,
    -0.8378352061114784,
    -0.8378846656934649,
    -0.8379347302697353,
    -0.8379854033207145,
    -0.8380366883232907,
    -0.8380885887508497,
    -0.8381411080733048,
    -0.8381942497571114,
    -0.838248017265282,
    -0.8383024140574071,
    -0.8383574435896638,
    -0.8384131093148012,
    -0.8384694146821202,
    -0.8385263631374481,
    -0.8385839581231023,
    -0.8386422030778455,
    -0.8387011014368392,
    -0.838760656631577,
    -0.8388208720897745,
    -0.8388817512352005,
    -0.8389432974874721,
    -0.8390055142619206,
    -0.8390684049696113,
    -0.8391319730173843,
    -0.8391962218077682,
    -0.8392611547387867,
    -0.8393267752036956,
    -0.8393930865905901,
    -0.8394600922818842,
    -0.8395277956538366,
    -0.8395962000761535,
    -0.8396653089113345,
    -0.8397351255136001,
    -0.839805653227542,
    -0.839876895386422,
    -0.8399488553098953,
    -0.8400215363011396,
    -0.840094941643076,
    -0.8401690745929804,
    -0.8402439383753186,
    -0.8403195361723322,
    -0.8403958711102757,
    -0.8404729462368175,
    -0.8405507644853474,
    -0.8406293286302027,
    -0.8407086412359719,
    -0.8407887045729636,
    -0.8408695204421902,
    -0.8409510898338363,
    -0.8410334122002785,
    -0.8411164834798643,
    -0.8412002889432298,
    -0.841284760358698,
    -0.8413593581593107,
    -0.841408630509903,
    -0.8414386004966381,
    -0.8414658476292234,
    -0.8414960198789332,
    -0.8415291691232493,
    -0.8415652676253571,
    -0.841604272705177,
    -0.8416461342294773,
    -0.8416907984288591,
    -0.8417382108151261,
    -0.8417883173644967,
    -0.8418410648583077,
    -0.8418964010613906,
    -0.8419542748892195,
    -0.8420146365328891,
    -0.8420774375163687,
    -0.8421426307155117,
    -0.8422101703620872,
    -0.842280012027225,
    -0.8423521126004748,
    -0.8424264302651615,
    -0.8425029244343222,
    -0.842581555631772,
    -0.8426622853164977,
    -0.8427450756314957,
    -0.8428298890498653,
    -0.842916687750481,
    -0.8430054320986291,
    -0.8430960762669903,
    -0.843188552851208,
    -0.8432827014567251,
    -0.8433669547936262,
    -0.8434203125195323,
    -0.8434453591275,
    -0.8434646069159054,
    -0.843488465880592,
    -0.8435169209765687,
    -0.8435498114292062,
    -0.8435830400540579,
    -0.8435920990968476,
    -0.8435612704360388,
    -0.8435167659727391,
    -0.8434799365728642,
    -0.8434506347297822,
    -0.8434286736046359,
    -0.8434138631261373,
    -0.8434060169471318,
    -0.8434049535074338,
    -0.8434104961014584,
    -0.8434224728043955,
    -0.8434407160517213,
    -0.843465062215087,
    -0.8434953515813115,
    -0.843531428589152,
    -0.843573141973884,
    -0.8436203447374112,
    -0.8436728940476991,
    -0.843730651164693,
    -0.8437934813887294,
    -0.8438612539813507,
    -0.8439338420492778,
    -0.8440111224181663,
    -0.8440929755243403,
    -0.8441792853072692,
    -0.8442699390430342,
    -0.8443648270708369,
    -0.8444638423452537,
    -0.8445668796487491,
    -0.8446738339685287,
    -0.8447845967609623,
    -0.8448990473172175,
    -0.8450170148122284,
    -0.8451339644482072,
    -0.8452231197487474,
    -0.8452673345770682,
    -0.8452950602549781,
    -0.8453295904619491,
    -0.8453708921683621,
    -0.8454185830657623,
    -0.8454531344757678,
    -0.8454560001020577,
    -0.8454475882863299,
    -0.8454475889792896,
    -0.8454492321110918,
    -0.8454406984496045,
    -0.8454224522048498,
    -0.8454036253854216,
    -0.8453890620709115,
    -0.8453818035170906,
    -0.8453836904856694,
    -0.8453946684866159,
    -0.8454144845854766,
    -0.8454428354573731,
    -0.8454792925593065,
    -0.8455048302064383,
    -0.8455010561524162,
    -0.8454875058653349,
    -0.8454835141874981,
    -0.8454890439328958,
    -0.8454949013362044,
    -0.8454795149327335,
    -0.8454396570098666,
    -0.8453976480115581,
    -0.8453654842071336,
    -0.8453417493455981,
    -0.8453265096848224,
    -0.8453200566339947,
    -0.8453216141511726,
    -0.8453305804554592,
    -0.8453416688469669,
    -0.8453487422239095,
    -0.845356958374722,
    -0.8453738590003752,
    -0.8454008185620594,
    -0.8454375830236588,
    -0.8454838621531269,
    -0.8455393569113971,
    -0.8456037691495253,
    -0.8456768053152437,
    -0.845758178368137,
    -0.8458476085285622,
    -0.8459448232891918,
    -0.8460495572356548,
    -0.8461615518366703,
    -0.8462805549962702,
    -0.8464063200668354,
    -0.8465386042034642,
    -0.8466771658908402,
    -0.8468217597264546,
    -0.8469721197522432,
    -0.84712787367053,
    -0.8472873745468997,
    -0.84740665267657,
    -0.8474246191543728,
    -0.8473672002007623,
    -0.847300844473792,
    -0.8472477476248331,
    -0.8472079047291093,
    -0.8471807462801447,
    -0.8471655811895158,
    -0.847161939934582,
    -0.8471695912647862,
    -0.8471881265095103,
    -0.8472148276484331,
    -0.8472462074238648,
    -0.8472832410340178,
    -0.847328759914439,
    -0.8473488602134666,
    -0.8473071246147631,
    -0.8472376247125546,
    -0.8471792396082387,
    -0.8471349558464313,
    -0.8471044825564583,
    -0.8470873694128483,
    -0.8470831053506254,
    -0.8470910807197792,
    -0.8471098071439358,
    -0.8471361115931353,
    -0.847167756969067,
    -0.8472022459271465,
    -0.8472352726237831,
    -0.8472674532242482,
    -0.8472842890150435,
    -0.8472600836776241,
    -0.8472068212094587,
    -0.847155947282874,
    -0.8471187312140351,
    -0.8470953410951505,
    -0.8470853490529952,
    -0.8470883371617134,
    -0.8471038862887204,
    -0.847131344221727,
    -0.8471683296873916,
    -0.8472114835021184,
    -0.8472605725562333,
    -0.8473131723190698,
    -0.8473482933102788,
    -0.8473540105609872,
    -0.8473541151334307,
    -0.8473667041802745,
    -0.8473910423944256,
    -0.8474171866438129,
    -0.8474080768711145,
    -0.8473463999310084,
    -0.8472713409159189,
    -0.847211696414576,
    -0.8471671971440285,
    -0.8471373859586555,
    -0.8471217111719287,
    -0.8471195718489742,
    -0.8471301648066237,
    -0.8471444308822305,
    -0.8471541259676687,
    -0.8471680589946082,
    -0.8471945363959238,
    -0.8472330892304907,
    -0.847275263011939,
    -0.8472794867014193,
    -0.8472216167828746,
    -0.8471454931243874,
    -0.8470854836372789,
    -0.8470411177069386,
    -0.847011871024943,
    -0.8469972152827728,
    -0.8469966277729557,
    -0.8470095928979545,
    -0.8470356044753291,
    -0.8470741682029048,
    -0.847124802871768,
    -0.8471870406462878,
    -0.8472604268601155,
    -0.8473445196299058,
    -0.8474388894090334,
    -0.8475431186273444,
    -0.847656801377249,
    -0.8477795429966392,
    -0.8479109595118474,
    -0.8480506767518207,
    -0.8481983285479464,
    -0.8483535522316217,
    -0.8485159730361627,
    -0.8486851156992582,
    -0.8488407723348903,
    -0.8489354476487919,
    -0.8489623993942046,
    -0.8489705760284794,
    -0.8489814035152728,
    -0.8489871714465277,
    -0.8489845664922816,
    -0.84897243829205,
    -0.848961528276266,
    -0.8489623576909857,
    -0.8489756756218637,
    -0.8490010586472598,
    -0.8490379382830389,
    -0.8490614904933682,
    -0.8490386848801437,
    -0.8489857954124884,
    -0.8489350283787025,
    -0.8488908990625332,
    -0.8488522708742767,
    -0.8488239507062323,
    -0.8488089330049766,
    -0.8488069265066202,
    -0.848817455876996,
    -0.8488400290250258,
    -0.8488741596448394,
    -0.8489193729375533,
    -0.8489752067997773,
    -0.8490412116122261,
    -0.8491169497944563,
    -0.8492019956109922,
    -0.8492959351067606,
    -0.8493983659289931,
    -0.84950889708614,
    -0.8496271486988567,
    -0.8497527516467822,
    -0.8498853469946628,
    -0.8500245850736928,
    -0.850170124051551,
    -0.8503216271772414,
    -0.8504787555156959,
    -0.8506411505889815,
    -0.8508083711586503,
    -0.8509623120376477,
    -0.851029630486471,
    -0.850974922042563,
    -0.8508761310614161,
    -0.8507908868133761,
    -0.8506896654041716,
    -0.8505441510490874,
    -0.8503853559863425,
    -0.8502431261776936,
    -0.8501169778759285,
    -0.8500063078891521,
    -0.8499105096191415,
    -0.8498289879000649,
    -0.849761162379861,
    -0.8497064684044918,
    -0.8496643571773048,
    -0.8496342956190155,
    -0.8496157660737216,
    -0.8496082659488555,
    -0.8496113073310655,
    -0.849624416594389,
    -0.8496471340075313,
    -0.8496790133448793,
    -0.8497196215049001,
    -0.8497685381370736,
    -0.849825355277566,
    -0.8498896769939944,
    -0.8499611190395111,
    -0.8500393085161492,
    -0.8501238835472941,
    -0.8502144929591104,
    -0.8503107959706793,
    -0.8504124618926978,
    -0.8505191698345987,
    -0.8506306084198787,
    -0.850746475509426,
    -0.8508664779326409,
    -0.8509903312261674,
    -0.8511177593800273,
    -0.8512484945909549,
    -0.8513822770227619,
    -0.851518854573558,
    -0.8516579826495952,
    -0.8517994239455021,
    -0.8519429482307418,
    -0.852088332142141,
    -0.8522353589823299,
    -0.8523838185239438,
    -0.8525335068194251,
    -0.8526842260162654,
    -0.8528357841775304,
    -0.8529879951075201,
    -0.8531406781824108,
    -0.8532936581857419,
    -0.8534467651486088,
    -0.8535998341944311,
    -0.8537527053881634,
    -0.8539052235898292,
    -0.8540572383122503,
    -0.8542086035828552,
    -0.854359177809451,
    -0.8545088236498433,
    -0.8546574078851975,
    -0.8548048012970348,
    -0.8549508785477602,
    -0.8550955180646249,
    -0.8552386019270255,
    -0.8553800157570418,
    -0.855519648613122,
    -0.8556573928868265,
    -0.855793144202543,
    -0.8559268013200918,
    -0.8560582660401361,
    -0.8561874431123209,
    -0.8563142401460587,
    -0.8564385675238901,
    -0.8565603383173447,
    -0.8566794682052316,
    -0.8567958753942918,
    -0.8569094805421431,
    -0.8570202066824547,
    -0.8571279791522878,
    -0.8572327255215373,
    -0.8573343755244192,
    -0.8574328609929426,
    -0.8575281157923113,
    -0.8576200757582023,
    -0.8577086786358604,
    -0.8577938640209655,
    -0.857875573302218,
    -0.8579537496055935,
    -0.8580283377402204,
    -0.8580992841458336,
    -0.8581665368417604,
    -0.8582300453773928,
    -0.8582897607841075,
    -0.8583456355285863,
    -0.858397623467501,
    -0.8584456798035242,
    -0.8584897610426262,
    -0.8585298249526225,
    -0.8585658305229374,
    -0.8585977379255453,
    -0.8586255084770605,
    -0.8586491046019404,
    -0.8586684897967691,
    -0.8586836285955942,
    -0.8586944865362819,
    -0.8587010301278665,
    -0.8587032268188606,
    -0.8587010449665031,
    -0.858694453806915,
    -0.8586834234261391,
    -0.8586679247320356,
    -0.8586479294270122,
    -0.8586234099815627,
    -0.8585943396085918,
    -0.8585606922385035,
    -0.8585224424950311,
    -0.858479565671787,
    -0.858432037709512,
    -0.858379835174004,
    -0.8583229352347072,
    -0.8582613156439423,
    -0.8581949547167589,
    -0.8581238313113925,
    -0.858047924810308,
    -0.8579672151018153,
    -0.857881682562237,
    -0.8577913080386143,
    -0.8576960728319365,
    -0.8575959586808779,
    -0.8574909477460256,
    -0.8573810225945881,
    -0.8572661661855672,
    -0.8571463618553802,
    -0.8570215933039235,
    -0.8568918445810569,
    -0.8567571000735068,
    -0.8566173444921648,
    -0.8564725628597806,
    -0.8563227404990311,
    -0.8561678630209583,
    -0.8560079163137622,
    -0.8558428865319421,
    -0.8556727600857728,
    -0.8554975236311065,
    -0.8553171640594939,
    -0.8551316684886094,
    -0.8549410242529795,
    -0.8547452188949982,
    -0.8545442401562254,
    -0.8543380759689588,
    -0.8541267144480701,
    -0.8539101438831,
    -0.8536883527306037,
    -0.8534613296067376,
    -0.8532290632800835,
    -0.8529915426646998,
    -0.8527487568133967,
    -0.8525006949112249,
    -0.8522473462691764,
    -0.8519887003180842,
    -0.8517247466027232,
    -0.8514554747760985,
    -0.851180874593921,
    -0.8509009359092629,
    -0.850615648667389,
    -0.8503250029007576,
    -0.850028988724186,
    -0.849727596330175,
    -0.8494208159843899,
    -0.8491086380212892,
    -0.8487910528399034,
    -0.8484680508997515,
    -0.8481396227168962,
    -0.8478057588601339,
    -0.8474664499473106,
    -0.8471216866417661,
    -0.8467714596488987,
    -0.8464157597128463,
    -0.8460545776132862,
    -0.8456879041623409,
    -0.8453157302015948,
    -0.8449380465992115,
    -0.8445548442471504,
    -0.8441661140584824,
    -0.8437718469648,
    -0.8433720339137222,
    -0.8429666658664895,
    -0.842555733795641,
    -0.8421392286827756,
    -0.841717141516393,
    -0.8412894632898118,
    -0.8408561849991575,
    -0.8404172976414208,
    -0.8399727922125856,
    -0.8395226597058274,
    -0.8390668911097766,
    -0.838605477406838,
    -0.838138409571558,
    -0.8376656785690352,
    -0.8371872753533803,
    -0.8367031908662308,
    -0.8362134160353066,
    -0.83571794177298,
    -0.8352167589748477,
    -0.8347098585183047,
    -0.8341972312610966,
    -0.8336788680398053,
    -0.8331547596682232,
    -0.8326248969355576,
    -0.8320892706044124,
    -0.8315478714083813,
    -0.831000690048956,
    -0.8304477171912823,
    -0.8298889434580171,
    -0.8293243594200891,
    -0.8287539555816589,
    -0.8281777223533767,
    -0.8275956500016304,
    -0.8270077285430458,
    -0.8264139475023494,
    -0.825814295291046,
    -0.8252087571942457,
    -0.8245973058699969,
    -0.8239798101681476,
    -0.8230611470089174,
    -0.8213746654505782,
    -0.8190610268325573,
    -0.816621497138416,
    -0.814244407398091,
    -0.811854636365756,
    -0.8092336276160594,
    -0.8063179969386891,
    -0.8033386383202565,
    -0.8004444410508855,
    -0.7976326888857592,
    -0.7949005593370068,
    -0.792244353110996,
    -0.7896014361278401,
    -0.7869129128300517,
    -0.7840557103239949,
    -0.7809111772443841,
    -0.7776754139292287,
    -0.7745372540472708,
    -0.7714266109397101,
    -0.7680573157871603,
    -0.7642876965867678,
    -0.7604162162899049,
    -0.7564507422922454,
    -0.7521846225334999,
    -0.7474741626730027,
    -0.7420867074015188,
    -0.7363275971062802,
    -0.7306762796805844,
    -0.7252228626488397,
    -0.7199610054274936,
    -0.7148844920757644,
    -0.7099872706585713,
    -0.7052634591501107,
    -0.7007073445523413,
    -0.6963133796999065,
    -0.692076179018816,
    -0.6879905137443796,
    -0.6840513067658734,
    -0.6802536264983449,
    -0.6765926752002779,
    -0.6730637161385593,
    -0.6694291402839058,
    -0.6654604250755274,
    -0.6614037725513287,
    -0.6574960350412417,
    -0.6534182400590731,
    -0.6488621190935968,
    -0.6439941000494481,
    -0.6389754130114157,
    -0.6339767661886067,
    -0.6285007472101695,
    -0.6218536465122178,
    -0.6146946470794665,
    -0.6077597590631976,
    -0.6010929253355813,
    -0.5946854013111594,
    -0.5885286600920807,
    -0.5826144137231881,
    -0.5769346127137566,
    -0.5714814419005172,
    -0.5662473144795622,
    -0.561224864676119,
    -0.5564069385711609,
    -0.5517865728250055,
    -0.5471034437054172,
    -0.5420402870234072,
    -0.5367990721300675,
    -0.5317078515243783,
    -0.5268286945804291,
    -0.5221544182726451,
    -0.5176780275978361,
    -0.5133927286677091,
    -0.5092919268073208,
    -0.5053692220077517,
    -0.5016184037310979,
    -0.49803344562384744,
    -0.49460850030146863,
    -0.4913378942443932,
    -0.48821612282056875,
    -0.48523784543303516,
    -0.4823978807563699,
    -0.4796912020129933,
    -0.4771129322265982,
    -0.47465833927826806,
    -0.4723228303072727,
    -0.47010194282919227,
    -0.4679913056130665,
    -0.46595248962715186,
    -0.46377221384477896,
    -0.46131357232513,
    -0.4587975797826759,
    -0.456402946734091,
    -0.4541253156187815,
    -0.45196036257377614,
    -0.44990387716235625,
    -0.4479517636154129,
    -0.44610003861487074,
    -0.4443448254637491,
    -0.4426822612920884,
    -0.44101217512426116,
    -0.4392383518566933,
    -0.4374611155311329,
    -0.435776966799092,
    -0.4341822935095316,
    -0.4326735731602335,
    -0.4312474063534058,
    -0.429900481721873,
    -0.42862955748650505,
    -0.42743149765105615,
    -0.42630330372804776,
    -0.4252420925626156,
    -0.42424506600661366,
    -0.42330949917193683,
    -0.422432736421981,
    -0.42161218452279087,
    -0.4208383766137136,
    -0.42010201604860614,
    -0.41940805848314744,
    -0.41876165787711894,
    -0.4181608152921486,
    -0.41760338725767776,
    -0.41708728786032245,
    -0.41661049504965886,
    -0.4161710504567677,
    -0.4157670580836114,
    -0.41539668270932906,
    -0.41505814821300735,
    -0.414749735888572,
    -0.41446978278451685,
    -0.4142166800805603,
    -0.41398887150552743,
    -0.41378485179752267,
    -0.4136031652061166,
    -0.4134424040360157,
    -0.41330120723152763,
    -0.4131782590010268,
    -0.41307228748043884,
    -0.41298206343468896,
    -0.41290639899613013,
    -0.41284414643892664,
    -0.41279419698841097,
    -0.41275547966451964,
    -0.4127269601583728,
    -0.4127076397410308,
    -0.4126965542035265,
    -0.4126927728273028,
    -0.4126953973841997,
    -0.4127035611651625,
    -0.4127164280368505,
    -0.41273319152536664,
    -0.4127530739263343,
    -0.412775325440578,
    -0.4127992233346794,
    -0.41282407112570657,
    -0.41284919778942997,
    -0.41287395699135987,
    -0.4128977263399576,
    -0.41291990666139816,
    -0.41293992129526474,
    -0.4129572154105816,
    -0.4129712553416116,
    -0.4129815279428519,
    -0.41298753996268506,
    -0.41298881743515686,
    -0.41298490508936314,
    -0.4129753657759414,
    -0.41295977991018357,
    -0.41293774493129226,
    -0.41290887477732574,
    -0.4128727993753908,
    -0.41282916414665405,
    -0.41277762952573355,
    -0.41271787049406655,
    -0.41264957612685016,
    -0.412572449153173,
    -0.41248620552896365,
    -0.4123905740223849,
    -0.4122852958113213,
    -0.41217012409262177,
    -0.4120448237027718,
    -0.41190917074965683,
    -0.4117629522550973,
    -0.41160596580784564,
    -0.41143801922675405,
    -0.41125893023382465,
    -0.41106852613685396,
    -0.4108666435213998,
    -0.4106531279518014,
    -0.41042783368100755,
    -0.410190623368956,
    -0.4099413678092491,
    -0.4096799456638845,
    -0.409406243205814,
    -0.40912015406911395,
    -0.408821579006549,
    -0.4085104256543158,
    -0.40818660830375875,
    -0.40785004767985944,
    -0.4075006707263049,
    -0.40713841039694776
]