[
    -0.6768721820876079,
    -0.6769157211766471,
    -0.6770398660712762,
    -0.677064354989237,
    -0.6770894892789362,
    -0.6771152476967224,
    -0.6771416096168169,
    -0.6771685550137391,
    -0.6771960644452224,
    -0.6772241190356154,
    -0.6772527004597493,
    -0.677281790927262,
    -0.6773113731673658,
    -0.6773414304140458,
    -0.6773719463916783,
    -0.6774029053010564,
    -0.6774342918058122,
    -0.6774660910192257,
    -0.6774982884914102,
    -0.6775308701968598,
    -0.6775638225223505,
    -0.6775971322551825,
    -0.6776307865717571,
    -0.6776647730264763,
    -0.6776990795409544,
    -0.6777336943935365,
    -0.677768606209117,
    -0.6778038039492497,
    -0.6778392769025398,
    -0.6778750146753078,
    -0.6779110071825208,
    -0.6779472446389859,
    -0.6779837175507907,
    -0.6780204167069784,
    -0.678057333171462,
    -0.6780944582751758,
    -0.6781317836084509,
    -0.6781693010136073,
    -0.6782070025777541,
    -0.6782448806257988,
    -0.6782829277136512,
    -0.6783211366216204,
    -0.6783595003479904,
    -0.6783980121027645,
    -0.6784366653015965,
    -0.6784754535599156,
    -0.6785143706872184,
    -0.6785534106814999,
    -0.6785925677238335,
    -0.678631836173106,
    -0.6786712105609017,
    -0.6787106855865327,
    -0.6787502561122043,
    -0.6787899171583215,
    -0.6788296638989411,
    -0.6788694916573622,
    -0.6789093959018411,
    -0.6789493722414175,
    -0.6789894164218415,
    -0.6790295243216019,
    -0.6790696919480769,
    -0.6791099154338116,
    -0.6791501910328973,
    -0.6791905151174262,
    -0.6792308841740478,
    -0.6792712948006446,
    -0.6793117437031054,
    -0.6793522276921649,
    -0.679392743680321,
    -0.6794332886788653,
    -0.6794738597950181,
    -0.679514454229157,
    -0.679555069272175,
    -0.6795957023029625,
    -0.679636350785923,
    -0.6796770122684818,
    -0.6797176843786449,
    -0.6797583648226379,
    -0.6797990513826095,
    -0.6798397419143993,
    -0.6798804343453728,
    -0.6799211266723231,
    -0.6799618169594335,
    -0.6800025033362982,
    -0.6800431839959867,
    -0.6800838571931594,
    -0.6801245212422385,
    -0.6801651745156242,
    -0.6802058154419588,
    -0.680246442504445,
    -0.6802870542392115,
    -0.6803276492337196,
    -0.6803682261252167,
    -0.6804087835992559,
    -0.6804493203882769,
    -0.6804898352702258,
    -0.6805303270671942,
    -0.6805707946440829,
    -0.6806112369073123,
    -0.6806516528035838,
    -0.6806920413186816,
    -0.680732401476296,
    -0.6807727323368763,
    -0.6808130329965257,
    -0.6808533025859348,
    -0.680893540269341,
    -0.6809337452435174,
    -0.6809739167367959,
    -0.6810140540081232,
    -0.6810541563461364,
    -0.6810942230682568,
    -0.681134253519815,
    -0.6811742470732166,
    -0.6812142031271323,
    -0.6812541211057032,
    -0.6812940004577629,
    -0.6813338406560917,
    -0.6813736411966946,
    -0.681413401598098,
    -0.6814531214006658,
    -0.6814928001659317,
    -0.6815324374759509,
    -0.6815720329326739,
    -0.6816115861573404,
    -0.6816510967898883,
    -0.6816905644883758,
    -0.6817299889284223,
    -0.681769369802671,
    -0.6818087068202762,
    -0.6818479997064086,
    -0.6818872482017693,
    -0.6819264520621084,
    -0.6819656110577544,
    -0.6820047249731541,
    -0.6820437936064253,
    -0.6820828167689267,
    -0.6821217942848398,
    -0.6821607259907632,
    -0.6821996117353181,
    -0.6822384513787666,
    -0.6822772447926406,
    -0.6823159918593841,
    -0.6823546924720029,
    -0.682393346533728,
    -0.6824319539576846,
    -0.6824705146665745,
    -0.6825090285923646,
    -0.6825474956759879,
    -0.6825859158670513,
    -0.682624289123555,
    -0.6826626154116177,
    -0.6827008947052108,
    -0.6827391269858993,
    -0.6827773122425905,
    -0.6828154504712901,
    -0.6828535416748672,
    -0.6828915858628257,
    -0.6829295830510829,
    -0.6829675332617532,
    -0.6830054365229419,
    -0.6830432928685417,
    -0.6830811023380358,
    -0.6831188649763058,
    -0.6831565808334452,
    -0.6831942499645789,
    -0.6832318724296866,
    -0.6832694482934352,
    -0.6833069776250128,
    -0.6833444604979702,
    -0.6833818969900656,
    -0.6834192871831138,
    -0.6834566311628418,
    -0.6834939290187466,
    -0.6835311808439585,
    -0.6835683867351083,
    -0.6836055467921994,
    -0.6836426611184818,
    -0.683679729820332,
    -0.6837167530071357,
    -0.6837537307911731,
    -0.6837906632875088,
    -0.683827550613886,
    -0.6838643928906222,
    -0.683901190240509,
    -0.6839379427887144,
    -0.6839746506626886,
    -0.6840113139920726,
    -0.6840479329086099,
    -0.6840845075460602,
    -0.6841210380401176,
    -0.6841575245283291,
    -0.6841939671500176,
    -0.6842303660462061,
    -0.6842667213595447,
    -0.6843030332342375,
    -0.6843393018159744,
    -0.6843755272518639,
    -0.6844117096903681,
    -0.6844478492812407,
    -0.6844839461754666,
    -0.6845200005252026,
    -0.6845560124837217,
    -0.6845919822053562,
    -0.6846279098454456,
    -0.6846637955602846,
    -0.6846996395070769,
    -0.6847354418438928,
    -0.6847712027296249,
    -0.6848069223239457,
    -0.6848426007872634,
    -0.6848782382806794,
    -0.6849138349659477,
    -0.6849493910054355,
    -0.6849849065620847,
    -0.6850203817993744,
    -0.6850558168812884,
    -0.6850912119722823,
    -0.6851265672372528,
    -0.6851618828415048,
    -0.685197158950721,
    -0.685232395730931,
    -0.6852675933484821,
    -0.6853027519700132,
    -0.6853378717624283,
    -0.6853729528928709,
    -0.6854079955286985,
    -0.6854429998374578,
    -0.6854779659868601,
    -0.6855128941447572,
    -0.6855477844791187,
    -0.6855826371580083,
    -0.685617452349563,
    -0.6856522302219733,
    -0.6856869709434624,
    -0.6857216746822681,
    -0.685756341606622,
    -0.685790971884732,
    -0.6858255656847646,
    -0.6858601231748286,
    -0.6858946445229612,
    -0.685929129897111,
    -0.6859635794651244,
    -0.6859979933947321,
    -0.6860323718535363,
    -0.6860667150089991,
    -0.6861010230284313,
    -0.6861352960789816,
    -0.6861695343276263,
    -0.6862037379411591,
    -0.6862379070861827,
    -0.6862720419290997,
    -0.686306142636104,
    -0.6863402093731731,
    -0.6863742423060601,
    -0.6864082416002867,
    -0.6864422074211362,
    -0.6864761399336469,
    -0.6865100393026057,
    -0.6865439056925421,
    -0.6865777392677221,
    -0.6866115401921432,
    -0.6866453086295281,
    -0.6866790447433204,
    -0.6867127486966795,
    -0.6867464206524755,
    -0.6867800607732848,
    -0.6868136692213853,
    -0.6868472461587519,
    -0.6868807917470516,
    -0.6869143061476404,
    -0.6869477895215587,
    -0.686981242029531,
    -0.6870146638319654,
    -0.6870480550889508,
    -0.6870814159602564,
    -0.6871147466053288,
    -0.6871480471832918,
    -0.6871813178529446,
    -0.687214558772761,
    -0.6872477701008893,
    -0.6872809519951507,
    -0.6873141046130397,
    -0.6873472281117234,
    -0.6873803226480436,
    -0.6874133883785177,
    -0.6874464254593395,
    -0.6874794340463799,
    -0.6875124142951894,
    -0.6875453663609983,
    -0.6875782903987164,
    -0.6876111865629332,
    -0.6876440550079159,
    -0.6876768958876077,
    -0.6877097093556253,
    -0.6877424955652583,
    -0.6877752546694705,
    -0.6878079868208994,
    -0.6878406921718588,
    -0.687873370874339,
    -0.6879060230800079,
    -0.6879386489402117,
    -0.6879712486059734,
    -0.688003822227994,
    -0.6880363699566518,
    -0.6880688919420018,
    -0.6881013883337762,
    -0.6881338592813845,
    -0.6881663049339121,
    -0.6881987254401185,
    -0.688231120948437,
    -0.6882634916069762,
    -0.6882958375635224,
    -0.6883281589655383,
    -0.6883604559601652,
    -0.6883927286942204,
    -0.6884249773142014,
    -0.6884572019662866,
    -0.6884894027963372,
    -0.6885215799498993,
    -0.6885537335722043,
    -0.6885858638081693,
    -0.6886179708023994,
    -0.688650054699187,
    -0.6886821156425154,
    -0.6887141537760592,
    -0.6887461692431885,
    -0.6887781621869744,
    -0.6888101327501928,
    -0.6888420810753311,
    -0.688874007304588,
    -0.6889059115798758,
    -0.6889377940428196,
    -0.6889696548347594,
    -0.6890014940967487,
    -0.6890333119695571,
    -0.6890651085936691,
    -0.6890968841092867,
    -0.6891286386563293,
    -0.6891603723744355,
    -0.6891920854029642,
    -0.689223777880997,
    -0.6892554499473392,
    -0.6892871017405212,
    -0.6893187333987997,
    -0.6893503450601604,
    -0.6893819368623203,
    -0.6894135089427292,
    -0.6894450614385725,
    -0.6894765944867723,
    -0.6895081082239903,
    -0.6895396027866296,
    -0.689571078310837,
    -0.6896025349325057,
    -0.6896339727872767,
    -0.6896653920105413,
    -0.6896967927374436,
    -0.6897281751028813,
    -0.6897595392415088,
    -0.6897908852877387,
    -0.689822213375744,
    -0.6898535236394611,
    -0.6898848162125897,
    -0.6899160912285965,
    -0.6899473488207156,
    -0.689978589121951,
    -0.6900098122650786,
    -0.6900410183826484,
    -0.6900722076069858,
    -0.6901033800701944,
    -0.6901345359041569,
    -0.6901656752405376,
    -0.690196798210784,
    -0.6902279049461284,
    -0.6902589955775893,
    -0.6902900702359732,
    -0.6903211290518763,
    -0.6903521721556856,
    -0.6903831996775812,
    -0.6904142117475374,
    -0.6904452084953238,
    -0.6904761900505074,
    -0.6905071565424541,
    -0.69053810810033,
    -0.6905690448531024,
    -0.6905999669295414,
    -0.6906308744582198,
    -0.6906617675675157,
    -0.6906926463856138,
    -0.6907235110405076,
    -0.6907543616600021,
    -0.6907851983717155,
    -0.6908160213030804,
    -0.6908468305813454,
    -0.6908776263335774,
    -0.6909084086866616,
    -0.6909391777673048,
    -0.6909699337020355,
    -0.6910006766172063,
    -0.6910314066389945,
    -0.6910621238934056,
    -0.6910928285062741,
    -0.6911235206032655,
    -0.6911542003098786,
    -0.6911848677514467,
    -0.6912155230531394,
    -0.6912461663399645,
    -0.6912767977367698,
    -0.6913074173682449,
    -0.6913380253589245,
    -0.6913686218331894,
    -0.6913992069152687,
    -0.6914297807292397,
    -0.6914603433990282,
    -0.6914908950484124,
    -0.691521435801026,
    -0.691551965780361,
    -0.6915824851097674,
    -0.6916129939124532,
    -0.691643492311485,
    -0.6916739804297884,
    -0.6917044583901482,
    -0.6917349263152099,
    -0.6917653843274822,
    -0.6917958325493366,
    -0.6918262711030086,
    -0.6918567001105984,
    -0.691887119694072,
    -0.6919175299752591,
    -0.6919479310758523,
    -0.6919783231174063,
    -0.6920087062213384,
    -0.6920390805089286,
    -0.6920694461013204,
    -0.692099803119523,
    -0.6921301516844092,
    -0.692160491916712,
    -0.6921908239370221,
    -0.6922211478657847,
    -0.6922514638232972,
    -0.6922817719297069,
    -0.692312072305013,
    -0.6923423650690809,
    -0.692372650341664,
    -0.6924029282424231,
    -0.6924331988909334,
    -0.6924634624066894,
    -0.6924937189091086,
    -0.6925239685175337,
    -0.6925542113512352,
    -0.6925844475294122,
    -0.6926146771711947,
    -0.6926449003956553,
    -0.6926751173218171,
    -0.6927053280686593,
    -0.692735532755119,
    -0.6927657315000929,
    -0.6927959244224369,
    -0.692826111640967,
    -0.6928562932744623,
    -0.6928864694416697,
    -0.6929166402613082,
    -0.6929468058520718,
    -0.6929769663326238,
    -0.6930071218215879,
    -0.6930372724375419,
    -0.6930674182990109,
    -0.6930975595244667,
    -0.6931276962323311,
    -0.6931578285409737,
    -0.6931879565687079,
    -0.6932180804337881,
    -0.6932482002544109,
    -0.6932783161487135,
    -0.6933084282347705,
    -0.6933385366305947,
    -0.6933686414541426,
    -0.6933987428233139,
    -0.6934288408559451,
    -0.6934589356697975,
    -0.6934890273825508,
    -0.6935191161118012,
    -0.6935492019750651,
    -0.6935792850897775,
    -0.6936093655732841,
    -0.693639443542831,
    -0.6936695191155613,
    -0.693699592408514,
    -0.6937296635386228,
    -0.6937597326227164,
    -0.6937897997775248,
    -0.6938198651196879,
    -0.6938499287657548,
    -0.6938799908321738,
    -0.6939100514352822,
    -0.6939401106913073,
    -0.6939701687163722,
    -0.6940002256264994,
    -0.6940302815376059,
    -0.6940603365655004,
    -0.694090390825884,
    -0.6941204444343478,
    -0.6941504975063737,
    -0.6941805500471055,
    -0.6942106020615908,
    -0.6942406535547856,
    -0.6942707045315648,
    -0.6943007549967397,
    -0.694330804955071,
    -0.6943608544112735,
    -0.6943909033700231,
    -0.6944209518359602,
    -0.6944509998136902,
    -0.694481047307778,
    -0.6945110943227493,
    -0.6945411408630874,
    -0.6945711869332266,
    -0.6946012325375506,
    -0.6946312776803962,
    -0.6946613223660565,
    -0.6946913665987783,
    -0.6947214103827539,
    -0.6947514537221104,
    -0.6947814966209037,
    -0.6948115390831172,
    -0.6948415811126621,
    -0.6948716227133803,
    -0.6949016638890463,
    -0.6949317046433693,
    -0.6949617449799936,
    -0.694991784902502,
    -0.6950218244144177,
    -0.6950518635192029,
    -0.6950819022202557,
    -0.6951119405209097,
    -0.6951419784244373,
    -0.6951720159340528,
    -0.6952020530529129,
    -0.6952320897841145,
    -0.6952621261306957,
    -0.6952921620956357,
    -0.695322197681855,
    -0.6953522328922137,
    -0.6953822677295126,
    -0.6954123021964947,
    -0.6954423362958463,
    -0.6954723700301968,
    -0.6955024034021206,
    -0.6955324364141373,
    -0.6955624690687165,
    -0.6955925013682797,
    -0.6956225333152006,
    -0.6956525649118056,
    -0.6956825961603726,
    -0.6957126270631306,
    -0.6957426576222613,
    -0.6957726878398984,
    -0.6958027177181315,
    -0.6958327472590065,
    -0.6958627764645273,
    -0.6958928053366576,
    -0.6959228338773215,
    -0.6959528620884041,
    -0.6959828899717522,
    -0.6960129175291729,
    -0.6960429447624363,
    -0.6960729716732758,
    -0.6961029982633931,
    -0.6961330245344638,
    -0.696163050488139,
    -0.6961930761260473,
    -0.6962231014497934,
    -0.6962531264609593,
    -0.6962831511611035,
    -0.6963131755517614,
    -0.6963431996344442,
    -0.6963732234106395,
    -0.6964032468818099,
    -0.6964332700493946,
    -0.6964632929148077,
    -0.6964933154794388,
    -0.696523337744652,
    -0.696553359711787,
    -0.696583381382159,
    -0.6966134027570597,
    -0.6966434238377566,
    -0.6966734446254944,
    -0.6967034651214934,
    -0.6967334853269488,
    -0.6967635052430311,
    -0.6967935248708845,
    -0.6968235442116296,
    -0.696853563266361,
    -0.6968835820361493,
    -0.6969136005220408,
    -0.6969436187250575,
    -0.6969736366461996,
    -0.6970036542864451,
    -0.697033671646749,
    -0.6970636887280452,
    -0.6970937055312437,
    -0.6971237220572332,
    -0.6971537383068795,
    -0.6971837542810281,
    -0.6972137699805029,
    -0.6972437854061068,
    -0.6972738005586212,
    -0.6973038154388064,
    -0.6973338300474009,
    -0.6973638443851221,
    -0.6973938584526662,
    -0.6974238722507085,
    -0.6974538857799036,
    -0.6974838990408861,
    -0.69751391203427,
    -0.6975439247606485,
    -0.697573937220594,
    -0.6976039494146605,
    -0.697633961343387,
    -0.6976639730072977,
    -0.6976939844069031,
    -0.6977239955426996,
    -0.6977540064151698,
    -0.697784017024783,
    -0.6978140273719959,
    -0.6978440374572527,
    -0.6978740472809848,
    -0.6979040568436113,
    -0.6979340661455397,
    -0.6979640751871639,
    -0.6979940839688658,
    -0.698024092491014,
    -0.6980541007539645,
    -0.6980841087580609,
    -0.6981141165036361,
    -0.698144123991009,
    -0.6981741312204859,
    -0.6982041381923587,
    -0.6982341449069069,
    -0.6982641513643977,
    -0.6982941575650858,
    -0.698324163509215,
    -0.698354169197017,
    -0.6983841746287135,
    -0.6984141798045147,
    -0.698444184724619,
    -0.6984741893892134,
    -0.6985041937984722,
    -0.698534197952558,
    -0.6985642018516218,
    -0.6985942054958036,
    -0.6986242088852325,
    -0.6986542120200271,
    -0.6986842149002941,
    -0.6987142175261285,
    -0.6987442198976124,
    -0.6987742220148158,
    -0.6988042238777982,
    -0.6988342254866057,
    -0.6988642268412724,
    -0.6988942279418197,
    -0.6989242287882554,
    -0.6989542293805756,
    -0.6989842297187638,
    -0.699014229802792,
    -0.6990442296326191,
    -0.6990742292081907,
    -0.6991042285294393,
    -0.6991342275962841,
    -0.6991642264086313,
    -0.6991942249663734,
    -0.6992242232693904,
    -0.69925422131755,
    -0.6992842191107078,
    -0.6993142166487071,
    -0.6993442139313792,
    -0.699374210958543,
    -0.6994042077300046,
    -0.6994342042455579,
    -0.6994642005049836,
    -0.6994941965080493,
    -0.699524192254509,
    -0.6995541877441038,
    -0.6995841829765611,
    -0.6996141779515943,
    -0.6996441726689027,
    -0.6996741671281713,
    -0.6997041613290731,
    -0.699734155271271,
    -0.699764148954421,
    -0.6997941423781724,
    -0.6998241355421693,
    -0.6998541284460491,
    -0.6998841210894426,
    -0.6999141134719737,
    -0.6999441055932598,
    -0.6999740974529108,
    -0.7000040890505302,
    -0.7000340803857139,
    -0.7000640714580513,
    -0.7000940622671239,
    -0.7001240528125069,
    -0.7001540430937676,
    -0.700184033110466,
    -0.7002140228621545,
    -0.7002440123483784,
    -0.7002740015686764,
    -0.7003039905225803,
    -0.7003339792096157,
    -0.7003639676293014,
    -0.7003939557811487,
    -0.7004239436646621,
    -0.7004539312793386,
    -0.7004839186246674,
    -0.7005139057001304,
    -0.7005438925052014,
    -0.7005738790393475,
    -0.7006038653020271,
    -0.7006338512926914,
    -0.7006638370107833,
    -0.7006938224557373,
    -0.7007238076269802,
    -0.7007537925239309,
    -0.7007837771460008,
    -0.7008137614925938,
    -0.7008437455631062,
    -0.7008737293569269,
    -0.7009037128734368,
    -0.70093369611201,
    -0.7009636790720136,
    -0.7009936617528074,
    -0.7010236441537431,
    -0.7010536262741643,
    -0.7010836081134074,
    -0.7011135896708,
    -0.7011435709456613,
    -0.7011735519373025,
    -0.7012035326450269,
    -0.7012335130681304,
    -0.7012634932059006,
    -0.701293473057617,
    -0.7013234526225508,
    -0.7013534318999644,
    -0.7013834108891117,
    -0.7014133895892373,
    -0.7014433679995769,
    -0.7014733461193575,
    -0.7015033239477989,
    -0.7015333014841166,
    -0.701563278727524,
    -0.7015932556772317,
    -0.7016232323324476,
    -0.7016532086923752,
    -0.7016831847562153,
    -0.7017131605231656,
    -0.7017431359924203,
    -0.7017731111631715,
    -0.7018030860346078,
    -0.7018330606059159,
    -0.7018630348762795,
    -0.7018930088448804,
    -0.7019229825108987,
    -0.7019529558735123,
    -0.7019829289318965,
    -0.7020129016852223,
    -0.7020428741326568,
    -0.702072846273363,
    -0.7021028181065009,
    -0.7021327896312279,
    -0.7021627608466988,
    -0.7021927317520648,
    -0.7022227023464728,
    -0.7022526726290653,
    -0.7022826425989799,
    -0.7023126122553504,
    -0.7023425815973066,
    -0.7023725506239747,
    -0.7024025193344787,
    -0.702432487727938,
    -0.7024624558034698,
    -0.7024924235601865,
    -0.7025223909971954,
    -0.7025523581135991,
    -0.7025823249084948,
    -0.7026122913809754,
    -0.7026422575301289,
    -0.7026722233550383,
    -0.7027021888547819,
    -0.7027321540284336,
    -0.7027621188750633,
    -0.702792083393736,
    -0.7028220475835117,
    -0.7028520114434461,
    -0.7028819749725892,
    -0.7029119381699862,
    -0.7029419010346772,
    -0.7029718635656983,
    -0.7030018257620796,
    -0.7030317876228463,
    -0.7030617491470168,
    -0.7030917103336043,
    -0.7031216711816172,
    -0.7031516316900573,
    -0.7031815918579204,
    -0.7032115516841941,
    -0.7032415111678586,
    -0.7032714703078864,
    -0.7033014291032457,
    -0.7033313875529037,
    -0.7033613456558291,
    -0.7033913034109931,
    -0.7034212608173673,
    -0.7034512178739247,
    -0.703481174579639,
    -0.7035111309334857,
    -0.7035410869344412,
    -0.7035710425814836,
    -0.7036009978735907,
    -0.7036309528097388,
    -0.7036609073889039,
    -0.7036908616100608,
    -0.703720815472185,
    -0.7037507689742519,
    -0.7037807221152371,
    -0.7038106748941174,
    -0.7038406273098694,
    -0.7038705793614702,
    -0.7039005310478971,
    -0.703930482368126,
    -0.7039604333211334,
    -0.7039903839058933,
    -0.7040203341213802,
    -0.7040502839665671,
    -0.7040802334404265,
    -0.7041101825419285,
    -0.7041401312700415,
    -0.7041700796237315,
    -0.7042000276019624,
    -0.7042299752036963,
    -0.704259922427893,
    -0.7042898692735111,
    -0.7043198157395056,
    -0.7043497618248291,
    -0.7043797075284305,
    -0.7044096528492549,
    -0.7044395977862443,
    -0.7044695423383365,
    -0.7044994865044666,
    -0.7045294302835667,
    -0.704559373674566,
    -0.7045893166763908,
    -0.7046192592879643,
    -0.7046492015082069,
    -0.7046791433360344,
    -0.7047090847703588,
    -0.7047390258100868,
    -0.7047689664541212,
    -0.7047989067013612,
    -0.7048288465507012,
    -0.7048587860010307,
    -0.7048887250512347,
    -0.7049186637001942,
    -0.7049486019467862,
    -0.7049785397898839,
    -0.7050084772283557,
    -0.7050384142610643,
    -0.7050683508868677,
    -0.7050982871046183,
    -0.7051282229131637,
    -0.7051581583113465,
    -0.7051880932980034,
    -0.7052180278719664,
    -0.7052479620320672,
    -0.7052778957771384,
    -0.7053078291060135,
    -0.7053377620175267,
    -0.7053676945105135,
    -0.7053976265838101,
    -0.7054275582362542,
    -0.7054574894666839,
    -0.7054874202739371,
    -0.7055173506568527,
    -0.7055472806142704,
    -0.7055772101450297,
    -0.7056071392479717,
    -0.7056370679219383,
    -0.7056669961657717,
    -0.7056969239783144,
    -0.7057268513584087,
    -0.7057567783048986,
    -0.7057867048166274,
    -0.7058166308924395,
    -0.7058465565311792,
    -0.70587648173169,
    -0.7059064064928158,
    -0.705936330813399,
    -0.7059662546922816,
    -0.7059961781283031,
    -0.7060261011203008,
    -0.7060560236671104,
    -0.7060859457675662,
    -0.7061158674205016,
    -0.7061457886247486,
    -0.706175709379138,
    -0.7062056296824983,
    -0.7062355495336565,
    -0.7062654689314376,
    -0.7062953878746645,
    -0.7063253063621582,
    -0.7063552243927375,
    -0.7063851419652188,
    -0.7064150590784164,
    -0.7064449757311415,
    -0.7064748919222041,
    -0.7065048076504116,
    -0.706534722914569,
    -0.7065646377134792,
    -0.7065945520459419,
    -0.7066244659107537,
    -0.7066543793067079,
    -0.7066842922325957,
    -0.7067142046872055,
    -0.7067441166693228,
    -0.7067740281777302,
    -0.7068039392112072,
    -0.70683384976853,
    -0.7068637598484722,
    -0.7068936694498034,
    -0.7069235785712905,
    -0.7069534872116974,
    -0.7069833953697836,
    -0.7070133030443065,
    -0.7070432102340206,
    -0.707073116937681,
    -0.7071030231540444,
    -0.7071329288818692,
    -0.7071628341199158,
    -0.7071927388669467,
    -0.7072226431217261,
    -0.707252546883021,
    -0.7072824501495999,
    -0.7073123529202334,
    -0.7073422551936941,
    -0.7073721569687561,
    -0.7074020582441959,
    -0.7074319590187913,
    -0.707461859291322,
    -0.7074917590605694,
    -0.707521658325316,
    -0.7075515570843456,
    -0.7075814553364426,
    -0.7076113530803915,
    -0.7076412503149768,
    -0.7076711470389844,
    -0.7077010432512,
    -0.7077309389504102,
    -0.7077608341354013,
    -0.7077907288049599,
    -0.7078206229578722,
    -0.7078505165929245,
    -0.7078804097089029,
    -0.7079103023045915,
    -0.7079401943787748,
    -0.7079700859302346,
    -0.7079999769577516,
    -0.7080298674601045,
    -0.7080597574360701,
    -0.7080896468844239,
    -0.7081195358039405,
    -0.7081494241933922,
    -0.7081793120515503,
    -0.7082091993771847,
    -0.7082390861690647,
    -0.7082689724259587,
    -0.708298858146633,
    -0.7083287433298525,
    -0.7083586279743805,
    -0.7083885120789781,
    -0.7084183956424047,
    -0.7084482786634179,
    -0.7084781611407721,
    -0.7085080430732204,
    -0.7085379244595127,
    -0.7085678052983978,
    -0.7085976855886231,
    -0.7086275653289346,
    -0.7086574445180762,
    -0.7086873231547896,
    -0.7087172012378137,
    -0.7087470787658852,
    -0.7087769557377385,
    -0.7088068321521056,
    -0.7088367080077171,
    -0.7088665833033009,
    -0.7088964580375837,
    -0.7089263322092922,
    -0.7089562058171545,
    -0.7089860788598995,
    -0.7090159513362579,
    -0.7090458232449611,
    -0.7090756945847414,
    -0.7091055653543322,
    -0.7091354355524685,
    -0.7091653052304916,
    -0.7091951744397442,
    -0.7092250432315688,
    -0.709254911657308,
    -0.7092847797683046,
    -0.7093146476159011,
    -0.7093445152514405,
    -0.709374382726266,
    -0.7094042500917213,
    -0.7094341173991506,
    -0.7094639846998981,
    -0.7094938520453078,
    -0.7095237194867228,
    -0.7095535870754867,
    -0.7095834548629425,
    -0.7096133229004336,
    -0.7096431912393016,
    -0.7096730599308888,
    -0.709702929026536,
    -0.7097327985775841,
    -0.7097626686353732,
    -0.7097925392512423,
    -0.709822410476529,
    -0.7098522823625698,
    -0.7098821549606994,
    -0.7099120283222512,
    -0.7099419024985566,
    -0.7099717775409461,
    -0.7100016535007494,
    -0.7100315304292953,
    -0.7100614083779125,
    -0.7100912873979282,
    -0.7101211675406681,
    -0.7101510488574563,
    -0.7101809313996151,
    -0.7102108152184657,
    -0.7102407003653285,
    -0.7102705868915219,
    -0.7103004748483642,
    -0.7103303642871714,
    -0.7103602552592583,
    -0.7103901478159381,
    -0.7104200420085216,
    -0.7104499378883185,
    -0.7104798355066355,
    -0.7105097349147774,
    -0.710539636164046,
    -0.7105695393057418,
    -0.7105994443911655,
    -0.7106293514716193,
    -0.7106592605984066,
    -0.7106891718228331,
    -0.7107190851962052,
    -0.7107490007698315,
    -0.710778918595022,
    -0.7108088387230884,
    -0.7108387612053443,
    -0.7108686860931042,
    -0.7108986134376848,
    -0.710928543290404,
    -0.7109584757025811,
    -0.7109884107255364,
    -0.711018348410592,
    -0.7110482888090702,
    -0.7110782319722946,
    -0.7111081779515885,
    -0.7111381267982766,
    -0.7111680785636836,
    -0.7111980332991351,
    -0.7112279910559577,
    -0.711257951885478,
    -0.7112879158390234,
    -0.7113178829679219,
    -0.7113478533235013,
    -0.7113778269570896,
    -0.7114078039200143,
    -0.7114377842636024,
    -0.7114677680391803,
    -0.7114977552980748,
    -0.7115277460916125,
    -0.7115577404711193,
    -0.7115877384879209,
    -0.7116177401933421,
    -0.7116477456387065,
    -0.7116777548753362,
    -0.711707767954552,
    -0.7117377849276737,
    -0.7117678058460194,
    -0.7117978307609069,
    -0.7118278597236519,
    -0.7118578927855693,
    -0.7118879299979722,
    -0.7119179714121718,
    -0.7119480170794782,
    -0.7119780670511991,
    -0.7120081213786408,
    -0.7120381801131078,
    -0.7120682433059023,
    -0.7120983110083247,
    -0.7121283832716716,
    -0.7121584601472383,
    -0.7121885416863173,
    -0.7122186279402009,
    -0.7122487189601818,
    -0.7122788147975554,
    -0.7123089155036181,
    -0.7123390211296682,
    -0.7123691317270049,
    -0.7123992473469297,
    -0.7124293680407462,
    -0.7124594938597605,
    -0.7124896248552812,
    -0.7125197610786187,
    -0.7125499025810851,
    -0.7125800494139944,
    -0.7126102016286615,
    -0.7126403592764019,
    -0.712670522408532,
    -0.7127006910763698,
    -0.7127308653312342,
    -0.712761045224445,
    -0.7127912308073229,
    -0.71282142213119,
    -0.7128516192473701,
    -0.7128818222071888,
    -0.7129120310619738,
    -0.7129422458630548,
    -0.7129724666617627,
    -0.7130026935094295,
    -0.7130329264573869,
    -0.7130631655569677,
    -0.7130934108595045,
    -0.7131236624163315,
    -0.7131539202787838,
    -0.7131841844981965,
    -0.7132144551259063,
    -0.7132447322132492,
    -0.7132750158115635,
    -0.713305305972187,
    -0.7133356027464578,
    -0.7133659061857123,
    -0.7133962163412861,
    -0.7134265332645149,
    -0.7134568570067334,
    -0.713487187619276,
    -0.7135175251534763,
    -0.7135478696606674,
    -0.713578221192182,
    -0.713608579799353,
    -0.7136389455335138,
    -0.7136693184459977,
    -0.7136996985881376,
    -0.7137300860112648,
    -0.7137604807667088,
    -0.713790882905798,
    -0.7138212924798576,
    -0.7138517095402105,
    -0.7138821341381757,
    -0.7139125663250707,
    -0.7139430061522106,
    -0.713973453670909,
    -0.7140039089324764,
    -0.7140343719882197,
    -0.7140648428894418,
    -0.7140953216874433,
    -0.7141258084335206,
    -0.7141563031789676,
    -0.7141868059750744,
    -0.7142173168731285,
    -0.714247835924416,
    -0.7142783631802239,
    -0.7143088986918432,
    -0.7143394425105696,
    -0.7143699946877023,
    -0.7144005552745437,
    -0.7144311243224,
    -0.7144617018825806,
    -0.7144922880063999,
    -0.714522882745175,
    -0.7145534861502267,
    -0.7145840982728788,
    -0.7146147191644582,
    -0.7146453488762955,
    -0.7146759874597249,
    -0.714706634966084,
    -0.7147372914467123,
    -0.7147679569529527,
    -0.714798631536151,
    -0.7148293152476561,
    -0.7148600081388211,
    -0.714890710261002,
    -0.7149214216655566,
    -0.7149521424038445,
    -0.7149828725272263,
    -0.7150136120870629,
    -0.7150443611347157,
    -0.7150751197215443,
    -0.7151058878989073,
    -0.7151366657181634,
    -0.7151674532306712,
    -0.7151982504877906,
    -0.7152290575408816,
    -0.715259874441303,
    -0.7152907012404136,
    -0.7153215379895703,
    -0.7153523847401289,
    -0.7153832415434442,
    -0.7154141084508696,
    -0.7154449855137573,
    -0.715475872783458,
    -0.7155067703113208,
    -0.7155376781486925,
    -0.7155685963469168,
    -0.7155995249573356,
    -0.7156304640312887,
    -0.715661413620114,
    -0.7156923737751472,
    -0.7157233445477214,
    -0.7157543259891668,
    -0.7157853181508097,
    -0.7158163210839732,
    -0.7158473348399768,
    -0.7158783594701379,
    -0.7159093950257707,
    -0.7159404415581856,
    -0.7159714991186885,
    -0.716002567758582,
    -0.7160336475291648,
    -0.7160647384817316,
    -0.7160958406675733,
    -0.7161269541379758,
    -0.7161580789442218,
    -0.7161892151375904,
    -0.7162203627693591,
    -0.7162515218908065,
    -0.7162826925532143,
    -0.716313874807867,
    -0.7163450687060532,
    -0.7163762742990648,
    -0.7164074916381972,
    -0.7164387207747489,
    -0.7164699617600214,
    -0.7165012146453198,
    -0.7165324794819514,
    -0.7165637563212258,
    -0.7165950452144545,
    -0.7166263462129516,
    -0.7166576593680333,
    -0.7166889847310187,
    -0.7167203223532275,
    -0.7167516722859798,
    -0.7167830345805954,
    -0.7168144092883955,
    -0.7168457964607016,
    -0.7168771961488353,
    -0.7169086084041175,
    -0.7169400332778676,
    -0.7169714708214043,
    -0.7170029210860464,
    -0.7170343841231126,
    -0.717065859983922,
    -0.7170973487197934,
    -0.7171288503820452,
    -0.7171603650219952,
    -0.7171918926909596,
    -0.7172234334402533,
    -0.7172549873211898,
    -0.7172865543850809,
    -0.7173181346832376,
    -0.7173497282669687,
    -0.7173813351875817,
    -0.7174129554963824,
    -0.7174445892446741,
    -0.7174762364837597,
    -0.7175078972649398,
    -0.7175395716395139,
    -0.7175712596587797,
    -0.7176029613740333,
    -0.7176346768365688,
    -0.7176664060976773,
    -0.7176981492086476,
    -0.7177299062207666,
    -0.7177616771853191,
    -0.7177934621535876,
    -0.717825261176852,
    -0.717857074306388,
    -0.717888901593468,
    -0.7179207430893593,
    -0.7179525988453254,
    -0.7179844689126285,
    -0.7180163533425327,
    -0.7180482521863049,
    -0.7180801654952155,
    -0.718112093320539,
    -0.7181440357135546,
    -0.7181759927255439,
    -0.718207964407792,
    -0.7182399508115863,
    -0.7182719519882169,
    -0.7183039679889764,
    -0.7183359988651603,
    -0.7183680446680664,
    -0.7184001054489956,
    -0.7184321812592515,
    -0.7184642721501409,
    -0.7184963781729726,
    -0.7185284993790573,
    -0.7185606358197074,
    -0.718592787546237,
    -0.7186249546099621,
    -0.7186571370622007,
    -0.7186893349542733,
    -0.7187215483375028,
    -0.7187537772632135,
    -0.7187860217827299,
    -0.7188182819473766,
    -0.7188505578084792,
    -0.7188828494173637,
    -0.7189151568253579,
    -0.7189474800837903,
    -0.7189798192439898,
    -0.7190121743572844,
    -0.7190445454750013,
    -0.719076932648466,
    -0.7191093359290021,
    -0.7191417553679317,
    -0.7191741910165753,
    -0.7192066429262524,
    -0.7192391111482802,
    -0.719271595733975,
    -0.7193040967346526,
    -0.7193366142016275,
    -0.7193691481862136,
    -0.7194016987397231,
    -0.7194342659134673,
    -0.7194668497587546,
    -0.7194994503268927,
    -0.7195320676691856,
    -0.7195647018369361,
    -0.7195973528814446,
    -0.7196300208540101,
    -0.7196627058059303,
    -0.7196954077885005,
    -0.7197281268530134,
    -0.7197608630507584,
    -0.7197936164330215,
    -0.7198263870510849,
    -0.7198591749562274,
    -0.7198919801997243,
    -0.7199248028328469,
    -0.7199576429068655,
    -0.7199905004730519,
    -0.7200233755826805,
    -0.7200562682870282,
    -0.7200891786373748,
    -0.7201221066850024,
    -0.7201550524811959,
    -0.7201880160772428,
    -0.7202209975244328,
    -0.7202539968740568,
    -0.7202870141774071,
    -0.7203200494857768,
    -0.7203531028504606,
    -0.7203861743227556,
    -0.7204192639539607,
    -0.7204523717953759,
    -0.7204854978983022,
    -0.7205186423140425,
    -0.7205518050939002,
    -0.7205849862891799,
    -0.7206181859511869,
    -0.7206514041312266,
    -0.7206846408806066,
    -0.7207178962506345,
    -0.7207511702926195,
    -0.7207844630578716,
    -0.7208177745977002,
    -0.7208511049634143,
    -0.7208844542063231,
    -0.720917822377736,
    -0.7209512095289621,
    -0.7209846157113097,
    -0.7210180409760861,
    -0.7210514853745982,
    -0.7210849489581501,
    -0.7211184317780439,
    -0.7211519338855789,
    -0.7211854553320513,
    -0.7212189961687554,
    -0.7212525564469826,
    -0.7212861362180216,
    -0.7213197355331591,
    -0.7213533544436785,
    -0.7213869930008608,
    -0.7214206512559834,
    -0.7214543292603198,
    -0.7214880270651401,
    -0.721521744721709,
    -0.7215554822812859,
    -0.7215892397951239,
    -0.7216230173144721,
    -0.7216568148905792,
    -0.7216906325746966,
    -0.7217244704180805,
    -0.7217583284719922,
    -0.721792206787698,
    -0.7218261054164676,
    -0.7218600244095762,
    -0.7218939638183028,
    -0.7219279236939325,
    -0.7219619040877562,
    -0.7219959050510693,
    -0.7220299266351717,
    -0.7220639688913684,
    -0.7220980318709703,
    -0.7221321156252936,
    -0.7221662202056593,
    -0.7222003456633933,
    -0.7222344920498238,
    -0.7222686594162817,
    -0.7223028478141,
    -0.7223370572946147,
    -0.7223712879091638,
    -0.7224055397090868,
    -0.7224398127457252,
    -0.7224741070704221,
    -0.7225084227345241,
    -0.7225427597893799,
    -0.7225771182863397,
    -0.7226114982767532,
    -0.7226458998119708,
    -0.7226803229433435,
    -0.7227147677222231,
    -0.7227492341999623,
    -0.7227837224279124,
    -0.7228182324574242,
    -0.7228527643398479,
    -0.7228873181265343,
    -0.7229218938688334,
    -0.7229564916180942,
    -0.7229911114256642,
    -0.7230257533428899,
    -0.7230604174211163,
    -0.7230951037116866,
    -0.7231298122659425,
    -0.7231645431352229,
    -0.7231992963708641,
    -0.7232340720241992,
    -0.7232688701465578,
    -0.7233036907892664,
    -0.7233385340036484,
    -0.7233733998410241,
    -0.7234082883527095,
    -0.7234431995900159,
    -0.7234781336042536,
    -0.7235130904467342,
    -0.7235480701687736,
    -0.7235830728216927,
    -0.7236180984568134,
    -0.7236531471254574,
    -0.7236882188789453,
    -0.7237233137686016,
    -0.7237584318457566,
    -0.723793573161745,
    -0.7238287377679045,
    -0.7238639257155748,
    -0.7238991370560998,
    -0.7239343718408254,
    -0.7239696301211003,
    -0.724004911948275,
    -0.7240402173737035,
    -0.7240755464487405,
    -0.7241108992247421,
    -0.7241462757530661,
    -0.7241816760850713,
    -0.7242171002721176,
    -0.7242525483655655,
    -0.724288020416777,
    -0.7243235164771153,
    -0.7243590365979428,
    -0.7243945808306193,
    -0.7244301492265034,
    -0.7244657418369519,
    -0.724501358713321,
    -0.7245369999069652,
    -0.7245726654692383,
    -0.7246083554514917,
    -0.7246440699050758,
    -0.7246798088813391,
    -0.7247155724316287,
    -0.7247513606072891,
    -0.7247871734596618,
    -0.7248230110400854,
    -0.7248588733998955,
    -0.7248947605904242,
    -0.724930672663001,
    -0.7249666096689528,
    -0.725002571659602,
    -0.7250385586862693,
    -0.7250745708002716,
    -0.7251106079336778,
    -0.7251466700185536,
    -0.725182756986962,
    -0.7252188687709633,
    -0.7252550053026166,
    -0.7252911665139788,
    -0.7253273523371052,
    -0.725363562704046,
    -0.7253997975468491,
    -0.7254360567975586,
    -0.7254723403882157,
    -0.7255086482508595,
    -0.7255449803175249,
    -0.725581336520244,
    -0.7256177167910459,
    -0.7256541210619566,
    -0.725690549265001,
    -0.7257270013322041,
    -0.7257634771955928,
    -0.7257999767871949,
    -0.7258365000390404,
    -0.7258730468831606,
    -0.7259096172515885,
    -0.7259462110763583,
    -0.7259828282895049,
    -0.7260194688230637,
    -0.7260561326090705,
    -0.726092819579563,
    -0.7261295296665785,
    -0.7261662628021559,
    -0.7262030189183342,
    -0.7262397979471518,
    -0.7262765998206475,
    -0.7263134244708594,
    -0.7263502718298258,
    -0.7263871418295849,
    -0.7264240344021753,
    -0.7264609494796359,
    -0.7264978869940059,
    -0.7265348468773243,
    -0.7265718290616303,
    -0.7266088334789631,
    -0.7266458600613607,
    -0.7266829087408598,
    -0.7267199794494961,
    -0.7267570721193036,
    -0.7267941866823157,
    -0.7268313230705645,
    -0.7268684812160823,
    -0.7269056610509007,
    -0.7269428625070515,
    -0.7269800855165658,
    -0.7270173300114733,
    -0.727054595923803,
    -0.7270918831855822,
    -0.7271291917288369,
    -0.7271665214855915,
    -0.7272038723878683,
    -0.727241244367688,
    -0.727278637357069,
    -0.7273160512880289,
    -0.7273534860925852,
    -0.7273909417027564,
    -0.7274284180505629,
    -0.727465915068026,
    -0.7275034326871689,
    -0.7275409708400159,
    -0.7275785294585928,
    -0.7276161084749273,
    -0.7276537078210479,
    -0.7276913274289836,
    -0.7277289672307647,
    -0.7277666271584224,
    -0.7278043071439892,
    -0.727842007119499,
    -0.7278797270169862,
    -0.7279174667684866,
    -0.7279552263060366,
    -0.7279930055616733,
    -0.7280308044674343,
    -0.7280686229553569,
    -0.7281064609574783,
    -0.7281443184058348,
    -0.728182195232462,
    -0.7282200913693946,
    -0.7282580067486675,
    -0.7282959413023139,
    -0.728333894962367,
    -0.7283718676608589,
    -0.7284098593298208,
    -0.7284478699012829,
    -0.7284858993072733,
    -0.7285239474798189,
    -0.728562014350945,
    -0.7286000998526757,
    -0.7286382039170328,
    -0.7286763264760366,
    -0.7287144674617069,
    -0.7287526268060641,
    -0.7287908044411309,
    -0.7288290002989325,
    -0.7288672143114963,
    -0.7289054464108518,
    -0.7289436965290318,
    -0.7289819645980709,
    -0.7290202505500064,
    -0.7290585543168773,
    -0.7290968758307246,
    -0.7291352150235909,
    -0.7291735718275213,
    -0.7292119461745629,
    -0.7292503379967646,
    -0.729288747226177,
    -0.7293271737948518,
    -0.7293656176348422,
    -0.7294040786782032,
    -0.7294425568569921,
    -0.7294810521032669,
    -0.729519564349087,
    -0.729558093526513,
    -0.7295966395676056,
    -0.7296352024044254,
    -0.7296737819690329,
    -0.7297123781934884,
    -0.729750991009853,
    -0.7297896203501874,
    -0.7298282661465524,
    -0.7298669283310091,
    -0.7299056068356186,
    -0.7299443015924414,
    -0.7299830125335356,
    -0.7300217395909578,
    -0.7300604826967625,
    -0.7300992417830021,
    -0.7301380167817284,
    -0.7301768076249915,
    -0.7302156142448402,
    -0.730254436573321,
    -0.730293274542478,
    -0.7303321280843535,
    -0.7303709971309872,
    -0.7304098816144164,
    -0.7304487814666754,
    -0.7304876966197944,
    -0.7305266270058027,
    -0.7305655725567302,
    -0.7306045332046093,
    -0.7306435088814767,
    -0.7306824995193719,
    -0.7307215050503392,
    -0.7307605254064261,
    -0.7307995605196844,
    -0.7308386103221687,
    -0.7308776747459376,
    -0.7309167537230538,
    -0.7309558471855852,
    -0.7309949550656044,
    -0.7310340772951908,
    -0.7310732138064292,
    -0.7311123645314097,
    -0.7311515294022277,
    -0.7311907083509825,
    -0.7312299013097774,
    -0.7312691082107193,
    -0.7313083289859185,
    -0.7313475635674889,
    -0.7313868118875474,
    -0.7314260738782132,
    -0.7314653494716076,
    -0.7315046385998534,
    -0.7315439411950762,
    -0.7315832571894042,
    -0.731622586514968,
    -0.7316619291038996,
    -0.7317012848883319,
    -0.7317406538003982,
    -0.7317800357722313,
    -0.7318194307359621,
    -0.7318588386237204,
    -0.7318982593676344,
    -0.7319376928998319,
    -0.7319771391524386,
    -0.7320165980575788,
    -0.7320560695473743,
    -0.7320955535539436,
    -0.7321350500094016,
    -0.7321745588458594,
    -0.7322140799954239,
    -0.7322536133901987,
    -0.7322931589622831,
    -0.7323327166437725,
    -0.7323722863667599,
    -0.7324118680633352,
    -0.7324514616655871,
    -0.7324910671056014,
    -0.7325306843154614,
    -0.7325703132272469,
    -0.7326099537730337,
    -0.7326496058848943,
    -0.7326892694948968,
    -0.7327289445351071,
    -0.7327686309375868,
    -0.7328083286343949,
    -0.7328480375575869,
    -0.7328877576392135,
    -0.7329274888113224,
    -0.7329672310059571,
    -0.7330069841551607
]