[
    -0.7465473791519939,
    -0.7464299212773484,
    -0.7304058188682158,
    -0.73115656249662,
    -0.7318780187074406,
    -0.7325710395685324,
    -0.7332364527976558,
    -0.7338750624524903,
    -0.7344876496011703,
    -0.7350749729738987,
    -0.7356377695961646,
    -0.7361767554040771,
    -0.7366926258423332,
    -0.7371860564453183,
    -0.7376577034018135,
    -0.738108204103748,
    -0.7385381776794429,
    -0.7389482255117941,
    -0.7393389317418285,
    -0.7397108637580414,
    -0.7400645726719169,
    -0.7404005937800233,
    -0.7407194470130531,
    -0.7410216373721813,
    -0.7413076553530955,
    -0.7415779773580496,
    -0.7418330660962772,
    -0.7420733709730881,
    -0.7422993284679759,
    -0.742511362502036,
    -0.7427098847950074,
    -0.7428952952122235,
    -0.7430679821017604,
    -0.7432283226220545,
    -0.7433766830602605,
    -0.7435134191416073,
    -0.7436388763300098,
    -0.7437533901201815,
    -0.7438572863214901,
    -0.743950881333786,
    -0.7440344824154311,
    -0.7441083879437477,
    -0.7441728876680993,
    -0.7442282629558163,
    -0.7442747870311626,
    -0.7443127252075439,
    -0.7443423351131481,
    -0.7443638669102002,
    -0.7443775635080137,
    -0.7443836607700118,
    -0.7443823877148914,
    -0.744373966712093,
    -0.7443586136717393,
    -0.7443365382291982,
    -0.7443079439244192,
    -0.7442730283761957,
    -0.7442319834514912,
    -0.7441849954299713,
    -0.7441322451638729,
    -0.7440739082333461,
    -0.7440101550973949,
    -0.7439411512405422,
    -0.7438670573153399,
    -0.7437880292808403,
    -0.7437042185371425,
    -0.7436157720561272,
    -0.7435228325084852,
    -0.7434255383871454,
    -0.7433240241272018,
    -0.7432184202224408,
    -0.7431088533385644,
    -0.7429954464232013,
    -0.7428783188127973,
    -0.742757586336475,
    -0.7426333614169437,
    -0.7425057531685477,
    -0.7423748674925316,
    -0.7422408071696014,
    -0.7421036719498569,
    -0.7419635586401698,
    -0.741820561189081,
    -0.741674770769288,
    -0.7415262758577887,
    -0.7413751623137483,
    -0.7412215134541543,
    -0.7410654101273224,
    -0.7409069307843084,
    -0.7407461515482886,
    -0.7405831462819716,
    -0.7404179866530941,
    -0.7402507421980544,
    -0.7400814803837333,
    -0.7399102666675558,
    -0.739737164555844,
    -0.739562235660509,
    -0.7393855397541265,
    -0.7392071348234451,
    -0.7390270771213676,
    -0.738845421217449,
    -0.7386622200469558,
    -0.7384775249585306,
    -0.7382913857604967,
    -0.7381038507658438,
    -0.7379149668359297,
    -0.7377247794229336,
    -0.7375333326110999,
    -0.737340669156805,
    -0.7371468305274766,
    -0.736951856939404,
    -0.7367557873944665,
    -0.736558659715815,
    -0.7363605105825329,
    -0.7361613755633051,
    -0.7359612891491251,
    -0.7357602847850672,
    -0.7355583949011464,
    -0.7353556509422927,
    -0.7351520833974678,
    -0.7349477218279489,
    -0.7347425948948021,
    -0.7345367303855685,
    -0.7343301552401856,
    -0.7341228955761662,
    -0.733914976713055,
    -0.7337064231961747,
    -0.7334972588196784,
    -0.7332875066489355,
    -0.7330771890422831,
    -0.7328663276721568,
    -0.7326549435456086,
    -0.7324430570242332,
    -0.7322306878435139,
    -0.7320178551316151,
    -0.7318045774276337,
    -0.7315908726993141,
    -0.7313767583602183,
    -0.731162251286361,
    -0.7309473678323519,
    -0.730732123847081,
    -0.7305165346889423,
    -0.7303006152405962,
    -0.7300843799232875,
    -0.729867842710715,
    -0.7296510171424619,
    -0.7294339163370005,
    -0.7292165530042439,
    -0.7289989394575294,
    -0.728781087625015,
    -0.7285630090606136,
    -0.7283447149544314,
    -0.7281262161425324,
    -0.7279075231160376,
    -0.7276886460294838,
    -0.727469594707619,
    -0.727250378649845,
    -0.7270310070324256,
    -0.7268114887080923,
    -0.726591832200666,
    -0.7263720456894143,
    -0.7261521369756196,
    -0.725932113421245,
    -0.725711981836948,
    -0.725491748248379,
    -0.725271417360565,
    -0.7250509912888734,
    -0.7248304663078053,
    -0.7246098250085155,
    -0.7243890112467837,
    -0.7241677655241515,
    -0.7239456817637089,
    -0.7237226044890278,
    -0.723420312782591,
    -0.7229316602271052,
    -0.7223100651062964,
    -0.721669367287182,
    -0.721039938862397,
    -0.7204220098916122,
    -0.7198180579535682,
    -0.7192289820333634,
    -0.7186543746645591,
    -0.7180938020588469,
    -0.7175467520967412,
    -0.717012126047535,
    -0.7164879921278589,
    -0.7159717358675669,
    -0.7154622547466154,
    -0.7149617612207371,
    -0.7144724689835218,
    -0.7139944682001377,
    -0.7134752727851992,
    -0.7128644282280958,
    -0.7122169394503668,
    -0.7115844282693972,
    -0.7109651652008918,
    -0.7103596124239008,
    -0.7097143063344502,
    -0.7089778928771869,
    -0.7082090066296499,
    -0.7074633653093931,
    -0.7067403866557818,
    -0.7060394161183249,
    -0.7053597849920923,
    -0.7047008308204137,
    -0.70406190508692,
    -0.7034423756684036,
    -0.7028416277337681,
    -0.702259063867087,
    -0.7016941038064766,
    -0.7011461840898311,
    -0.7006147576718452,
    -0.700099293513488,
    -0.6995992761610081,
    -0.6991142053291286,
    -0.6986435954884966,
    -0.6981869754560628,
    -0.6977438879931814,
    -0.6973138894130517,
    -0.6968965491960616,
    -0.6964914496145145,
    -0.69609818536855,
    -0.6957163632316868,
    -0.6953456017051264,
    -0.6949855306824707,
    -0.6946357911249753,
    -0.6942960347457077,
    -0.6939659237011103,
    -0.6936451302898127,
    -0.6933333366603424,
    -0.6930302345286362,
    -0.6927355249045046,
    -0.6924489178258812,
    -0.6921701321000397,
    -0.6918988950518105,
    -0.6916349422787296,
    -0.6913780174118677,
    -0.6911278718818513,
    -0.6908842646914651,
    -0.690646962195968,
    -0.6904157378907896,
    -0.6901903722053994,
    -0.689970652302985,
    -0.6897563718865733,
    -0.6895473310113376,
    -0.6893433359029899,
    -0.6891441987812084,
    -0.6889497376832625,
    -0.688759776285754,
    -0.6885741437302123,
    -0.6883926744576031,
    -0.6882152080491248,
    -0.6880415890688641,
    -0.6878716669071786,
    -0.6877052956231938,
    -0.6875423337860499,
    -0.6873826443148947,
    -0.6872260943195465,
    -0.6870725549699801,
    -0.6869219013985691,
    -0.6867740125108829,
    -0.6866287705641725,
    -0.6864860605304969,
    -0.6863457690973882,
    -0.6862077820537057,
    -0.6860719761187091,
    -0.6859382016953005,
    -0.6857961079980002,
    -0.6856357559840678,
    -0.6854680201787894,
    -0.685303422207466,
    -0.6851418695838879,
    -0.6849831290637051,
    -0.6847734511344757,
    -0.6844585798355783,
    -0.6840933952555056,
    -0.6837361600660231,
    -0.6833894462585889,
    -0.6830529510087341,
    -0.6827263439727704,
    -0.6824092970678265,
    -0.6821014894967835,
    -0.6818026089914238,
    -0.6815123520705351,
    -0.6812304240562724,
    -0.6809565389853135,
    -0.6806904194512198,
    -0.6804317964095737,
    -0.6801804089476065,
    -0.6799360040426196,
    -0.6796983363424589,
    -0.6794671679644272,
    -0.6792422682965933,
    -0.6790234137976265,
    -0.6788103877979499,
    -0.6786029803034681,
    -0.6784009878006478,
    -0.6782042130643868,
    -0.6780124649716266,
    -0.6778255583227851,
    -0.6776433136715068,
    -0.6774655571612935,
    -0.67729212036734,
    -0.6771228401408985,
    -0.676957558453865,
    -0.6767961222463602,
    -0.6766383832811935,
    -0.6764841980039638,
    -0.6763334274070762,
    -0.6761859368986446,
    -0.676041596175679,
    -0.675900279099668,
    -0.6757618635744825,
    -0.6756262314275499,
    -0.675493268295286,
    -0.6753628635127388,
    -0.6752349100061334,
    -0.6751093041886475,
    -0.6749859458607524,
    -0.6748647381144816,
    -0.6747455872401112,
    -0.67462840263311,
    -0.6745130966978655,
    -0.6743995847489482,
    -0.674287784916973,
    -0.674177618062468,
    -0.6740690076937846,
    -0.6739618798863218,
    -0.673856163203564,
    -0.6737517886180973,
    -0.6736486894301186,
    -0.6735468011851334,
    -0.6734460615932056,
    -0.6733464104414679,
    -0.6732477894868492,
    -0.6731501423358008,
    -0.6730534143041963,
    -0.6729575521778388,
    -0.6728625037591154,
    -0.6727682170089598,
    -0.6726746380392621,
    -0.6725817053494746,
    -0.6724893360933499,
    -0.6723974202845054,
    -0.6723058345719166,
    -0.6722143829968648,
    -0.6721220797484838,
    -0.6720185494312794,
    -0.6718920693957325,
    -0.6717504618582165,
    -0.6716073093654281,
    -0.6714662908506014,
    -0.67132751849425,
    -0.6711909570735138,
    -0.6710565416734724,
    -0.6709241988352209,
    -0.6707938525768466,
    -0.6706654267732544,
    -0.6705388463116256,
    -0.6704140376536172,
    -0.6702909291308772,
    -0.6701694511229139,
    -0.6700495361470664,
    -0.6699311188794829,
    -0.6698141361351946,
    -0.6696985268269455,
    -0.6695842319156359,
    -0.6694711943586469,
    -0.6693593590572307,
    -0.6692486728038464,
    -0.6691390842297126,
    -0.6690305437526561,
    -0.6689230035259359,
    -0.6688164173874691,
    -0.6687107408088717,
    -0.6686059308460466,
    -0.6685019460928248,
    -0.6683987466367519,
    -0.6682962940159873,
    -0.6681945511771589,
    -0.6680934824340616,
    -0.6679930534273103,
    -0.6678932310850597,
    -0.6677939835846289,
    -0.667695280314933,
    -0.6675970918397968,
    -0.6674993898623215,
    -0.6674021471904598,
    -0.6673053377037326,
    -0.6672089363209484,
    -0.6671129189688254,
    -0.6670172625514434,
    -0.6669219449205414,
    -0.6668269448466609,
    -0.6667322419910705,
    -0.6666378168784679,
    -0.6665436508704896,
    -0.666449726139998,
    -0.666356025646129,
    -0.6662625331100539,
    -0.6661692329913641,
    -0.6660761104650904,
    -0.6659831513994278,
    -0.6658903423341419,
    -0.6657976704596044,
    -0.6657051235964576,
    -0.6656126901759025,
    -0.6655203592205619,
    -0.6654281203258751,
    -0.6653359636420132,
    -0.6652438798563194,
    -0.6651518601762695,
    -0.6650598963129418,
    -0.6649679804649751,
    -0.6648761053029848,
    -0.6647842639544251,
    -0.6646924499888807,
    -0.6646006574037778,
    -0.6645088806105302,
    -0.6644171144211178,
    -0.6643253540350708,
    -0.6642335950268264,
    -0.6641418333334499,
    -0.6640500652427129,
    -0.6639582873815308,
    -0.6638664967047514,
    -0.6637746904842753,
    -0.6636828662984977,
    -0.6635910220220602,
    -0.6634991558159109,
    -0.6634072661176587,
    -0.6633153516322072,
    -0.6632234113226633,
    -0.6631314444015175,
    -0.6630394503220897,
    -0.662947428770225,
    -0.662855379656237,
    -0.6627633031070969,
    -0.6626711994588637,
    -0.6625790692493491,
    -0.6624869132110034,
    -0.6623947322640121,
    -0.6623025275095973,
    -0.6622103002235246,
    -0.6621180518498104,
    -0.6620257839946185,
    -0.6619334984203379,
    -0.6618411970398426,
    -0.6617488819109294,
    -0.6616565552309243,
    -0.6615642193314514,
    -0.6614718766733619,
    -0.6613795298418205,
    -0.6612871815415413,
    -0.6611948345921708,
    -0.6611024919238112,
    -0.6610101565726846,
    -0.660917831676935,
    -0.6608255204725604,
    -0.660733226289468,
    -0.6606409525476524,
    -0.6605487027534959,
    -0.6604564804961817,
    -0.6603642894442203,
    -0.660272133342084,
    -0.6601800160069476,
    -0.6600879413255338,
    -0.6599959132510556,
    -0.6599039358002585,
    -0.6598120130505561,
    -0.6597201491372555,
    -0.659628348250871,
    -0.6595366146345175,
    -0.6594449525813848,
    -0.6593533664322966,
    -0.6592618605733572,
    -0.6591704394336727,
    -0.6590791074831456,
    -0.6589878692303425,
    -0.6588967292204331,
    -0.6588056920331951,
    -0.6587147622810843,
    -0.6586239446073694,
    -0.6585332436843291,
    -0.6584426642115098,
    -0.6583522109140427,
    -0.6582618885410159,
    -0.6581717018639021,
    -0.6580816556750402,
    -0.6579917547861702,
    -0.6579020040270154,
    -0.6578124082439144,
    -0.6577229722984997,
    -0.6576337010664219,
    -0.6575445994361165,
    -0.657455672307614,
    -0.6573669245913935,
    -0.6572783612072752,
    -0.657189987083356,
    -0.6571018071549799,
    -0.6570138263637475,
    -0.6569260496565602,
    -0.6568384819846966,
    -0.6567511283029152,
    -0.6566639895911275,
    -0.6565770668310238,
    -0.6564903610052794,
    -0.6564038730967939,
    -0.6563176040879565,
    -0.6562315549599366,
    -0.6561457266920033,
    -0.6560601202608732,
    -0.6559747366400841,
    -0.6558895767993943,
    -0.6558046417042032,
    -0.6557199323149974,
    -0.655635449586818,
    -0.6555511944687478,
    -0.6554671679034212,
    -0.6553833708265544,
    -0.6552998041664961,
    -0.6552164688437937,
    -0.6551333657707682,
    -0.655050495851113,
    -0.6549678599795137,
    -0.654885459041288,
    -0.6548032939120417,
    -0.6547213654573413,
    -0.6546396745324004,
    -0.6545582219817807,
    -0.6544770086391074,
    -0.6543960353268002,
    -0.6543153028558177,
    -0.6542348120254151,
    -0.6541545636229069,
    -0.6540745584234396,
    -0.6539947971897765,
    -0.6539152806721006,
    -0.653836009607831,
    -0.6537569847214473,
    -0.6536782067243256,
    -0.6535996763145834,
    -0.6535213941769349,
    -0.6534433609825547,
    -0.6533655773889521,
    -0.6532880440398531,
    -0.653210761565094,
    -0.653133730580519,
    -0.6530569516878857,
    -0.6529804254747773,
    -0.6529041525145253,
    -0.652828133366136,
    -0.652752368574226,
    -0.6526768586689623,
    -0.6526016041660067,
    -0.6525266055664641,
    -0.6524518633568392,
    -0.6523773780090014,
    -0.6523031499801546,
    -0.6522291797128137,
    -0.6521554676347847,
    -0.6520820141591513,
    -0.6520088196842668,
    -0.6519358845937494,
    -0.651863209256481,
    -0.6517907940266101,
    -0.6517186392435594,
    -0.6516467452320375,
    -0.6515751123020531,
    -0.6515037407489337,
    -0.6514326308533471,
    -0.6513617828813274,
    -0.651291197084302,
    -0.6512208736991246,
    -0.6511508129481094,
    -0.6510810150390682,
    -0.6510114801653507,
    -0.6509422085058855,
    -0.6508732002252239,
    -0.6508044554735849,
    -0.6507359743869012,
    -0.6506677570868686,
    -0.6505998036809972,
    -0.6505321142626693,
    -0.6504646889111952,
    -0.6503975276918729,
    -0.6503306306560492,
    -0.6502639978411822,
    -0.6501976292709046,
    -0.6501315249550902,
    -0.650065684889919,
    -0.6500001090579457,
    -0.6499347974281692,
    -0.6498697499561027,
    -0.6498049665838455,
    -0.6497404472401554,
    -0.6496761918405228,
    -0.6496122002872446,
    -0.649548472469501,
    -0.6494850082634305,
    -0.6494218075322078,
    -0.6493588701261197,
    -0.6492961958826439,
    -0.6492337846265266,
    -0.649171636169864,
    -0.6491097503121813,
    -0.6490481268405149,
    -0.6489867655294925,
    -0.648925666141415,
    -0.6488648284263372,
    -0.6488042521221518,
    -0.648743936954672,
    -0.6486838826377149,
    -0.6486240888731831,
    -0.6485645553511465,
    -0.6485052817499279,
    -0.6484462677361844,
    -0.6483875129649925,
    -0.6483290170799308,
    -0.648270779713164,
    -0.6482128004855245,
    -0.6481550790065963,
    -0.6480976148747978,
    -0.6480404076774657,
    -0.647983456990939,
    -0.6479267623806422,
    -0.6478703234011699,
    -0.6478141395963698,
    -0.6477582104994248,
    -0.6477025356329369,
    -0.6476471145090105,
    -0.6475919466293344,
    -0.647537031485265,
    -0.6474823685579086,
    -0.647427957318204,
    -0.6473737972270033,
    -0.6473198877351523,
    -0.6472662282835708,
    -0.6472128183033347,
    -0.6471596572157537,
    -0.6471067444324538,
    -0.647054079355455,
    -0.6470016613772529,
    -0.646949489880896,
    -0.646897564240066,
    -0.6468458838191561,
    -0.6467944479733511,
    -0.6467432560487021,
    -0.6466923073822044,
    -0.6466416013018731,
    -0.6465911371268208,
    -0.6465409141673333,
    -0.6464909317249464,
    -0.6464411890925216,
    -0.6463916855543214,
    -0.6463424203860849,
    -0.6462933928551018,
    -0.6462446022202865,
    -0.646196047732253,
    -0.6461477286333904,
    -0.6460996441579361,
    -0.6460517935320491,
    -0.6460041759738817,
    -0.6459567906936513,
    -0.645909636893712,
    -0.6458627137686231,
    -0.6458160205052177,
    -0.6457695562826645,
    -0.6457233202725263,
    -0.6456773116388232,
    -0.645631529538102,
    -0.6455859731195047,
    -0.645540641524836,
    -0.6454955338886269,
    -0.6454506493381958,
    -0.6454059869937113,
    -0.6453615459682523,
    -0.645317325367875,
    -0.6452733242916786,
    -0.6452295418318698,
    -0.6451859770738206,
    -0.645142629096129,
    -0.6450994969706801,
    -0.645056579762712,
    -0.6450138765308743,
    -0.6449713863272858,
    -0.6449291081975914,
    -0.6448870411810228,
    -0.6448451843104619,
    -0.6448035366125016,
    -0.6447620971075024,
    -0.6447208648096486,
    -0.644679838727003,
    -0.644639017861563,
    -0.644598401209313,
    -0.6445579877602811,
    -0.6445177764986002,
    -0.6444777664025769,
    -0.6444379564447572,
    -0.6443983455919888,
    -0.6443589328054824,
    -0.6443197170408732,
    -0.6442806972482789,
    -0.6442418723723506,
    -0.6442032413523016,
    -0.6441648031219206,
    -0.6441265566096005,
    -0.6440885007383765,
    -0.6440506344259678,
    -0.6440129565848277,
    -0.643975466122209,
    -0.6439381619402138,
    -0.6439010429358337,
    -0.6438641080009958,
    -0.6438273560226114,
    -0.6437907858826304,
    -0.6437543964580914,
    -0.643718186621145,
    -0.6436821552390666,
    -0.6436463011743095,
    -0.6436106232845931,
    -0.6435751204230088,
    -0.6435397914381374,
    -0.6435046351741429,
    -0.6434696504708335,
    -0.6434348361637078,
    -0.6434001910840109,
    -0.6433657140588229,
    -0.6433314039111842,
    -0.6432972594602421,
    -0.6432632795213754,
    -0.6432294629062393,
    -0.6431958084226913,
    -0.6431623148746358,
    -0.6431289810619167,
    -0.6430958057803324,
    -0.6430627878217171,
    -0.6430299259740205,
    -0.6429972190214033,
    -0.6429646657443525,
    -0.6429322649197746,
    -0.6429000153210394,
    -0.6428679157180123,
    -0.6428359648771158,
    -0.642804161561433,
    -0.642772504530792,
    -0.6427409925417907,
    -0.6427096243478061,
    -0.6426783986990247,
    -0.6426473143425011,
    -0.642616370022171,
    -0.6425855644787035,
    -0.6425548964492431,
    -0.6425243646672402,
    -0.6424939678624405,
    -0.6424637047609663,
    -0.6424335740854049,
    -0.6424035745548596,
    -0.6423737048849997,
    -0.6423439637881413,
    -0.6423143499733123,
    -0.6422848621462608,
    -0.6422554990094533,
    -0.642226259262121,
    -0.6421971416003294,
    -0.642168144717049,
    -0.642139267302222,
    -0.6421105080428277,
    -0.6420818656229546,
    -0.6420533387238665,
    -0.642024926024027,
    -0.6419966261991037,
    -0.6419684379219845,
    -0.6419403598627975,
    -0.6419123906889429,
    -0.6418845290651383,
    -0.64185677365344,
    -0.6418291231132484,
    -0.6418015761013253,
    -0.6417741312718037,
    -0.6417467872762053,
    -0.6417195427634865,
    -0.6416923963800825,
    -0.6416653467699169,
    -0.6416383925743772,
    -0.6416115324322645,
    -0.6415847649797466,
    -0.6415580888503307,
    -0.6415315026748635,
    -0.6415050050815505,
    -0.6414785946960047,
    -0.6414522701413148,
    -0.6414260300381052,
    -0.6413998730045667,
    -0.6413737976564838,
    -0.6413478026072603,
    -0.6413218864679384,
    -0.6412960478472266,
    -0.6412702853515383,
    -0.6412445975850263,
    -0.64121898314961,
    -0.6411934406450097,
    -0.641167968668779,
    -0.6411425658163264,
    -0.6411172306809351,
    -0.6410919618537968,
    -0.6410667579240541,
    -0.6410416174788308,
    -0.6410165391032551,
    -0.6409915213804893,
    -0.6409665628917538,
    -0.6409416622163416,
    -0.6409168179316219,
    -0.6408920286130503,
    -0.6408672928341826,
    -0.6408426091666822,
    -0.6408179761803272,
    -0.6407933924430402,
    -0.6407688565209223,
    -0.6407443669782728,
    -0.6407199223776013,
    -0.6406955212796366,
    -0.6406711622433343,
    -0.6406468438259044,
    -0.6406225645828598,
    -0.6405983230680471,
    -0.6405741178336438,
    -0.6405499474301555,
    -0.6405258104064293,
    -0.640501705309663,
    -0.6404776306854111,
    -0.6404535850776139,
    -0.6404295670286354,
    -0.640405575079285,
    -0.6403816077688215,
    -0.6403576636349652,
    -0.6403337412139225,
    -0.6403098390404026,
    -0.6402859556476252,
    -0.6402620895673264,
    -0.6402382393297573,
    -0.6402144034636903,
    -0.6401905804964291,
    -0.6401667689538014,
    -0.6401429673601434,
    -0.6401191742383038,
    -0.6400953881096664,
    -0.6400716074941621,
    -0.6400478309102698,
    -0.6400240568750328,
    -0.6400002839041035,
    -0.6399765105117816,
    -0.639952735211025,
    -0.6399289565134321,
    -0.6399051729292197,
    -0.6398813829672333,
    -0.639857585134971,
    -0.6398337779385731,
    -0.6398099598827814,
    -0.6397861294709353,
    -0.6397622852050097,
    -0.6397384255856282,
    -0.6397145491120231,
    -0.6396906542819929,
    -0.6396667395918891,
    -0.6396428035366074,
    -0.6396188446095787,
    -0.6395948613027518,
    -0.6395708521065301,
    -0.6395468155096989,
    -0.6395227499993942,
    -0.6394986540610772,
    -0.6394745261784779,
    -0.6394503648335448,
    -0.6394261685064025,
    -0.6394019356752647,
    -0.6393776648163382,
    -0.639353354403787,
    -0.6393290029096813,
    -0.639304608803846,
    -0.6392801705537999,
    -0.6392556866250402,
    -0.6392311554815323,
    -0.6392065755859084,
    -0.6391819453991269,
    -0.6391572633799633,
    -0.639132527984941,
    -0.6391077376688418,
    -0.639082890885494,
    -0.6390579860887038,
    -0.6390330217332748,
    -0.6390079962752565,
    -0.6389829081706088,
    -0.638957755873554,
    -0.6389325378362771,
    -0.638907252510107,
    -0.6388818983466574,
    -0.6388564737965211,
    -0.6388309773059655,
    -0.6388054073137646,
    -0.6387797622491974,
    -0.6387540405318995,
    -0.6387282405718565,
    -0.6387023607671328,
    -0.6386763995008613,
    -0.6386503551403854,
    -0.6386242260379922,
    -0.6385980105310335,
    -0.6385717069396573,
    -0.6385453135595611,
    -0.6385188286506329,
    -0.6384922504276949,
    -0.638465577055414,
    -0.6384388066378622,
    -0.6384119371900053,
    -0.6383849665858828,
    -0.6383578924854229,
    -0.6383307122379231,
    -0.6383034227176883,
    -0.6382760199670359,
    -0.6382484984419633,
    -0.6382208494369521,
    -0.6381930564946773,
    -0.6381650653129342,
    -0.6381356668909992,
    -0.6380981173788176,
    -0.6380481627556404,
    -0.6379929985786006,
    -0.6379385952923492,
    -0.6378850467962904,
    -0.6378323372774172,
    -0.6377804432149317,
    -0.6377293382883725,
    -0.6376789952136659,
    -0.6376293865578594,
    -0.6375804851178339,
    -0.6375322641040883,
    -0.6374846972337682,
    -0.6374377587805273,
    -0.6373914236043166,
    -0.6373456671690941,
    -0.6373004655486734,
    -0.6372557954237316,
    -0.6372116340750291,
    -0.6371679593747287,
    -0.6371247497756055,
    -0.6370819842984548,
    -0.6370396425185202,
    -0.636997704551892,
    -0.6369561510424905,
    -0.636914963149362,
    -0.6368741225337168,
    -0.6368336113456056,
    -0.6367934122106053,
    -0.6367535082168749,
    -0.636713882902632,
    -0.636674520243933,
    -0.6366354046426701,
    -0.6365965209147407,
    -0.6365578542784203,
    -0.6365193903430033,
    -0.6364811150977604,
    -0.636443014901196,
    -0.6364050764705893,
    -0.6363672868718181,
    -0.6363296335094372,
    -0.6362921041169969,
    -0.6362546867476268,
    -0.6362173697648894,
    -0.6361801418338885,
    -0.6361429919126341,
    -0.6361059092436411,
    -0.6360688833457503,
    -0.6360319040061797,
    -0.6359949612728028,
    -0.6359580454466471,
    -0.6359211470746108,
    -0.6358842569423778,
    -0.6358473660675203,
    -0.6358104656927889,
    -0.6357735472796014,
    -0.635736602501715,
    -0.635699623239067,
    -0.6356626015717967,
    -0.6356255297744521,
    -0.6355884003103541,
    -0.6355512058261003,
    -0.6355139391462317,
    -0.6354765932680647,
    -0.635439161356673,
    -0.6354016367400185,
    -0.6353640129042222,
    -0.6353262834889641,
    -0.6352884422830071,
    -0.6352504832198481,
    -0.6352124003734949,
    -0.6351741879543666,
    -0.6351358403053086,
    -0.6350973518977181,
    -0.6350587173277814,
    -0.6350199313128153,
    -0.6349809886877159,
    -0.6349418844015079,
    -0.6349026135139922,
    -0.6348631733489211,
    -0.6348235613344049,
    -0.6347837749998432,
    -0.63474381197294,
    -0.6347036699768053,
    -0.6346633468271359,
    -0.6346228404294785,
    -0.6345821487765696,
    -0.634541269945755,
    -0.6345002020964833,
    -0.6344589434678685,
    -0.6344174923763216,
    -0.6343758472132524,
    -0.6343340064428351,
    -0.6342919685998418,
    -0.6342497322875341,
    -0.6342072961756176,
    -0.6341646589982545,
    -0.6341218195521331,
    -0.6340787766945939,
    -0.6340355293418076,
    -0.6339920764670051,
    -0.633948417098758,
    -0.6339045503193123,
    -0.63386047526297,
    -0.6338161911145156,
    -0.6337716971076875,
    -0.6337269925236914,
    -0.6336820766897605,
    -0.633636948977758,
    -0.6335916088028196,
    -0.6335460556220344,
    -0.633500288933162,
    -0.6334543082733873,
    -0.6334081132181097,
    -0.6333617033797699,
    -0.6333150784067075,
    -0.6332682379820562,
    -0.633221181822668,
    -0.6331739096780721,
    -0.6331264213294616,
    -0.6330787165887092,
    -0.633030795297413,
    -0.632982657325969,
    -0.6329343025726702,
    -0.6328857309628323,
    -0.632836942447943,
    -0.6327879370048385,
    -0.6327387146349017,
    -0.6326892753632879,
    -0.6326396192381722,
    -0.6325897463300185,
    -0.6325396567308693,
    -0.6324893505536585,
    -0.6324388279315394,
    -0.6323880890172344,
    -0.6323371339824044,
    -0.6322859630170362,
    -0.6322345763288478,
    -0.6321829741427099,
    -0.6321311567000886,
    -0.6320791242585037,
    -0.6320268770910026,
    -0.6319744154856517,
    -0.6319217397450395,
    -0.6318688501857944,
    -0.631815747138118,
    -0.6317624309453312,
    -0.6317089019634349,
    -0.6316551605606822,
    -0.6316012071171657,
    -0.6315470420244184,
    -0.6314926656850259,
    -0.631438078512247,
    -0.6313832809296448,
    -0.6313282733707317,
    -0.6312730562786261,
    -0.6312176301057155,
    -0.6311619953133315,
    -0.6311061523714339,
    -0.6310501017583058,
    -0.6309938439602608,
    -0.6309373794713554,
    -0.6308807087931121,
    -0.6308238324342484,
    -0.6307667509104152,
    -0.6307094647439434,
    -0.6306519744636034,
    -0.6305942806043706,
    -0.6305363837071958,
    -0.6304782843187817,
    -0.6304199829913703,
    -0.6303614802825384,
    -0.6303027767549974,
    -0.630243872976401,
    -0.6301847695191589,
    -0.6301254669602511,
    -0.6300659658810479,
    -0.6300062668671363,
    -0.6299463705081588,
    -0.6298862773976583,
    -0.6298259881329272,
    -0.6297655033148578,
    -0.6297048235478032,
    -0.6296439494394436,
    -0.629582881600652,
    -0.6295216206453597,
    -0.6294601671904269
]