[
    -0.5993103354501097,
    -0.599398849374786,
    -0.6049652339479067,
    -0.6047910543142432,
    -0.6046248172301144,
    -0.6044662755671262,
    -0.6043151892992431,
    -0.6041713253016713,
    -0.6040344571554167,
    -0.6039043649573582,
    -0.6037808351356797,
    -0.603663660270512,
    -0.6035526389196377,
    -0.6034475754491149,
    -0.6033482798686822,
    -0.60325456767181,
    -0.6031662596802649,
    -0.6030831818930652,
    -0.6030051653396966,
    -0.6029320459374745,
    -0.6028636643529355,
    -0.6027998658671407,
    -0.6027405002447851,
    -0.6026854216069992,
    -0.6026344883077446,
    -0.602587562813698,
    -0.6025445115875278,
    -0.6025052049744652,
    -0.6024695170920856,
    -0.6024373257231964,
    -0.6024085122117533,
    -0.6023829613617135,
    -0.6023605613387493,
    -0.602341203574738,
    -0.6023247826749546,
    -0.602311196327879,
    -0.6023003452175545,
    -0.602292132938424,
    -0.6022864659125751,
    -0.6022832533093191,
    -0.6022824069670455,
    -0.6022838413172875,
    -0.6022874733109341,
    -0.6022932223465264,
    -0.6023010102005837,
    -0.6023107609599017,
    -0.6023224009557612,
    -0.602335858699998,
    -0.602351064822879,
    -0.6023679520127346,
    -0.6023864549572859,
    -0.6024065102866327,
    -0.6024280565178556,
    -0.6024510340011908,
    -0.6024753848677421,
    -0.602501052978676,
    -0.6025279838758463,
    -0.602556124733799,
    -0.6025854243131336,
    -0.6026158329152073,
    -0.6026473023381316,
    -0.602679785834,
    -0.6027132380673086,
    -0.602747615074539,
    -0.6027828742248855,
    -0.6028189741821277,
    -0.6028558748676042,
    -0.6028935374242258,
    -0.602931924181492,
    -0.6029709986214883,
    -0.6030107253458623,
    -0.603051070043728,
    -0.6030919994604496,
    -0.6031334813672988,
    -0.6031754845319949,
    -0.6032179786900883,
    -0.6032609345171214,
    -0.6033043236015551,
    -0.6033481184184784,
    -0.6033922923040472,
    -0.6034368194306002,
    -0.6034816747825187,
    -0.6035268341329704,
    -0.6035722740214987,
    -0.6036179717322182,
    -0.6036639052724879,
    -0.6037100533520909,
    -0.6037563953629796,
    -0.6038029113596866,
    -0.6038495820403486,
    -0.6038963887281841,
    -0.6039433133534589,
    -0.6039903384360288,
    -0.6040374470683849,
    -0.6040846228991433,
    -0.604131850117022,
    -0.6041791134353262,
    -0.6042263980768565,
    -0.6042736897592227,
    -0.6043209746805791,
    -0.6043682395056874,
    -0.60441547135231,
    -0.6044626577780283,
    -0.6045097867674458,
    -0.604556846719663,
    -0.6046038264359663,
    -0.6046507151078626,
    -0.6046975023056725,
    -0.6047441779675464,
    -0.6047907323886232,
    -0.6048371562103982,
    -0.6048834404104281,
    -0.6049295762923661,
    -0.6049755554763511,
    -0.6050213698897109,
    -0.605067011757925,
    -0.6051124735958834,
    -0.6051577481993836,
    -0.6052028286367467,
    -0.6052477082405968,
    -0.6052923805999374,
    -0.6053368395525455,
    -0.6053810791776235,
    -0.6054250937886844,
    -0.6054688779266376,
    -0.6055124263530581,
    -0.6055557340436449,
    -0.6055987961818885,
    -0.6056416081529247,
    -0.6056841655375622,
    -0.6057264641064849,
    -0.6057684998146271,
    -0.6058102687957078,
    -0.6058517673569238,
    -0.6058929919737993,
    -0.6059339392851751,
    -0.6059746060883375,
    -0.6060149893342837,
    -0.60605508612313,
    -0.6060948936996567,
    -0.6061344094489761,
    -0.6061736308923258,
    -0.6062125556829809,
    -0.6062511816022774,
    -0.6062895065557541,
    -0.6063275285694011,
    -0.6063652457860136,
    -0.6064026564616475,
    -0.6064397589621812,
    -0.6064765517599789,
    -0.6065130334306471,
    -0.6065492026498835,
    -0.6065850581904166,
    -0.606620598919033,
    -0.6066558237936913,
    -0.6066907318607218,
    -0.6067253222521038,
    -0.6067595941828228,
    -0.6067935469483031,
    -0.6068271799219165,
    -0.6068604925525638,
    -0.6068934843623318,
    -0.606926154944219,
    -0.6069585039599246,
    -0.6069905311376946,
    -0.6070222362702297,
    -0.607053619212652,
    -0.6070846798805332,
    -0.6071154182479825,
    -0.6071458343457906,
    -0.6071759282596293,
    -0.6072057001283021,
    -0.6072351501420461,
    -0.6072642785408829,
    -0.6072930856130181,
    -0.6073215716932883,
    -0.6073497371616536,
    -0.6073775824417313,
    -0.6074051079993752,
    -0.6074323143412974,
    -0.6074592020137313,
    -0.607485771601135,
    -0.6075120237249305,
    -0.6075379590422811,
    -0.6075635782449061,
    -0.6075888820579304,
    -0.60761387123877,
    -0.607638546576049,
    -0.6076629088885469,
    -0.6076869590241787,
    -0.607710697859005,
    -0.6077341262962715,
    -0.6077572452654783,
    -0.6077800557214745,
    -0.6078025586435845,
    -0.6078247550347577,
    -0.6078466459207439,
    -0.6078682323492938,
    -0.6078895153893826,
    -0.6079104961304586,
    -0.6079311756817136,
    -0.607951555171375,
    -0.6079716357460209,
    -0.607991418569914,
    -0.6080109048243589,
    -0.6080300957070761,
    -0.6080489924315948,
    -0.608067596226666,
    -0.608085908335691,
    -0.6081039300161697,
    -0.608121662539166,
    -0.6081391071887878,
    -0.6081562652616854,
    -0.6081731380665645,
    -0.6081897269237124,
    -0.6082060331645416,
    -0.6082220581311453,
    -0.6082378031758682,
    -0.6082532696608915,
    -0.6082684589578279,
    -0.6082833724473308,
    -0.6082980115187159,
    -0.6083123775695953,
    -0.6083264720055211,
    -0.6083402962396429,
    -0.6083538516923732,
    -0.6083671397910679,
    -0.6083801619697118,
    -0.6083929196686175,
    -0.6084054143341335,
    -0.6084176474183585,
    -0.6084296203788687,
    -0.6084413346784527,
    -0.6084527917848539,
    -0.6084639931705229,
    -0.6084749403123771,
    -0.6084856346915682,
    -0.6084960777932575,
    -0.6085062711063982,
    -0.6085162161235259,
    -0.6085259143405554,
    -0.6085353672565834,
    -0.6085445763737,
    -0.6085535431968044,
    -0.6085622692334296,
    -0.6085707559935714,
    -0.6085790049895222,
    -0.6085870177357116,
    -0.6085947957485515,
    -0.6086023405462861,
    -0.6086096536488488,
    -0.6086167365777206,
    -0.608623590855797,
    -0.6086302180072574,
    -0.6086366195574406,
    -0.6086427970327238,
    -0.608648751960406,
    -0.6086544858685947,
    -0.6086600002860985,
    -0.6086652967423208,
    -0.6086703767671613,
    -0.6086752418909182,
    -0.6086798936441948,
    -0.6086843335578099,
    -0.608688563162711,
    -0.6086925839898912,
    -0.6086963975703088,
    -0.6087000054348092,
    -0.6087034091140522,
    -0.6087066101384389,
    -0.6087096100380448,
    -0.6087124103425532,
    -0.6087150125811909,
    -0.608717418282668,
    -0.6087196289751193,
    -0.6087216461860484,
    -0.6087234714422743,
    -0.6087251062698797,
    -0.6087265521941618,
    -0.6087278107395849,
    -0.6087288834297351,
    -0.6087297717872767,
    -0.6087304773339123,
    -0.6087310015903412,
    -0.6087313460762235,
    -0.6087315123101423,
    -0.6087315018095709,
    -0.608731316090839,
    -0.6087309566691015,
    -0.6087304250583093,
    -0.6087297227711806,
    -0.6087288513191753,
    -0.6087278122124684,
    -0.6087266069599265,
    -0.6087252370690853,
    -0.6087237040461272,
    -0.6087220093958613,
    -0.6087201546217038,
    -0.6087181412256603,
    -0.608715970708308,
    -0.608713644568781,
    -0.6087111643047539,
    -0.6087085314124292,
    -0.6087057473865233,
    -0.608702813720254,
    -0.60869973190533,
    -0.6086965034319394,
    -0.6086931297887401,
    -0.6086896124628524,
    -0.6086859529398494,
    -0.6086821527037499,
    -0.6086782132370129,
    -0.6086741360205293,
    -0.6086699225336186,
    -0.6086655742540232,
    -0.6086610926579047,
    -0.6086564792198411,
    -0.6086517354128234,
    -0.6086468627082532,
    -0.6086418625759419,
    -0.6086367364841074,
    -0.6086314858993751,
    -0.6086261122867759,
    -0.6086206171097474,
    -0.6086150018301343,
    -0.6086092679081891,
    -0.6086034168025735,
    -0.6085974499703604,
    -0.6085913688670352,
    -0.6085851749464991,
    -0.6085788696610702,
    -0.608572454461488,
    -0.6085659307969172,
    -0.6085593001149527,
    -0.6085525638616249,
    -0.6085457234814035,
    -0.6085387804172019,
    -0.6085317361103842,
    -0.6085245920007684,
    -0.6085173495266325,
    -0.6085100101247203,
    -0.6085025752302458,
    -0.6084950462769007,
    -0.6084874246968589,
    -0.6084797119207852,
    -0.6084719093778399,
    -0.6084640184956871,
    -0.6084560407005,
    -0.608447977416969,
    -0.6084398300683082,
    -0.6084316000762633,
    -0.6084232888611202,
    -0.6084148978417112,
    -0.6084064284354236,
    -0.6083978820582058,
    -0.6083892601245756,
    -0.6083805640476292,
    -0.6083717952390483,
    -0.6083629551091096,
    -0.6083540450666913,
    -0.6083450665192818,
    -0.6083360208729877,
    -0.6083269095325411,
    -0.6083177339013096,
    -0.6083084953813043,
    -0.6082991953731893,
    -0.6082898352762897,
    -0.6082804164885993,
    -0.6082709404067894,
    -0.6082614084262168,
    -0.608251821940931,
    -0.608242182343685,
    -0.6082324910259416,
    -0.608222749377884,
    -0.6082129587884233,
    -0.6082031206452065,
    -0.608193236334625,
    -0.6081833072418223,
    -0.6081733347507009,
    -0.6081633202439333,
    -0.6081532651029709,
    -0.608143170708053,
    -0.6081330384382139,
    -0.6081228696712905,
    -0.6081126657839299,
    -0.6081024281515967,
    -0.6080921581485792,
    -0.6080818571480002,
    -0.6080715265218238,
    -0.6080611676408646,
    -0.6080507818747956,
    -0.6080403705921551,
    -0.6080299351603539,
    -0.6080194769456797,
    -0.608008997313303,
    -0.6079984976272806,
    -0.607987979250562,
    -0.6079774435449946,
    -0.6079668918713291,
    -0.6079563255892249,
    -0.607945746057258,
    -0.6079351546329254,
    -0.6079245526726503,
    -0.6079139415317879,
    -0.6079033225646305,
    -0.6078926971244165,
    -0.60788206656334,
    -0.607871432232569,
    -0.6078607954822713,
    -0.6078501576616308,
    -0.6078395201188358,
    -0.6078288842010454,
    -0.6078182512543607,
    -0.6078076226238122,
    -0.6077969996533468,
    -0.6077863836858192,
    -0.6077757760629906,
    -0.6077651781255294,
    -0.6077545912130272,
    -0.6077440166640292,
    -0.6077334558160398,
    -0.6077229100054996,
    -0.6077123805677823,
    -0.6077018688372366,
    -0.6076913761472239,
    -0.6076809038301811,
    -0.6076704532177751,
    -0.6076600256410651,
    -0.6076496224305862,
    -0.6076392449163968,
    -0.6076288944281318,
    -0.6076185722951142,
    -0.6076082798465579,
    -0.6075980184117686,
    -0.6075877893201942,
    -0.6075775939011712,
    -0.6075674334834813,
    -0.6075573093950852,
    -0.6075472229631278,
    -0.6075371755140159,
    -0.6075271683734232,
    -0.6075172028662302,
    -0.6075072803165171,
    -0.6074974020476338,
    -0.6074875693822036,
    -0.6074777836420324,
    -0.607468046148059,
    -0.6074583582203877,
    -0.6074487211783468,
    -0.6074391363405244,
    -0.607429605024768,
    -0.6074201285482238,
    -0.6074107082274476,
    -0.607401345378451,
    -0.6073920413166083,
    -0.6073827973565291,
    -0.6073736148120081,
    -0.6073644949960745,
    -0.6073554392210905,
    -0.607346448798812,
    -0.6073375250403682,
    -0.6073286692562276,
    -0.6073198827561732,
    -0.6073111668492761,
    -0.607302522843921,
    -0.6072939520478656,
    -0.6072854557682312,
    -0.6072770353114935,
    -0.6072686919835285,
    -0.6072604270895603,
    -0.6072522419339557,
    -0.6072441378200175,
    -0.6072361160499997,
    -0.6072281779253432,
    -0.6072203247468727,
    -0.6072125578148715,
    -0.6072048784291191,
    -0.6071972878886883,
    -0.6071897874914127,
    -0.6071823785336304,
    -0.6071750623105592,
    -0.6071678401165544,
    -0.6071607132447748,
    -0.6071536829868722,
    -0.6071467506332363,
    -0.6071399174734701,
    -0.6071331847966069,
    -0.6071265538910042,
    -0.6071200260440803,
    -0.6071136025421459,
    -0.6071072846703961,
    -0.6071010737128454,
    -0.6070949709521454,
    -0.6070889776693619,
    -0.6070830951437707,
    -0.6070773246529018,
    -0.6070716674726679,
    -0.6070661248770542,
    -0.6070606981374939,
    -0.6070553885226662,
    -0.6070501972988708,
    -0.6070451257302097,
    -0.6070401734512161,
    -0.6070353400923346,
    -0.607030625278637,
    -0.6070260286294854,
    -0.607021549758778,
    -0.6070171882746668,
    -0.6070129437781316,
    -0.6070088158612321,
    -0.607004804104955,
    -0.6070009080743762,
    -0.606997127311676,
    -0.6069934613302347,
    -0.6069899096080351,
    -0.6069864715700474,
    -0.6069831465504661,
    -0.6069799337380317,
    -0.6069768321145995,
    -0.6069738403989506,
    -0.6069709569846283,
    -0.6069681797495547,
    -0.6069655052684867,
    -0.6069629250025685,
    -0.6069604039931998,
    -0.6069572513879201,
    -0.6069519086814512,
    -0.6069442068643451,
    -0.606935861738528,
    -0.6069278641614627,
    -0.606920212580784,
    -0.6069128985384261,
    -0.6069059139871184,
    -0.6068992524555666,
    -0.6068929079711295,
    -0.6068868745677061,
    -0.6068811461966177,
    -0.6068757167804901,
    -0.606870580279243,
    -0.6068657307349747,
    -0.6068611622997988,
    -0.6068568692520441,
    -0.6068528460050705,
    -0.6068490871116026,
    -0.6068455872645668,
    -0.6068423412949382,
    -0.606839344168069,
    -0.606836590979969,
    -0.6068340769536444,
    -0.6068317974354983,
    -0.6068297478921475,
    -0.6068279239075324,
    -0.6068263211800241,
    -0.6068249355195097,
    -0.606823762844546,
    -0.6068227991796588,
    -0.6068220406526559,
    -0.6068214834917875,
    -0.6068211240230016,
    -0.6068209586675855,
    -0.606820983940004,
    -0.606821196445673,
    -0.6068215928786709,
    -0.6068221700194809,
    -0.6068229247327712,
    -0.6068238539651766,
    -0.6068249547430759,
    -0.6068262241703942,
    -0.6068276594264591,
    -0.6068292577639061,
    -0.6068310165066195,
    -0.6068329330477331,
    -0.6068350048476889,
    -0.6068372294323432,
    -0.6068396043911061,
    -0.6068421273751241,
    -0.6068447960955168,
    -0.6068476083216626,
    -0.606850561879528,
    -0.6068536546500436,
    -0.6068568845675276,
    -0.6068602496181501,
    -0.6068637478384343,
    -0.6068673773138029,
    -0.6068711361771676,
    -0.606875022607564,
    -0.6068790348288172,
    -0.6068831711082425,
    -0.6068874297553848,
    -0.6068918091207972,
    -0.6068963075948511,
    -0.6069009236065741,
    -0.6069056556225213,
    -0.6069105021456854,
    -0.6069154617144356,
    -0.6069205329014825,
    -0.6069257143128747,
    -0.606931004587022,
    -0.6069364023937499,
    -0.6069419064333778,
    -0.6069475154358248,
    -0.606953228159744,
    -0.6069590433916803,
    -0.6069649599452543,
    -0.606970976660365,
    -0.6069770924024166,
    -0.6069833060615728,
    -0.6069896165520344,
    -0.6069960228113347,
    -0.6070025237996496,
    -0.6070091184991271,
    -0.6070158059132359,
    -0.607022585066132,
    -0.607029455002044,
    -0.607036414784673,
    -0.6070434634966123,
    -0.6070506002387842,
    -0.6070578241298948,
    -0.6070651343059027,
    -0.6070725299195043,
    -0.6070800101396322,
    -0.6070875741509668,
    -0.6070952211534624,
    -0.6071029503618861,
    -0.607110761005373,
    -0.6071186523269934,
    -0.6071266235833327,
    -0.6071346740440852,
    -0.607142802991657,
    -0.6071510097207806,
    -0.6071592935381407,
    -0.6071676537620109,
    -0.6071760897219025,
    -0.6071846007582221,
    -0.6071931862219363,
    -0.6072018454742492,
    -0.607210577886288,
    -0.6072193828387972,
    -0.6072282597218439,
    -0.6072372079345303,
    -0.6072462268847159,
    -0.607255315988747,
    -0.6072644746711936,
    -0.6072737023645947,
    -0.6072829985092083,
    -0.6072923625527713,
    -0.6073017939502638,
    -0.6073112921636827,
    -0.6073208566618198,
    -0.6073304869200493,
    -0.6073401824201207,
    -0.6073499426499578,
    -0.6073597671034642,
    -0.6073696552803336,
    -0.6073796066858669,
    -0.6073896208307926,
    -0.607399697231093,
    -0.6074098354078361,
    -0.6074200348870116,
    -0.6074302951993706,
    -0.6074406158802732,
    -0.6074509964695385,
    -0.6074614365113007,
    -0.6074719355538662,
    -0.6074824931495794,
    -0.6074931088546863,
    -0.607503782229207,
    -0.6075145128368112,
    -0.6075253002446963,
    -0.6075361440234701,
    -0.6075470437470375,
    -0.6075579989924883,
    -0.6075690093399909,
    -0.6075800743726876,
    -0.6075911936765935,
    -0.6076023668404986,
    -0.6076135934558725,
    -0.6076248731167713,
    -0.6076362054197497,
    -0.6076475899637729,
    -0.6076590263501338,
    -0.6076705141823703,
    -0.607682053066186,
    -0.6076936426093741,
    -0.6077052824217428,
    -0.607716972115042,
    -0.6077287113028934,
    -0.6077404996007219,
    -0.6077523366256907,
    -0.6077642219966385,
    -0.6077761553340154,
    -0.6077881362598255,
    -0.6078001643975657,
    -0.6078122393721707,
    -0.6078243608099568,
    -0.60783652833857,
    -0.607848741586934,
    -0.6078610001851996,
    -0.6078733037646977,
    -0.6078856519578912,
    -0.60789804439833,
    -0.6079104807206069,
    -0.6079229605603156,
    -0.6079354835540094,
    -0.6079480493391632,
    -0.6079606575541362,
    -0.6079733078381351,
    -0.6079859998311795,
    -0.6079987331740656,
    -0.6080115075083332,
    -0.6080243224762318,
    -0.6080371777206893,
    -0.6080500728852823,
    -0.6080630076142054,
    -0.608075981552242,
    -0.6080889943447362,
    -0.608102045637565,
    -0.6081151350771123,
    -0.6081282623102433,
    -0.6081414269842794,
    -0.6081546287469765,
    -0.6081678672465005,
    -0.6081811421314066,
    -0.6081944530506167,
    -0.6082077996533979,
    -0.6082211815893429,
    -0.6082345985083494,
    -0.6082480500606012,
    -0.6082615358965504,
    -0.6082750556668995,
    -0.6082886090225861,
    -0.6083021956147652,
    -0.6083158150947939,
    -0.6083294671142158,
    -0.6083431513247444,
    -0.6083568673782502,
    -0.6083706149267467,
    -0.6083843936223758,
    -0.608398203117398,
    -0.6084120430641778,
    -0.6084259131151735,
    -0.608439812922925,
    -0.6084537421400426,
    -0.6084677004191966,
    -0.6084816874131075,
    -0.6084957027745349,
    -0.6085097461562679,
    -0.6085238172111158,
    -0.6085379155919002,
    -0.6085520409514449,
    -0.6085661929425681,
    -0.6085803712180735,
    -0.6085945754307441,
    -0.6086088052333338,
    -0.6086230602785608,
    -0.6086373402191009,
    -0.6086516447075814,
    -0.6086659733965755,
    -0.6086803259385949,
    -0.6086947019860849,
    -0.6087091011914181,
    -0.608723523206889,
    -0.60873796768471,
    -0.6087524342770054,
    -0.6087669226358075,
    -0.6087814324130516,
    -0.6087959632605732,
    -0.6088105148301027,
    -0.608825086773262,
    -0.6088396787415601,
    -0.6088542903863897,
    -0.6088689213590228,
    -0.6088835713106088,
    -0.6088982398921707,
    -0.6089129267546026,
    -0.6089276315486667,
    -0.6089423539249915,
    -0.6089570935340682,
    -0.6089718500262495,
    -0.6089866230517459,
    -0.6090014122606253,
    -0.6090162173028102,
    -0.6090310378280755,
    -0.6090458734860479,
    -0.6090607239262021,
    -0.6090755887978612,
    -0.6090904677501944,
    -0.6091053604322159,
    -0.6091202664927838,
    -0.6091351855805995,
    -0.6091501173442059,
    -0.6091650614319853,
    -0.6091800174921593,
    -0.609194985172786,
    -0.6092099641217606,
    -0.609224953986816,
    -0.6092399544155248,
    -0.6092549650553003,
    -0.6092699855533957,
    -0.6092850155569051,
    -0.609300054712761,
    -0.6093151026677361,
    -0.6093301590684408,
    -0.6093452235613233,
    -0.6093602957926707,
    -0.6093753754086085,
    -0.6093904620551011,
    -0.6094055553779515,
    -0.6094206550228017,
    -0.609435760635131,
    -0.6094508718602573,
    -0.6094659883433377,
    -0.6094811097293701,
    -0.6094962356631918,
    -0.6095113657894793,
    -0.6095264997527481,
    -0.6095416371973528,
    -0.609556777767488,
    -0.6095719211071898,
    -0.6095870668603353,
    -0.6096022146706436,
    -0.6096173641816759,
    -0.609632515036836,
    -0.6096476668793713,
    -0.6096628193523717,
    -0.609677972098772,
    -0.6096931247613505,
    -0.6097082769827309,
    -0.6097234284053825,
    -0.6097385786716212,
    -0.6097537274236093,
    -0.6097688743033576,
    -0.6097840189527246,
    -0.6097991610134179,
    -0.6098143001269957,
    -0.6098294359348656,
    -0.609844568078287,
    -0.6098596961983702,
    -0.6098748199360795,
    -0.6098899389322335,
    -0.6099050528275055,
    -0.6099201612624238,
    -0.6099352638773733,
    -0.6099503603125953,
    -0.6099654502081904,
    -0.6099805332041182,
    -0.609995608940199,
    -0.6100106770561151,
    -0.6100257371914102,
    -0.6100407889854894,
    -0.6100558320776207,
    -0.6100708661069351,
    -0.6100858907124291,
    -0.6101009055329648,
    -0.61011591020727,
    -0.6101309043739404,
    -0.6101458876714395,
    -0.6101608597381007,
    -0.6101758202121271,
    -0.610190768731593,
    -0.6102057049344447,
    -0.6102206284585014,
    -0.610235538941456,
    -0.6102504360208755,
    -0.6102653193342018,
    -0.610280188518753,
    -0.6102950432117236,
    -0.6103098830501854,
    -0.6103247076710885,
    -0.6103395167112619,
    -0.6103543098074155,
    -0.6103690865961409,
    -0.6103838467139127,
    -0.6103985897970895,
    -0.6104133154819156,
    -0.6104280234045195,
    -0.610442713200917,
    -0.6104573845070094,
    -0.6104720369585862,
    -0.6104866701913252,
    -0.6105012838407942,
    -0.6105158775424517,
    -0.610530450931648,
    -0.6105450036436263,
    -0.6105595353135232,
    -0.6105740455763694,
    -0.6105885340670905,
    -0.6106030004205077,
    -0.6106174442713392,
    -0.6106318652541998,
    -0.610646263003602,
    -0.610660637153957,
    -0.6106749873395755,
    -0.610689313194668,
    -0.6107036143533456,
    -0.6107178904496207,
    -0.6107321411174071,
    -0.6107463659905228,
    -0.6107605647026886,
    -0.6107747368875301,
    -0.6107888821785777,
    -0.6108030002092664,
    -0.6108170906129373,
    -0.6108311530228385,
    -0.6108451870721269,
    -0.6108591923938692,
    -0.6108731686210426,
    -0.610887115386535,
    -0.6109010323231436,
    -0.6109149190635759,
    -0.6109287752404486,
    -0.610942600486289,
    -0.6109563944335358,
    -0.6109701567145411,
    -0.6109838869615719,
    -0.6109975848068152,
    -0.6110112498823792,
    -0.6110248818202926,
    -0.6110384802525035,
    -0.6110520448108763,
    -0.611065575127193,
    -0.611079070833155,
    -0.611092531560387,
    -0.6111059569404409,
    -0.6111193466047974,
    -0.6111327001848681,
    -0.6111460173119951,
    -0.6111592976174515,
    -0.6111725407324405,
    -0.6111857462880969,
    -0.6111989139154865,
    -0.6112120432456091,
    -0.6112251339093965,
    -0.6112381855377134,
    -0.6112511977613574,
    -0.6112641702110588,
    -0.6112771025174834,
    -0.6112899943112327,
    -0.6113028452228458,
    -0.6113156548827993,
    -0.6113284229215065,
    -0.6113411489693196,
    -0.6113538326565295,
    -0.6113664736133653,
    -0.6113790714699957,
    -0.6113916258565283,
    -0.6114041364030101,
    -0.6114166027394288,
    -0.6114290244957126,
    -0.6114414013017307,
    -0.6114537327872954,
    -0.6114660185821624,
    -0.6114782583160302,
    -0.6114904516185408,
    -0.6115025981192793,
    -0.611514697447776,
    -0.6115267492335068,
    -0.6115387531058935,
    -0.6115507086943042,
    -0.6115626156280526,
    -0.6115744735364008,
    -0.6115862820485591,
    -0.6115980407936844,
    -0.6116097494008799,
    -0.6116214074991939,
    -0.6116330147176218,
    -0.6116445706851068,
    -0.6116560750305402,
    -0.6116675273827616,
    -0.6116789273705597,
    -0.6116902746226741,
    -0.6117015687677981,
    -0.6117128094345781,
    -0.6117239962516128,
    -0.6117351288474532,
    -0.6117462068506027,
    -0.6117572298895156,
    -0.6117681975925973,
    -0.6117791095882052,
    -0.6117899655046537,
    -0.6118007649702162,
    -0.6118115076131252,
    -0.6118221930615659,
    -0.6118328209436716,
    -0.6118433908875257,
    -0.6118539025211662,
    -0.6118643554725904,
    -0.6118747493697584,
    -0.6118850838405926,
    -0.611895358512979,
    -0.6119055730147643,
    -0.6119157269737542,
    -0.6119258200177141,
    -0.6119358517743708,
    -0.611945821871416,
    -0.611955729936503,
    -0.6119655755972454,
    -0.6119753584812193,
    -0.6119850782159668,
    -0.6119947344289979,
    -0.6120043267477884,
    -0.6120138547997759,
    -0.6120233189385872,
    -0.6120327195178111,
    -0.6120420568909983,
    -0.6120513314116609,
    -0.6120605434332714,
    -0.6120696933092611,
    -0.6120787813930186,
    -0.6120878080378899,
    -0.6120967735971805,
    -0.6121056784241563,
    -0.6121145228720386,
    -0.6121233072940041,
    -0.612132032043186,
    -0.6121406974726739,
    -0.6121493039355135,
    -0.6121578517847086,
    -0.6121663413732256,
    -0.6121747730539903,
    -0.6121831471798873,
    -0.6121914641037585,
    -0.6121997241783922,
    -0.6122079277565193,
    -0.6122160751908192,
    -0.61222416683393,
    -0.6122322030384534,
    -0.612240184156969,
    -0.6122481105420724,
    -0.6122559825464255,
    -0.6122638005227767,
    -0.6122715648239322,
    -0.6122792758027045,
    -0.6122869338118817,
    -0.6122945392042232,
    -0.6123020923324511,
    -0.61230959354925,
    -0.6123170432073028,
    -0.6123244416593391,
    -0.6123317892581366,
    -0.6123390863564913,
    -0.6123463333072069,
    -0.6123535304630937,
    -0.612360678176958,
    -0.6123677768015949,
    -0.6123748266897845,
    -0.6123818281942792,
    -0.6123887816678029,
    -0.6123956874630522,
    -0.6124025459327026,
    -0.6124093574294169,
    -0.6124161223058597,
    -0.6124228409147063,
    -0.6124295136086401,
    -0.6124361407403475,
    -0.6124427226625193,
    -0.6124492597278504,
    -0.6124557522890299,
    -0.6124622006987287,
    -0.61246860530959,
    -0.6124749664742271,
    -0.6124812845452199,
    -0.6124875598751142,
    -0.6124937928164286,
    -0.6124999837216636,
    -0.6125061329433131,
    -0.6125122408338732,
    -0.6125183077458484,
    -0.612524334031752,
    -0.6125303200440945,
    -0.6125362661353705,
    -0.6125421726580578,
    -0.6125480399646216,
    -0.6125538684075172,
    -0.6125596583391876,
    -0.6125654101120503,
    -0.6125711240784868,
    -0.6125768005908353,
    -0.612582440001394,
    -0.6125880426624286,
    -0.6125936089261828,
    -0.6125991391448894,
    -0.6126046336707777,
    -0.6126100928560709,
    -0.6126155170529797,
    -0.6126209066136905,
    -0.6126262618903604,
    -0.6126315832351185,
    -0.6126368710000681,
    -0.612642125537293,
    -0.6126473471988562,
    -0.6126525363367972,
    -0.6126576933031405,
    -0.612662818449895,
    -0.6126679121290416,
    -0.6126729746925207,
    -0.6126780064922356,
    -0.6126830078800612,
    -0.6126879792078493,
    -0.6126929208274284,
    -0.6126978330906022,
    -0.612702716349141,
    -0.6127075709547812,
    -0.6127123972592357,
    -0.6127171956142062,
    -0.6127219663713958,
    -0.6127267098825024,
    -0.6127314264992058,
    -0.6127361165731544,
    -0.6127407804559664,
    -0.6127454184992318,
    -0.6127500310545105,
    -0.6127546184733351,
    -0.6127591811072182,
    -0.6127637193076504,
    -0.6127682334260971,
    -0.6127727238140032,
    -0.6127771908227954,
    -0.6127816348038803,
    -0.6127860561086398,
    -0.6127904550884286,
    -0.6127948320945734,
    -0.6127991874783721,
    -0.6128035215910977,
    -0.6128078347840034,
    -0.612812127408327,
    -0.6128163998152942,
    -0.6128206523561119,
    -0.6128248853819672,
    -0.6128290992440291,
    -0.6128332942934482,
    -0.6128374708813528,
    -0.6128416293588431,
    -0.6128457700769907,
    -0.6128498933868429,
    -0.6128539996394265,
    -0.6128580891857526,
    -0.6128621623768188,
    -0.6128662195636099,
    -0.6128702610970973,
    -0.6128742873282412,
    -0.6128782986079916,
    -0.6128822952872898,
    -0.612886277717067,
    -0.6128902462482431,
    -0.6128942012317234,
    -0.6128981430184001,
    -0.6129020719591538,
    -0.6129059884048537,
    -0.6129098927063559,
    -0.6129137852145046,
    -0.6129176662801306,
    -0.6129215362540485,
    -0.6129253954870582,
    -0.6129292443299456,
    -0.6129330831334863,
    -0.6129369122484469,
    -0.6129407320255837,
    -0.6129445428156445,
    -0.6129483449693681,
    -0.6129521388374849,
    -0.6129559247707165,
    -0.6129597031197735,
    -0.6129634742353582,
    -0.612967238468166,
    -0.6129709961688863,
    -0.6129747476882019,
    -0.6129784933767874,
    -0.6129822335853083,
    -0.6129859686644216,
    -0.6129896989647764,
    -0.6129934248370157,
    -0.6129971466317753,
    -0.6130008646996843,
    -0.6130045793913637,
    -0.6130082910574276,
    -0.6130120000484838,
    -0.6130157067151346,
    -0.6130194114079758,
    -0.6130231144775987,
    -0.6130268162745891,
    -0.6130305171495283,
    -0.6130342174529937,
    -0.6130379175355586,
    -0.6130416177477953,
    -0.6130453184402745,
    -0.6130490199635653,
    -0.6130527226682342,
    -0.6130564269048449,
    -0.6130601330239582,
    -0.613063841376132,
    -0.6130675523119204,
    -0.6130712661818739,
    -0.613074983336541,
    -0.6130787041264664,
    -0.6130824289021908,
    -0.6130861580142501,
    -0.6130898918131764,
    -0.6130936306494985,
    -0.6130973748737427,
    -0.6131011248364334,
    -0.613104880888093,
    -0.6131086433792419,
    -0.6131124126603982,
    -0.6131161890820768,
    -0.6131199729947908,
    -0.6131237647490508,
    -0.6131275646953647,
    -0.6131313731842393,
    -0.6131351905661802,
    -0.6131390171916922,
    -0.6131428534112784,
    -0.6131466995754398,
    -0.613150556034675,
    -0.6131544231394809,
    -0.6131583012403501,
    -0.6131621906877734,
    -0.6131660918322394,
    -0.6131700050242334,
    -0.6131739306142382,
    -0.6131778689527322,
    -0.61318182039019,
    -0.6131857852770837,
    -0.6131897639638827,
    -0.6131937568010549,
    -0.6131977641390651,
    -0.613201786328374,
    -0.6132058237194392,
    -0.6132098766627153,
    -0.6132139455086546,
    -0.6132180306077049,
    -0.6132221323103108,
    -0.6132262509669133,
    -0.6132303869279497,
    -0.6132345405438528,
    -0.6132387121650513,
    -0.6132429021419706,
    -0.6132471108250338,
    -0.6132513385646607,
    -0.6132555857112683,
    -0.6132598526152699,
    -0.6132641396270753,
    -0.6132684470970894,
    -0.613272775375714,
    -0.6132771248133451,
    -0.6132814957603743,
    -0.6132858885671879,
    -0.6132903035841692,
    -0.6132947411617017,
    -0.6132992016501688,
    -0.6133036853999564,
    -0.6133081927614514,
    -0.6133127240850419,
    -0.6133172797211179,
    -0.6133218600200696,
    -0.6133264653322883,
    -0.6133310960081665,
    -0.6133357523980977,
    -0.6133404348524767,
    -0.6133451437216991,
    -0.6133498793561608,
    -0.6133546421062588,
    -0.6133594323223903,
    -0.6133642503549531,
    -0.6133690965543458,
    -0.6133739712709679,
    -0.61337887485522,
    -0.6133838076575036,
    -0.6133887700282197,
    -0.6133937623177701,
    -0.6133987848765561,
    -0.6134038380549788,
    -0.6134089222034397,
    -0.61341403767234,
    -0.6134191848120811,
    -0.6134243639730643,
    -0.6134295755056908,
    -0.6134348197603626,
    -0.6134400970874815,
    -0.6134454078374485,
    -0.6134507523606645,
    -0.61345613100753,
    -0.6134615441284448,
    -0.6134669920738066,
    -0.6134724751940114,
    -0.6134779938394538,
    -0.6134835483605284,
    -0.6134891391076294,
    -0.6134947664311506,
    -0.6135004306814852,
    -0.6135061322090266,
    -0.6135118713641678,
    -0.6135176484973017,
    -0.6135234639588214,
    -0.6135293180991198,
    -0.6135352112685911,
    -0.6135411438176288,
    -0.6135471160966255,
    -0.6135531284559725,
    -0.6135591812460599,
    -0.6135652748172762,
    -0.6135714095200099,
    -0.6135775857046483,
    -0.6135838037215778,
    -0.6135900639211834,
    -0.6135963666538484,
    -0.6136027122699542,
    -0.6136091011198809,
    -0.6136155335540074,
    -0.6136220099227121,
    -0.6136285305763728,
    -0.6136350958653669,
    -0.6136417061400702,
    -0.6136483617508572,
    -0.6136550630481012,
    -0.6136618103821736,
    -0.6136686041034447,
    -0.6136754445622837,
    -0.613682332109059,
    -0.6136892670941383,
    -0.6136962498678885,
    -0.6137032807806772,
    -0.6137103601828713,
    -0.6137174884248364,
    -0.6137246658569357,
    -0.6137318928295306,
    -0.6137391696929789,
    -0.6137464967976368,
    -0.6137538744938587,
    -0.6137613031319982,
    -0.6137687830624095,
    -0.6137763146354469,
    -0.613783898201465,
    -0.6137915341108168,
    -0.6137992227138543,
    -0.6138069643609313,
    -0.6138147594024018,
    -0.6138226081886227,
    -0.6138305110699517,
    -0.6138384683967472,
    -0.613846480519367,
    -0.6138545477881674,
    -0.6138626705535026,
    -0.6138708491657267,
    -0.6138790839751926,
    -0.6138873753322531,
    -0.6138957235872604,
    -0.6139041290905646,
    -0.6139125921925147,
    -0.6139211132434589,
    -0.6139296925937443,
    -0.6139383305937197,
    -0.6139470275937347,
    -0.6139557839441384,
    -0.6139645999952795,
    -0.6139734760975049,
    -0.6139824126011615,
    -0.6139914098565976,
    -0.614000468214162,
    -0.6140095880242038
]