[
    -1.1176499574854049,
    -1.1176501509836374,
    -1.1177247267974513,
    -1.1177237735547383,
    -1.117722842932767,
    -1.117721934385827,
    -1.1177210473824966,
    -1.117720181405217,
    -1.117719335949873,
    -1.1177185105253882,
    -1.117717704653324,
    -1.1177169178674773,
    -1.1177161497134909,
    -1.1177153997484774,
    -1.1177146675406664,
    -1.1177139526690683,
    -1.117713254723152,
    -1.117712573302535,
    -1.1177119080166862,
    -1.117711258484641,
    -1.1177106243347243,
    -1.1177100052042925,
    -1.1177094007394819,
    -1.117708810594973,
    -1.117708234433769,
    -1.1177076719269856,
    -1.1177071227536377,
    -1.1177065866004365,
    -1.1177060631616127,
    -1.1177055521387678,
    -1.1177050532407273,
    -1.1177045661833838,
    -1.1177040906895308,
    -1.1177036264886913,
    -1.1177031733169591,
    -1.1177027309168843,
    -1.1177022990373693,
    -1.1177018774335314,
    -1.1177014658665516,
    -1.1177010641035543,
    -1.1177006719175167,
    -1.1177002890871726,
    -1.1176999153969085,
    -1.1176995506366507,
    -1.1176991946017336,
    -1.1176988470927454,
    -1.1176985079153918,
    -1.1176981768804335,
    -1.1176978538036224,
    -1.1176975385055883,
    -1.1176972308117012,
    -1.1176969305519602,
    -1.117696637560918,
    -1.1176963516776157,
    -1.1176960727455023,
    -1.1176958006123345,
    -1.1176955351300795,
    -1.1176952761548216,
    -1.117695023546631,
    -1.1176947771694483,
    -1.1176945368910292,
    -1.1176943025829011,
    -1.1176940741203145,
    -1.1176938513822066,
    -1.117693634251158,
    -1.1176934226132438,
    -1.117693216357795,
    -1.1176930153772693,
    -1.1176928195672668,
    -1.1176926288265547,
    -1.117692443057006,
    -1.117692262163483,
    -1.1176920860537185,
    -1.1176919146382358,
    -1.117691747830275,
    -1.1176915855456901,
    -1.1176914277028454,
    -1.1176912742225693,
    -1.1176911250281094,
    -1.1176909800449861,
    -1.117690839200816,
    -1.1176907024252343,
    -1.1176905696498576,
    -1.1176904408081902,
    -1.1176903158355744,
    -1.1176901946692228,
    -1.1176900772482272,
    -1.1176899635135311,
    -1.1176898534078743,
    -1.1176897468756697,
    -1.1176896438628523,
    -1.1176895443167771,
    -1.1176894481862,
    -1.117689355421259,
    -1.1176892659733786,
    -1.1176891797951225,
    -1.1176890968400464,
    -1.1176890170625955,
    -1.1176889404180934,
    -1.117688866862796,
    -1.1176887963539146,
    -1.1176887288495214,
    -1.1176886643084112,
    -1.1176886026900859,
    -1.117688543954828,
    -1.1176884880637075,
    -1.1176884349785214,
    -1.1176883846617782,
    -1.1176883370767432,
    -1.1176882921874434,
    -1.1176882499585943,
    -1.117688210355535,
    -1.1176881733441981,
    -1.1176881388910689,
    -1.1176881069631437,
    -1.1176880775279185,
    -1.1176880505533875,
    -1.1176880260080173,
    -1.1176880038607122,
    -1.1176879840807925,
    -1.1176879666379937,
    -1.1176879515024678,
    -1.1176879386447744,
    -1.117687928035855,
    -1.1176879196470049,
    -1.1176879134498539,
    -1.117687909416333,
    -1.1176879075186397,
    -1.1176879077292148,
    -1.1176879100207273,
    -1.1176879143660703,
    -1.1176879207383705,
    -1.1176879291109991,
    -1.1176879394575647,
    -1.1176879517518965,
    -1.1176879659680266,
    -1.117687982080163,
    -1.1176880000626808,
    -1.1176880198901162,
    -1.1176880415371637,
    -1.1176880649786745,
    -1.1176880901896578,
    -1.117688117145263,
    -1.1176881458207653,
    -1.1176881761915647,
    -1.1176882082332025,
    -1.1176882419213712,
    -1.1176882772319294,
    -1.1176883141409173,
    -1.1176883526245698,
    -1.1176883926593155,
    -1.1176884342217661,
    -1.1176884772887052,
    -1.1176885218370978,
    -1.1176885678441,
    -1.1176886152870587,
    -1.117688664143493,
    -1.1176887143910903,
    -1.1176887660077242,
    -1.1176888189714669,
    -1.1176888732605776,
    -1.117688928853491,
    -1.117688985728822,
    -1.1176890438653744,
    -1.117689103242151,
    -1.1176891638383455,
    -1.1176892256333355,
    -1.1176892886066818,
    -1.1176893527381286,
    -1.117689418007602,
    -1.1176894843952185,
    -1.1176895518812975,
    -1.117689620446366,
    -1.1176896900711506,
    -1.1176897607365726,
    -1.1176898324237472,
    -1.1176899051139844,
    -1.1176899787887926,
    -1.117690053429875,
    -1.117690129019126,
    -1.1176902055386184,
    -1.1176902829705984,
    -1.1176903612974827,
    -1.1176904405018573,
    -1.1176905205664762,
    -1.1176906014742674,
    -1.117690683208337,
    -1.117690765751969,
    -1.117690849088621,
    -1.1176909332019243,
    -1.117691018075679,
    -1.117691103693852,
    -1.1176911900405773,
    -1.1176912771001515,
    -1.1176913648570326,
    -1.1176914532958402,
    -1.117691542401348,
    -1.1176916321584809,
    -1.1176917225523162,
    -1.1176918135680873,
    -1.11769190519119,
    -1.1176919974071873,
    -1.1176920902018146,
    -1.1176921835609812,
    -1.1176922774707765,
    -1.1176923719174705,
    -1.1176924668875126,
    -1.1176925623675265,
    -1.117692658344311,
    -1.1176927548048392,
    -1.1176928517362612,
    -1.1176929491259056,
    -1.117693046961266,
    -1.1176931452299939,
    -1.1176932439199025,
    -1.1176933430189817,
    -1.1176934425154,
    -1.1176935423975178,
    -1.1176936426539237,
    -1.1176937432734528,
    -1.117693844245167,
    -1.1176939455583499,
    -1.1176940472025243,
    -1.1176941491674546,
    -1.1176942514431407,
    -1.1176943540198347,
    -1.1176944568880547,
    -1.1176945600385844,
    -1.117694663462477,
    -1.1176947671510622,
    -1.1176948710959542,
    -1.1176949752890548,
    -1.1176950797225398,
    -1.1176951843888572,
    -1.1176952892807337,
    -1.117695394391167,
    -1.1176954997134223,
    -1.1176956052410545,
    -1.1176957109679273,
    -1.1176958168882025,
    -1.1176959229963095,
    -1.1176960292869476,
    -1.1176961357551003,
    -1.117696242396014,
    -1.117696349205173,
    -1.1176964561783072,
    -1.1176965633113873,
    -1.1176966706006026,
    -1.1176967780423412,
    -1.1176968856331948,
    -1.1176969933699694,
    -1.1176971012496768,
    -1.1176972092695177,
    -1.1176973174268703,
    -1.1176974257192756,
    -1.1176975341444206,
    -1.1176976427001226,
    -1.1176977513843056,
    -1.1176978601949683,
    -1.1176979691301636,
    -1.1176980781879768,
    -1.1176981873665093,
    -1.1176982966638551,
    -1.1176984060780708,
    -1.1176985156071486,
    -1.1176986252490064,
    -1.117698735001472,
    -1.117698844862256,
    -1.1176989548289271,
    -1.1176990648988931,
    -1.1176991750693859,
    -1.1176992853374328,
    -1.117699395699834,
    -1.11769950615315,
    -1.1176996166937094,
    -1.1176997273176261,
    -1.117699838020807,
    -1.1176999487989403,
    -1.117700059647493,
    -1.1177001705617136,
    -1.1177002815366321,
    -1.1177003925670501,
    -1.117700503647538,
    -1.1177006147724535,
    -1.117700725935957,
    -1.1177008371320176,
    -1.1177009483544313,
    -1.1177010595968575,
    -1.1177011708528508,
    -1.1177012821158885,
    -1.1177013933793989,
    -1.1177015046367909,
    -1.1177016158814888,
    -1.1177017271069665,
    -1.1177018383067978,
    -1.1177019494747287,
    -1.1177020606047383,
    -1.1177021716910762,
    -1.1177022827282945,
    -1.1177023937112822,
    -1.117702504635307,
    -1.1177026154960505,
    -1.1177027262896506,
    -1.1177028370127373,
    -1.1177029476624132,
    -1.1177030582362097,
    -1.1177031687320858,
    -1.1177032791484591,
    -1.1177033894842294,
    -1.1177034997388027,
    -1.1177036099120927,
    -1.117703720004493,
    -1.1177038300167936,
    -1.1177039399500732,
    -1.11770404980562,
    -1.1177041595849075,
    -1.117704269289597,
    -1.1177043789215253,
    -1.1177044884826548,
    -1.117704597975039,
    -1.1177047074007962,
    -1.1177048167620456,
    -1.1177049260608345,
    -1.1177050352990845,
    -1.1177051444785355,
    -1.1177052536006957,
    -1.1177053626668196,
    -1.1177054716778854,
    -1.117705580634555,
    -1.117705689537157,
    -1.1177057983856946,
    -1.1177059071798476,
    -1.1177060159189596,
    -1.1177061246020303,
    -1.1177062332277166,
    -1.117706341794343,
    -1.1177064502999294,
    -1.117706558742231,
    -1.1177066671187676,
    -1.117706775426847,
    -1.1177068836635888,
    -1.1177069918259566,
    -1.1177070999107943,
    -1.1177072079148567,
    -1.117707315834822,
    -1.117707423667302,
    -1.1177075314088474,
    -1.117707639055967,
    -1.1177077466051313,
    -1.1177078540527765,
    -1.1177079613953178,
    -1.1177080686291603,
    -1.1177081757507032,
    -1.1177082827563372,
    -1.1177083896424407,
    -1.1177084964053834,
    -1.1177086030415277,
    -1.1177087095472282,
    -1.1177088159188189,
    -1.1177089221526029,
    -1.117709028244849,
    -1.1177091341917855,
    -1.1177092399895887,
    -1.1177093456343712,
    -1.1177094511221735,
    -1.1177095564489574,
    -1.1177096616105913,
    -1.117709766602837,
    -1.117709871421336,
    -1.117709976061596,
    -1.117710080518983,
    -1.117710184788714,
    -1.11771028886584,
    -1.117710392745228,
    -1.1177104964215483,
    -1.1177105998892627,
    -1.117710703142612,
    -1.1177108061756094,
    -1.1177109089820345,
    -1.1177110115554278,
    -1.117711113889076,
    -1.117711215975988,
    -1.1177113178088642,
    -1.1177114193800695,
    -1.117711520681622,
    -1.1177116217051895,
    -1.1177117224421091,
    -1.1177118228834166,
    -1.1177119230198465,
    -1.1177120228418178,
    -1.1177121223394555,
    -1.117712221502611,
    -1.1177123203208565,
    -1.117712418783462,
    -1.1177125168794004,
    -1.1177126145973848,
    -1.1177127119259125,
    -1.1177128088532975,
    -1.1177129053676824,
    -1.1177130014569903,
    -1.117713097108849,
    -1.1177131923105443,
    -1.1177132870490678,
    -1.1177133813112266,
    -1.1177134750837385,
    -1.1177135683532873,
    -1.1177136611066054,
    -1.1177137533306085,
    -1.1177138450124677,
    -1.1177139361395236,
    -1.1177140266991812,
    -1.1177141166788997,
    -1.1177142060661702,
    -1.1177142948484664,
    -1.1177143830133023,
    -1.1177144705483635,
    -1.1177145574416194,
    -1.1177146436813463,
    -1.117714729256039,
    -1.1177148141543065,
    -1.1177148983648673,
    -1.1177149818766823,
    -1.117715064679175,
    -1.1177151467623747,
    -1.117715228116941,
    -1.1177153087341847,
    -1.1177153886060587,
    -1.1177154677250247,
    -1.1177155460839632,
    -1.1177156236763135,
    -1.117715700496278,
    -1.117715776539013,
    -1.1177158518008956,
    -1.1177159262795382,
    -1.117715999973369,
    -1.117716072881387,
    -1.1177161450034088,
    -1.1177162163402508,
    -1.1177162868934973,
    -1.1177163566651076,
    -1.1177164256572172,
    -1.1177164938723405,
    -1.117716561313731,
    -1.1177166279855641,
    -1.117716693893172,
    -1.117716759043395,
    -1.1177168234446684,
    -1.1177168871069487,
    -1.1177169500418747,
    -1.117717012262964,
    -1.1177170737855264,
    -1.1177171346264445,
    -1.1177171948040265,
    -1.11771725433772,
    -1.1177173132476066,
    -1.117717371554008,
    -1.1177174292773386,
    -1.117717486438041,
    -1.1177175430565218,
    -1.117717599153174,
    -1.117717654748614,
    -1.1177177098638786,
    -1.1177177645202332,
    -1.1177178187390677,
    -1.1177178725423016,
    -1.1177179259526537,
    -1.117717978993446,
    -1.1177180316884823,
    -1.1177180840621395,
    -1.1177181361393265,
    -1.1177181879451539,
    -1.1177182395043288,
    -1.117718290840691,
    -1.117718341977476,
    -1.1177183929380785,
    -1.1177184437463183,
    -1.1177184944260412,
    -1.117718545000841,
    -1.1177185954939848,
    -1.1177186459280977,
    -1.1177186963247905,
    -1.1177187467045653,
    -1.1177187970869271,
    -1.117718847490521,
    -1.117718897933201,
    -1.117718948432081,
    -1.1177189990035317,
    -1.1177190496630032,
    -1.1177191004247864,
    -1.1177191513018319,
    -1.1177192023057048,
    -1.1177192534467193,
    -1.117719304734185,
    -1.1177193561765597,
    -1.1177194077814072,
    -1.1177194595552966,
    -1.117719511503802,
    -1.1177195636315687,
    -1.1177196159423166,
    -1.1177196684387691,
    -1.117719721122638,
    -1.1177197739947529,
    -1.1177198270563347,
    -1.1177198803077186,
    -1.117719933748415,
    -1.1177199873773378,
    -1.1177200411929926,
    -1.117720095193486,
    -1.1177201493764384,
    -1.11772020373893,
    -1.1177202582775243,
    -1.1177203129882867,
    -1.117720367866776,
    -1.1177204229080755,
    -1.1177204781068626,
    -1.1177205334574727,
    -1.1177205889539488,
    -1.1177206445900856,
    -1.117720700359443,
    -1.117720756255349,
    -1.1177208122709283,
    -1.1177208683991011,
    -1.1177209246325261,
    -1.1177209809635575,
    -1.117721037384274,
    -1.117721093886544,
    -1.1177211504620697,
    -1.117721207102406,
    -1.1177212637989609,
    -1.1177213205429948,
    -1.1177213773256254,
    -1.1177214341378365,
    -1.117721490970499,
    -1.117721547814409,
    -1.1177216046603209,
    -1.1177216614989682,
    -1.1177217183210704,
    -1.1177217751173407,
    -1.1177218318785043,
    -1.117721888595314,
    -1.1177219452585614,
    -1.1177220018590983,
    -1.117722058387855,
    -1.1177221148358434,
    -1.1177221711941616,
    -1.1177222274540084,
    -1.117722283606698,
    -1.1177223396436715,
    -1.1177223955565039,
    -1.117722451336908,
    -1.1177225069767376,
    -1.1177225624680045,
    -1.1177226178028825,
    -1.117722672973705,
    -1.1177227279729598,
    -1.1177227827932903,
    -1.1177228374274994,
    -1.1177228918685582,
    -1.1177229461096083,
    -1.117723000143974,
    -1.1177230539651652,
    -1.1177231075668783,
    -1.1177231609429967,
    -1.1177232140875986,
    -1.1177232669949562,
    -1.1177233196595302,
    -1.117723372075967,
    -1.1177234242390952,
    -1.1177234761439256,
    -1.1177235277856512,
    -1.1177235791596407,
    -1.1177236302614337,
    -1.117723681086745,
    -1.1177237316314639,
    -1.1177237818916501,
    -1.1177238318635274,
    -1.117723881543478,
    -1.1177239309280402,
    -1.1177239800139087,
    -1.117724028797925,
    -1.117724077277074,
    -1.1177241254484889,
    -1.1177241733094505,
    -1.1177242208573808,
    -1.1177242680898294,
    -1.1177243150044698,
    -1.1177243615990946,
    -1.117724407871612,
    -1.1177244538200402,
    -1.1177244994425009,
    -1.1177245447372166,
    -1.1177245897025072,
    -1.117724634336784,
    -1.1177246786385433,
    -1.1177247226063625,
    -1.1177247662388958,
    -1.1177248095348762,
    -1.1177248524931154,
    -1.1177248951124983,
    -1.1177249373919733,
    -1.1177249793305435,
    -1.1177250209272576,
    -1.1177250621812092,
    -1.1177251030915378,
    -1.1177251436574325,
    -1.1177251838781375,
    -1.1177252237529511,
    -1.117725263281221,
    -1.117725302462338,
    -1.117725341295738,
    -1.1177253797809001,
    -1.1177254179173446,
    -1.117725455704632,
    -1.117725493142364,
    -1.1177255302301723,
    -1.1177255669677153,
    -1.1177256033546765,
    -1.1177256393907729,
    -1.117725675075762,
    -1.117725710409439,
    -1.1177257453916347,
    -1.1177257800222151,
    -1.1177258143010778,
    -1.1177258482281478,
    -1.1177258818033724,
    -1.117725915026716,
    -1.1177259478981598,
    -1.1177259804177018,
    -1.1177260125853572,
    -1.117726044401159,
    -1.1177260758651635,
    -1.1177261069774516,
    -1.1177261377381298,
    -1.1177261681473343,
    -1.1177261982052271,
    -1.1177262279119944,
    -1.1177262572678424,
    -1.1177262862730015,
    -1.1177263149277288,
    -1.1177263432323032,
    -1.1177263711870244,
    -1.1177263987922104,
    -1.117726426048195,
    -1.1177264529553277,
    -1.1177264795139736,
    -1.1177265057245176,
    -1.117726531587366,
    -1.1177265571029489,
    -1.1177265822717257,
    -1.1177266070941785,
    -1.1177266315708065,
    -1.1177266557021193,
    -1.1177266794886396,
    -1.1177267029309033,
    -1.1177267260294554,
    -1.1177267487848537,
    -1.1177267711976677,
    -1.117726793268484,
    -1.1177268149979056,
    -1.1177268363865476,
    -1.11772685743503,
    -1.1177268781439842,
    -1.1177268985140543,
    -1.1177269185458998,
    -1.1177269382401944,
    -1.1177269575976285,
    -1.117726976618907,
    -1.1177269953047477,
    -1.1177270136558746,
    -1.117727031673014,
    -1.1177270493568956,
    -1.1177270667082586,
    -1.1177270837278548,
    -1.1177271004164484,
    -1.1177271167748115,
    -1.1177271328037195,
    -1.1177271485039482,
    -1.1177271638762731,
    -1.1177271789214636,
    -1.117727193640287,
    -1.117727208033506,
    -1.1177272221018804,
    -1.1177272358461725,
    -1.117727249267148,
    -1.1177272623655778,
    -1.1177272751422365,
    -1.1177272875978996,
    -1.117727299733342,
    -1.1177273115493402,
    -1.1177273230466729,
    -1.1177273342261185,
    -1.1177273450884537,
    -1.1177273556344511,
    -1.1177273658648792,
    -1.117727375780504,
    -1.1177273853820902,
    -1.117727394670399,
    -1.1177274036461888,
    -1.1177274123102143,
    -1.1177274206632282,
    -1.1177274287059817,
    -1.1177274364392225,
    -1.1177274438636904,
    -1.1177274509801245,
    -1.1177274577892615,
    -1.1177274642918376,
    -1.1177274704885878,
    -1.1177274763802454,
    -1.1177274819675407,
    -1.1177274872512026,
    -1.1177274922319602,
    -1.1177274969105406,
    -1.1177275012876686,
    -1.117727505364064,
    -1.1177275091404413,
    -1.117727512617513,
    -1.1177275157959907,
    -1.117727518676585,
    -1.1177275212600055,
    -1.1177275235469606,
    -1.1177275255381562,
    -1.1177275272342961,
    -1.1177275286360817,
    -1.1177275297442135,
    -1.1177275305593892,
    -1.1177275310823052,
    -1.1177275313136563,
    -1.1177275312541344,
    -1.1177275309044319,
    -1.1177275302652407,
    -1.1177275293372517,
    -1.1177275281211587,
    -1.1177275266176565,
    -1.1177275248274423,
    -1.1177275227512162,
    -1.117727520389676,
    -1.1177275177435158,
    -1.1177275148134247,
    -1.1177275116000862,
    -1.1177275081041802,
    -1.1177275043263866,
    -1.1177275002673868,
    -1.1177274959278645,
    -1.1177274913085042,
    -1.1177274864099906,
    -1.1177274812330067,
    -1.1177274757782343,
    -1.1177274700463558,
    -1.117727464038049,
    -1.1177274577539908,
    -1.1177274511948592,
    -1.117727444361333,
    -1.117727437254094,
    -1.1177274298738245,
    -1.1177274222212075,
    -1.1177274142969278,
    -1.117727406101669,
    -1.117727397636113,
    -1.1177273889009407,
    -1.1177273798968352,
    -1.1177273706244806,
    -1.117727361084562,
    -1.1177273512777652,
    -1.1177273412047797,
    -1.1177273308662985,
    -1.1177273202630182,
    -1.117727309395635,
    -1.117727298264844,
    -1.1177272868713377,
    -1.117727275215806,
    -1.1177272632989421,
    -1.1177272511214407,
    -1.1177272386839998,
    -1.1177272259873219,
    -1.117727213032111,
    -1.1177271998190725,
    -1.117727186348914,
    -1.1177271726223432,
    -1.1177271586400694,
    -1.117727144402807,
    -1.1177271299112714,
    -1.1177271151661794,
    -1.1177271001682467,
    -1.1177270849181895,
    -1.1177270694167263,
    -1.1177270536645785,
    -1.1177270376624722,
    -1.1177270214111399,
    -1.1177270049113164,
    -1.1177269881637426,
    -1.1177269711691642,
    -1.1177269539283283,
    -1.1177269364419813,
    -1.1177269187108625,
    -1.117726900735706,
    -1.1177268825172444,
    -1.1177268640562148,
    -1.1177268453533598,
    -1.1177268264094287,
    -1.1177268072251745,
    -1.1177267878013535,
    -1.1177267681387255,
    -1.117726748238054,
    -1.117726728100105,
    -1.117726707725647,
    -1.117726687115449,
    -1.1177266662702796,
    -1.1177266451909065,
    -1.1177266238780954,
    -1.117726602332611,
    -1.1177265805552208,
    -1.1177265585466956,
    -1.1177265363078055,
    -1.117726513839321,
    -1.1177264911420124,
    -1.1177264682166506,
    -1.1177264450640103,
    -1.11772642168487,
    -1.1177263980800103,
    -1.117726374250222,
    -1.117726350196304,
    -1.117726325919056,
    -1.1177263014192722,
    -1.1177262766977387,
    -1.1177262517552373,
    -1.117726226592549,
    -1.1177262012104603,
    -1.1177261756097645,
    -1.1177261497912607,
    -1.1177261237557494,
    -1.1177260975040322,
    -1.1177260710369146,
    -1.1177260443552008,
    -1.1177260174596895,
    -1.1177259903511734,
    -1.1177259630304455,
    -1.1177259354983013,
    -1.1177259077555417,
    -1.117725879802968,
    -1.1177258516413846,
    -1.117725823271603,
    -1.1177257946944377,
    -1.1177257659107016,
    -1.1177257369212052,
    -1.1177257077267575,
    -1.1177256783281628,
    -1.1177256487262186,
    -1.1177256189217126,
    -1.1177255889154245,
    -1.1177255587081305,
    -1.1177255283006011,
    -1.1177254976935935,
    -1.1177254668878562,
    -1.1177254358841355,
    -1.1177254046831802,
    -1.117725373285747,
    -1.117725341692599,
    -1.1177253099045026,
    -1.1177252779222264,
    -1.117725245746545,
    -1.1177252133782416,
    -1.1177251808181075,
    -1.1177251480669415,
    -1.1177251151255467,
    -1.11772508199473,
    -1.1177250486753,
    -1.1177250151680649,
    -1.1177249814738306,
    -1.1177249475934112,
    -1.1177249135276346,
    -1.1177248792773335,
    -1.1177248448433388,
    -1.1177248102264699,
    -1.1177247754275395,
    -1.1177247404473682,
    -1.1177247052867967,
    -1.1177246699466814,
    -1.1177246344278877,
    -1.1177245987312798,
    -1.11772456285772,
    -1.117724526808071,
    -1.1177244905831984,
    -1.117724454183966,
    -1.1177244176112306,
    -1.1177243808658452,
    -1.1177243439486637,
    -1.117724306860552,
    -1.1177242696023793,
    -1.117724232175006,
    -1.1177241945792804,
    -1.117724156816041,
    -1.1177241188861256,
    -1.1177240807903774,
    -1.1177240425296446,
    -1.117724004104776,
    -1.1177239655166171,
    -1.1177239267660126,
    -1.1177238878538092,
    -1.1177238487808505,
    -1.1177238095479738,
    -1.1177237701560065,
    -1.1177237306057632,
    -1.1177236908980392,
    -1.117723651033612,
    -1.117723611013254,
    -1.1177235708377473,
    -1.117723530507885,
    -1.1177234900244735,
    -1.1177234493883232,
    -1.1177234086002397,
    -1.1177233676610179,
    -1.1177233265714461,
    -1.1177232853323116,
    -1.1177232439444007,
    -1.117723202408498,
    -1.1177231607253848,
    -1.1177231188958452,
    -1.1177230769206687,
    -1.1177230348006506,
    -1.1177229925365821,
    -1.1177229501292498,
    -1.1177229075794346,
    -1.1177228648879138,
    -1.1177228220554565,
    -1.117722779082825,
    -1.1177227359707873,
    -1.1177226927201211,
    -1.117722649331612,
    -1.1177226058060532,
    -1.1177225621442495,
    -1.1177225183470125,
    -1.1177224744151573,
    -1.1177224303495021,
    -1.11772238615087,
    -1.117722341820095,
    -1.1177222973580192,
    -1.1177222527654813,
    -1.1177222080433196,
    -1.1177221631923773,
    -1.1177221182134955,
    -1.117722073107496,
    -1.117722027875181,
    -1.1177219825173428,
    -1.1177219370347762,
    -1.1177218914282756,
    -1.1177218456986213,
    -1.117721799846573,
    -1.1177217538728768,
    -1.117721707778272,
    -1.117721661563482,
    -1.1177216152292166,
    -1.1177215687761808,
    -1.1177215222050754,
    -1.1177214755165985,
    -1.1177214287114496,
    -1.1177213817903306,
    -1.1177213347539428,
    -1.1177212876029978,
    -1.1177212403382397,
    -1.1177211929604587,
    -1.117721145470483,
    -1.117721097869157,
    -1.117721050157324,
    -1.1177210023358162,
    -1.1177209544054527,
    -1.1177209063670517,
    -1.117720858221436,
    -1.1177208099694331,
    -1.1177207616118745,
    -1.1177207131495945,
    -1.1177206645834359,
    -1.1177206159142459,
    -1.1177205671428685,
    -1.117720518270152,
    -1.1177204692969598,
    -1.117720420224169,
    -1.1177203710526546,
    -1.117720321783289,
    -1.1177202724169377,
    -1.1177202229544554,
    -1.1177201733966782,
    -1.1177201237444216,
    -1.1177200739984832,
    -1.1177200241596486,
    -1.1177199742287012,
    -1.1177199242064368,
    -1.117719874093661,
    -1.1177198238911756,
    -1.1177197735997793,
    -1.1177197232202685,
    -1.1177196727534402,
    -1.117719622200093,
    -1.117719571561036,
    -1.117719520837084,
    -1.1177194700290547,
    -1.117719419137768,
    -1.1177193681640438,
    -1.1177193171086937,
    -1.1177192659725248,
    -1.1177192147563482,
    -1.117719163460975,
    -1.117719112087202,
    -1.1177190606360647,
    -1.1177190091085798,
    -1.1177189575057418,
    -1.1177189058285224,
    -1.1177188540778815,
    -1.117718802254781,
    -1.1177187503601949,
    -1.117718698395103,
    -1.1177186463604798,
    -1.1177185942572814,
    -1.1177185420864397,
    -1.1177184898488735,
    -1.1177184375455076,
    -1.1177183851772905,
    -1.1177183327451958,
    -1.1177182802502208,
    -1.1177182276933868,
    -1.1177181750757441,
    -1.1177181223983657,
    -1.1177180696623312,
    -1.117718016868716,
    -1.1177179640185915,
    -1.1177179111130224,
    -1.1177178581530578,
    -1.1177178051397325,
    -1.1177177520740849,
    -1.1177176989571804,
    -1.1177176457901288,
    -1.1177175925740737,
    -1.1177175393101662,
    -1.1177174859995358,
    -1.117717432643276,
    -1.1177173792424426,
    -1.1177173257980624,
    -1.1177172723111453,
    -1.1177172187826934,
    -1.1177171652137028,
    -1.117717111605168,
    -1.1177170579580835,
    -1.117717004273436,
    -1.1177169505521924,
    -1.1177168967953075,
    -1.1177168430037352,
    -1.1177167891784336,
    -1.1177167353203534,
    -1.1177166814304202,
    -1.117716627509533,
    -1.1177165735585826,
    -1.117716519578468,
    -1.1177164655700909,
    -1.117716411534346,
    -1.1177163574721254,
    -1.1177163033843247,
    -1.1177162492718395,
    -1.1177161951355494,
    -1.1177161409762983,
    -1.1177160867948968,
    -1.1177160325921367,
    -1.1177159783688073,
    -1.1177159241257069,
    -1.1177158698636456,
    -1.1177158155834435,
    -1.1177157612859296,
    -1.1177157069719428,
    -1.1177156526423264,
    -1.1177155982979163,
    -1.117715543939543,
    -1.117715489568045,
    -1.1177154351842733,
    -1.117715380789087,
    -1.1177153263833584,
    -1.1177152719679682,
    -1.1177152175437919,
    -1.1177151631116828,
    -1.1177151086724677,
    -1.1177150542269574,
    -1.1177149997759646,
    -1.1177149453202968,
    -1.117714890860751,
    -1.117714836398113,
    -1.1177147819331663,
    -1.1177147274667016,
    -1.1177146729995144,
    -1.117714618532394,
    -1.1177145640661181,
    -1.117714509601457,
    -1.1177144551391827,
    -1.117714400680076,
    -1.117714346224929,
    -1.1177142917745353,
    -1.1177142373296873,
    -1.1177141828911807,
    -1.1177141284598198,
    -1.11771407403641,
    -1.1177140196217445,
    -1.117713965216593,
    -1.11771391082171,
    -1.1177138564378577,
    -1.1177138020658213,
    -1.1177137477064056,
    -1.1177136933604301,
    -1.1177136390287206,
    -1.1177135847121067,
    -1.1177135304114136,
    -1.1177134761274565,
    -1.1177134218610376,
    -1.1177133676129427,
    -1.1177133133839385,
    -1.117713259174778,
    -1.11771320498622,
    -1.1177131508190408,
    -1.1177130966740312,
    -1.1177130425519808,
    -1.1177129884536656,
    -1.1177129343798577,
    -1.1177128803313368,
    -1.1177128263088962,
    -1.117712772313341,
    -1.1177127183454867,
    -1.1177126644061506,
    -1.1177126104961448,
    -1.1177125566162796,
    -1.117712502767374,
    -1.1177124489502646,
    -1.1177123951657977,
    -1.117712341414814,
    -1.1177122876981422,
    -1.1177122340166203,
    -1.1177121803711052,
    -1.1177121267624628,
    -1.1177120731915584,
    -1.1177120196592614,
    -1.117711966166443,
    -1.117711912713974,
    -1.1177118593027169,
    -1.1177118059335243,
    -1.1177117526072375,
    -1.1177116993246987,
    -1.1177116460867578,
    -1.1177115928942714,
    -1.1177115397481006,
    -1.117711486649116,
    -1.117711433598212,
    -1.1177113805963022,
    -1.1177113276443105,
    -1.1177112747431686,
    -1.1177112218938152,
    -1.1177111690971846,
    -1.1177111163541986,
    -1.1177110636657666,
    -1.1177110110327844,
    -1.1177109584561427,
    -1.117710905936741,
    -1.1177108534754892,
    -1.1177108010732923,
    -1.1177107487310423,
    -1.1177106964496242,
    -1.1177106442299338,
    -1.1177105920728891,
    -1.1177105399794272,
    -1.1177104879504969,
    -1.1177104359870604,
    -1.1177103840900973,
    -1.117710332260605,
    -1.1177102804995982,
    -1.1177102288081033,
    -1.117710177187149,
    -1.1177101256377515,
    -1.117710074160905,
    -1.1177100227575814,
    -1.117709971428743,
    -1.1177099201753609,
    -1.1177098689984126,
    -1.117709817898869,
    -1.1177097668776859,
    -1.1177097159358083,
    -1.1177096650741714,
    -1.1177096142936915,
    -1.1177095635952643,
    -1.117709512979774,
    -1.1177094624480959,
    -1.1177094120010844,
    -1.1177093616395744,
    -1.117709311364386,
    -1.1177092611763406,
    -1.1177092110762745,
    -1.1177091610650347,
    -1.1177091111434805,
    -1.1177090613124894,
    -1.1177090115729538,
    -1.1177089619257707,
    -1.1177089123718413,
    -1.11770886291207,
    -1.117708813547361,
    -1.1177087642786199,
    -1.1177087151067495,
    -1.117708666032649,
    -1.1177086170572086,
    -1.1177085681813086,
    -1.1177085194058152,
    -1.1177084707315807,
    -1.1177084221594469,
    -1.1177083736902473,
    -1.1177083253248055,
    -1.117708277063932,
    -1.1177082289084301,
    -1.1177081808591038,
    -1.1177081329167644,
    -1.1177080850822372,
    -1.1177080373563586,
    -1.1177079897399746,
    -1.1177079422339335,
    -1.1177078948390728,
    -1.1177078475562172,
    -1.1177078003861929,
    -1.11770775332984,
    -1.1177077063880179,
    -1.1177076595616016,
    -1.117707612851479,
    -1.1177075662585483,
    -1.1177075197837103,
    -1.1177074734278607,
    -1.1177074271918852,
    -1.1177073810766545,
    -1.117707335083032,
    -1.1177072892118889,
    -1.1177072434640971,
    -1.1177071978405198,
    -1.1177071523420001,
    -1.117707106969367,
    -1.1177070617234464,
    -1.1177070166050735,
    -1.1177069716150911,
    -1.1177069267543482,
    -1.117706882023704,
    -1.117706837424026,
    -1.1177067929561848,
    -1.1177067486210492,
    -1.1177067044194815,
    -1.1177066603523342,
    -1.117706616420449,
    -1.117706572624654,
    -1.117706528965765,
    -1.1177064854445897,
    -1.1177064420619298,
    -1.1177063988185831,
    -1.1177063557153482,
    -1.117706312753024,
    -1.1177062699324098,
    -1.1177062272543086,
    -1.117706184719534,
    -1.117706142328915,
    -1.1177061000832975,
    -1.1177060579835394,
    -1.1177060160305037,
    -1.1177059742250555,
    -1.117705932568059,
    -1.1177058910603763,
    -1.1177058497028671,
    -1.1177058084963896,
    -1.1177057674417983,
    -1.1177057265399402,
    -1.1177056857916472,
    -1.1177056451977374,
    -1.1177056047590295,
    -1.1177055644763478,
    -1.117705524350525,
    -1.117705484382395,
    -1.1177054445727845,
    -1.1177054049225152,
    -1.1177053654324165,
    -1.1177053261033352,
    -1.1177052869361277,
    -1.1177052479316625,
    -1.117705209090824,
    -1.1177051704145067,
    -1.1177051319036035,
    -1.1177050935590045,
    -1.1177050553815928,
    -1.1177050173722505,
    -1.1177049795318608,
    -1.1177049418613059,
    -1.1177049043614609,
    -1.117704867033195,
    -1.1177048298773755,
    -1.1177047928948656,
    -1.1177047560865185,
    -1.1177047194531777,
    -1.117704682995682,
    -1.1177046467148708,
    -1.1177046106115793,
    -1.1177045746866385,
    -1.1177045389408782,
    -1.1177045033751307,
    -1.1177044679902362,
    -1.1177044327870427,
    -1.1177043977663979,
    -1.1177043629291483,
    -1.11770432827615,
    -1.1177042938082755,
    -1.1177042595264077,
    -1.1177042254314296,
    -1.1177041915242152,
    -1.117704157805629,
    -1.1177041242765338,
    -1.1177040909377909,
    -1.1177040577902615,
    -1.1177040248348062,
    -1.117703992072283,
    -1.1177039595035496,
    -1.1177039271294655,
    -1.11770389495089,
    -1.1177038629686806,
    -1.1177038311836984,
    -1.117703799596809,
    -1.1177037682088815,
    -1.1177037370207825,
    -1.1177037060333663,
    -1.117703675247474,
    -1.1177036446639448,
    -1.1177036142836259,
    -1.1177035841073737,
    -1.117703554136047,
    -1.1177035243705002,
    -1.1177034948115858,
    -1.1177034654601556,
    -1.1177034363170593,
    -1.1177034073831453,
    -1.117703378659266,
    -1.1177033501462783,
    -1.1177033218450485,
    -1.1177032937564566,
    -1.1177032658813995,
    -1.1177032382207948,
    -1.1177032107755753,
    -1.1177031835466742,
    -1.1177031565350115,
    -1.1177031297414997,
    -1.1177031031670455,
    -1.1177030768125427,
    -1.1177030506788668,
    -1.1177030247668833,
    -1.1177029990774596,
    -1.1177029736114676,
    -1.1177029483697793,
    -1.1177029233532656,
    -1.1177028985627921,
    -1.1177028739992176,
    -1.1177028496633938,
    -1.117702825556162,
    -1.117702801678355,
    -1.1177027780307955,
    -1.1177027546143086,
    -1.117702731429724,
    -1.117702708477877,
    -1.1177026857596037,
    -1.1177026632757476,
    -1.117702641027157,
    -1.1177026190146906,
    -1.11770259723922,
    -1.1177025757016281,
    -1.1177025544028016,
    -1.1177025333436337,
    -1.1177025125250306,
    -1.117702491947915,
    -1.1177024716132173,
    -1.1177024515218663,
    -1.117702431674789,
    -1.1177024120729153,
    -1.1177023927171825,
    -1.1177023736085316,
    -1.1177023547479092,
    -1.1177023361362648,
    -1.11770231777455,
    -1.1177022996637143,
    -1.117702281804695,
    -1.1177022641984116,
    -1.1177022468457716,
    -1.1177022297476866,
    -1.1177022129050753,
    -1.1177021963188616,
    -1.1177021799899616,
    -1.1177021639192766,
    -1.1177021481077007,
    -1.117702132556128,
    -1.1177021172654549,
    -1.1177021022365747,
    -1.1177020874703802,
    -1.1177020729677658,
    -1.1177020587296347,
    -1.117702044756895,
    -1.1177020310504644,
    -1.117702017611266,
    -1.1177020044402164,
    -1.1177019915382136,
    -1.1177019789061402,
    -1.1177019665448666,
    -1.1177019544552536,
    -1.117701942638159,
    -1.1177019310944396,
    -1.1177019198249536,
    -1.1177019088305575,
    -1.1177018981121094,
    -1.1177018876704672,
    -1.1177018775064864,
    -1.1177018676210289,
    -1.1177018580149678,
    -1.1177018486891865,
    -1.1177018396445746,
    -1.1177018308820263,
    -1.117701822402442,
    -1.1177018142067272,
    -1.1177018062957877,
    -1.1177017986705249,
    -1.1177017913318412,
    -1.1177017842806374,
    -1.1177017775178022,
    -1.1177017710442074,
    -1.1177017648607088,
    -1.117701758968152,
    -1.117701753367374,
    -1.1177017480592033,
    -1.1177017430444562,
    -1.1177017383239498,
    -1.1177017338985105,
    -1.1177017297689713,
    -1.1177017259361708,
    -1.1177017224009491,
    -1.1177017191641485,
    -1.117701716226618,
    -1.1177017135892116,
    -1.117701711252786,
    -1.117701709218204,
    -1.1177017074863351,
    -1.1177017060580554,
    -1.1177017049342413,
    -1.1177017041157644,
    -1.1177017036034946,
    -1.117701703398308,
    -1.1177017035010888,
    -1.1177017039127217,
    -1.1177017046340891,
    -1.1177017056660665,
    -1.1177017070095248,
    -1.1177017086653325,
    -1.1177017106343528,
    -1.1177017129174445,
    -1.1177017155154638,
    -1.1177017184292675,
    -1.1177017216597158,
    -1.117701725207675,
    -1.1177017290740152,
    -1.1177017332596049,
    -1.1177017377653116,
    -1.1177017425919988,
    -1.1177017477405267,
    -1.1177017532117555,
    -1.1177017590065461,
    -1.1177017651257537,
    -1.1177017715702293,
    -1.1177017783408172,
    -1.1177017854383586,
    -1.1177017928636952,
    -1.1177018006176647,
    -1.117701808701098,
    -1.1177018171148245,
    -1.1177018258596778,
    -1.1177018349364938,
    -1.1177018443461095,
    -1.1177018540893628,
    -1.1177018641670984,
    -1.1177018745801672,
    -1.1177018853294283,
    -1.1177018964157486,
    -1.1177019078400086,
    -1.1177019196031008,
    -1.1177019317059231,
    -1.1177019441493632,
    -1.1177019569342959,
    -1.1177019700615856,
    -1.1177019835320927,
    -1.1177019973466797,
    -1.1177020115062124,
    -1.117702026011552,
    -1.1177020408635527,
    -1.1177020560630617,
    -1.1177020716109256,
    -1.1177020875080013,
    -1.1177021037551593,
    -1.1177021203532815,
    -1.1177021373032567,
    -1.117702154605978,
    -1.11770217226234,
    -1.1177021902732394,
    -1.1177022086395743,
    -1.1177022273622435,
    -1.1177022464421478,
    -1.117702265880187,
    -1.117702285677261,
    -1.1177023058342719,
    -1.1177023263482908,
    -1.1177023472163892,
    -1.1177023684356373,
    -1.117702390003095,
    -1.1177024119158063,
    -1.1177024341708046,
    -1.1177024567651248,
    -1.1177024796958093,
    -1.117702502959911,
    -1.1177025265544906,
    -1.1177025504766143,
    -1.1177025747233522,
    -1.1177025992917737,
    -1.1177026241789403,
    -1.1177026493819084,
    -1.1177026748977363,
    -1.1177027007234852,
    -1.1177027268562127,
    -1.1177027532929724,
    -1.1177027800308146,
    -1.117702807066794,
    -1.1177028343979691,
    -1.117702862021397,
    -1.117702889934128,
    -1.1177029181332057,
    -1.1177029466156716,
    -1.1177029753785648,
    -1.11770300441892,
    -1.117703033733771,
    -1.1177030633201526,
    -1.1177030931751015,
    -1.1177031232956567,
    -1.117703153678862,
    -1.117703184321767,
    -1.1177032152214283,
    -1.117703246374909,
    -1.1177032777792724,
    -1.1177033094315785,
    -1.1177033413288824,
    -1.1177033734682416,
    -1.1177034058467177,
    -1.117703438461373,
    -1.1177034713092704,
    -1.1177035043874706,
    -1.117703537693032,
    -1.1177035712230126,
    -1.1177036049744689,
    -1.1177036389444555,
    -1.1177036731300254,
    -1.1177037075282314,
    -1.1177037421361267,
    -1.1177037769507645,
    -1.1177038119691984,
    -1.117703847188481,
    -1.11770388260566,
    -1.1177039182177744,
    -1.1177039540218496,
    -1.117703990014897,
    -1.1177040261939208,
    -1.1177040625559256,
    -1.1177040990979241,
    -1.1177041358169337,
    -1.117704172709974,
    -1.117704209774067,
    -1.1177042470062395,
    -1.1177042844035217,
    -1.1177043219629474,
    -1.1177043596815477,
    -1.1177043975563534,
    -1.117704435584398,
    -1.117704473762715,
    -1.1177045120883342,
    -1.1177045505582794,
    -1.1177045891695718,
    -1.1177046279192335,
    -1.1177046668042878,
    -1.1177047058217553,
    -1.1177047449686501,
    -1.1177047842419823,
    -1.1177048236387621,
    -1.117704863155997,
    -1.1177049027906887,
    -1.1177049425398289,
    -1.117704982400405,
    -1.1177050223694045,
    -1.1177050624438185,
    -1.1177051026206386,
    -1.1177051428968572,
    -1.1177051832694682,
    -1.1177052237354648,
    -1.1177052642918415,
    -1.1177053049355934,
    -1.1177053456637167,
    -1.1177053864732127,
    -1.1177054273610922,
    -1.1177054683243695,
    -1.1177055093600619,
    -1.11770555046519,
    -1.1177055916367813,
    -1.11770563287187,
    -1.1177056741674969,
    -1.1177057155207097,
    -1.1177057569285582,
    -1.1177057983880878,
    -1.1177058398963367,
    -1.1177058814503438,
    -1.1177059230471547,
    -1.1177059646838179,
    -1.1177060063573787,
    -1.117706048064874,
    -1.117706089803332,
    -1.1177061315697763,
    -1.117706173361227,
    -1.1177062151747046,
    -1.1177062570072325,
    -1.1177062988558404,
    -1.1177063407175691,
    -1.1177063825894706,
    -1.1177064244686055,
    -1.1177064663520369,
    -1.1177065082368276,
    -1.117706550120041,
    -1.1177065919987361,
    -1.1177066338699662,
    -1.117706675730783,
    -1.1177067175782387,
    -1.1177067594093832,
    -1.1177068012212619,
    -1.1177068430109147,
    -1.117706884775379,
    -1.117706926511695,
    -1.1177069682169058,
    -1.1177070098880606,
    -1.1177070515222118,
    -1.11770709311641,
    -1.117707134667692,
    -1.1177071761730732,
    -1.1177072176295535,
    -1.1177072590341215,
    -1.1177073003837588,
    -1.1177073416754424,
    -1.1177073829061501,
    -1.117707424072869,
    -1.1177074651725951,
    -1.1177075062023278,
    -1.1177075471590665,
    -1.1177075880398117,
    -1.1177076288415637,
    -1.1177076695613297,
    -1.1177077101961224,
    -1.1177077507429556,
    -1.1177077911988451,
    -1.1177078315608124,
    -1.1177078718258822,
    -1.1177079119910742,
    -1.117707952053405,
    -1.1177079920098998,
    -1.1177080318575998,
    -1.117708071593557,
    -1.117708111214824,
    -1.1177081507184436,
    -1.1177081901014472,
    -1.117708229360857,
    -1.117708268493692,
    -1.117708307496975,
    -1.117708346367736,
    -1.1177083851030154,
    -1.1177084236998585,
    -1.1177084621553146,
    -1.1177085004664422,
    -1.117708538630311,
    -1.1177085766440003,
    -1.1177086145045956,
    -1.1177086522091835,
    -1.1177086897548498,
    -1.1177087271386825,
    -1.1177087643577723,
    -1.1177088014092136,
    -1.117708838290108,
    -1.117708874997563,
    -1.1177089115286847,
    -1.1177089478805693,
    -1.1177089840502992,
    -1.1177090200349455,
    -1.117709055831577,
    -1.1177090914372696,
    -1.117709126849109,
    -1.1177091620641888,
    -1.1177091970796118,
    -1.117709231892486,
    -1.1177092664999162,
    -1.1177093008989973,
    -1.1177093350868155,
    -1.1177093690604547,
    -1.1177094028170027,
    -1.1177094363535451,
    -1.1177094696671608,
    -1.1177095027549275,
    -1.1177095356139262,
    -1.1177095682412368,
    -1.117709600633939,
    -1.1177096327891138,
    -1.117709664703846,
    -1.1177096963752182,
    -1.117709727800302,
    -1.1177097589761575,
    -1.1177097898998403,
    -1.1177098205684168,
    -1.117709850978965,
    -1.1177098811285677,
    -1.1177099110143058,
    -1.1177099406332536,
    -1.117709969982481,
    -1.1177099990590498,
    -1.1177100278600076,
    -1.1177100563823956,
    -1.11771008462325,
    -1.1177101125795998,
    -1.1177101402484597,
    -1.1177101676268346,
    -1.1177101947117343,
    -1.1177102215001846,
    -1.1177102479892236,
    -1.1177102741758973,
    -1.117710300057261,
    -1.1177103256303813,
    -1.1177103508923305,
    -1.1177103758401865,
    -1.117710400471034,
    -1.117710424781959,
    -1.1177104487700433,
    -1.1177104724323654,
    -1.1177104957659982,
    -1.117710518768019,
    -1.117710541435513,
    -1.1177105637655709,
    -1.1177105857552778,
    -1.117710607401712,
    -1.1177106287019498,
    -1.117710649653068,
    -1.1177106702521475,
    -1.1177106904962777,
    -1.1177107103825612,
    -1.1177107299081093,
    -1.1177107490700375,
    -1.1177107678654634,
    -1.1177107862915048,
    -1.1177108043452757,
    -1.1177108220238803,
    -1.1177108393244153,
    -1.1177108562439775,
    -1.1177108727796672,
    -1.1177108889285914,
    -1.1177109046878573,
    -1.1177109200545612,
    -1.11771093502579,
    -1.1177109495986282,
    -1.1177109637701603,
    -1.1177109775374723,
    -1.1177109908976535,
    -1.117711003847802,
    -1.1177110163850292,
    -1.1177110285064598,
    -1.117711040209234,
    -1.1177110514905084,
    -1.1177110623474467,
    -1.1177110727772148,
    -1.1177110827769845,
    -1.1177110923439293,
    -1.1177111014752192,
    -1.1177111101680168,
    -1.1177111184194706,
    -1.1177111262267094,
    -1.1177111335868508,
    -1.1177111404970097,
    -1.1177111469543062,
    -1.1177111529558772,
    -1.117711158498871,
    -1.1177111635804342,
    -1.1177111681977114,
    -1.1177111723478454,
    -1.1177111760279752,
    -1.117711179235228,
    -1.117711181966715,
    -1.1177111842195286,
    -1.1177111859907498,
    -1.1177111872774466,
    -1.1177111880766732,
    -1.117711188385474,
    -1.1177111882008888,
    -1.1177111875199586,
    -1.1177111863397304,
    -1.1177111846572552,
    -1.1177111824695867,
    -1.1177111797737833,
    -1.1177111765669028,
    -1.117711172845995,
    -1.1177111686080992,
    -1.117711163850246,
    -1.1177111585694606,
    -1.1177111527627677,
    -1.1177111464271845,
    -1.117711139559722,
    -1.117711132157384,
    -1.1177111242171724,
    -1.117711115736088,
    -1.1177111067111287,
    -1.1177110971392872,
    -1.1177110870175517,
    -1.1177110763429159,
    -1.1177110651123876,
    -1.1177110533230032,
    -1.1177110409718232,
    -1.1177110280559146,
    -1.117711014572342,
    -1.117711000518169,
    -1.1177109858904655,
    -1.1177109706863118,
    -1.117710954902797,
    -1.1177109385370125,
    -1.117710921586039,
    -1.117710904046942,
    -1.1177108859167746,
    -1.1177108671925848,
    -1.1177108478714164,
    -1.117710827950312,
    -1.1177108074263102,
    -1.1177107862964535,
    -1.1177107645577913,
    -1.11771074220737,
    -1.1177107192422193,
    -1.1177106956593523,
    -1.1177106714557752,
    -1.1177106466284952,
    -1.1177106211745231,
    -1.117710595090873,
    -1.1177105683745676,
    -1.1177105410226422,
    -1.1177105130321459,
    -1.1177104844001389,
    -1.1177104551236874,
    -1.1177104251998606,
    -1.117710394625736,
    -1.1177103633984051,
    -1.1177103315149737,
    -1.117710298972565,
    -1.1177102657683278,
    -1.1177102318994259,
    -1.1177101973630243,
    -1.1177101621562815,
    -1.1177101262763516,
    -1.1177100897203833,
    -1.1177100524855201,
    -1.117710014568897,
    -1.1177099759676428,
    -1.117709936678889,
    -1.117709896699762,
    -1.1177098560273788,
    -1.1177098146588453,
    -1.1177097725912595,
    -1.1177097298217047,
    -1.1177096863472507,
    -1.1177096421649537,
    -1.1177095972718603,
    -1.1177095516650084,
    -1.1177095053414265,
    -1.117709458298134,
    -1.1177094105321423,
    -1.117709362040458,
    -1.1177093128200855,
    -1.1177092628680336,
    -1.117709212181324,
    -1.1177091607569896,
    -1.117709108592079,
    -1.117709055683654,
    -1.1177090020287856,
    -1.1177089476245488,
    -1.1177088924680243,
    -1.1177088365562997,
    -1.1177087798864642,
    -1.1177087224555986,
    -1.1177086642607696,
    -1.1177086052990306,
    -1.1177085455674316,
    -1.1177084850630306,
    -1.1177084237828945,
    -1.1177083617240915,
    -1.1177082988836893,
    -1.1177082352587595,
    -1.1177081708463854,
    -1.1177081056436546,
    -1.1177080396476464,
    -1.1177079728554264,
    -1.117707905264046,
    -1.1177078368705458,
    -1.1177077676719596,
    -1.117707697665318,
    -1.1177076268476493,
    -1.1177075552159752,
    -1.1177074827673066,
    -1.1177074094986537,
    -1.1177073354070368,
    -1.1177072604894882,
    -1.117707184743044,
    -1.1177071081647443,
    -1.1177070307516344,
    -1.1177069525007663,
    -1.1177068734092066,
    -1.1177067934740341,
    -1.1177067126923244,
    -1.1177066310611374,
    -1.1177065485775164,
    -1.117706465238492,
    -1.1177063810410917,
    -1.1177062959823454,
    -1.1177062100592878,
    -1.11770612326896,
    -1.1177060356084154,
    -1.117705947074722,
    -1.1177058576649637,
    -1.1177057673762343,
    -1.1177056762056394,
    -1.1177055841502943,
    -1.1177054912073188,
    -1.1177053973738327,
    -1.1177053026469592,
    -1.1177052070238207,
    -1.117705110501541,
    -1.1177050130772497,
    -1.117704914748082,
    -1.1177048155111688,
    -1.1177047153636375,
    -1.117704614302612,
    -1.1177045123252087,
    -1.117704409428539,
    -1.1177043056097076,
    -1.1177042008658176,
    -1.1177040951939756,
    -1.1177039885912898,
    -1.1177038810548612,
    -1.1177037725817798,
    -1.1177036631691382,
    -1.117703552814037,
    -1.1177034415135836,
    -1.117703329264878,
    -1.1177032160650038,
    -1.1177031019110306,
    -1.1177029868000155,
    -1.1177028707290098,
    -1.1177027536950628,
    -1.1177026356952247,
    -1.1177025167265462,
    -1.1177023967860766,
    -1.1177022758708595,
    -1.117702153977934,
    -1.1177020311043375,
    -1.1177019072471108,
    -1.117701782403295,
    -1.1177016565699291,
    -1.1177015297440493,
    -1.1177014019226943,
    -1.1177012731029143,
    -1.1177011432817752,
    -1.11770101245635,
    -1.1177008806237072,
    -1.1177007477809062,
    -1.1177006139249974,
    -1.1177004790530165,
    -1.1177003431619774,
    -1.1177002062488806,
    -1.117700068310724,
    -1.1176999293445107,
    -1.117699789347236,
    -1.1176996483158816,
    -1.1176995062474182,
    -1.1176993631388161,
    -1.11769921898705,
    -1.1176990737890993,
    -1.1176989275419482,
    -1.117698780242594,
    -1.1176986318880473,
    -1.117698482475328,
    -1.117698332001456,
    -1.1176981804634551,
    -1.1176980278583593,
    -1.1176978741832142,
    -1.1176977194350803,
    -1.1176975636110273,
    -1.117697406708129,
    -1.1176972487234675,
    -1.117697089654137,
    -1.1176969294972414,
    -1.1176967682498975,
    -1.117696605909233,
    -1.117696442472386,
    -1.1176962779364963,
    -1.1176961122986957,
    -1.1176959455561082,
    -1.1176957777058596,
    -1.117695608745086,
    -1.1176954386998084,
    -1.117695267596047,
    -1.1176950954598164,
    -1.1176949223171246,
    -1.1176947481939707,
    -1.1176945731163466,
    -1.1176943971102404,
    -1.1176942202016427,
    -1.1176940424165513,
    -1.1176938637809781,
    -1.1176936843209573,
    -1.1176935040625422,
    -1.1176933230317971,
    -1.1176931412547886,
    -1.117692958757583,
    -1.117692775566245,
    -1.1176925917068343,
    -1.1176924072054033,
    -1.1176922220879928,
    -1.1176920363806269,
    -1.1176918501093058,
    -1.1176916633000118,
    -1.1176914759787198,
    -1.1176912881714047,
    -1.1176910999040413,
    -1.117690911202597,
    -1.1176907220930297,
    -1.1176905326012876,
    -1.1176903427533156,
    -1.1176901525750587,
    -1.117689962092458,
    -1.1176897713314462,
    -1.1176895803179467,
    -1.1176893890778759,
    -1.1176891976371501,
    -1.117689006021689,
    -1.1176888142574144,
    -1.117688622370247,
    -1.1176884303860999,
    -1.1176882383308802,
    -1.1176880462304968,
    -1.1176878541108584,
    -1.1176876619978589,
    -1.1176874699173802,
    -1.1176872778953029,
    -1.1176870859575097,
    -1.1176868941298819,
    -1.1176867024382968,
    -1.1176865109086274,
    -1.1176863195667432,
    -1.117686128438511,
    -1.1176859375497905,
    -1.1176857469264379,
    -1.1176855565943071,
    -1.117685366579252,
    -1.1176851769071248,
    -1.117684987603778,
    -1.1176847986950675,
    -1.1176846102068563,
    -1.1176844221650137,
    -1.1176842345954097,
    -1.1176840475239078,
    -1.117683860976367,
    -1.117683674978643,
    -1.117683489556591,
    -1.1176833047360766,
    -1.1176831205429714,
    -1.1176829370031498,
    -1.117682754142498,
    -1.117682571986923,
    -1.117682390562353,
    -1.1176822098947303,
    -1.1176820300100012,
    -1.1176818509341064,
    -1.117681672692975,
    -1.1176814953125314,
    -1.1176813188187038,
    -1.1176811432374287,
    -1.1176809685946367,
    -1.1176807949162495,
    -1.1176806222281852,
    -1.1176804505563604,
    -1.1176802799266916,
    -1.1176801103650937,
    -1.1176799418974745,
    -1.1176797745497347,
    -1.1176796083477731,
    -1.1176794433174866,
    -1.117679279484767,
    -1.1176791168754932,
    -1.1176789555155278,
    -1.1176787954307212,
    -1.117678636646923,
    -1.1176784791899872,
    -1.1176783230857685,
    -1.117678168360115,
    -1.1176780150388632,
    -1.1176778631478377,
    -1.1176777127128514,
    -1.117677563759716,
    -1.117677416314245,
    -1.1176772704022544,
    -1.1176771260495602,
    -1.117676983281974,
    -1.117676842125301,
    -1.1176767026053356,
    -1.11767656474787,
    -1.1176764285787057,
    -1.1176762941236575,
    -1.117676161408542,
    -1.1176760304591664,
    -1.117675901301327,
    -1.1176757739608087,
    -1.1176756484633852,
    -1.1176755248348278,
    -1.1176754031009104,
    -1.1176752832874122,
    -1.1176751654201182,
    -1.1176750495248189,
    -1.1176749356273112,
    -1.1176748237534078,
    -1.1176747139289351,
    -1.1176746061797287,
    -1.1176745005316284,
    -1.1176743970104777,
    -1.117674295642122,
    -1.117674196452414,
    -1.1176740994672132,
    -1.1176740047123859,
    -1.1176739122138069,
    -1.1176738219973679,
    -1.1176737340889717,
    -1.1176736485145242,
    -1.1176735652999261,
    -1.117673484471077,
    -1.1176734060538789,
    -1.117673330074241,
    -1.1176732565580818,
    -1.1176731855313267,
    -1.1176731170198995,
    -1.1176730510497184,
    -1.1176729876466915,
    -1.117672926836722,
    -1.1176728686457105,
    -1.117672813099557,
    -1.1176727602241547,
    -1.117672710045384,
    -1.1176726625891173,
    -1.1176726178812237,
    -1.117672575947569,
    -1.1176725368140177,
    -1.1176725005064323,
    -1.1176724670506675,
    -1.1176724364725736,
    -1.1176724087979975,
    -1.117672384052788,
    -1.117672362262795,
    -1.1176723434538725,
    -1.1176723276518787,
    -1.1176723148826793,
    -1.1176723051721418,
    -1.1176722985461287,
    -1.1176722950304885,
    -1.1176722946510609,
    -1.1176722974336826,
    -1.117672303404193,
    -1.1176723125884394,
    -1.1176723250122707,
    -1.1176723407015285,
    -1.1176723596820473,
    -1.1176723819796572,
    -1.1176724076201865,
    -1.1176724366294712,
    -1.1176724690333666,
    -1.117672504857748,
    -1.1176725441285023,
    -1.1176725868715136,
    -1.117672633112659,
    -1.1176726828778139,
    -1.117672736192866,
    -1.1176727930837234,
    -1.1176728535763076,
    -1.117672917696548,
    -1.1176729854703757,
    -1.1176730569237276,
    -1.1176731320825468,
    -1.1176732109727823,
    -1.1176732936203815,
    -1.1176733800512828,
    -1.11767347029141,
    -1.1176735643666826,
    -1.1176736623030317,
    -1.1176737641264047,
    -1.11767386986276,
    -1.11767397953806,
    -1.1176740931782725,
    -1.1176742108093745,
    -1.1176743324573521,
    -1.1176744581481994,
    -1.1176745879079117,
    -1.1176747217624796,
    -1.1176748597378887,
    -1.1176750018601291,
    -1.1176751481551903,
    -1.1176752986490606,
    -1.1176754533677187,
    -1.1176756123371308,
    -1.1176757755832554,
    -1.1176759431320535,
    -1.1176761150094867,
    -1.1176762912415095,
    -1.1176764718540715,
    -1.117676656873123,
    -1.1176768463246167,
    -1.1176770402345064,
    -1.1176772386287366,
    -1.1176774415332418,
    -1.117677648973959,
    -1.1176778609768385,
    -1.1176780775678445,
    -1.117678298772947,
    -1.1176785246181087,
    -1.1176787551292797,
    -1.1176789903324045,
    -1.1176792302534313,
    -1.1176794749183223,
    -1.1176797243530532,
    -1.117679978583608,
    -1.117680237635975,
    -1.1176805015361444,
    -1.1176807703100988,
    -1.1176810439838063,
    -1.117681322583226,
    -1.117681606134321,
    -1.1176818946630618,
    -1.1176821881954213,
    -1.1176824867573714,
    -1.1176827903748776,
    -1.1176830990738937,
    -1.117683412880355,
    -1.1176837318201736,
    -1.117684055919242,
    -1.117684385203442,
    -1.117684719698654,
    -1.117685059430765,
    -1.1176854044256705,
    -1.1176857547092702,
    -1.1176861103074678,
    -1.1176864712461791,
    -1.1176868375513305,
    -1.1176872092488483,
    -1.1176875863646536,
    -1.117687968924658,
    -1.1176883569547598,
    -1.117688750480847,
    -1.1176891495288033,
    -1.1176895541245073,
    -1.1176899642938354,
    -1.117690380062662,
    -1.1176908014568645,
    -1.1176912285023335,
    -1.1176916612249783,
    -1.1176920996507171,
    -1.1176925438054628,
    -1.117692993715113,
    -1.117693449405551,
    -1.1176939109026585,
    -1.117694378232327,
    -1.117694851420456,
    -1.1176953304929405,
    -1.1176958154756553,
    -1.1176963063944545,
    -1.1176968032751806,
    -1.1176973061436781,
    -1.1176978150257992,
    -1.1176983299474075,
    -1.117698850934379,
    -1.1176993780126017,
    -1.1176999112079788,
    -1.1177004505464314,
    -1.1177009960538946,
    -1.117701547756311,
    -1.11770210567961,
    -1.1177026698497008,
    -1.1177032402924816,
    -1.1177038170338531,
    -1.117704400099719,
    -1.117704989515985,
    -1.1177055853085622,
    -1.1177061875033802,
    -1.1177067961263938,
    -1.117707411203575,
    -1.117708032760902,
    -1.11770866082435,
    -1.1177092954198877,
    -1.117709936573477,
    -1.11771058431107,
    -1.1177112386586054,
    -1.1177118996420101,
    -1.1177125672872077,
    -1.1177132416201374,
    -1.1177139226667596,
    -1.1177146104530418,
    -1.1177153050049413,
    -1.1177160063483869,
    -1.1177167145092797,
    -1.1177174295135048,
    -1.1177181513869454,
    -1.1177188801554871,
    -1.1177196158450158,
    -1.1177203584814162,
    -1.11772110809058,
    -1.11772186469842,
    -1.117722628330879,
    -1.1177233990139237,
    -1.1177241767735324,
    -1.1177249616356872,
    -1.1177257536263787,
    -1.117726552771602,
    -1.1177273590973533,
    -1.117728172629634,
    -1.117728993394456,
    -1.1177298214178417,
    -1.1177306567258105,
    -1.1177314993443672,
    -1.1177323492995015,
    -1.117733206617195,
    -1.1177340713234318,
    -1.117734943444199,
    -1.1177358230054835,
    -1.1177367100332702,
    -1.1177376045535439,
    -1.1177385065922856,
    -1.1177394161754692,
    -1.1177403333290667,
    -1.1177412580790569,
    -1.1177421904514298,
    -1.1177431304721852,
    -1.1177440781673342,
    -1.1177450335629033,
    -1.1177459966849246,
    -1.1177469675594254,
    -1.1177479462124214,
    -1.1177489326699135,
    -1.1177499269578977,
    -1.1177509291023782,
    -1.117751939129369,
    -1.1177529570648967,
    -1.1177539829350116,
    -1.1177550167657966,
    -1.1177560585833677,
    -1.1177571084138667,
    -1.117758166283441,
    -1.117759232218229,
    -1.1177603062443608,
    -1.1177613883879638,
    -1.1177624786751619,
    -1.1177635771320826,
    -1.1177646837848485,
    -1.1177657986595755,
    -1.1177669217823838,
    -1.1177680531794192,
    -1.1177691928768454,
    -1.1177703409008213,
    -1.1177714972774846,
    -1.1177726620329607,
    -1.1177738351933746,
    -1.1177750167848601,
    -1.117776206833565,
    -1.1177774053656555,
    -1.1177786124073052,
    -1.1177798279846753,
    -1.1177810521239022,
    -1.1177822848511039,
    -1.117783526192386,
    -1.1177847761738515,
    -1.1177860348216062,
    -1.1177873021617548,
    -1.1177885782203973,
    -1.1177898630236323,
    -1.1177911565975522,
    -1.1177924589682413,
    -1.1177937701617777,
    -1.1177950902042342,
    -1.1177964191216645,
    -1.1177977569400952,
    -1.1177991036855417,
    -1.1178004593840212,
    -1.1178018240615508,
    -1.117803197744141,
    -1.1178045804577932,
    -1.1178059722285074,
    -1.1178073730822833,
    -1.1178087830451167,
    -1.1178102021429994,
    -1.1178116304019243,
    -1.117813067847886,
    -1.1178145145068723,
    -1.1178159704048607,
    -1.117817435567827,
    -1.1178189100217517,
    -1.1178203937926192,
    -1.1178218869064143,
    -1.1178233893891252,
    -1.1178249012667434,
    -1.1178264225652592,
    -1.1178279533106572,
    -1.1178294935289126,
    -1.1178310432459917,
    -1.1178326024878453,
    -1.1178341712804076,
    -1.117835749649606,
    -1.1178373376213722,
    -1.1178389352216493,
    -1.1178405424763977,
    -1.1178421594115964,
    -1.1178437860532282,
    -1.1178454224272716,
    -1.117847068559709,
    -1.1178487244765374,
    -1.117850390203758,
    -1.1178520657673725,
    -1.1178537511933877,
    -1.117855446507815,
    -1.1178571517366642,
    -1.1178588669059462,
    -1.1178605920416895,
    -1.117862327169943,
    -1.1178640723167605,
    -1.1178658275081852,
    -1.1178675927702437,
    -1.1178693681289482,
    -1.1178711536102965,
    -1.1178729492402768,
    -1.1178747550448715,
    -1.1178765710500584,
    -1.1178783972818174,
    -1.1178802337661398,
    -1.1178820805290268,
    -1.1178839375964853,
    -1.1178858049945206,
    -1.1178876827491335,
    -1.1178895708863246,
    -1.1178914694321007,
    -1.1178933784124692,
    -1.117895297853425,
    -1.117897227780956,
    -1.1178991682210584,
    -1.1179011191997426,
    -1.1179030807430252,
    -1.117905052876921,
    -1.11790703562744,
    -1.1179090290205904,
    -1.117911033082376,
    -1.1179130478387984,
    -1.1179150733158616,
    -1.117917109539568,
    -1.1179191565359128,
    -1.1179212143308772,
    -1.1179232829504295,
    -1.1179253624205299,
    -1.117927452767141,
    -1.1179295540162384,
    -1.1179316661938135,
    -1.1179337893258685,
    -1.1179359234384025,
    -1.1179380685573967,
    -1.117940224708815,
    -1.1179423919186098,
    -1.1179445702127313,
    -1.1179467596171366,
    -1.1179489601577963,
    -1.11795117186069,
    -1.117953394751793,
    -1.11795562885706,
    -1.1179578742024099,
    -1.1179601308137155,
    -1.1179623987168168,
    -1.1179646779375556,
    -1.1179669685017974,
    -1.1179692704354216,
    -1.1179715837643012,
    -1.1179739085142888,
    -1.117976244711211,
    -1.1179785923808723,
    -1.117980951549068,
    -1.1179833222415894,
    -1.1179857044842174,
    -1.1179880983027093,
    -1.117990503722794,
    -1.1179929207701724,
    -1.1179953494705233,
    -1.1179977898495084,
    -1.118000241932783,
    -1.1180027057460418,
    -1.1180051813150857,
    -1.1180076686658655,
    -1.1180101678244834,
    -1.1180126788171922,
    -1.1180152016703964,
    -1.1180177363277566,
    -1.1180202827330346,
    -1.1180228408300268,
    -1.1180254105625393,
    -1.1180279918743907,
    -1.1180305847093912,
    -1.1180331890113224,
    -1.1180358047239316,
    -1.1180384317909207,
    -1.1180410701559471,
    -1.11804371976263,
    -1.1180463805545513,
    -1.1180490524752609,
    -1.118051735468277,
    -1.1180544294770838,
    -1.1180571344451296,
    -1.1180598503158268,
    -1.118062577032545,
    -1.1180653145386044,
    -1.1180680627772777,
    -1.1180708216917978,
    -1.1180735912253663,
    -1.1180763713211628,
    -1.1180791619223518,
    -1.1180819629720822,
    -1.1180847744135043,
    -1.1180875961897923,
    -1.118090428244143,
    -1.1180932705197466,
    -1.118096122959775,
    -1.1180989855074057,
    -1.1181018581058373,
    -1.1181047406982654,
    -1.1181076332278534,
    -1.1181105356377306,
    -1.1181134478709969,
    -1.1181163698707226,
    -1.1181193015799509,
    -1.1181222429416997,
    -1.1181251938989645,
    -1.1181281543947135,
    -1.1181311243718854,
    -1.1181341037733892,
    -1.1181370925421092,
    -1.1181400906209051,
    -1.1181430979526092,
    -1.1181461144800415,
    -1.1181491401460149,
    -1.118152174893336,
    -1.1181552186648054,
    -1.118158271403219,
    -1.1181613330513704,
    -1.1181644035520515,
    -1.1181674828480492,
    -1.1181705708821437,
    -1.1181736675971046,
    -1.1181767729356942,
    -1.1181798868406627,
    -1.1181830092547507,
    -1.1181861401206896,
    -1.1181892793811992,
    -1.1181924269789885,
    -1.1181955828567591,
    -1.1181987469572083,
    -1.1182019192230352,
    -1.1182050995969417,
    -1.1182082880216333,
    -1.1182114844398114,
    -1.1182146887941702,
    -1.1182179010273923,
    -1.1182211210821549,
    -1.1182243489011345,
    -1.1182275844270073,
    -1.1182308276024526,
    -1.1182340783701523,
    -1.1182373366727894,
    -1.118240602453041,
    -1.1182438756535755,
    -1.1182471562170477,
    -1.1182504440861034,
    -1.1182537392033873,
    -1.1182570415115465,
    -1.1182603509532274,
    -1.1182636674710746,
    -1.1182669910077319,
    -1.1182703215058416,
    -1.1182736589080424,
    -1.1182770031569664,
    -1.1182803541952393,
    -1.1182837119654832,
    -1.1182870764103146,
    -1.1182904474723474,
    -1.118293825094196,
    -1.118297209218476,
    -1.1183005997877986,
    -1.1183039967447663,
    -1.1183074000319686,
    -1.1183108095919836,
    -1.1183142253673841,
    -1.1183176473007492,
    -1.1183210753346833,
    -1.1183245094118266,
    -1.1183279494748395,
    -1.118331395466384,
    -1.1183348473291284,
    -1.1183383050057671,
    -1.1183417684390309,
    -1.1183452375716838,
    -1.11834871234651,
    -1.1183521927063076,
    -1.118355678593879,
    -1.1183591699520217,
    -1.118362666723536,
    -1.1183661688512456,
    -1.1183696762780004,
    -1.11837318894667,
    -1.118376706800133,
    -1.1183802297812684,
    -1.1183837578329614,
    -1.1183872908981207,
    -1.1183908289196876,
    -1.1183943718406222,
    -1.1183979196038842,
    -1.1184014721524136,
    -1.1184050294291257,
    -1.1184085913769173,
    -1.1184121579386723,
    -1.118415729057265,
    -1.1184193046755633,
    -1.1184228847364344,
    -1.1184264691827546,
    -1.1184300579574213,
    -1.118433651003356,
    -1.1184372482635012,
    -1.118440849680829,
    -1.118444455198347,
    -1.1184480647590973,
    -1.1184516783061493,
    -1.118455295782592,
    -1.118458917131527,
    -1.1184625422960763,
    -1.1184661712193962,
    -1.1184698038446794,
    -1.118473440115154,
    -1.118477079974067,
    -1.1184807233646639,
    -1.1184843702301799,
    -1.1184880205138479,
    -1.1184916741588944,
    -1.1184953311085266,
    -1.1184989913059282,
    -1.1185026546942607,
    -1.1185063212166626,
    -1.1185099908162544,
    -1.1185136634361375,
    -1.1185173390193968,
    -1.118521017509099,
    -1.118524698848305,
    -1.1185283829800883,
    -1.1185320698475374,
    -1.118535759393739,
    -1.1185394515617728,
    -1.1185431462947177,
    -1.1185468435356414,
    -1.118550543227584,
    -1.1185542453135575,
    -1.1185579497365457,
    -1.1185616564395071,
    -1.1185653653653782,
    -1.1185690764570742,
    -1.1185727896574917,
    -1.1185765049095193,
    -1.1185802221560557,
    -1.118583941340025,
    -1.1185876624043833,
    -1.11859138529212,
    -1.1185951099462583,
    -1.118598836309851,
    -1.1186025643259636,
    -1.1186062939376533,
    -1.1186100250879696,
    -1.1186137577199717,
    -1.1186174917767453,
    -1.118621227201406,
    -1.1186249639370924,
    -1.1186287019269447,
    -1.118632441114084,
    -1.1186361814416115,
    -1.1186399228526214,
    -1.1186436652902072,
    -1.1186474086974514,
    -1.118651153017413,
    -1.1186548981931204,
    -1.1186586441675666,
    -1.1186623908837225,
    -1.1186661382845589,
    -1.1186698863130504,
    -1.1186736349121598,
    -1.1186773840248327,
    -1.1186811335940021,
    -1.1186848835625962,
    -1.1186886338735527,
    -1.1186923844698287,
    -1.1186961352943992,
    -1.1186998862902404,
    -1.1187036374003279,
    -1.1187073885676395,
    -1.1187111397351566,
    -1.1187148908458568,
    -1.1187186418427213,
    -1.1187223926687486,
    -1.1187261432669677,
    -1.1187298935804306,
    -1.1187336435521953,
    -1.118737393125314,
    -1.1187411422428437,
    -1.1187448908478517,
    -1.118748638883407,
    -1.1187523862925568,
    -1.1187561330183184,
    -1.1187598790036861,
    -1.1187636241916399,
    -1.1187673685251462,
    -1.1187711119471606,
    -1.1187748544006273,
    -1.1187785958284906,
    -1.118782336173694,
    -1.1187860753791727,
    -1.1187898133878482,
    -1.1187935501426298,
    -1.1187972855864068,
    -1.1188010196620488,
    -1.1188047523124227,
    -1.1188084834804062,
    -1.1188122131088847,
    -1.118815941140749,
    -1.1188196675188937,
    -1.1188233921862178,
    -1.1188271150856188,
    -1.11883083615999,
    -1.1188345553522276,
    -1.118838272605246,
    -1.118841987861973,
    -1.1188457010653503,
    -1.1188494121583286,
    -1.118853121083869,
    -1.1188568277849453,
    -1.1188605322045477,
    -1.1188642342856858,
    -1.1188679339713847,
    -1.1188716312046822,
    -1.1188753259286333,
    -1.1188790180863037,
    -1.11888270762076,
    -1.1188863944750524,
    -1.118890078592223,
    -1.1188937599153166,
    -1.1188974383873878,
    -1.1189011139514977,
    -1.1189047865507158,
    -1.1189084561281126,
    -1.1189121226267418,
    -1.1189157859896268,
    -1.1189194461597625,
    -1.1189231030801348,
    -1.1189267566937444,
    -1.118930406943616,
    -1.1189340537728,
    -1.1189376971243619,
    -1.1189413369413572,
    -1.1189449731668188,
    -1.1189486057437537,
    -1.1189522346151541,
    -1.118955859724019,
    -1.1189594810133563,
    -1.118963098426188,
    -1.1189667119055473,
    -1.1189703213944746,
    -1.1189739268360046,
    -1.1189775281731629,
    -1.118981125348976,
    -1.1189847183064918,
    -1.1189883069887794,
    -1.1189918913389236,
    -1.1189954713000263,
    -1.1189990468152011,
    -1.1190026178275587,
    -1.1190061842801917,
    -1.1190097461161814,
    -1.1190133032786092,
    -1.1190168557105444,
    -1.1190204033550164,
    -1.1190239461550087,
    -1.119027484053489,
    -1.1190310169934345,
    -1.1190345449178352,
    -1.1190380677696967,
    -1.1190415854920404,
    -1.1190450980279052,
    -1.1190486053203499,
    -1.1190521073124555,
    -1.1190556039473247,
    -1.1190590951680777,
    -1.1190625809178523,
    -1.1190660611397991,
    -1.11906953577706,
    -1.1190730047727382,
    -1.119076468069896,
    -1.1190799256115833,
    -1.1190833773408648,
    -1.1190868232008306,
    -1.1190902631345943,
    -1.11909369708527,
    -1.1190971249959545,
    -1.119100546809735,
    -1.1191039624696875,
    -1.119107371918858,
    -1.1191107751002647,
    -1.1191141719569224,
    -1.1191175624318677,
    -1.119120946468169,
    -1.1191243240089124,
    -1.1191276949971651,
    -1.1191310593759354,
    -1.1191344170881583,
    -1.1191377680767178,
    -1.119141112284493,
    -1.1191444496543832,
    -1.1191477801293148,
    -1.1191511036522388,
    -1.1191544201661274,
    -1.1191577296139772,
    -1.119161031938814,
    -1.1191643270836829,
    -1.1191676149916225,
    -1.1191708956056459,
    -1.1191741688687533,
    -1.119177434723953,
    -1.1191806931142627,
    -1.1191839439827096,
    -1.1191871872723316,
    -1.1191904229261653,
    -1.1191936508872258,
    -1.1191968710985094,
    -1.1192000835030103,
    -1.1192032880437277,
    -1.1192064846636676,
    -1.1192096733058245,
    -1.1192128539131498,
    -1.119216026428532,
    -1.1192191907948064,
    -1.1192223469547953,
    -1.1192254948513338,
    -1.1192286344272753,
    -1.1192317656254853,
    -1.1192348883888368,
    -1.1192380026601974,
    -1.1192411083824094,
    -1.1192442054982774,
    -1.119247293950578,
    -1.1192503736820776,
    -1.1192534446355418,
    -1.1192565067537423,
    -1.1192595599794566,
    -1.119262604255459,
    -1.1192656395245186,
    -1.1192686657294124,
    -1.1192716828129423,
    -1.1192746907179452,
    -1.1192776893872933,
    -1.1192806787638907,
    -1.1192836587906507,
    -1.119286629410453,
    -1.1192895905661095,
    -1.1192925422003863,
    -1.1192954842560454,
    -1.1192984166758546,
    -1.1193013394025786,
    -1.1193042523789738,
    -1.1193071555477947,
    -1.1193100488518004,
    -1.119312932233767,
    -1.1193158056364931,
    -1.1193186690028005,
    -1.119321522275525,
    -1.1193243653975165,
    -1.119327198311653,
    -1.1193300209608419,
    -1.1193328332880048,
    -1.1193356352360786,
    -1.1193384267480377,
    -1.1193412077669094,
    -1.1193439782357624,
    -1.1193467380976916,
    -1.119349487295814,
    -1.1193522257732753,
    -1.1193549534732554,
    -1.119357670338966,
    -1.1193603763136428,
    -1.1193630713405478,
    -1.1193657553629681,
    -1.119368428324224,
    -1.119371090167669,
    -1.1193737408366864,
    -1.119376380274686,
    -1.11937900842511,
    -1.1193816252314388,
    -1.119384230637197,
    -1.1193868245859486,
    -1.119389407021273,
    -1.1193919778867005,
    -1.1193945371256486,
    -1.1193970846814532,
    -1.119399620497451,
    -1.119402144517032,
    -1.1194046566836495,
    -1.119407156940823,
    -1.1194096452321294,
    -1.1194121215012003,
    -1.1194145856917121,
    -1.119417037747327,
    -1.119419477611638,
    -1.1194219052282075,
    -1.1194243205406382,
    -1.1194267234926119,
    -1.1194291140278845,
    -1.1194314920902702,
    -1.119433857623631,
    -1.119436210571857,
    -1.1194385508788005,
    -1.1194408784882326,
    -1.119443193343883,
    -1.1194454953895023,
    -1.1194477845688784,
    -1.1194500608258402,
    -1.1194523241042706,
    -1.119454574348102,
    -1.119456811501257,
    -1.1194590355075746,
    -1.1194612463107625,
    -1.1194634438543416,
    -1.1194656280816158,
    -1.119467798935737,
    -1.1194699563598152,
    -1.1194721002969932,
    -1.1194742306904566,
    -1.1194763474833953,
    -1.1194784506189746,
    -1.1194805400403525,
    -1.1194826156906883,
    -1.1194846775131257,
    -1.119486725450813,
    -1.1194887594469314,
    -1.1194907794447042,
    -1.1194927853873953,
    -1.1194947772183008,
    -1.11949675488074,
    -1.119498718318055,
    -1.119500667473595,
    -1.1195026022906398,
    -1.1195045227123497,
    -1.1195064286818108,
    -1.1195083201421065,
    -1.119510197036335,
    -1.119512059307616,
    -1.119513906899109,
    -1.1195157397540172,
    -1.1195175578155843,
    -1.1195193610270902,
    -1.119521149331865,
    -1.1195229226733006,
    -1.1195246809948423,
    -1.119526424239964,
    -1.1195281523521452,
    -1.1195298652748764,
    -1.1195315629516687,
    -1.1195332453260611,
    -1.119534912341632,
    -1.1195365639419737,
    -1.1195382000706118,
    -1.1195398206709548,
    -1.1195414256863467,
    -1.1195430150601602,
    -1.1195445887358335,
    -1.1195461466568657,
    -1.1195476887668054,
    -1.1195492150092368,
    -1.1195507253277786,
    -1.119552219666084,
    -1.1195536979678167,
    -1.119555160176624,
    -1.1195566062361249,
    -1.1195580360898643,
    -1.1195594496812789,
    -1.1195608469537404,
    -1.1195622278506168,
    -1.119563592315281,
    -1.1195649402911063,
    -1.119566271721457,
    -1.1195675865496793,
    -1.119568884836952,
    -1.119570166644442,
    -1.1195714320332562,
    -1.1195726810644167,
    -1.1195739137989076,
    -1.1195751302977306,
    -1.1195763306219222,
    -1.1195775148325495,
    -1.119578682990695,
    -1.1195798351574462,
    -1.11958097139388,
    -1.1195820917610015,
    -1.1195831963196563,
    -1.1195842851305176,
    -1.1195853582541346,
    -1.1195864157509865,
    -1.1195874576815377,
    -1.119588484106289,
    -1.1195894950857916,
    -1.119590490680631,
    -1.1195914709514134,
    -1.1195924359587581,
    -1.1195933857633016,
    -1.1195943204257013,
    -1.1195952400066307,
    -1.1195961445667755,
    -1.1195970341668406,
    -1.1195979088675714,
    -1.1195987687297746,
    -1.1195996138143225,
    -1.1196004441821372,
    -1.1196012598941603,
    -1.1196020610113366,
    -1.1196028475946231,
    -1.1196036197049954,
    -1.119604377403446,
    -1.1196051207509787,
    -1.1196058498085926,
    -1.1196065646372722,
    -1.119607265297994,
    -1.1196079518517357,
    -1.1196086243594605,
    -1.119609282882109,
    -1.119609927480596,
    -1.119610558215822,
    -1.1196111751486775,
    -1.119611778340061,
    -1.1196123678508791,
    -1.1196129437420357,
    -1.1196135060744299,
    -1.1196140549089633,
    -1.119614590306542,
    -1.1196151123280638,
    -1.1196156210343877,
    -1.1196161164863205,
    -1.1196165987446418,
    -1.119617067870124,
    -1.1196175239235326,
    -1.1196179669656214,
    -1.1196183970571274,
    -1.1196188142587657,
    -1.1196192186312344,
    -1.1196196102352194,
    -1.1196199891314018,
    -1.119620355380473,
    -1.1196207090431458,
    -1.1196210501801451,
    -1.1196213788522125,
    -1.119621695120124,
    -1.1196219990447045,
    -1.1196222906868112,
    -1.119622570107328,
    -1.1196228373671673,
    -1.1196230925272654,
    -1.1196233356485699,
    -1.1196235667920342,
    -1.1196237860186193,
    -1.1196239933892767,
    -1.1196241889649412,
    -1.1196243728065394,
    -1.119624544975005,
    -1.1196247055312845,
    -1.1196248545363396,
    -1.1196249920511467,
    -1.1196251181366892,
    -1.119625232853961,
    -1.1196253362639659,
    -1.1196254284277054,
    -1.1196255094061807,
    -1.119625579260396,
    -1.1196256380513663,
    -1.1196256858401097,
    -1.1196257226876412,
    -1.1196257486549657,
    -1.1196257638030829,
    -1.1196257681929935,
    -1.1196257618857093,
    -1.1196257449422573,
    -1.1196257174236828,
    -1.1196256793910413,
    -1.119625630905389,
    -1.119625572027759,
    -1.119625502819128,
    -1.1196254233403986,
    -1.1196253336524304,
    -1.1196252338160735,
    -1.1196251238921815,
    -1.1196250039416098,
    -1.1196248740252126,
    -1.1196247342038412,
    -1.1196245845383423,
    -1.1196244250895593,
    -1.1196242559183294,
    -1.1196240770854797,
    -1.1196238886518286,
    -1.1196236906781927,
    -1.1196234832253895,
    -1.1196232663542274,
    -1.1196230401255058,
    -1.1196228046000238,
    -1.1196225598385834,
    -1.1196223059019843,
    -1.1196220428510206,
    -1.1196217707464866,
    -1.1196214896491774,
    -1.1196211996198873,
    -1.1196209007194051,
    -1.119620593008501,
    -1.119620276547905,
    -1.1196199513982688,
    -1.119619617620162,
    -1.119619275274114,
    -1.1196189244206447,
    -1.1196185651202675,
    -1.1196181974334938,
    -1.1196178214208363,
    -1.119617437142812,
    -1.1196170446599378,
    -1.1196166440327309,
    -1.1196162353217138,
    -1.1196158185874279,
    -1.1196153938904332,
    -1.1196149612912991,
    -1.1196145208506016,
    -1.119614072628924,
    -1.1196136166868602,
    -1.1196131530850135,
    -1.1196126818839927,
    -1.1196122031444067,
    -1.1196117169268653,
    -1.1196112232919828,
    -1.1196107223003766,
    -1.1196102140126662,
    -1.1196096984894752,
    -1.1196091757914355,
    -1.1196086459791899,
    -1.119608109113391,
    -1.1196075652546984,
    -1.119607014463783,
    -1.1196064568013198,
    -1.1196058923279832,
    -1.1196053211044479,
    -1.11960474319139,
    -1.119604158649487,
    -1.1196035675394174,
    -1.1196029699218633,
    -1.1196023658575067,
    -1.1196017554070303,
    -1.1196011386311207,
    -1.1196005155904678,
    -1.1195998863457701,
    -1.1195992509577362,
    -1.119598609487089,
    -1.119597961994564,
    -1.1195973085409034,
    -1.119596649186834,
    -1.1195959839930576,
    -1.1195953130202645,
    -1.1195946363291542,
    -1.1195939539804352,
    -1.1195932660348142,
    -1.1195925725529905,
    -1.1195918735956536,
    -1.1195911692234897,
    -1.1195904594971862,
    -1.119589744477434,
    -1.1195890242249207,
    -1.119588298800318,
    -1.1195875682642868,
    -1.1195868326774898,
    -1.1195860921005916,
    -1.1195853465942647,
    -1.1195845962191897,
    -1.1195838410360395,
    -1.1195830811054617,
    -1.1195823164880956,
    -1.1195815472445856,
    -1.1195807734355865,
    -1.1195799951217604,
    -1.119579212363776,
    -1.1195784252223064,
    -1.119577633758031,
    -1.1195768380316362,
    -1.1195760381038098,
    -1.119575234035241,
    -1.119574425886618,
    -1.1195736137186276,
    -1.1195727975919583,
    -1.119571977567297,
    -1.119571153705327,
    -1.1195703260667262,
    -1.119569494712166,
    -1.1195686597023136,
    -1.1195678210978355,
    -1.119566978959398,
    -1.1195661333476692,
    -1.1195652843233208,
    -1.119564431947028,
    -1.1195635762794673,
    -1.1195627173813207,
    -1.119561855313273,
    -1.1195609901360077,
    -1.1195601219102143,
    -1.1195592506965926,
    -1.1195583765558523,
    -1.1195574995487125,
    -1.1195566197358982,
    -1.1195557371781415,
    -1.1195548519361802,
    -1.1195539640707595,
    -1.1195530736426351,
    -1.119552180712584,
    -1.119551285341396,
    -1.1195503875898631,
    -1.1195494875187813,
    -1.1195485851889506,
    -1.1195476806611762,
    -1.119546773996269,
    -1.1195458652550414,
    -1.119544954498304,
    -1.1195440417868596,
    -1.1195431271815055,
    -1.1195422107430337,
    -1.119541292532234,
    -1.119540372609898,
    -1.1195394510368246,
    -1.119538527873819,
    -1.1195376031816897,
    -1.1195366770212443,
    -1.1195357494532874,
    -1.119534820538623,
    -1.1195338903380583,
    -1.119532958912402,
    -1.119532026322463,
    -1.1195310926290505,
    -1.1195301578929693,
    -1.1195292221750226,
    -1.1195282855360136,
    -1.1195273480367434,
    -1.1195264097380129,
    -1.119525470700625,
    -1.1195245309853898,
    -1.1195235906531278,
    -1.1195226497646646,
    -1.1195217083808284,
    -1.1195207665624478,
    -1.1195198243703537,
    -1.119518881865377,
    -1.119517939108351,
    -1.1195169961601128,
    -1.1195160530815078,
    -1.119515109933389,
    -1.119514166776614,
    -1.1195132236720378,
    -1.119512280680521,
    -1.1195113378629298,
    -1.1195103952801329,
    -1.1195094529929999,
    -1.1195085110624008,
    -1.1195075695492052,
    -1.119506628514285,
    -1.1195056880185144,
    -1.1195047481227696,
    -1.1195038088879319,
    -1.1195028703748862,
    -1.1195019326445208,
    -1.1195009957577249,
    -1.1195000597753857,
    -1.119499124758385,
    -1.1194981907676003,
    -1.1194972578639044,
    -1.1194963261081705,
    -1.11949539556128,
    -1.1194944662841215,
    -1.119493538337585,
    -1.1194926117825659,
    -1.1194916866799631,
    -1.1194907630906805,
    -1.1194898410756249,
    -1.1194889206956988,
    -1.1194880020117985,
    -1.1194870850848164,
    -1.1194861699756424,
    -1.1194852567451654,
    -1.1194843454542769,
    -1.1194834361638684,
    -1.1194825289348285,
    -1.1194816238280398,
    -1.1194807209043798,
    -1.1194798202247218,
    -1.1194789218499424,
    -1.1194780258409174,
    -1.1194771322585184,
    -1.1194762411636145,
    -1.1194753526170786,
    -1.1194744666797845,
    -1.1194735834126046,
    -1.1194727028764053,
    -1.1194718251320461,
    -1.1194709502403852,
    -1.1194700782622862,
    -1.1194692092586132,
    -1.1194683432902244,
    -1.1194674804179696,
    -1.1194666207026895,
    -1.1194657642052177,
    -1.1194649109863821,
    -1.1194640611070066,
    -1.1194632146279115,
    -1.1194623716099212,
    -1.1194615321138657,
    -1.1194606962005806,
    -1.1194598639309064,
    -1.119459035365689,
    -1.1194582105657813,
    -1.1194573895920434,
    -1.1194565725053398,
    -1.1194557593665375,
    -1.1194549502365032,
    -1.1194541451761013,
    -1.119453344246197,
    -1.11945254750766,
    -1.119451755021371,
    -1.1194509668482213,
    -1.1194501830491046,
    -1.119449403684912,
    -1.1194486288165337,
    -1.1194478585048637,
    -1.1194470928108005,
    -1.1194463317952443,
    -1.1194455755190946,
    -1.1194448240432446,
    -1.1194440774285854,
    -1.1194433357360123,
    -1.1194425990264263,
    -1.119441867360728,
    -1.1194411407998137,
    -1.1194404194045693,
    -1.1194397032358678,
    -1.1194389923545716,
    -1.1194382868215311,
    -1.1194375866975903,
    -1.1194368920435882,
    -1.1194362029203533,
    -1.1194355193887027,
    -1.1194348415094442,
    -1.1194341693433822,
    -1.1194335029513185,
    -1.119432842394059,
    -1.1194321877324158,
    -1.1194315390272092,
    -1.1194308963392672,
    -1.1194302597294246,
    -1.1194296292585182,
    -1.1194290049873896,
    -1.1194283869768864,
    -1.119427775287862,
    -1.119427169981175,
    -1.1194265711176852,
    -1.1194259787582534,
    -1.1194253929637434,
    -1.1194248137950202,
    -1.1194242413129565,
    -1.1194236755784261,
    -1.1194231166522943,
    -1.1194225645954123,
    -1.1194220194686282,
    -1.1194214813327907,
    -1.1194209502487469,
    -1.119420426277339,
    -1.1194199094794046,
    -1.1194193999157682,
    -1.1194188976472417,
    -1.119418402734632,
    -1.119417915238748,
    -1.1194174352203987,
    -1.1194169627403907,
    -1.1194164978595287,
    -1.1194160406386116,
    -1.1194155911384287,
    -1.1194151494197548,
    -1.1194147155433503,
    -1.1194142895699668,
    -1.1194138715603563,
    -1.1194134615752764,
    -1.1194130596754948,
    -1.1194126659217833,
    -1.1194122803749234,
    -1.119411903095704,
    -1.1194115341449171,
    -1.1194111735833518,
    -1.1194108214717944,
    -1.1194104778710252,
    -1.1194101428418146,
    -1.1194098164449293,
    -1.1194094987411394,
    -1.1194091897912162,
    -1.1194088896559373,
    -1.1194085983960886,
    -1.1194083160724708,
    -1.1194080427459001,
    -1.1194077784772039,
    -1.1194075233272176,
    -1.1194072773567925,
    -1.1194070406268006,
    -1.1194068131981305,
    -1.119406595131686,
    -1.1194063864883879,
    -1.1194061873291679,
    -1.1194059977149684,
    -1.1194058177067503,
    -1.1194056473655014,
    -1.1194054867522323,
    -1.1194053359279628,
    -1.119405194953712,
    -1.119405063890502,
    -1.1194049427993606,
    -1.1194048317413243,
    -1.1194047307774446,
    -1.119404639968795,
    -1.1194045593764712,
    -1.1194044890615933,
    -1.1194044290853078,
    -1.1194043795087885,
    -1.119404340393232,
    -1.1194043117998518,
    -1.1194042937898776,
    -1.1194042864245561,
    -1.1194042897651457,
    -1.1194043038729207,
    -1.119404328809173,
    -1.1194043646352088,
    -1.1194044114123405,
    -1.1194044692018934,
    -1.1194045380652047,
    -1.1194046180636228,
    -1.1194047092585127,
    -1.1194048117112627,
    -1.1194049254832865,
    -1.1194050506360262,
    -1.1194051872309547,
    -1.1194053353295792,
    -1.1194054949934473,
    -1.1194056662841405,
    -1.1194058492632695,
    -1.1194060439924727,
    -1.1194062505334115,
    -1.1194064689477612,
    -1.119406699297217,
    -1.1194069416435082,
    -1.119407196048399,
    -1.119407462573682,
    -1.1194077412811907,
    -1.1194080322328102,
    -1.1194083354904711,
    -1.1194086511161365,
    -1.1194089791717907,
    -1.119409319719438,
    -1.1194096728211047,
    -1.1194100385388395,
    -1.119410416934704,
    -1.1194108080707577,
    -1.1194112120090478,
    -1.1194116288116043,
    -1.1194120585404463,
    -1.119412501257578,
    -1.1194129570249556,
    -1.119413425904444,
    -1.1194139079577825,
    -1.1194144032465767,
    -1.1194149118323096,
    -1.1194154337763564,
    -1.119415969139992,
    -1.119416517984394,
    -1.1194170803706396,
    -1.1194176563596985,
    -1.119418246012433,
    -1.1194188493895987,
    -1.1194194665518447,
    -1.1194200975597215,
    -1.1194207423718139,
    -1.119421400946649,
    -1.1194220732427318,
    -1.1194227592185593,
    -1.1194234588326157,
    -1.1194241720433666,
    -1.119424898809252,
    -1.119425639088681,
    -1.1194263928400316,
    -1.1194271600216505,
    -1.1194279405918568,
    -1.1194287345089458,
    -1.1194295417311957,
    -1.1194303622168729,
    -1.1194311959242336,
    -1.1194320428115165,
    -1.1194329028369403,
    -1.1194337759587019,
    -1.1194346621349858,
    -1.119435561323969,
    -1.1194364734838225,
    -1.1194373985727126,
    -1.119438336548811,
    -1.1194392873703076,
    -1.1194402509954222,
    -1.1194412273824188,
    -1.1194422164896158,
    -1.119443218275396,
    -1.1194442326982161,
    -1.1194452597166136,
    -1.1194462992892154,
    -1.1194473513747434,
    -1.119448415932017,
    -1.1194494929199468,
    -1.1194505822975216,
    -1.119451684023809,
    -1.1194527980579598,
    -1.1194539243592045,
    -1.1194550628868396,
    -1.119456213600212,
    -1.1194573764587024,
    -1.1194585514217053,
    -1.1194597384485923,
    -1.1194609374986773,
    -1.1194621485311995,
    -1.1194633715053144,
    -1.1194646063800704,
    -1.11946585311437,
    -1.1194671116669306,
    -1.1194683819962474,
    -1.1194696640605588,
    -1.1194709578178246,
    -1.119472263225711,
    -1.119473580241578,
    -1.1194749088224618,
    -1.1194762489250492,
    -1.1194776005056746,
    -1.1194789635203477,
    -1.1194803379248104,
    -1.1194817236746069,
    -1.1194831207251636,
    -1.1194845290318831,
    -1.1194859485502728,
    -1.1194873792360722,
    -1.119488821045361,
    -1.1194902739346637,
    -1.1194917378610771,
    -1.1194932127823662,
    -1.1194946986569834,
    -1.1194961954440419,
    -1.1194977031032813,
    -1.1194992215950244,
    -1.1195007508801131,
    -1.1195022909198191,
    -1.1195038416757515,
    -1.1195054031097924,
    -1.1195069751840399,
    -1.119508557860723,
    -1.1195101511021182,
    -1.1195117548704938,
    -1.1195133691280679,
    -1.1195149938369695,
    -1.1195166289592011,
    -1.1195182744566148,
    -1.1195199302908874,
    -1.1195215964234961,
    -1.1195232728157103,
    -1.119524959428592,
    -1.119526656222993,
    -1.119528363159547,
    -1.1195300801986687,
    -1.1195318073005662,
    -1.1195335444252568,
    -1.1195352915325825,
    -1.1195370485822205,
    -1.11953881553369,
    -1.1195405923463602,
    -1.1195423789794723,
    -1.1195441753921598,
    -1.1195459815434619,
    -1.1195477973923371,
    -1.1195496228976733,
    -1.1195514580182966,
    -1.1195533027129794,
    -1.11955515694045,
    -1.1195570206594012,
    -1.1195588938284975,
    -1.1195607764063744,
    -1.1195626683516338
]