[
    1.7544392039961418,
    1.7524108492250137,
    1.8463909695091891,
    1.8374145203289607,
    1.828681090020725,
    1.820183537735223,
    1.8119149277698574,
    1.803868523748648,
    1.7960377829664622,
    1.7884163508928743,
    1.7809980558311511,
    1.7737769037280289,
    1.7667470731300288,
    1.7599029102822228,
    1.7532389243654312,
    1.7467497828679657,
    1.7404303070881284,
    1.7342754677637764,
    1.7282803808253768,
    1.722440303269068,
    1.7167506291463435,
    1.7112068856670697,
    1.7058047294126444,
    1.7005399426561827,
    1.6954084297867185,
    1.6904062138344806,
    1.685529433094399,
    1.6807743378450681,
    1.676137287160473,
    1.6716147458118649,
    1.667203281257243,
    1.6628995607159691,
    1.6587003483261136,
    1.6546025023822,
    1.6506029726510822,
    1.6466987977637448,
    1.64288710268089,
    1.6391650962302262,
    1.6355300687134373,
    1.6319793895808643,
    1.6285105051719915,
    1.6251209365198793,
    1.6218082772177387,
    1.618570191345896,
    1.615404411457441,
    1.6123087366209048,
    1.6092810305183587,
    1.6063192195973655,
    1.6034212912752694,
    1.6005852921943446,
    1.5978093265263675,
    1.5950915543252138,
    1.592430189926136,
    1.5898235003903893,
    1.587269803993936,
    1.5847674687589808,
    1.5823149110271297,
    1.5799105940729927,
    1.577553026757094,
    1.5752407622169804,
    1.5729723965954423,
    1.570746567804805,
    1.5685619543262725,
    1.5664172740433298,
    1.5643112831082473,
    1.5622427748407464,
    1.5602105786579257,
    1.5582135590345563,
    1.556250614492898,
    1.5543206766211974,
    1.552422709120055,
    1.5505557068758833,
    1.5487186950606846,
    1.546910728257402,
    1.5451308896101346,
    1.5433782899984994,
    1.5416520672354723,
    1.5399513852880342,
    1.538275433519989,
    1.536623425956321,
    1.5349946005684911,
    1.5333882185800871,
    1.5318035637922542,
    1.5302399419283592,
    1.5286966799973398,
    1.5271731256752332,
    1.525668646704398,
    1.5241826303099593,
    1.522714482633056,
    1.5212636281804717,
    1.5198295092902698,
    1.5184115856131548,
    1.5170093336093629,
    1.515622246061134,
    1.5142498316012833,
    1.5128916142591944,
    1.5115471330276449,
    1.5102159414604293,
    1.5088976073311824,
    1.5075917124642044,
    1.5062978533693991,
    1.50501566049784,
    1.5039955560360743,
    1.5034783737313215,
    1.5031941297698932,
    1.5028830067541552,
    1.5025458086705723,
    1.5021833203297779,
    1.5017963055153056,
    1.5013855071197042,
    1.5009516475817541,
    1.5004954293964197,
    1.5000175356417613,
    1.4995186305045916,
    1.4989993597981635,
    1.498460351469021,
    1.4979022160916675,
    1.4973255473505762,
    1.496730922509388,
    1.4961189028673485,
    1.4954900342032207,
    1.4948448472069935,
    1.4941838578996656,
    1.493507568041383,
    1.492816465528225,
    1.4921110247779192,
    1.4913917071047789,
    1.4906589610841638,
    1.4899132229067495,
    1.4891549167228857,
    1.488384454977304,
    1.4876022387344572,
    1.4868086579947446,
    1.4860040920018855,
    1.4851889095416915,
    1.4843634692324659,
    1.4835281198072676,
    1.482683200388271,
    1.481829040753442,
    1.4809659615957431,
    1.4800942747750776,
    1.4792142835631794,
    1.478326282881646,
    1.4774305595333073,
    1.4765273924271114,
    1.4756170527967176,
    1.4746998044129656,
    1.4737759037904001,
    1.4728456003880166,
    1.4719091368043848,
    1.4709667489673153,
    1.4700186663182206,
    1.4690651119913194,
    1.468106302987826,
    1.4671424503452666,
    1.4661737593020683,
    1.4652004294575391,
    1.4642226549273771,
    1.4632406244948368,
    1.462254521757664,
    1.4612645252709273,
    1.4602708086858591,
    1.4592735408848154,
    1.458272886112467,
    1.457269004103325,
    1.4562620502057093,
    1.4552521755022534,
    1.4542395269270472,
    1.4532242473795038,
    1.4522064758350592,
    1.4511863474527735,
    1.4501639936799378,
    1.4491395423537605,
    1.4481131178002145,
    1.4470848409301307,
    1.446054829332615,
    1.445023197365864,
    1.4439900562454442,
    1.4429555141301196,
    1.441919676205286,
    1.440882644764081,
    1.4398445192862404,
    1.4388053965147554,
    1.437765370530398,
    1.4367245328241713,
    1.4356829723677411,
    1.4346407756819104,
    1.4335980269031932,
    1.432554807848529,
    1.4315111980782058,
    1.4304672749570257,
    1.4294231137137807,
    1.4283787874990754,
    1.4273343674415457,
    1.4262899227025136,
    1.4252455205291314,
    1.4242012263060537,
    1.4231571036056696,
    1.4221132142369461,
    1.4210696182929201,
    1.4200263741968737,
    1.4189835387472374,
    1.4179411671612405,
    1.416899313117359,
    1.4158580287965763,
    1.4148173649225058,
    1.4137773708003984,
    1.4127380943550738,
    1.4116995821677893,
    1.4106618795121133,
    1.409625030388816,
    1.4085890775598056,
    1.4075540625811174,
    1.4065200258349821,
    1.405487006561031,
    1.404455042886659,
    1.4034241718565523,
    1.4023944294613777,
    1.4013658506656823,
    1.4003384694350982,
    1.3993123187628882,
    1.3982874306957367,
    1.3972638363588241,
    1.3962415659802898,
    1.3952206489151777,
    1.3942011136688852,
    1.393182987920095,
    1.3921662985433103,
    1.3911510716311242,
    1.3901373325161326,
    1.3891251057924887,
    1.3881144153373761,
    1.3871052843327556,
    1.386097735288036,
    1.385091790063997,
    1.3840874698974253,
    1.383084795428045,
    1.3820837867308984,
    1.3810844633554757,
    1.3800868443730594,
    1.3790909484398788,
    1.3780967938988002,
    1.377104398956222,
    1.3761137820614995,
    1.3751249630021956,
    1.374137966846312,
    1.373152847691141,
    1.372202381741346,
    1.3713531964222911,
    1.3706039464570463,
    1.369883021610084,
    1.369154164309637,
    1.3684176356776625,
    1.3676737273988064,
    1.366922732107401,
    1.3661649372026319,
    1.3654006229871607,
    1.364630062186296,
    1.3638535198894035,
    1.3630712536129146,
    1.3622835134423614,
    1.3614905422045245,
    1.360692575641288,
    1.359889842594118,
    1.359082565190659,
    1.3582709590245634,
    1.3574552333351824,
    1.356635591186548,
    1.3558122296407868,
    1.354985339926219,
    1.354155107600277,
    1.3533217127086967,
    1.3524853299453736,
    1.3516461288120962,
    1.350804273771638,
    1.3499599243943867,
    1.3491132355035378,
    1.3482643573185507,
    1.3474134355984995,
    1.346560611792689,
    1.3457060232039495,
    1.3448498031788927,
    1.3439920813529358,
    1.3431329839897295,
    1.3422726345555898,
    1.3414111548778438,
    1.3405486675975542,
    1.3396853016833594,
    1.3388212035347933,
    1.337956574637295,
    1.3371374794216813,
    1.3364389530619665,
    1.335841906720297,
    1.3352671399630003,
    1.3346835817595664,
    1.3340906463995947,
    1.3334876954369284,
    1.3328746560228633,
    1.3322516935095179,
    1.331619116520373,
    1.3309772796734178,
    1.3303265388348406,
    1.3296672438680093,
    1.3289997368381554,
    1.3283243509769174,
    1.3276414104048395,
    1.3269512301972608,
    1.3262541164370991,
    1.325550366297267,
    1.324840268240195,
    1.324124102270838,
    1.32340214019304,
    1.3226746458897425,
    1.3219418756321413,
    1.3212040784489185,
    1.3204614966749142,
    1.3197143669870453,
    1.3189629228746929,
    1.3182074023089239,
    1.3174480957253019,
    1.316709413274559,
    1.3160149524250466,
    1.31533930987363,
    1.3146931054047748,
    1.3141496307697311,
    1.3137088221983666,
    1.3132921836324674,
    1.3128593127194703,
    1.3124105673456907,
    1.31194645704067,
    1.3114675215746288,
    1.3109742968895481,
    1.310467306761722,
    1.3099470613507207,
    1.309414056937403,
    1.308868775805081,
    1.3083116863886846,
    1.3077432435355703,
    1.307163888755147,
    1.3065740504933934,
    1.30597414445724,
    1.305364573956275,
    1.304745730231999,
    1.304117992777763,
    1.3034817296619707,
    1.3028372978519807,
    1.3021850435283457,
    1.3015253023887972,
    1.3008583999470926,
    1.3001846518262403,
    1.2995043640421617,
    1.2988178332780784,
    1.2981253471527883,
    1.297427184483794,
    1.2967236155460524,
    1.2960149023272645,
    1.2953012987801187,
    1.2945830510732625,
    1.2938603978400087,
    1.2931335704295748,
    1.2924027931900675,
    1.2916682838303912,
    1.2909302539236378,
    1.2901889096901653,
    1.2894444538195111,
    1.288697093112657,
    1.2879470954102041,
    1.2872620991748134,
    1.286707529060116,
    1.2862122773891342,
    1.2857710616280018,
    1.285444701142688,
    1.2851640194540255,
    1.2848631007175018,
    1.2845425913382815,
    1.2842031683869168,
    1.283845499582259,
    1.2834702370817643,
    1.2830780161695923,
    1.282669454786708,
    1.2822451533677648,
    1.281805694950055,
    1.281351645409783,
    1.280883553789609,
    1.280401952723706,
    1.2799073589013417,
    1.2794002735169776,
    1.2788811827035482,
    1.278350557950154,
    1.2778088565046293,
    1.2772565217722671,
    1.2766939837133557,
    1.2761216592297087,
    1.2755399525395945,
    1.2749492555481325,
    1.2743499482117397,
    1.2737423988928245,
    1.273126964708889,
    1.2725039918857457,
    1.2718738161291219,
    1.2712367630370915,
    1.2705931485809436,
    1.2699432797211028,
    1.2692874553206468,
    1.2686259678488656,
    1.267959108621883,
    1.2672871904208451,
    1.2666106739873255,
    1.2659824352581917,
    1.2654711752158114,
    1.2650380638272483,
    1.2646095441530905,
    1.2641672130132646,
    1.2637115213099022,
    1.2632429614078473,
    1.2627620192590883,
    1.262269169675328,
    1.261764876106703,
    1.2612495899738445,
    1.2607237502469564,
    1.2601877833464639,
    1.2596421031808684,
    1.2590871112886417,
    1.2585231970625126,
    1.2579507380368915,
    1.2573701002019129,
    1.2567816383172432,
    1.2561856962190343,
    1.2555826071192473,
    1.2549726939010595,
    1.2543562694127801,
    1.2537336367571894,
    1.253105089572,
    1.252470912302393,
    1.2518313804692214,
    1.2511867609322604,
    1.2505373121483916,
    1.2498832844265197,
    1.249224920178514,
    1.2485624541710691,
    1.2478961137851814,
    1.2472261192817413,
    1.2465526840928745,
    1.2458760151851704,
    1.2451963135664421,
    1.244513775129642,
    1.2438285922616574,
    1.2431409575966312,
    1.242451077390563,
    1.2417592958765145,
    1.2410927676975574,
    1.2404775210354322,
    1.2398850835377007,
    1.2393463720315654,
    1.23892043776181,
    1.238547263516539,
    1.2381638273236817,
    1.2377805238774295,
    1.2374097140782063,
    1.2370379086507994,
    1.2366523220076613,
    1.236253417808696,
    1.2358416850671425,
    1.2354176068100569,
    1.2349816552083408,
    1.2345342901437368,
    1.2340759585434682,
    1.2336070941686765,
    1.2331281177187066,
    1.2326394371320168,
    1.2321414479527575,
    1.2316345336781176,
    1.231119066079907,
    1.2305954055089026,
    1.2300639011953765,
    1.2295248915625807,
    1.22897870454452,
    1.2284256578882837,
    1.2278660594485267,
    1.227300207489595,
    1.226728390984735,
    1.2261508899096385,
    1.2255679755606823,
    1.224979910928549,
    1.224386951153731,
    1.2237893441614618,
    1.2231873317709785,
    1.2225811526425614,
    1.2219710578870309,
    1.2213578957906794,
    1.220800236835576,
    1.220353244754407,
    1.219954407878882,
    1.2195440861835156,
    1.2191226658642007,
    1.2186905576968514,
    1.218248170600524,
    1.2177959065685555,
    1.2173341579355437,
    1.2168633062263527,
    1.2163837220044087,
    1.2158957649758344,
    1.2153997862513166,
    1.2148961263408653,
    1.2143851153536929,
    1.2138670732536094,
    1.213342310135792,
    1.212811126496308,
    1.2122738134916466,
    1.2117306531927052,
    1.2111819188389998,
    1.2106278750936856,
    1.2100687782934618,
    1.2095048766886751,
    1.2089364106749632,
    1.2083636130212796,
    1.2077867090950238,
    1.2072059170811436,
    1.2066214481951252,
    1.2060335068926764,
    1.20544229107735,
    1.204847992310238,
    1.2042507960351194,
    1.203650881829069,
    1.203048423683717,
    1.2024435903594903,
    1.2018365458723284,
    1.201227450237883,
    1.2006164619985449,
    1.200003759226482,
    1.1993900192022457,
    1.1988310107209488,
    1.1983793944186056,
    1.1979755025312884,
    1.1975623436163751,
    1.1971402378007825,
    1.1967095327442236,
    1.1962705735875574,
    1.1958236973841196,
    1.1953692318015858,
    1.194907494905927,
    1.194438795226267,
    1.19396343190526,
    1.1934816948945928,
    1.1929938651806804,
    1.1925002150223276,
    1.1920010081863965,
    1.1914965001785192,
    1.1909869384717469,
    1.19047256273435,
    1.189953605054193,
    1.1894302901570246,
    1.1889028356182423,
    1.1883714520685773,
    1.1878363433943806,
    1.1872977069330608,
    1.1867557336635728,
    1.186210608391595,
    1.1856625099293838,
    1.185111611270536,
    1.1845580797598407,
    1.1840020772583162,
    1.1834437603036356,
    1.1828832802661333,
    1.1823207835004144,
    1.1817564114926262,
    1.1811903010035838,
    1.1806225842079316,
    1.180053388829398,
    1.1794828382721054,
    1.1789110517480739,
    1.1783381444011143,
    1.1777642274271927,
    1.1771894081913175,
    1.1766137903410598,
    1.1760374739168475,
    1.175460555459106,
    1.174883128112289,
    1.1743052817259105,
    1.1737271029527077,
    1.1731486753439893,
    1.1725700794422311,
    1.1719913928709964,
    1.1714126904222846,
    1.1708340441413847,
    1.1702555234092924,
    1.1696771950227378,
    1.1690991232719,
    1.1685213700158925,
    1.1679439947560908,
    1.167367054707346,
    1.1667906048671417,
    1.1662146980827501,
    1.1656393851164386,
    1.1650647147088078,
    1.1644907336403012,
    1.1639174867909432,
    1.1633450171983395,
    1.1627733661140034,
    1.1622025730580463,
    1.1616326758722881,
    1.1610637107718347,
    1.1604957123951563,
    1.159928713852712,
    1.159362746774158,
    1.1587978413541917,
    1.1582340263970534,
    1.1576713293597407,
    1.1571097763939608,
    1.1565493923868617,
    1.1559902010005767,
    1.1554322247106164,
    1.1548754848431437,
    1.154320001611164,
    1.1537657941496633,
    1.1532128805497113,
    1.152661277891572,
    1.152111002276842,
    1.1515620688596493,
    1.1510144918769374,
    1.1504682846778627,
    1.149923459752327,
    1.1493800287586686,
    1.148838002550542,
    1.1482973912030048,
    1.147758204037834,
    1.1472204496480947,
    1.1466841359219815,
    1.1461492700659668,
    1.1456158586272558,
    1.1450839075155792,
    1.1445534220243394,
    1.144024406851127,
    1.1434968661176301,
    1.1429708033889552,
    1.1424462216923625,
    1.1419231235354508,
    1.1414015109237978,
    1.1408813853780748,
    1.1403627479506535,
    1.1398455992417063,
    1.139329939414831,
    1.1388157682122033,
    1.1383030849692746,
    1.1377918886290301,
    1.1372821777558126,
    1.1367739505487324,
    1.1362672048546683,
    1.135761938180878,
    1.1352581477072257,
    1.13475583029804,
    1.1342549825136108,
    1.1337556006213376,
    1.1332576806065393,
    1.1327612181829296,
    1.1322662088027766,
    1.131772647666749,
    1.13128052973346,
    1.1307898497287219,
    1.1303006021545123,
    1.1298127812976668,
    1.129326381238298,
    1.12884139585796,
    1.128357818847552,
    1.127875643714985,
    1.127394863792604,
    1.126915472244378,
    1.126437462072871,
    1.1259608261259937,
    1.1254855571035363,
    1.1250116475635015,
    1.1245390899282335,
    1.124067876490358,
    1.1235979994185317,
    1.1231294507630072,
    1.1226622224610225,
    1.1221963063420186,
    1.1217316941326854,
    1.1212683774618566,
    1.1208063478652341,
    1.1203455967899674,
    1.1198861155990811,
    1.1194278955757593,
    1.1189709279274882,
    1.1185152037900714,
    1.1180607142315024,
    1.117607450255715,
    1.117155402806209,
    1.116704562769556,
    1.1162549209787858,
    1.1158064682166637,
    1.1153591952188526,
    1.1149130926769735,
    1.1144681512415582,
    1.1140243615249052,
    1.1135817141038344,
    1.1131401995223502,
    1.1126998082942114,
    1.1122605309054148,
    1.1118223578165918,
    1.1113852794653198,
    1.1109492862683574,
    1.1105143686237942,
    1.1100805169131298,
    1.1096477215032814,
    1.109215972748512,
    1.1087852609922944,
    1.108355576569107,
    1.1079269098061653,
    1.1074992510250845,
    1.1070725905434866,
    1.1066469186765433,
    1.106222225738464,
    1.105798502043929,
    1.1053757379094629,
    1.1049539236547614,
    1.1045330496039647,
    1.1041131060868827,
    1.1036940834401712,
    1.1032759720084595,
    1.1028587621454375,
    1.1024424442148957,
    1.1020270085917268,
    1.1016124456628846,
    1.1011987458283001,
    1.1007858995017639,
    1.1003738971117683,
    1.0999627291023153,
    1.0995523859336913,
    1.0991428580832028,
    1.0987341360458858,
    1.098326210335177,
    1.097919071483557,
    1.097512710043165,
    1.0971071165863806,
    1.0967022817063825,
    1.096298196017674,
    1.09589485015659,
    1.095492234781771,
    1.0950903405746208,
    1.0946891582397345,
    1.0942886785053085,
    1.0938888921235232,
    1.0934897898709102,
    1.0930913625486944,
    1.092693600983119,
    1.092296496025752,
    1.0919000385537745,
    1.0915042194702484,
    1.0911090297043655,
    1.090714460211682,
    1.0903205019743363,
    1.0899271460012536,
    1.0895343833283344,
    1.0891422050186257,
    1.0887506021624804,
    1.088359565877705,
    1.0879690873096914,
    1.0875791576315361,
    1.087189768044145,
    1.086800909776326,
    1.0864125740848776,
    1.0860247522546602,
    1.085637435598668,
    1.0852506154580803,
    1.0848642832023092,
    1.0844784302290287,
    1.0840930479642006,
    1.0837081278620935,
    1.0833236614052963,
    1.0829396401047253,
    1.0825560554996179,
    1.0821728991575204,
    1.0817901626742679,
    1.081407837673956,
    1.0810259158089055,
    1.0806443887596207,
    1.0802632482347352,
    1.0798824859709644,
    1.0795020937330482,
    1.0791220633136869,
    1.0787423865334738,
    1.07836305524083,
    1.0779840613119318,
    1.077605396650631,
    1.077227053188372,
    1.0768490228841159,
    1.0764712977242645,
    1.0760938697225904,
    1.0757167309201603,
    1.075339873385238,
    1.0749632892131935,
    1.0745869705264413,
    1.0742109094743972,
    1.073835098233433,
    1.0734595290067945,
    1.0730841940245113,
    1.0727090855433654,
    1.07233419584694,
    1.0719595172456895,
    1.0715850420769824,
    1.0712107627051113,
    1.070836671521386,
    1.0704627609443862,
    1.07008902342038,
    1.0697154514238354,
    1.0693420374579437,
    1.0689687740551914,
    1.0685956537782568,
    1.0682226692215422,
    1.0678498130135852,
    1.0674770778206308,
    1.0671044563521603,
    1.066731941369559,
    1.0663595256985103,
    1.0659872022472605,
    1.065614964039528,
    1.065242804282808,
    1.0648707165145248,
    1.0644986949042323,
    1.0641267348684114,
    1.063754834437901,
    1.063382998316157,
    1.0630112570831605,
    1.062639889898936,
    1.0625641042098044,
    1.0630682096927981,
    1.0639259214338643,
    1.0649654214732456,
    1.0661369914091714,
    1.0672987839854053,
    1.0684022070528143,
    1.0694478200237738,
    1.0704375662009118,
    1.0715333446215598,
    1.0728906237425164,
    1.0743391541607856,
    1.075846543392333,
    1.0775412663702664,
    1.0792838913668614,
    1.0809403078519553,
    1.0825130980974016,
    1.084004854097068,
    1.0854181035539445,
    1.0867553032621575,
    1.0880188392999406,
    1.0892110284274896,
    1.0903341197770395,
    1.0913902966428288,
    1.0923816782918807,
    1.0933103217542244,
    1.0941782235772777,
    1.0949873215399073,
    1.0957394963233604,
    1.0964365731379775,
    1.0970803233058106,
    1.0976724657994021,
    1.0982146687374346,
    1.0987085508384153,
    1.0991556828336952,
    1.099557588840888,
    1.0999157476985715,
    1.1002315942633403,
    1.1005065206702354,
    1.1007418775574755,
    1.100938975256496,
    1.1010990849483313,
    1.1012234397872742,
    1.10131323599267,
    1.101369633909749,
    1.1013937590403988,
    1.1013867030447517,
    1.1013495247143845,
    1.1012832509178927,
    1.1011888775196164,
    1.1010673702722957,
    1.1009196656844054,
    1.1007466718628776,
    1.1005492693319063,
    1.1003283118285054,
    1.100084627075473,
    1.0998190175324054,
    1.0995322611253748,
    1.099225111955871,
    1.0988983009896043,
    1.0985525367257258,
    1.098188505847027,
    1.097806873851653,
    1.0974082856668483,
    1.0969933662452402,
    1.0965627211441613,
    1.0961169370884896,
    1.0956565825174776,
    1.0951822081160139,
    1.0946943473307524,
    1.0941935168715426,
    1.0936802171985787,
    1.0931549329956747,
    1.0926181336300507,
    1.0920702735990158,
    1.091511792963914,
    1.0909431177716953,
    1.0903646604644666,
    1.08977682027735,
    1.0891799836249987,
    1.0885745244770801,
    1.0879608047230385,
    1.087339174526442,
    1.0867099726692138,
    1.0860735268860204,
    1.0854301541891096,
    1.0847801611838612,
    1.0841238443753123,
    1.083461490465916,
    1.0827933766447808,
    1.0821197708686323,
    1.0814409321347274,
    1.0807571107459593,
    1.080068548568368,
    1.0793754792812722,
    1.0786781286202258,
    1.0779767146130137,
    1.0772714478088745,
    1.0765625315011553,
    1.0758501619435632,
    1.0751345285602132,
    1.074415814149637,
    1.0736941950829346,
    1.07296984149623,
    1.0722429174775934,
    1.0715135812485854,
    1.0707819853405793,
    1.0700482767660051,
    1.0693125971846547,
    1.0685750830652025,
    1.0678358658420704,
    1.0670950720677663,
    1.0663528235608213,
    1.06560923754945,
    1.0648644268110687,
    1.0641184998077777,
    1.0633715608179253,
    1.0626237100638631,
    1.0618750438360027,
    1.0611256546132806,
    1.0603756311801293,
    1.0596250587400637,
    1.0588740190259684,
    1.058122590407194,
    1.0573708479935489,
    1.056618863736263,
    1.0558667065260146,
    1.0551144422880967,
    1.0543621340748228,
    1.053609842155248,
    1.052857624102272,
    1.0521055348771904,
    1.0513536269117763,
    1.0506019501879706,
    1.0498505523152506,
    1.0490994786057264,
    1.0483487721470384,
    1.0475984738731303,
    1.0468486226329548,
    1.0460992552571546,
    1.0453504066227948,
    1.044602109716204,
    1.0438543956939523,
    1.04310729394203,
    1.0423608321332927,
    1.041615036283215,
    1.0408699308040041,
    1.0401255385571258,
    1.0393818809042938,
    1.038638977756932,
    1.0378968476241575,
    1.0371555076593437,
    1.0364149737053152,
    1.0356752603381916,
    1.0349363809099514,
    1.0341983475897205,
    1.0334611714038162,
    1.0327248622746281,
    1.0319894290583522,
    1.0312548795815812,
    1.0305212206767869,
    1.0297884582167494,
    1.0290565971479189,
    1.0283256415227306,
    1.0275955945309405,
    1.0268664585300589,
    1.0261382350749104,
    1.0254109249463392,
    1.0246845281790544,
    1.0239590440886137,
    1.0232344712975787,
    1.0225108077608736,
    1.0217880507903874,
    1.0210661970788248,
    1.0203452427228112,
    1.0196251832452963,
    1.0189060136172956,
    1.0181877360506433,
    1.0174703522467643,
    1.0167538634163829,
    1.0160382702985467,
    1.0153235731791892,
    1.0146097719090974,
    1.013896865921074,
    1.0131848542465973,
    1.0124737355320634,
    1.011763508054402,
    1.0110541697364797,
    1.0103457181625408,
    1.0096381505928786,
    1.0089314639775755,
    1.0082256549699373,
    1.0075207199390261,
    1.0068166549814441,
    1.0061134559345852,
    1.0054111183914223,
    1.0047096377143871,
    1.004009009048411,
    1.0033092273351494,
    1.0026102873277507,
    1.0019121836049973,
    1.0012149105863075,
    1.000518462549253,
    0.9998228336504054,
    0.9991280179496514,
    0.998434009438992,
    0.9977408020876068,
    0.9970483899329633,
    0.9963567672725325,
    0.9956659291108234,
    0.994975872309516,
    0.9942865994309565,
    0.9935981629376384,
    0.9929128366137439,
    0.992234095663425,
    0.9915608671206254,
    0.9908893867677664,
    0.9902181637983132,
    0.9895471445139516,
    0.9888763262502558,
    0.9882057124450122,
    0.9875353083319252,
    0.9868651197023061,
    0.9861951523696374,
    0.9855254119627553,
    0.9848559038457417,
    0.9841866330765686,
    0.9835176043950077,
    0.9828488222235666,
    0.9821802906645506,
    0.9815120134968466,
    0.9808439941800668,
    0.9801762358629851,
    0.9795087413902706,
    0.9788415133085238,
    0.9781745538752967,
    0.9775078650702785,
    0.9768414486053695,
    0.9761753059333731,
    0.9755094382571017,
    0.9748438465386051,
    0.9741785315081143,
    0.9735134936738812,
    0.9728487333325122,
    0.9721842505786809,
    0.971520045314709,
    0.9708561172607559,
    0.9701924659652624,
    0.9695290908149243,
    0.9688659910449966,
    0.9682031657511124,
    0.9675406139023909,
    0.9668783343563004,
    0.9662163258766431,
    0.9655545871534493,
    0.9648931168279238,
    0.9642319135377596,
    0.9635709759903661,
    0.9629103030786146,
    0.9622498941092908,
    0.9615897492385506,
    0.9609298706063292,
    0.9602702676927939,
    0.9596109964757323,
    0.9589692201324911,
    0.9583619747815879,
    0.9577714171838752,
    0.9571791711298911,
    0.9565846410647693,
    0.955987875283363,
    0.955388939902446,
    0.9547879029363127,
    0.9541848317919767,
    0.9535797924858781,
    0.952972849340756,
    0.9523640648901892,
    0.9517534998645157,
    0.951141213198814,
    0.9505272620522439,
    0.9499117018414798,
    0.9492945862833867,
    0.9486759674382939,
    0.9480558957514341,
    0.9474344200955359,
    0.9468115878151231,
    0.9461874447697356,
    0.9455620353755914,
    0.9449354026475024,
    0.9443075882407526,
    0.9436786324912358,
    0.9430485744539855,
    0.9424174519414732,
    0.9417853015616766,
    0.9411521587551173,
    0.9405180578306594,
    0.9398830320003764,
    0.9392471134134737,
    0.9386103331882965,
    0.9379727214424258,
    0.9373343073221088,
    0.936695119032244,
    0.9360551838676406,
    0.9354145282434172,
    0.9347731777238816,
    0.9341311570527603,
    0.933488490183896,
    0.9328452003155056,
    0.9322013099358131,
    0.9315568408739189,
    0.9309118143587595,
    0.9302662511226814,
    0.9296201715833907,
    0.9289735961470051,
    0.9283265456967246,
    0.9276790424204489,
    0.9270311122057435,
    0.9263827774009945,
    0.9257361019944534,
    0.9250930773734629,
    0.9244515182488525,
    0.923809306502787,
    0.9231664512918585,
    0.922522967843928,
    0.9218788741571233,
    0.9212341891483573,
    0.9205889319512965,
    0.9199431215258302,
    0.9192967764477301,
    0.9186499148289872,
    0.9180025542955805,
    0.9173547119718523,
    0.9167064044699086,
    0.9160576478960729,
    0.915408457867426,
    0.9147588495234341,
    0.9141088375338055,
    0.9134584361119656,
    0.9128076590331444,
    0.9121565196525511,
    0.9115050309247338,
    0.9108532054255383,
    0.910201055378458,
    0.9095485926954375,
    0.9088958290460561,
    0.9082427759626055,
    0.907589445008482,
    0.9069358481113559,
    0.9062819982774996,
    0.9056279115199372,
    0.904973617350219,
    0.9043194862857372,
    0.9036810307801723,
    0.9030725269102367,
    0.9024773488877319,
    0.9018797451428257,
    0.9012797341521256,
    0.9006773798541491,
    0.9000727497285091,
    0.8994659118720406,
    0.898856933908101,
    0.8982458822692366,
    0.8976328218400611,
    0.8970178158305078,
    0.896400925735485,
    0.8957822113259981,
    0.8951617306705386,
    0.8945395401730398,
    0.8939156946090305,
    0.8932902471603261,
    0.892663249454096,
    0.892034751604187,
    0.8914048022508984,
    0.8907734486001989,
    0.8901407364643996,
    0.8895067103027958,
    0.8888714132600036,
    0.8882348872028288,
    0.8875971727574068,
    0.8869583093458966,
    0.8863183352213916,
    0.8856772875019198,
    0.8850352022045264,
    0.8843921142783617,
    0.8837480576363952,
    0.8831030651871465,
    0.8824571688668177,
    0.881810399670534,
    0.8811627876818297,
    0.8805143621014766,
    0.8798651512772792,
    0.8792151827350391,
    0.878564483210792,
    0.8779130786858015,
    0.8772609944245103,
    0.876608255018148,
    0.875954884446601,
    0.875300906170181,
    0.8746463432784978,
    0.873991218776661,
    0.8733355561262652,
    0.8726793805407493,
    0.8720227236819309,
    0.8713656442330452,
    0.8707083304791803,
    0.8700520637141,
    0.8694183360871504,
    0.8688255717402033,
    0.8682505525054088,
    0.8676720082247571,
    0.8670899933798594,
    0.8665045978321683,
    0.8659159208974172,
    0.8653240637124825,
    0.8647291263581081,
    0.8641312067589464,
    0.8635304004009156,
    0.862926800299063,
    0.862320496964027,
    0.8617115783880659,
    0.8611001300874445,
    0.8604862351481929,
    0.8598699742626528,
    0.8592514258063972,
    0.8586306659432291,
    0.8580077686963834,
    0.8573828059932431,
    0.8567558477401895,
    0.856126961925052,
    0.8554962147160129,
    0.8548636705822633,
    0.8542293924901416,
    0.8535934422502055,
    0.8529558813452927,
    0.8523167736604177,
    0.8516762042900443,
    0.8510371270910848,
    0.8504031816797594,
    0.8497721344339396,
    0.8491401679651275,
    0.8485064433868065,
    0.8478709927090158,
    0.8472338685376477,
    0.8465951264800389,
    0.8459548219448604,
    0.8453130093644007,
    0.8446697419716329,
    0.8440250716996642,
    0.8433790491425447,
    0.842731723531712,
    0.8420831427271692,
    0.841433353241492,
    0.840782400278721,
    0.8401303277638278,
    0.8394771783661641,
    0.8388229935279989,
    0.8381678134950483,
    0.837511677345741,
    0.836854623023467,
    0.8361966873709713,
    0.8355379061615381,
    0.8348783141265338,
    0.8342179449819079,
    0.8335568314555628,
    0.8328950053166723,
    0.8322324974054252,
    0.8315693376616525,
    0.8309055551533752,
    0.8302411781048356,
    0.8295762339224171,
    0.8289107492190692,
    0.8282447498399584,
    0.8275782608919477,
    0.8269113067738015,
    0.8262439112023554,
    0.8255760972375058,
    0.8249078873094299,
    0.8242393032530425,
    0.823570366366013,
    0.8229010975008673,
    0.8222315171879581,
    0.8215616457755093,
    0.820891503619154,
    0.8202211115797134,
    0.8195504927323043,
    0.8188796886751567,
    0.8182216878948748,
    0.8175930553714805,
    0.8169838349902798,
    0.8163762388142048,
    0.8157660641062783,
    0.8151533740211286,
    0.8145382494573027,
    0.8139207724219518,
    0.8133010238295345,
    0.812679082908775,
    0.8120550270072429,
    0.8114289314897639,
    0.8108008696935267,
    0.8101709129304119,
    0.8095391305143389,
    0.8089055897968797,
    0.8082703562088175,
    0.8076334933074458,
    0.8069950628237652,
    0.8063551247085597,
    0.8057137371810615,
    0.8050709567787052,
    0.8044268384039848,
    0.8037814353692218,
    0.8031347994420189,
    0.8024869808907584,
    0.8018380285280085,
    0.8011879897520363,
    0.8005369105876051,
    0.799884835725693,
    0.7992318085616329,
    0.7985778712324716,
    0.7979230646539629,
    0.7972674285564465,
    0.7966110015194374,
    0.7959538210056406,
    0.7952959233942625,
    0.7946373440128751,
    0.7939781171677694,
    0.7933182761731408,
    0.792657853380101,
    0.791996880206411,
    0.7913353871648439,
    0.7906734038868009,
    0.7900109591414586,
    0.7893480808529597,
    0.7886847961161724,
    0.7880211312131288,
    0.7873571116342962,
    0.7866927621026797,
    0.7860281065990378,
    0.7853631683913576,
    0.7846979700648455,
    0.7840325335480199,
    0.783366880137348,
    0.78270103052001,
    0.7820350047934584,
    0.78136882248442,
    0.7807025025677546,
    0.7800360634833056,
    0.7793695231511469,
    0.7787028989865449,
    0.7780362079146924,
    0.7773694663846349,
    0.7767026903824673,
    0.7760358954443317,
    0.775369096669189,
    0.7747023087313074,
    0.7740355458928229,
    0.7733688220162211,
    0.7727021505761871,
    0.7720355446708986,
    0.771369017033145,
    0.7707025800412641,
    0.7700362457297966,
    0.7693700257998197,
    0.7687039316289745,
    0.7680379742811915,
    0.767372164516118,
    0.7667065127982603,
    0.7660410293059345,
    0.765375723940038,
    0.7647106063325705,
    0.7640456858549101,
    0.763380971625886,
    0.7627164725196769,
    0.7620521971734874,
    0.7613881539950039,
    0.7607243511696692,
    0.7600607966677103,
    0.7593974982508824,
    0.7587344634790152,
    0.7580716997164025,
    0.7574092141380097,
    0.7567470137355157,
    0.7560851053231579,
    0.755423495543375,
    0.7547621908723087,
    0.7541011976251739,
    0.7534405219614516,
    0.7527801698899034,
    0.7521201472734472,
    0.751460459833874,
    0.7508011131564171,
    0.7501421126942102,
    0.7494834637726421,
    0.7488251715935569,
    0.7481672412393072,
    0.7475096776766982,
    0.7468524857608295,
    0.7461956702388193,
    0.7455392357533981,
    0.7448831868464144,
    0.7442275279622373,
    0.7435722634510511,
    0.742917397572041,
    0.7422629344964996,
    0.7416088783108358,
    0.7409552330194876,
    0.7403020025477446,
    0.7396491907444712,
    0.7389968013847562,
    0.7383448381724851,
    0.7376933047428427,
    0.7370422046647338,
    0.736391541443132,
    0.735741318521364,
    0.7350915392833419,
    0.734442207055728,
    0.7337933251100267,
    0.7331448966646209,
    0.7324969248867419,
    0.7318494128943772,
    0.7312023637581191,
    0.7305557805029582,
    0.7299096661100191,
    0.7292640235182504,
    0.7286188556260642,
    0.7279741652929155,
    0.7273299553408308,
    0.7266862285558862,
    0.7260429876896496,
    0.7254002354605708,
    0.724757974555334,
    0.7241162076301674,
    0.7234749373121041,
    0.7228341662002143,
    0.7221938968667978,
    0.7215541318585388,
    0.720914873697617,
    0.7202761248827912,
    0.7196378878904451,
    0.7190001651755965,
    0.7183629591728772,
    0.7177262722974785,
    0.7170901069460694,
    0.7164544654976818,
    0.7158193503145703,
    0.7151847637430452,
    0.7145507081142787,
    0.7139171857450762,
    0.7132841989386296,
    0.7126517499852429,
    0.7120198411630335,
    0.7113884747386147,
    0.7107576529677492,
    0.7101273780959853,
    0.7094976523592689,
    0.7088684779845358,
    0.7082398571902834,
    0.7076117921871253,
    0.7069842851783293,
    0.706357338360334,
    0.7057309539232527,
    0.7051051340513563,
    0.7044798809235423,
    0.7038551967137863,
    0.7032310835915796,
    0.7026075437223471,
    0.7019845792678552,
    0.7013621923866027,
    0.7007403852341947,
    0.7001191599637085,
    0.6994985187260412,
    0.6988784636702485,
    0.6982589969438691,
    0.6976401206932384,
    0.6970218370637905,
    0.6964041482003492,
    0.6957870562474082,
    0.6951705633493984,
    0.6945546716509485,
    0.6939393768387706,
    0.6933246746002634,
    0.6927105606237413,
    0.6920970305986583,
    0.6914840802158226,
    0.6908717051676009,
    0.6902599011481165,
    0.6896486638534353,
    0.6890379889817486,
    0.6884278722335476,
    0.6878183093117913,
    0.6872092959220644,
    0.6866008277727313,
    0.6859929005750806,
    0.6853855100434642,
    0.6847786518954309,
    0.6841723218518503,
    0.6835665156370335,
    0.6829612289788475,
    0.6823564576088261,
    0.6817521972622739,
    0.681148443678367,
    0.6805451926002476,
    0.6799424397751154,
    0.6793401809543148,
    0.6787384118934151,
    0.6781371283522906,
    0.6775363260951907,
    0.6769360008908121,
    0.6763361485123647,
    0.6757367647376338,
    0.6751378453490372,
    0.6745393861336816,
    0.6739413828834141,
    0.673343831394869,
    0.6727467274695146,
    0.6721500669136952,
    0.6715538455386718,
    0.6709580591606575,
    0.6703627036008529,
    0.6697677746854767,
    0.6691732682457949,
    0.6685791801181478,
    0.6679855061439702,
    0.6673922421698153,
    0.6667993840473718,
    0.6662069276334817,
    0.6656148687901545,
    0.6650232033845815,
    0.6644319272891457,
    0.6638410363814298,
    0.6632505265442241,
    0.6626603936655319,
    0.6620706336385743,
    0.6614812423617908,
    0.6608922157388412,
    0.6603035496786025,
    0.6597152400951684,
    0.6591272829078406,
    0.6585396740411273,
    0.6579524094247337,
    0.6573654849935531,
    0.6567788966876598,
    0.6561926404522952,
    0.65560671223786,
    0.6550211079999011,
    0.6544358236990993,
    0.6538508553012538,
    0.6532661987772677,
    0.6526818501031345,
    0.6520978052599189,
    0.6515140602337415,
    0.6509306110157584,
    0.6503474536021433,
    0.6497645839940651,
    0.6491819981976702,
    0.6485996922240587,
    0.6480176620892656,
    0.647435903814238,
    0.646854413424813,
    0.6462731869516956,
    0.6456922204304337,
    0.6451115099013972,
    0.64453105140975,
    0.6439508410054297,
    0.6433708747431204,
    0.6427911486822264,
    0.6422116588868486,
    0.641632401425756,
    0.6410533723723619,
    0.6404745678046954,
    0.6398959838053753,
    0.6393176164615824,
    0.6387394618650316,
    0.6381615161119442,
    0.6375837753030209,
    0.6370062355434134,
    0.6364288929426958,
    0.6358517436148375,
    0.6352747836781717,
    0.6346980092553687,
    0.6341214164734049,
    0.6335450014635358,
    0.6329687603612641,
    0.6323926893063126,
    0.6318167844425924,
    0.6312410419181743,
    0.6306654578852582,
    0.6300900285001423,
    0.6295147499231938,
    0.6289396183188182,
    0.6283646298554315,
    0.6277897807054289,
    0.6272150670451567,
    0.626640485054881,
    0.6260660309187592,
    0.6254917008248106,
    0.6249174909648871,
    0.6243433975346445,
    0.6237694167335104,
    0.6231955447646581,
    0.6226217778349754,
    0.6220481121550363,
    0.6214745439390726,
    0.6209010694049439,
    0.6203276847741108,
    0.6197543862716054,
    0.6191811701260062,
    0.6186080325694081,
    0.6180349698373959,
    0.6174619781690158,
    0.616889053806747,
    0.6163161929964731,
    0.6157433919874562,
    0.615170647032312,
    0.6145979543869804,
    0.6140253103107012,
    0.6134527110659866,
    0.6128801529185977,
    0.612307632137515,
    0.6117351449949152,
    0.611162687766143,
    0.6105902567296854,
    0.6100178481671459,
    0.6094454583632157,
    0.608873083605647,
    0.6083007201852221,
    0.6077283643957274,
    0.6071560125339259,
    0.6065836608995309,
    0.6060113057951791,
    0.6054389435264081,
    0.6048665704016313,
    0.6042941827321111,
    0.6037217768319385,
    0.6031493490180075,
    0.6025768956099969,
    0.6020044129303402,
    0.6014318973042025,
    0.6008593450594517,
    0.6002867525266343,
    0.5997141160389562,
    0.599141431932261,
    0.5985686965450099,
    0.5979959062182544,
    0.5974230572956164,
    0.5968501461232689,
    0.5962771690499159,
    0.5957041224267671,
    0.5951310026075216,
    0.594557805948357,
    0.593984528807912,
    0.5934111675472651,
    0.5928377185299157,
    0.5922641781217758,
    0.5916905426911584,
    0.591116808608769,
    0.5905429722476874,
    0.5899690299833585,
    0.5893949781935959,
    0.5888208132585769,
    0.5882465315608325,
    0.587672129485228,
    0.5870976034189532,
    0.5865229497515133,
    0.5859481648747331,
    0.5853732451827641,
    0.584798187072073,
    0.5842229869414096,
    0.5836476411917652,
    0.583072146226346,
    0.5824964984505422,
    0.5819206942718861,
    0.5813447301000195,
    0.580768602346674,
    0.5801923074256121,
    0.5796158417525452,
    0.5790392017450984,
    0.5784623838228176,
    0.5778853844070946,
    0.5773081999209687,
    0.5767308267889533,
    0.5761532614370031,
    0.5755755002925304,
    0.5749975397842868,
    0.5744193763421558,
    0.5738410063970615,
    0.5732624263810457,
    0.5726836327273668,
    0.5721046218704406,
    0.5715253902456703,
    0.5709459342894013,
    0.5703662504390994,
    0.569786335133616,
    0.5692061848134146,
    0.5686257959206062,
    0.5680451648988499,
    0.5674642881934089,
    0.5668831622513979,
    0.5663017835220968,
    0.56572014845736,
    0.5651382535119985,
    0.5645560951439504,
    0.5639736698144696,
    0.5633909739884544,
    0.5628080041346827,
    0.5622247567258951,
    0.561641228238838,
    0.5610574151543224,
    0.5604733139574294,
    0.5598889211379157,
    0.5593042331904458,
    0.5587192466142372,
    0.5581339579119726,
    0.5575483635878822,
    0.5569624601453326,
    0.5563762440851735,
    0.555789711905198,
    0.555202860098965,
    0.5546156851534866,
    0.5540281835480266,
    0.553440351754991,
    0.5528521862409539,
    0.5522636834670918,
    0.5516748398905402,
    0.5510856519661244,
    0.5504961161462132,
    0.5499062288797737,
    0.5493159866133401,
    0.5487253857930792,
    0.5481344228660976,
    0.5475430942813795,
    0.5469513964906608,
    0.5463593259486229,
    0.5457668791128272,
    0.5451740524444709,
    0.5445808424096727,
    0.5439872454800871,
    0.5433932581325037,
    0.542798876848178,
    0.5422040981125127,
    0.5416089184149456,
    0.5410133342486262,
    0.5404173421099586,
    0.5398209384984041,
    0.5392241199163633,
    0.5386268828688973,
    0.5380292238635391,
    0.5374311394101834,
    0.5368326260208136,
    0.5362336802091467,
    0.5356342984903898,
    0.5350344773811762,
    0.5344342133995307,
    0.5338335030646156,
    0.5332323428963154,
    0.5326307294149291,
    0.5320286591411194,
    0.531426128595912,
    0.5308231343007233,
    0.5302196727775714,
    0.5296157405491927,
    0.5290113341389656,
    0.5284064500709201,
    0.5278010848696858,
    0.5271952350602407,
    0.5265888971679665,
    0.5259820677191095,
    0.5253747432410539,
    0.5247669202622367,
    0.5241585953120772,
    0.523549764920991,
    0.522940425620388,
    0.5223305739428353,
    0.5217202064223454,
    0.521109319594455,
    0.5204979099961158,
    0.5198859741657745,
    0.5192735086436795,
    0.5186605099720139,
    0.5180469746948738,
    0.5174328993585701,
    0.5168182805123048,
    0.5162031147088945,
    0.5155873985054051,
    0.5149711284637092,
    0.5143543011511569,
    0.5137369131415321,
    0.5131189610161011,
    0.5125004413648333,
    0.5118813507883742,
    0.5112616859012,
    0.5106414433356874,
    0.5100206197469026,
    0.5093992118189474,
    0.5087772162751892,
    0.5081546298944474,
    0.5075314495288314,
    0.5069076721227186,
    0.5062832947583175,
    0.5056583147579079,
    0.5050327298457047,
    0.5044065384294055,
    0.5037797402092077,
    0.5031523372557308,
    0.5025243357508334,
    0.5018957521919365,
    0.5012704995449907,
    0.5006651975799912,
    0.500088034557924,
    0.4995211313491738,
    0.49895116281603485,
    0.4983781810911566,
    0.49780224489045705,
    0.4972234146833277,
    0.49664175170202784,
    0.4960573170129841,
    0.4954701708229745,
    0.494880372137646,
    0.4942879786073037,
    0.49369304641069933,
    0.49309563016240604,
    0.4924957828980666,
    0.49189355612105123,
    0.491288999848588,
    0.4906821626441082,
    0.49007309166323343,
    0.4894618327188323,
    0.48884843035856707,
    0.48823292797230344,
    0.48761536795254345,
    0.4869957919380579,
    0.48637424125054257,
    0.4857507577956526,
    0.4851253863218523,
    0.48449818218790963,
    0.48386924176543505,
    0.48323876729931453,
    0.48260718977036565,
    0.48201631137377815,
    0.48150583478924297,
    0.4810307979957843,
    0.4805480445345449,
    0.480057661247128,
    0.47955983068171926,
    0.47905474401842074,
    0.47854259302083685,
    0.4780235670656002,
    0.4774978515018038,
    0.4769656271587178,
    0.4764270702691619,
    0.47588235235189597,
    0.47533164011427964,
    0.4747750954973111,
    0.47421287579242366,
    0.4736451337244639,
    0.4730720175255678,
    0.472493671049299,
    0.4719102339014397,
    0.4713218415507296,
    0.4707286254296134,
    0.4701307130466647,
    0.46952822810072437,
    0.46892129059332194,
    0.46831001695300944,
    0.4676945201637563,
    0.46707490989809197,
    0.46645129268843166,
    0.46582377216393595,
    0.46519244937910964,
    0.4645574233523033,
    0.46391879207793685,
    0.463276654998497,
    0.4626311265021586,
    0.46201344091922647,
    0.46145378137513765,
    0.4609189169111521,
    0.4603765254862757,
    0.45982662403700836,
    0.4592694081766447,
    0.4587050773020451,
    0.4581338275506635,
    0.45755585035989743,
    0.45697133199062256,
    0.4563804534072311,
    0.45578339031094434,
    0.45518031322535246,
    0.454571387603479,
    0.4539567739494593,
    0.4533366279458808,
    0.4527111005809652,
    0.4520803382755898,
    0.4514444830094145,
    0.45080367244417574,
    0.45015804004416876,
    0.4495077151946576,
    0.4488528233176989,
    0.4481934859846423,
    0.4475298210254852,
    0.44686194263556883,
    0.4461899614796115,
    0.4455139847928185,
    0.4448341164790586,
    0.4441504572063632,
    0.4434631044998678,
    0.442772152832214,
    0.44207769371148786,
    0.44137981576669205,
    0.4406786048307458,
    0.43997414402110496,
    0.43926651381812637,
    0.4385557921412272,
    0.4378420544228942,
    0.4371253736806162,
    0.4364058205868155,
    0.4356834635368046,
    0.4349583687147941,
    0.43423060015803006,
    0.4335002198191155,
    0.4327672876265827,
    0.43203186154373907,
    0.43129399762581677,
    0.43055375007547636,
    0.42981117129674673,
    0.429066311947437,
    0.4283192209900494,
    0.4275699457412511,
    0.4268185319199296,
    0.4260650236938735,
    0.4253094637251318,
    0.42455189321408904,
    0.4237923519422731,
    0.42303087831393166,
    0.42226750939643376,
    0.4215022809595135,
    0.4207352275133876,
    0.4199663823457919,
    0.41919577755797377
]