[
    -1.5167052131794976,
    -1.5171553451077335,
    -1.5118482152908173,
    -1.512211954894866,
    -1.5125780781064475,
    -1.5129464345107253,
    -1.5133168783624518,
    -1.5136892684520709,
    -1.5140634679756488,
    -1.5144393444085165,
    -1.5148167693824397,
    -1.5151956185662658,
    -1.5155757715500124,
    -1.5159571117322126,
    -1.5163395262104347,
    -1.5167229056749179,
    -1.5171071443051252,
    -1.5174921396691532,
    -1.517877792626147,
    -1.5182640072316163,
    -1.5186506906453743,
    -1.5190377530420236,
    -1.5194251075239942,
    -1.5198126700370629,
    -1.5202003592883866,
    -1.5205880966669776,
    -1.5209758061662975,
    -1.5213634143089008,
    -1.5217508500733115,
    -1.5221380448230513,
    -1.5225249322376095,
    -1.5229114482453137,
    -1.5232975309580408,
    -1.5236831206077073,
    -1.5240681594846233,
    -1.524452591877751,
    -1.5248363640167393,
    -1.525219424015613,
    -1.5256017218181077,
    -1.525983209144549,
    -1.5263638394401229,
    -1.5267435678245036,
    -1.527122351042928,
    -1.5275001474188004,
    -1.5278769168077448,
    -1.5282526205528193,
    -1.5286272214407985,
    -1.5290006836596792,
    -1.5293729727574628,
    -1.5297440556021853,
    -1.5301139003432207,
    -1.5304824763737415,
    -1.5308497542941188,
    -1.5312157058763336,
    -1.531580304029555,
    -1.5319435227667713,
    -1.532305337172289,
    -1.5326657233701149,
    -1.5330246584932439,
    -1.5333821206537483,
    -1.533738088913645,
    -1.534092543256633,
    -1.5344454645607335,
    -1.5347968345717202,
    -1.5351466358772259,
    -1.5354948518815696,
    -1.5358414667813305,
    -1.5361864655416348,
    -1.5365298338731135,
    -1.5368715582095127,
    -1.53721162568595,
    -1.5375500241178024,
    -1.5378867419801803,
    -1.5382217683879977,
    -1.5385550930766803,
    -1.5388867063834881,
    -1.5392165992293836,
    -1.5395447631014048,
    -1.5398711900355577,
    -1.540195872600218,
    -1.540518803880027,
    -1.5408399774602457,
    -1.5411593874115488,
    -1.541477028275284,
    -1.541792895049173,
    -1.5421069831734053,
    -1.5424192885171097,
    -1.5427298073652334,
    -1.5430385364058081,
    -1.5433454727175864,
    -1.5436506137580284,
    -1.5439539573516516,
    -1.5442555016786947,
    -1.5445552452640903,
    -1.5448531869667645,
    -1.5451493259692635,
    -1.5454436617676708,
    -1.5457361941618049,
    -1.546026923245711,
    -1.546315849398444,
    -1.5466029732751165,
    -1.546888295798182,
    -1.5471718181489689,
    -1.5474535417594897,
    -1.5477334683045005,
    -1.548011599693778,
    -1.5482879380645973,
    -1.5485624857744293,
    -1.5488352453938494,
    -1.5491062196996594,
    -1.5493754116682152,
    -1.5496428244689486,
    -1.5499084614581022,
    -1.5501723261726603,
    -1.5504344223244448,
    -1.5506947537943632,
    -1.5509533246268357,
    -1.5512101390244042,
    -1.5514652013425116,
    -1.5517185160844167,
    -1.5519700878962461,
    -1.552219921562205,
    -1.5524680219999498,
    -1.5527143942560828,
    -1.5529590435017764,
    -1.5532019750285344,
    -1.5534431942440945,
    -1.5536827066684409,
    -1.5539205179299216,
    -1.5541566337614836,
    -1.5543910599970319,
    -1.554623802567913,
    -1.5548548674994938,
    -1.5550842609078244,
    -1.5553119889964033,
    -1.555538058053052,
    -1.5557624744468976,
    -1.555985244625432,
    -1.556206375111647,
    -1.5564258725012547,
    -1.5566437434600084,
    -1.5568599947211266,
    -1.5570746330827918,
    -1.5572876654057064,
    -1.557499098610719,
    -1.5577089396765282,
    -1.5579171956374782,
    -1.5581238735814287,
    -1.5583289806476808,
    -1.5585325240249523,
    -1.5587345109493997,
    -1.5589349487026893,
    -1.5591338446101273,
    -1.5593312060388653,
    -1.5595270403961834,
    -1.559721355127854,
    -1.5599141577165463,
    -1.560105455680262,
    -1.5602952565708095,
    -1.5604835679723323,
    -1.5606703974999119,
    -1.5608557527982325,
    -1.5610396415402705,
    -1.5612220714259872,
    -1.5614030501810108,
    -1.5615825855553291,
    -1.561760685322054,
    -1.56193735727626,
    -1.5621126092338777,
    -1.56228644903062,
    -1.5624588845209102,
    -1.5626299235768213,
    -1.5627995740870764,
    -1.5629678439561514,
    -1.563134741103436,
    -1.5633002734624026,
    -1.5634644489797704,
    -1.5636272756146607,
    -1.5637887613377615,
    -1.563948914130565,
    -1.5641077419847,
    -1.5642652529012764,
    -1.5644214548901958,
    -1.5645763559694743,
    -1.5647299641645904,
    -1.5648822875079227,
    -1.5650333340382703,
    -1.565183111800366,
    -1.5653316288443597,
    -1.56547889322529,
    -1.56562491300256,
    -1.5657696962394125,
    -1.5659132510024303,
    -1.566055585361061,
    -1.5661967073871388,
    -1.5663366251544035,
    -1.5664753467380623,
    -1.5666128802143948,
    -1.5667492336603708,
    -1.5668844151532768,
    -1.56701843277034,
    -1.5671512945883332,
    -1.5672830086831833,
    -1.5674135831296023,
    -1.5675430260007117,
    -1.5676713453676172,
    -1.5677985492989868,
    -1.5679246458606968,
    -1.5680496431155688,
    -1.5681735491231075,
    -1.5682963719391014,
    -1.5684181196151312,
    -1.5685388001981344,
    -1.568658421730016,
    -1.5687769922472374,
    -1.5688945197803668,
    -1.569011012353603,
    -1.5691264779844587,
    -1.5692409246836305,
    -1.569354360454676,
    -1.5694667932933726,
    -1.56957823118689,
    -1.5696886821128524,
    -1.5697981540383068,
    -1.5699066549185858,
    -1.5700141926962035,
    -1.570120775299805,
    -1.5702264106426822,
    -1.5703311066205399,
    -1.5704348711088003,
    -1.5705377119601585,
    -1.5706396370024456,
    -1.5707406540352529,
    -1.5708407708239331,
    -1.570939995090899,
    -1.571038334503642,
    -1.5711357966569754,
    -1.5712323890470083,
    -1.571328119038616,
    -1.571422993825969,
    -1.571517020373668,
    -1.5716102053277616,
    -1.5717025548898858,
    -1.5717940746156542,
    -1.5718847690555182,
    -1.571974641148288,
    -1.5720636912318464,
    -1.5721519151442598,
    -1.5722392996089927,
    -1.5723258080278828,
    -1.5724113156729103,
    -1.5724949916366788,
    -1.5724863448303863,
    -1.5722810744186981,
    -1.5718524075235984,
    -1.5712082906407658,
    -1.5704780637434808,
    -1.5697732274023397,
    -1.569095828110819,
    -1.5684300343297215,
    -1.567730740527517,
    -1.566983773061464,
    -1.5662351655336064,
    -1.5655163467928788,
    -1.5648279321542304,
    -1.5641694037099227,
    -1.5635400270257138,
    -1.5629390129657599,
    -1.562365560120229,
    -1.561818857824059,
    -1.5612980680679949,
    -1.560802342740006,
    -1.5603308618642706,
    -1.5598828272496532,
    -1.559457387658247,
    -1.5590534043859456,
    -1.5586685867086363,
    -1.5583007340922055,
    -1.5579496935177581,
    -1.5575702711795323,
    -1.5571078657204553,
    -1.5566009109735446,
    -1.5561075865306622,
    -1.5556384113583477,
    -1.5551928527252734,
    -1.5547704572359575,
    -1.5543707321935873,
    -1.553992841731089,
    -1.5536351131726898,
    -1.5532191908309299,
    -1.5526695370431975,
    -1.5520667721296504,
    -1.5514909945100357,
    -1.5509436368569531,
    -1.5504248586666398,
    -1.5499341980707733,
    -1.5494709135885565,
    -1.549034185834433,
    -1.5486231820420333,
    -1.5482370754960448,
    -1.5478750539978952,
    -1.5475363238922366,
    -1.5472201106317822,
    -1.5469256584720663,
    -1.54665223001938,
    -1.5463991042724838,
    -1.546165572051621,
    -1.5459509266742495,
    -1.5457544381509953,
    -1.5455752312455042,
    -1.5453596922825765,
    -1.545056188780428,
    -1.544720690583846,
    -1.5444077440566697,
    -1.5441171039018504,
    -1.54384813019759,
    -1.5436001484885675,
    -1.5433724858876678,
    -1.5431644767027077,
    -1.5429754651686196,
    -1.5428048087713415,
    -1.5426518803671494,
    -1.542516068950348,
    -1.542396779905993,
    -1.5422934349969324,
    -1.5422054720103004,
    -1.5421323438738288,
    -1.5420735170306636,
    -1.5420284692112454,
    -1.5419966865954224,
    -1.5419776586780198,
    -1.5419708679627022,
    -1.541975771635906,
    -1.5419917515445956,
    -1.5420079902450594,
    -1.5420077456752508,
    -1.5419953938453226,
    -1.5419881777780533,
    -1.5419926251328848,
    -1.54200850129987,
    -1.5420354702289225,
    -1.5420731675663308,
    -1.5421212208974608,
    -1.542179258985707,
    -1.5422469164635364,
    -1.542323836128679,
    -1.5424096701036298,
    -1.5425040803329821,
    -1.54260673860784,
    -1.5427173264040293,
    -1.5428355347267113,
    -1.5429610639645197,
    -1.5430936237219033,
    -1.5432329326306513,
    -1.5433787181480845,
    -1.5435307163463332,
    -1.543688671696348,
    -1.5438523368477168,
    -1.5440214724080694,
    -1.5441958467275347,
    -1.5443752356873026,
    -1.5445594224897496,
    -1.5447481974517352,
    -1.5449413578025526,
    -1.5451387074864174,
    -1.5453400569698472,
    -1.5455452230536817,
    -1.545754028688906,
    -1.545966302796635,
    -1.546181880093046,
    -1.5464006009194593,
    -1.5466223110774726,
    -1.546846861668722,
    -1.5470741089386961,
    -1.547303914124525,
    -1.5475361433069519,
    -1.5477706672665965,
    -1.5480073613444765,
    -1.5482461053065357,
    -1.5484867832119622,
    -1.5487292832853539,
    -1.5489734977927998,
    -1.5492193229215927,
    -1.5494666586631416,
    -1.5497154086989546,
    -1.5499654802898233,
    -1.5502167841682555,
    -1.5504692344340536,
    -1.5507227484529775,
    -1.5509772467584686,
    -1.5512326529562332,
    -1.5514888936314373,
    -1.5517458982584753,
    -1.5520035991133425,
    -1.5522619311885544,
    -1.5525208321105475,
    -1.5527802420595418,
    -1.5530401036917572,
    -1.5533003620637968,
    -1.5535609645591195,
    -1.553821860816597,
    -1.5540830026611603,
    -1.5543443440365072,
    -1.5546058409398211,
    -1.554867451358409,
    -1.555129135208158,
    -1.5553908542737527,
    -1.555652572150592,
    -1.5559142541883735,
    -1.5561758674363162,
    -1.556437380590011,
    -1.5566987639398593,
    -1.5569599893210602,
    -1.5572210300650293,
    -1.557481860952201,
    -1.557742458166208,
    -1.5580027992494156,
    -1.5582628630597415,
    -1.5585226297287014,
    -1.558782080620672,
    -1.5590411982933556,
    -1.559299966459418,
    -1.5595583699492523,
    -1.5598163946748378,
    -1.5600740275946674,
    -1.56033125667972,
    -1.5605880708804474,
    -1.560844460094761,
    -1.5611004151369843,
    -1.561355927707712,
    -1.561610990364558,
    -1.5618655964937653,
    -1.5621197402826374,
    -1.5623734166927852,
    -1.5626266214341844,
    -1.562879350940007,
    -1.5631316023421724,
    -1.5633833734476155,
    -1.5636346627152908,
    -1.563885469233888,
    -1.5641357927002006,
    -1.5643856333981174,
    -1.5646349921782277,
    -1.56488387043804,
    -1.5651322701027888,
    -1.565380193606809,
    -1.5656276438754604,
    -1.5658746243076096,
    -1.5661211387586715,
    -1.5663671915241755,
    -1.5666127873238282,
    -1.566857931286058,
    -1.5671026289330194,
    -1.5673468861660587,
    -1.567590709251622,
    -1.5678341048076154,
    -1.5680770797901926,
    -1.56831964148094,
    -1.568561797474443,
    -1.5688035556662363,
    -1.5690449242411395,
    -1.5692859116619584,
    -1.569526526658516,
    -1.5697667782170177,
    -1.5700066755697484,
    -1.5702462281851066,
    -1.5704854457579462,
    -1.5707243382002167,
    -1.5709629156318854,
    -1.5712011883721497,
    -1.571439166930934,
    -1.5716768620006603,
    -1.571914284448276,
    -1.5721514453075218,
    -1.5723883557714422,
    -1.5726250271851328,
    -1.5728614710387305,
    -1.5730976989606325,
    -1.5733337227109263,
    -1.5735695541750274,
    -1.5738052053575176,
    -1.5740406883762008,
    -1.5742760154563586,
    -1.5745111989251823,
    -1.574746251206371,
    -1.5749811848149102,
    -1.5752160123520307,
    -1.5754507465003444,
    -1.5756854000191323,
    -1.5759199857397816,
    -1.5761545165613755,
    -1.576389005446436,
    -1.5766234654168263,
    -1.5768579095497886,
    -1.5770923509741077,
    -1.577326802866404,
    -1.5775612784475632,
    -1.5777957909792892,
    -1.578030353760761,
    -1.5782649801254078,
    -1.578499683437812,
    -1.5787344770907206,
    -1.5789693636455122,
    -1.5792043456860276,
    -1.5794394258158835,
    -1.5796746066558947,
    -1.5799098908415818,
    -1.5801452810207564,
    -1.5803807798511802,
    -1.580616389998314,
    -1.5808521141331668,
    -1.5810879549302386,
    -1.5813239150655312,
    -1.581559997214628,
    -1.5817962040508378,
    -1.5820325382434055,
    -1.5822690024557844,
    -1.582505599343974,
    -1.582742331554928,
    -1.5829792017250222,
    -1.583216212478585,
    -1.5834533664264845,
    -1.583690666164774,
    -1.5839281142733992,
    -1.5841657133149734,
    -1.5844034658336201,
    -1.584641374353853,
    -1.5848794413794853,
    -1.5851176693925775,
    -1.5853560608524333,
    -1.5855946181946443,
    -1.5858333438301704,
    -1.5860722401444574,
    -1.5863113094965748,
    -1.586550554218377,
    -1.5867899766137155,
    -1.5870295789576954,
    -1.5872693634959882,
    -1.5875093324441767,
    -1.5877494879871272,
    -1.5879898322783812,
    -1.5882303674395932,
    -1.5884710955600188,
    -1.5887120186960375,
    -1.5889531388706855,
    -1.589194458073221,
    -1.5894359782587355,
    -1.5896777013477976,
    -1.5899196292261037,
    -1.5901617637441314,
    -1.590404106716819,
    -1.590646659923287,
    -1.5908894251065742,
    -1.591132403973378,
    -1.5913755981938045,
    -1.5916190094011533,
    -1.5918626391917203,
    -1.5921064891246086,
    -1.592350560721541,
    -1.5925948554666758,
    -1.592839374806419,
    -1.5930841201492447,
    -1.5933290928655615,
    -1.5935742942876252,
    -1.5938197257094606,
    -1.5940653883867655,
    -1.594311283536835,
    -1.5945574123385113,
    -1.5948037759321099,
    -1.5950503754193117,
    -1.595297211863095,
    -1.5955442862877167,
    -1.5957915996786611,
    -1.5960391529825273,
    -1.5962869471069017,
    -1.5965349829202924,
    -1.5967832612521282,
    -1.5970317828927207,
    -1.5972805485931316,
    -1.5975295590649992,
    -1.597778814980284,
    -1.598028316970889,
    -1.5982780656283433,
    -1.5985280615036255,
    -1.5987783051068223,
    -1.5990287969065067,
    -1.5992795373291808,
    -1.5995305267588773,
    -1.5997817655365674,
    -1.6000332539592022,
    -1.6002849922784175,
    -1.6005369806985779,
    -1.6007892193736908,
    -1.6010417084036097,
    -1.6012944478306035,
    -1.6015474376358432,
    -1.601800677734097,
    -1.6020541679661962,
    -1.6023079080887386,
    -1.6025618977584575,
    -1.602816136508525,
    -1.6030706237125798,
    -1.6033253585279499,
    -1.6035803398043127,
    -1.603835565932941,
    -1.6040910345899824,
    -1.6043467422653823,
    -1.6046026833117122,
    -1.6048588478894197,
    -1.6051152171556804,
    -1.6053717486521117,
    -1.6056282583005024,
    -1.6058232017636345,
    -1.6058967297085234,
    -1.6059139978393813,
    -1.6059394503151323,
    -1.6059738848713796,
    -1.6060171680863462,
    -1.6060690802089639,
    -1.6061293819849316,
    -1.6061978312756904,
    -1.606274188354748,
    -1.60635821765696,
    -1.6064496883620496,
    -1.6065483746491924,
    -1.6066540558591098,
    -1.6067665164058407,
    -1.6068855453827355,
    -1.6070109363175527,
    -1.607142487306878,
    -1.6072800010204973,
    -1.6074232842809941,
    -1.6075721472694675,
    -1.6077264015059352,
    -1.6078858529390376,
    -1.6080502803636985,
    -1.608219372904755,
    -1.60839248086915,
    -1.6085667670655777,
    -1.6087352865082527,
    -1.6088933418223779,
    -1.6090436025958128,
    -1.6091854637024896,
    -1.6092778761710653,
    -1.6092736678359612,
    -1.60920223687363,
    -1.6091187929289017,
    -1.6090415596299588,
    -1.6089727444659487,
    -1.6089119452897371,
    -1.608857756589116,
    -1.6088102231044787,
    -1.6087713940919046,
    -1.6087433085843885,
    -1.6087271698272827,
    -1.6087234742247003,
    -1.6087321912287602,
    -1.6087530854527516,
    -1.608785854816016,
    -1.608830171483838,
    -1.608885697943484,
    -1.6089520951530947,
    -1.6090290270400565,
    -1.609116163022671,
    -1.6092131794527305,
    -1.6093197603814906,
    -1.6094355979136565,
    -1.609560392359108,
    -1.6096938522380388,
    -1.6098356941330925,
    -1.609985642459464,
    -1.6101434292448558,
    -1.6103087939182457,
    -1.6104814830981857,
    -1.610661250480489,
    -1.6108478567740803,
    -1.61104106944368,
    -1.6112406622728235,
    -1.6114464148009124,
    -1.6116581115430253,
    -1.611875541441952,
    -1.612098497864819,
    -1.612326778187943,
    -1.612560182080578,
    -1.6127985069381856,
    -1.6130415330251562,
    -1.6132889769968224,
    -1.6135403469196035,
    -1.613794299577049,
    -1.6139804361887664,
    -1.6140026260392055,
    -1.6139069374390194,
    -1.6137973923522815,
    -1.6137053529090555,
    -1.6136307997589814,
    -1.613573320666914,
    -1.6135324309411294,
    -1.613507628413431,
    -1.6134984107105002,
    -1.613504282026304,
    -1.6135247561506214,
    -1.6135593582495804,
    -1.6136076258064973,
    -1.6136691088947772,
    -1.6137433701169381,
    -1.6138299844155777,
    -1.6139285387913493,
    -1.6140386319972386,
    -1.6141598743587147,
    -1.6142918876921124,
    -1.6144343051242964,
    -1.6145867707622108,
    -1.6147489392849725,
    -1.6149204754973183,
    -1.6151010539052189,
    -1.6152903583746734,
    -1.6154880818936426,
    -1.615693926452234,
    -1.6159076029410528,
    -1.616128830914672,
    -1.6163573382491467,
    -1.6165928607720792,
    -1.616835141799055,
    -1.617083931425368,
    -1.6173389855576552,
    -1.617600064976495,
    -1.6178669343448473,
    -1.6181393597962221,
    -1.6184171030973105,
    -1.6186999103662423,
    -1.6189874875468444,
    -1.619279422939859,
    -1.6195747851524613,
    -1.6198490425936267,
    -1.6200123803693978,
    -1.620024262774383,
    -1.6199792283495957,
    -1.6199475821690132,
    -1.6199306298964757,
    -1.6199282945761058,
    -1.6199398412801918,
    -1.6199625063304801,
    -1.6198058141761926,
    -1.6192894406945977,
    -1.618616343372599,
    -1.6179814673961195,
    -1.6173251018801975,
    -1.6165889478862667,
    -1.6158350155672374,
    -1.6151240380297491,
    -1.6144544619038244,
    -1.6138154088164236,
    -1.6131918472467746,
    -1.6123981212755927,
    -1.6112660154059184,
    -1.6100019662107168,
    -1.608801246413095,
    -1.60766296829205,
    -1.6065634755029825,
    -1.605472413180577,
    -1.604393994442147,
    -1.603291049137779,
    -1.6021248558124783,
    -1.600965367340334,
    -1.5998710957109739,
    -1.598840323549668,
    -1.5978709405678633,
    -1.596960744735563,
    -1.5961065507596388,
    -1.5952554320277372,
    -1.59435723898112,
    -1.5934623499229472,
    -1.5925984463102103,
    -1.5916214500479766,
    -1.5904340089992848,
    -1.5891879393124724,
    -1.5880117462262668,
    -1.5869060638401,
    -1.5858690027943192,
    -1.5848982970543415,
    -1.5839915400197453,
    -1.5831464025943607,
    -1.5823607875214618,
    -1.5816330355429034,
    -1.5809476559673301,
    -1.5802895761039288,
    -1.5796721371890197,
    -1.5791078013233553,
    -1.5785948076073082,
    -1.5781318057261546,
    -1.5777173036621774,
    -1.5773497537621164,
    -1.5770276273812058,
    -1.5767494183221267,
    -1.576513637069988,
    -1.5763188167668676,
    -1.5761635200136634,
    -1.5760463400598754,
    -1.5759658970250923,
    -1.5759208269403244,
    -1.575909746203664,
    -1.5759311402415896,
    -1.5759829165178756,
    -1.5760604961117195,
    -1.5761508201215744,
    -1.5761812245571878,
    -1.576012906128778,
    -1.5756384496630793,
    -1.5752170883212082,
    -1.574841403526992,
    -1.574512770856178,
    -1.574230039868898,
    -1.5739917792146556,
    -1.5737965065404038,
    -1.5736427471448087,
    -1.5735290547236822,
    -1.5734540184966384,
    -1.5734162656786292,
    -1.5734144623441966,
    -1.5734473134086746,
    -1.5735135620484562,
    -1.5736119888721265,
    -1.5737414110135945,
    -1.5739006811944631,
    -1.574088686771788,
    -1.5743043487893789,
    -1.574546621044252,
    -1.5748144891677924,
    -1.5751069697196582,
    -1.5754231093000397,
    -1.575761983685755,
    -1.5761226969903244,
    -1.5765043808470762,
    -1.5769061936146989,
    -1.5773273196045703,
    -1.5777669683299373,
    -1.5782243737769615,
    -1.5786987936960422,
    -1.5791895089119128,
    -1.579695822652792,
    -1.5802170598984653,
    -1.5807525667462907,
    -1.5813017097950974,
    -1.5818638755469898,
    -1.5824384698259992,
    -1.5830249172128499,
    -1.5836226604957264,
    -1.5842311601366696,
    -1.5848498937532034,
    -1.5854783556148238,
    -1.5861160561537675,
    -1.586762521489712,
    -1.587417292968122,
    -1.588079926711677,
    -1.5887499931844442,
    -1.5894270767686707,
    -1.5901107753537582,
    -1.590800699936861,
    -1.5914964742348185,
    -1.5921977343072382,
    -1.5929041281904557,
    -1.5936153155420243,
    -1.5943309672953707,
    -1.59505076532433,
    -1.5957744021173002,
    -1.5965015804607252,
    -1.5972320131316682,
    -1.5979654225992437,
    -1.5987015407346437,
    -1.5994401085294503,
    -1.6001808758220275,
    -1.600923601031811,
    -1.6016680509012704,
    -1.6024140002453062,
    -1.6031612317078658,
    -1.6039095355255637,
    -1.6046587092981088,
    -1.605408557765339,
    -1.606158892590681,
    -1.6069095321508426,
    -1.60766030133159,
    -1.6084110313294366,
    -1.609161559459072,
    -1.609911728966358,
    -1.6106613888467411,
    -1.6114103936689184,
    -1.6121586034035895,
    -1.612905883257174,
    -1.6136521035103586,
    -1.6143971393613314,
    -1.6151408707735642,
    -1.6158831823280306,
    -1.616623963079732,
    -1.617363106418402,
    -1.6181005099332608,
    -1.618836075281706,
    -1.6195697080618228,
    -1.6203013176886192,
    -1.6210308172738805,
    -1.6217581235095446,
    -1.6224831565544782,
    -1.6232058399245588,
    -1.6239261003859784,
    -1.6246438678516815,
    -1.6253590752808351,
    -1.6260716585812338,
    -1.6267815565145594,
    -1.6274887106044273,
    -1.6281930650471463,
    -1.628894566625102,
    -1.6295931646226958,
    -1.6302888107447606,
    -1.6309814590373841,
    -1.63167106581106,
    -1.6323575895661147,
    -1.6330409909203536,
    -1.6337212325388555,
    -1.6343982790658464,
    -1.6350720970585881,
    -1.6357426549232303,
    -1.636409922852584,
    -1.6370738727657483,
    -1.6377344782495369,
    -1.638391714501646,
    -1.639045558275526,
    -1.639695987826908,
    -1.6403429828619376,
    -1.640986524486858,
    -1.6416265951592026,
    -1.6422631786404578,
    -1.6428962599501542,
    -1.643525825321343,
    -1.6441518621574147,
    -1.64477435899022,
    -1.64539330543946,
    -1.6460086921733132,
    -1.6466205108702532,
    -1.6472287541820305,
    -1.6478334156977843,
    -1.6484344899092511,
    -1.6490319721770288,
    -1.6496258586978756,
    -1.65021614647301,
    -1.6508028332773947,
    -1.6513859176299615,
    -1.6519653987647553,
    -1.6525412766029608,
    -1.6531135517257904,
    -1.6536822253482182,
    -1.6542472992935322,
    -1.654808775968679,
    -1.6553666583403728,
    -1.6559209499119527,
    -1.6564716547009668,
    -1.657018777217462,
    -1.6575623224429565,
    -1.6581022958100706,
    -1.6586387031827976,
    -1.6591715508374063,
    -1.659700845443948,
    -1.6602265940483527,
    -1.660748804055102,
    -1.6612674832104644,
    -1.6617826395862734,
    -1.6622942815642179,
    -1.6628024178206464,
    -1.6633070573118582,
    -1.6638082092598667,
    -1.6643058831386222,
    -1.664800088660685,
    -1.6652908357643514,
    -1.6657781346011973,
    -1.6662619955240336,
    -1.6667424290752562,
    -1.6672194459755612,
    -1.6676930571130144,
    -1.6681632735324952,
    -1.6686301064255138,
    -1.6690935671203784,
    -1.6695536670726911,
    -1.6700104178561705,
    -1.6704638311537958,
    -1.6709139187492301,
    -1.6713606925185074,
    -1.6718041644220212,
    -1.6722443464968229,
    -1.6726812508491686,
    -1.673114889647279,
    -1.6735452751143192,
    -1.6739724195216494,
    -1.674396335182333,
    -1.6748170344448312,
    -1.6752345296868467,
    -1.6756488333093567,
    -1.6760599577309216,
    -1.676467915382246,
    -1.6768727187008434,
    -1.677274380125732,
    -1.6776729120922094,
    -1.6780683270267867,
    -1.678460637342307,
    -1.678849855433133,
    -1.679236001076694,
    -1.6796190940224789,
    -1.6799991539874126,
    -1.6803762006507896,
    -1.6807502536486405,
    -1.6811213325681569,
    -1.681489456942404,
    -1.6818546462444586,
    -1.6822169198799948,
    -1.6825762971781617,
    -1.682932797381228,
    -1.683286439632901,
    -1.6836372429636228,
    -1.6839852262694806,
    -1.6843304082826072,
    -1.6846728075367081,
    -1.685012442332173,
    -1.6853493306933836,
    -1.6856834902971505,
    -1.6860149383542375,
    -1.6863436914347842,
    -1.686669765202459,
    -1.6869931739729285,
    -1.6873139298982027,
    -1.6876320412230874,
    -1.6879475083463087,
    -1.6882603148479056,
    -1.6885704063332303,
    -1.6888776329002932,
    -1.6891813225922647,
    -1.6894519989284558,
    -1.6896613450004074,
    -1.6898399735227965,
    -1.690018989684767,
    -1.6901996011876188,
    -1.6903819318048172,
    -1.6905659572382514,
    -1.690751603451659,
    -1.6909387770141702,
    -1.69112737703943,
    -1.691317298697733,
    -1.6915084359789267,
    -1.6917006872590579,
    -1.6918939583303703,
    -1.6920881595770305,
    -1.6922832011019062,
    -1.6924789862256848,
    -1.6926753963970669,
    -1.6928722502627922,
    -1.6930691771935795,
    -1.693265073854001,
    -1.6934541327334232,
    -1.6935939477063802,
    -1.6936147884167279,
    -1.693518415403409,
    -1.6933256649300505,
    -1.6930280125326043,
    -1.692684854742765,
    -1.6923547695474503,
    -1.6920414892447693,
    -1.6917409047160843,
    -1.6913670659430668,
    -1.6908444052464155,
    -1.6902643189850868,
    -1.6897120554680198,
    -1.6891878558721996,
    -1.6886914814873497,
    -1.688222376782246,
    -1.6877798663865016,
    -1.6873632652474462,
    -1.6869718453831963,
    -1.6866048005477987,
    -1.686261240183529,
    -1.6859400725176938,
    -1.68560211541648,
    -1.685208347779103,
    -1.6847975605340466,
    -1.6844104627518959,
    -1.6840482581345448,
    -1.6837103366107633,
    -1.6833959630329385,
    -1.6831043842314877,
    -1.6828348514304317,
    -1.6825866277568406,
    -1.6823589922011284,
    -1.6821512415846533,
    -1.6819626913868684,
    -1.6817926759892687,
    -1.6816405486283335,
    -1.6815056811859173,
    -1.6813874638729729,
    -1.6812853048447676,
    -1.6811986297885275,
    -1.6811268815062432,
    -1.6810695194899767,
    -1.6810260194869837,
    -1.6809958730608978,
    -1.6809785871559442,
    -1.6809736836684375,
    -1.680980699027713,
    -1.6809991837868912,
    -1.6810287022229597,
    -1.6810688319457099,
    -1.6811191635161846,
    -1.6811793000757602,
    -1.6812488569855917,
    -1.6813274614755913,
    -1.6814147523027911,
    -1.6815103794189892,
    -1.6816140036474443,
    -1.6817252963684877,
    -1.6818439392139386,
    -1.6819696237700805,
    -1.6821020512889358,
    -1.6822409324076464,
    -1.6823859868757718,
    -1.68253694329032,
    -1.6826935388383175,
    -1.6828555190466528,
    -1.6830226375389807,
    -1.6831946557995308,
    -1.6833713429436525,
    -1.683552475494965,
    -1.683737837168907,
    -1.683927218662361,
    -1.6841204174491475,
    -1.6843172375813333,
    -1.6845174894962547,
    -1.684720989829125,
    -1.6849275612310413,
    -1.6851370321921149,
    -1.6853492368695835,
    -1.6855640149208888,
    -1.6857812113415795,
    -1.6860006763077737,
    -1.686222265023086,
    -1.6864458375700146,
    -1.6866712587656096,
    -1.686898398021182,
    -1.6871271292059602,
    -1.6873573305146397,
    -1.6875888843387776,
    -1.6878216771419907,
    -1.6880555993387854,
    -1.6882905451767833,
    -1.6885264126222383,
    -1.6887631032488082,
    -1.6890005221295372,
    -1.6892385777319825,
    -1.6894771818163647,
    -1.6897162493366857,
    -1.6899556983447515,
    -1.690195449896931,
    -1.6904354279635467,
    -1.6906755593408533,
    -1.6909157735655433,
    -1.691156002831717,
    -1.6913961819102274,
    -1.6916362480703313,
    -1.6918761410036467,
    -1.69211580275033,
    -1.6923551776273755,
    -1.6925942121590314,
    -1.6928328550092784,
    -1.6930710569162333,
    -1.6933087706284013,
    -1.6935459508427562,
    -1.693782554144574,
    -1.694018538949036,
    -1.6942538654446326,
    -1.6944884955382113,
    -1.694722392801586,
    -1.6949555224197446,
    -1.695187851140588,
    -1.695419347226052,
    -1.6956499804046135,
    -1.6958797218252883,
    -1.6961085440130454,
    -1.6963364208254637,
    -1.696563327410584,
    -1.6967892401660019,
    -1.6970141366992355,
    -1.697237995789303,
    -1.6974607973493714,
    -1.6976825223904555,
    -1.6979031529862438,
    -1.698122672239021,
    -1.698341064246562,
    -1.6985583140698908,
    -1.6987744077019455,
    -1.6989893320373204,
    -1.6992030748430458,
    -1.699415624730105,
    -1.699626971125597,
    -1.6998371042457066,
    -1.700046015069529,
    -1.700253695313671,
    -1.7004601374075776,
    -1.7006653344695444,
    -1.700869280283416,
    -1.7010719692759022,
    -1.701273396494506,
    -1.70147355758618,
    -1.7016724487766959,
    -1.7018700668505606,
    -1.7020664091314646,
    -1.7022614734633832,
    -1.7024552581923151
]