[
    0.68175869726228,
    0.6812390738637033,
    0.6706913048887637,
    0.6714929423779195,
    0.6722484515600782,
    0.6729592695861266,
    0.6736267920432607,
    0.6742523741359464,
    0.6748373318335226,
    0.6753829429853794,
    0.6758904484046339,
    0.6763610529211818,
    0.6767959264049945,
    0.6771962047605031,
    0.6775629908928871,
    0.677897355647053,
    0.6782003387200832,
    0.678472949547898,
    0.6787161681668442,
    0.6789309460509262,
    0.679118206925391,
    0.679278847557337,
    0.6794137385239962,
    0.6795237249593936,
    0.6796096272800383,
    0.6796722418902299,
    0.6797123418675752,
    0.6797306776293824,
    0.6797279775805545,
    0.6797049487434603,
    0.6796622773703493,
    0.6796006295392129,
    0.6795206517340645,
    0.6794229714104245,
    0.6793081975473302,
    0.6791769211895018,
    0.6790297159858284,
    0.6788671387326338,
    0.6786897299420837,
    0.6784980144914982,
    0.6782925024906873,
    0.6780736906734102,
    0.6778420650830499,
    0.6775981086862338,
    0.6773423391799799,
    0.6770757670997128,
    0.676954057723231,
    0.6771261773269638,
    0.6774258670703307,
    0.6776930921159481,
    0.677928612889323,
    0.6781334431205993,
    0.6783086032256765,
    0.6784551017730329,
    0.6785739572540258,
    0.6787025888138715,
    0.6789057045918201,
    0.6791726671594412,
    0.6794356738629,
    0.6796658896791288,
    0.6798643726236431,
    0.6800321802881785,
    0.6801703479482542,
    0.6802798882813903,
    0.680361800274828,
    0.6804171109370487,
    0.6805272470295736,
    0.6807722980590636,
    0.6810683919707472,
    0.681331098855687,
    0.6815596087250433,
    0.6817550397286308,
    0.6819185031560148,
    0.6820510816381795,
    0.68215382727817,
    0.6822277630989316,
    0.6822738851138506,
    0.6822931651778263,
    0.6822865563289884,
    0.6822550096452457,
    0.6821996229460874,
    0.682168711829258,
    0.6822204271949639,
    0.6823161818057774,
    0.68239494270936,
    0.6824451375243342,
    0.682467651723666,
    0.682463416061835,
    0.682433348711199,
    0.6823783482807734,
    0.6822992922643518,
    0.6821970352746535,
    0.6820724080882008,
    0.681926217473707,
    0.6817592464206008,
    0.6815722546018592,
    0.6813659789547896,
    0.6811411342928674,
    0.6808984139275847,
    0.6806384902988803,
    0.6803620155859652,
    0.6800696222684244,
    0.6797619236557867,
    0.679439514443395,
    0.6791029713089267,
    0.6787528534879986,
    0.6783897033060254,
    0.6780140467965912,
    0.6776263945855925,
    0.6772272429458588,
    0.6768170744971744,
    0.6763963585960375,
    0.6759655543035943,
    0.6755251355573444,
    0.6751132486210526,
    0.6747667192088945,
    0.6744456199550913,
    0.6741112242140247,
    0.6737746162298774,
    0.6734580879582136,
    0.6731616642751845,
    0.6728623388755942,
    0.6725486774251908,
    0.6722212126380444,
    0.6718804797944432,
    0.6715270029116391,
    0.6711612927770699,
    0.6707838463136138,
    0.670395146107648,
    0.6699956603561983,
    0.6695858431515096,
    0.6691661348339618,
    0.6687369623043309,
    0.668298739324743,
    0.6678518668397861,
    0.6673967333188752,
    0.6669337151033591,
    0.6664631767474096,
    0.6659854713528023,
    0.665500940898208,
    0.665009916560915,
    0.664512719029463,
    0.6640096588069769,
    0.6635010365060805,
    0.6629871431366824,
    0.6624682603865185,
    0.6619446608935907,
    0.6614166085107046,
    0.6608843585627661,
    0.6603481580969376,
    0.6598082461255796,
    0.6592648538622654,
    0.6587182049512611,
    0.6581685156905617,
    0.6576159952484476,
    0.6570608458738095,
    0.656503263100543,
    0.6559434359461248,
    0.6553815471045041,
    0.6548177731335317,
    0.6542522846370455,
    0.6536852464416839,
    0.6531168177686089,
    0.6525471524003505,
    0.6519763988429019,
    0.6514047004831262,
    0.6508321957415966,
    0.6502590182210384,
    0.6496852968505247,
    0.6491111560255499,
    0.6485367157440937,
    0.6479620917387838,
    0.6473873956052482,
    0.6468127349267636,
    0.6462382133953289,
    0.6456639309292622,
    0.6450899837873927,
    0.6445164646799402,
    0.6439434628762022,
    0.6433710643091382,
    0.6427993516769231,
    0.6422284045415584,
    0.6416582994246383,
    0.6410891099003496,
    0.6405209066857706,
    0.639953757728553,
    0.6393877282920728,
    0.6388228810381125,
    0.6382592761071322,
    0.6376969711962106,
    0.6371360216347238,
    0.6365764804578254,
    0.6360183984777898,
    0.635461824353283,
    0.634906804656616,
    0.6343533839390367,
    0.6338016047941136,
    0.6332515079192708,
    0.6327031321755304,
    0.6321565146455074,
    0.6316116906897072,
    0.6310686940011814,
    0.6305275566585765,
    0.6299883091776285,
    0.6294509805611455,
    0.628915598347526,
    0.6283821886578532,
    0.6278507762416058,
    0.6273213845210248,
    0.6267940356341699,
    0.6262687504767052,
    0.6257455487424537,
    0.6252244489627556,
    0.6247054685446619,
    0.6241886238079956,
    0.62367393002132,
    0.6231614014368417,
    0.6226510513242731,
    0.6221428920036896,
    0.6216369348774098,
    0.6211331904609289,
    0.6206316684129283,
    0.6201323775643902,
    0.6196353259468423,
    0.6191405208197576,
    0.6186479686971335,
    0.6181576753732774,
    0.6176696459478154,
    0.6171838848499498,
    0.6167003958619873,
    0.6162191821421571,
    0.615740246246743,
    0.615263590151544,
    0.614789215272687,
    0.6143171224868079,
    0.6138473121506223,
    0.6133797841198989,
    0.6129145377678571,
    0.6124515720030039,
    0.6119908852864258,
    0.61153247564855,
    0.6110763407053933,
    0.6106224776743127,
    0.6101708833892697,
    0.6097215543156284,
    0.6092744865644938,
    0.6088296759066095,
    0.6083871177858214,
    0.6079468073321275,
    0.6075087393743195,
    0.6070729084522319,
    0.6066393088286062,
    0.6062079345005842,
    0.6057787792108429,
    0.6053518364583769,
    0.6049270995089432,
    0.604504561405175,
    0.604084214976376,
    0.6036660528480042,
    0.6032500674508536,
    0.6028362510299431,
    0.6024245956531217,
    0.6020150932193968,
    0.6016077354669974,
    0.6012025139811737,
    0.6007994202017473,
    0.6003984454304139,
    0.5999995808378098,
    0.599602817470348,
    0.5992081462568303,
    0.5988155580148404,
    0.5984250434569287,
    0.5980365931965901,
    0.5976501977540459,
    0.5972658475618305,
    0.596883532970193,
    0.5965032442523175,
    0.5961249716093664,
    0.5957487051753542,
    0.5953744350218558,
    0.5950021511625532,
    0.5946318435576252,
    0.5942635021179901,
    0.5938971167093967,
    0.5935326771563779,
    0.593170173246062,
    0.5928095947318529,
    0.5924509313369791,
    0.5920941727579182,
    0.5917393086676972,
    0.5913863287190773,
    0.5910352225476229,
    0.5906859797746595,
    0.5903385900101213,
    0.589993042855297,
    0.5896493279054728,
    0.5893074347524775,
    0.588967352987133,
    0.5886290722016098,
    0.5882925819916964,
    0.5879578719589795,
    0.5876249317129413,
    0.5872937508729728,
    0.5869643190703121,
    0.5866366259499026,
    0.5863106611721798,
    0.5859864144147839,
    0.5856638753742044,
    0.5853430337673543,
    0.5850238793330823,
    0.5847064018336217,
    0.5843905910559746,
    0.5840764368132404,
    0.583763928945884,
    0.5834530573229506,
    0.5831438118432255,
    0.5828361824363412,
    0.582530159063834,
    0.5822257317201524,
    0.5819228904336171,
    0.5816216252673374,
    0.5813219263200806,
    0.5810237837270994,
    0.580727187660917,
    0.5804321283320744,
    0.5801385959898374,
    0.5798465809228676,
    0.5795560734598527,
    0.5792670639701054,
    0.5789795428641261,
    0.5786935005941353,
    0.5784089276545713,
    0.5781258145825615,
    0.5778441519583599,
    0.5775639304057568,
    0.5772851405924614,
    0.5770077732304572,
    0.576731819076333,
    0.5764572689315876,
    0.57618411364291,
    0.5759123441024357,
    0.5756419512479811,
    0.5753729260632573,
    0.575105259578063,
    0.574838942868458,
    0.5745739670569152,
    0.5743103233124545,
    0.5740480028507572,
    0.5737869969342668,
    0.5735272968722707,
    0.5732688940209658,
    0.5730117797835084,
    0.5727559456100464,
    0.5725013829977406,
    0.5722480834907702,
    0.5719960386803272,
    0.5717452402045964,
    0.5714956797487225,
    0.5712473490447659,
    0.5710002398716484,
    0.5707543440550883,
    0.5705096534675229,
    0.5702661600280213,
    0.5700238557021855,
    0.569782732502044,
    0.5695427824859359,
    0.5693039977583897,
    0.5690663704699921,
    0.5688298928172513,
    0.5685945570424482,
    0.5683603554334814,
    0.5681272803237046,
    0.5678953240917618,
    0.5676644791614152,
    0.5674347380013688,
    0.5672060931250825,
    0.5669785370905804,
    0.5667520625002566,
    0.5665266620006774,
    0.5663023282823783,
    0.5660790540796518,
    0.5658568321703341,
    0.565635655375585,
    0.5654155165596634,
    0.5651964086296992,
    0.5649783245354703,
    0.5647612572691751,
    0.5645451998652044,
    0.564330145399901,
    0.5641160869913148,
    0.5639030177989562,
    0.5636909310235506,
    0.5634798199067934,
    0.5632696777310983,
    0.563060497819337,
    0.5628522735345701,
    0.5626449982797793,
    0.5624386654975962,
    0.5622332686700273,
    0.5620288013181745,
    0.5618252570019494,
    0.5616226293197878,
    0.561420911908387,
    0.5612200984424748,
    0.5610201826346062,
    0.5608211582349949,
    0.5606230190313645,
    0.5604257588487884,
    0.5602293715495154,
    0.5600338510327789,
    0.5598391912345843,
    0.5596453861274506,
    0.5594524297201448,
    0.5592603160574545,
    0.5590690392199713,
    0.5588785933238187,
    0.5586889725204087,
    0.5585001709962791,
    0.5583121829729613,
    0.5581250027068544,
    0.5579386244891357,
    0.5577530426457262,
    0.5575682515373269,
    0.5573842455595606,
    0.5572010191432202,
    0.5570185667546537,
    0.5568368828963759,
    0.556655962108103,
    0.5564757989685624,
    0.5562963880986663,
    0.5561177241662133,
    0.555939801891025,
    0.5557626160501773,
    0.5555861614864691,
    0.5554104331241471,
    0.5552354259938983,
    0.5550611352706271,
    0.5548875563392843,
    0.5547146849349545,
    0.5545425174591417,
    0.5543710517374749,
    0.5542002890769413,
    0.5540302406380854,
    0.5538609703244808,
    0.5537022547326953,
    0.5535634651387445,
    0.5534341659975259,
    0.5533042108478154,
    0.5531735399961755,
    0.5530421658270575,
    0.5529101129259757,
    0.5527774109720703,
    0.5526440915828326,
    0.552510186834582,
    0.5523757285949803,
    0.5522407481891485,
    0.5521052762145859,
    0.551969342445351,
    0.551832975803019,
    0.5516962043658507,
    0.5515590553978387,
    0.5514215553836371,
    0.5512837300390775,
    0.5511456042879559,
    0.5510072022504108,
    0.5508685472687748,
    0.550729661933029,
    0.5505905681009714,
    0.5504512870032567,
    0.5503118395277429,
    0.5501722468392926,
    0.5500325321553023,
    0.5498927263811874,
    0.5497528840264445,
    0.5496130761649464,
    0.549500590519106,
    0.5494418861502238,
    0.5494080057596833,
    0.5493705945862369,
    0.549329407840093,
    0.5492844282656488,
    0.5492357485850642,
    0.5491834844615839,
    0.5491277545130211,
    0.5490686762593444,
    0.5490063648628745,
    0.5489409326290292,
    0.5488724888587161,
    0.5488011398421745,
    0.5487269889024262,
    0.5486501364388836,
    0.5485706799586587,
    0.5484887141126281,
    0.5484043307594622,
    0.5483176190870046,
    0.5482286657933911,
    0.5481375552789526,
    0.5480443698002437,
    0.5479491896460145,
    0.5478520934905241,
    0.547753158911857,
    0.547652463022681,
    0.5475500845529677,
    0.5474461020209513,
    0.5473405887611038,
    0.5472336085540657,
    0.5471252182197224,
    0.5470154741488473,
    0.546904438036181,
    0.546792190091391,
    0.5466968154219608,
    0.546673879600265,
    0.5467408131244017,
    0.5468379616781411,
    0.5469259009557954,
    0.5470049084387323,
    0.5470752728249223,
    0.5471372783891177,
    0.5471912018973991,
    0.5472373114791299,
    0.5472758665875748,
    0.5473071195957888,
    0.5473313177461,
    0.5473487047004137,
    0.5473595235962095,
    0.5473640240227385,
    0.5473624739371594,
    0.5473552078470549,
    0.5473436652020622,
    0.5474031210594799,
    0.5476037550289901,
    0.547865016163918,
    0.5481103536849417,
    0.54834012530036,
    0.5485547672921977,
    0.5487547436363183,
    0.5489405237388517,
    0.5491125719522959,
    0.5492713472991654,
    0.5494173194550439,
    0.5495513033686134,
    0.5496990122108957,
    0.549884464824775,
    0.5500808282083669,
    0.5502626043694134,
    0.5504302386501924,
    0.5505841902068326,
    0.5507249116532417,
    0.5508528491674246,
    0.5509684635558032,
    0.5511344752287471,
    0.5514126724935691,
    0.5517379346604806,
    0.5520445955930356,
    0.5523317129902559,
    0.5525998937947241,
    0.5528497588493565,
    0.55308193657342,
    0.5532971883814417,
    0.5535049878201675,
    0.553714164295719,
    0.5539156774714191,
    0.5541009283213031,
    0.5542704169797472,
    0.5544246611281157,
    0.5545641729331714,
    0.5546894584740084,
    0.5548010372554903,
    0.5548998011660375,
    0.5550211589416087,
    0.5551984162182398,
    0.5553944142584337,
    0.5555737064713233,
    0.5557367939408169,
    0.5558842100754543,
    0.5560164799321978,
    0.5561341149249457,
    0.5562376122031564,
    0.5563274549681664,
    0.5564041128369878,
    0.5564680421689422,
    0.5565196866082806,
    0.5565594779478354,
    0.5565878381621053,
    0.556605187089153,
    0.5566119846803719,
    0.5566323646194845,
    0.5567132715243723,
    0.556852539251523,
    0.5570004592210416,
    0.5571327245977727,
    0.5572497501105923,
    0.5573520231529042,
    0.5574400376702862,
    0.5575142793464216,
    0.557575222047998,
    0.5576233270125646,
    0.5576590425566909,
    0.5576828040164215,
    0.5576950338887069,
    0.5576961420615942,
    0.5576865261176582,
    0.5576665717108019,
    0.5576366529760682,
    0.5575971329575841,
    0.5575483641108406,
    0.5574906889946232,
    0.5574244412775853,
    0.5573499475818346,
    0.5572675325853098,
    0.5571775415746008,
    0.5570844281194806,
    0.557002378657688,
    0.5569368186381252,
    0.5568730725456632,
    0.5568010721370535,
    0.5567210745191529,
    0.5566333611405034,
    0.5565382142337654,
    0.5564359121943082,
    0.55632672765858,
    0.5562109267666118,
    0.5560887687291479,
    0.5559605055721459,
    0.5558263822784594,
    0.5556866375436648,
    0.5555415059557202,
    0.5553912240556145,
    0.5552360504900877,
    0.5550765919562475,
    0.5549431717345799,
    0.5548643462757304,
    0.5548080744624605,
    0.5547436936303564,
    0.554671394910138,
    0.5545913976409144,
    0.5545039241332705,
    0.554409213590098,
    0.5543075203385022,
    0.5541991034958862,
    0.5540842193944796,
    0.5539631189477972,
    0.5538360476607338,
    0.5537032468151175,
    0.5535649569393502,
    0.5534214254180562,
    0.5532729259392253,
    0.5531296350305287,
    0.5530082910485077,
    0.5529051517569191,
    0.552802593920034,
    0.5526935419066107,
    0.5525782083406632,
    0.5524568278618027,
    0.5523296358067609,
    0.5521968630423782,
    0.5520587348584922,
    0.551915471746039,
    0.5517672934139337,
    0.5516144326460408,
    0.5514572250078219,
    0.5513178624810665,
    0.5512174993227361,
    0.5511326854947523,
    0.5510408856542863,
    0.5509423123203199,
    0.5508372126271899,
    0.5507258342955584,
    0.5506084200992932,
    0.5504852064862672,
    0.5503564232467896,
    0.5502222935297343,
    0.5500830339361437,
    0.5499388546317086,
    0.5497899594866995,
    0.5496365461185362,
    0.5494788057924209,
    0.5493169234172609,
    0.5491510777635217,
    0.5489814417815827,
    0.5488081829079061,
    0.5486314633150652,
    0.5484514401190399,
    0.548268265556861,
    0.5480820871510579,
    0.5478930479009938,
    0.5477012864467201,
    0.5475069371387231,
    0.5473101300749976,
    0.5471109911670335,
    0.5469096422730434,
    0.5467062015369624,
    0.5465007842996887,
    0.5462935052364263,
    0.5460844825225724,
    0.5458738497852734,
    0.5456731168788264,
    0.5454934771325752,
    0.5453229252881372,
    0.5451495987180096,
    0.5449734481826995,
    0.5447945865205974,
    0.5446131383438085,
    0.5444292318875251,
    0.5442447379661405,
    0.544062275591369,
    0.5438808768234156,
    0.5436979619585081,
    0.5435127810141869,
    0.543325436184338,
    0.5431360335263611,
    0.5429446773145231,
    0.5427514695516565,
    0.5425565097774305,
    0.5423598950699077,
    0.5421617197048422,
    0.5419620746093844,
    0.5417610473217049,
    0.5415587224323954,
    0.541355181840804,
    0.5411505047759324,
    0.5409447679414745,
    0.5407380457941663,
    0.5405304108295819,
    0.5403219336929592,
    0.5401126827977903,
    0.5399027236805218,
    0.5396921189013388,
    0.539480928631123,
    0.5392692114585991,
    0.5390570261132106,
    0.5388444375756528,
    0.5386315810848861,
    0.5384263109612035,
    0.5382362437364349,
    0.5380532466455902,
    0.5378691487050494,
    0.5376837959323751,
    0.5374972431700591,
    0.537309560822747,
    0.5371208341050328,
    0.5369314954531439,
    0.5367506061598802,
    0.5365861990733978,
    0.5364286742312385,
    0.5362691015845888,
    0.5361075489658984,
    0.5359441019233123,
    0.5357788487163809,
    0.5356118772834814,
    0.5354432742510132,
    0.5352731251134263,
    0.5351015156464064,
    0.5349285352374993,
    0.5347542834634721,
    0.5345788740053846,
    0.5344024109666903,
    0.5342249557048093,
    0.5340465428790034,
    0.5338672260463887,
    0.5337017865749432,
    0.5335756526539908,
    0.533483858875855,
    0.5333991663540734,
    0.5333100417581679,
    0.5332166169936129,
    0.5331190447087696,
    0.5330174793814386,
    0.5329120729353289,
    0.532802973523684,
    0.5326903251532086,
    0.5325742676048278,
    0.5324549364603562,
    0.532332463164834,
    0.5322069751074622,
    0.5320785957168819,
    0.5319474445616205,
    0.5318136374479623,
    0.531677286517613,
    0.5315385003492898,
    0.5313973840619093,
    0.5312540394160553,
    0.5311085649127177,
    0.530961055888756,
    0.5308116046091605,
    0.5306603003563451,
    0.5305072295166364,
    0.5303524756644747,
    0.530196119644554,
    0.5300382396517175,
    0.5298789113084857,
    0.5297182077403159,
    0.5295561996487557,
    0.5293929553824952,
    0.5292285410063907,
    0.5290630203687471,
    0.5288964551669806,
    0.5287289050115006,
    0.5285604274877028,
    0.5283910782161442,
    0.5282209109110051,
    0.528049977436861,
    0.5278783278637991,
    0.527706010520947,
    0.5275330720484392,
    0.5273595574478135,
    0.5271855101309438,
    0.5270109719676612,
    0.5268359833320921,
    0.5266605831476652,
    0.5264848089307991,
    0.526308696833338,
    0.5261322816837812,
    0.5259555970273153,
    0.525778675164672,
    0.5256015471898559,
    0.5254242430267797,
    0.5252467914648314,
    0.5250692201934072,
    0.524891555835474,
    0.5247138239801827,
    0.524536049214538,
    0.5243582551541448,
    0.5241804644730635,
    0.524002698932798,
    0.5238249794104438,
    0.5236473259260201,
    0.5234697576690104,
    0.5232922930241278,
    0.5231149495963215,
    0.5229377442350394,
    0.5227606930577929,
    0.5225838114730519,
    0.522407114202481,
    0.5222306153025277,
    0.5220543281853761,
    0.5218782656392866,
    0.521702439848339,
    0.5215268624115975,
    0.5213515443617174,
    0.5211764961829973,
    0.5210017278289018,
    0.5208272487390692,
    0.5206530678558302,
    0.5204791936402394,
    0.520305634087634,
    0.5201323967427355,
    0.5199594887143074,
    0.5197869166893825,
    0.5196146869470701,
    0.5194428053719522,
    0.5192712774670738,
    0.5191001083665471,
    0.5189293028477864,
    0.5187588653433888,
    0.5185887999526656,
    0.5184191104528285,
    0.5182498003098417,
    0.5180808726889482,
    0.5179123304648815,
    0.5177441762317725,
    0.5175764123127637,
    0.5174090407693336,
    0.5172420634103366,
    0.5170754818007667,
    0.5169092972702626,
    0.5167435109213617,
    0.5165781236375088,
    0.5164131360908207,
    0.5162485487496166,
    0.5160843618857212,
    0.5159205755815448,
    0.5157571897369505,
    0.5155942040759078,
    0.5154316181529426,
    0.5152694313593896,
    0.5151076429294603,
    0.5149462519461253,
    0.5147852573468171,
    0.5146246579289556,
    0.5144644523553029,
    0.514304639159155,
    0.5141452167493696,
    0.5139861834152355,
    0.5138275373311941,
    0.5136692765614186,
    0.5135113990642521,
    0.5133539026965017,
    0.5131967852175948,
    0.5130400442936092,
    0.5128836775011826,
    0.5127276823312977,
    0.5125720561929505,
    0.5124167964166979,
    0.5122619002580946,
    0.5121073649010216,
    0.5119531874609089,
    0.5117993649878496,
    0.5116458944696181,
    0.5114927728345916,
    0.5113399969545812,
    0.5111875636475695,
    0.5110354696803635,
    0.5108837117711599,
    0.510732286592025,
    0.5105811907712938,
    0.5104304208958921,
    0.5102799735135802,
    0.5101298451351258,
    0.5099800322364015,
    0.5098305312604137,
    0.5096813386192599,
    0.5095324506960224,
    0.5093838638465974,
    0.5092355744014679,
    0.5090875786674148,
    0.5089398729291716,
    0.5087924534510221,
    0.5086453164783439,
    0.5084984582390987,
    0.5083518749452708,
    0.50820556279425,
    0.5080595179701659,
    0.5079137366451772,
    0.5077682149807188,
    0.5076229491287038,
    0.5074779352326863,
    0.5073331694289795,
    0.5071886478477335,
    0.5070443666139753,
    0.50690032184861,
    0.5067565096693863,
    0.5066129261918243,
    0.5064695675301077,
    0.5063264297979416,
    0.5061835091093777,
    0.50604080157961,
    0.505898303325741,
    0.5057560104675201,
    0.5056139191280519,
    0.505472025434478,
    0.50533032551863,
    0.5051888155176576,
    0.5050474915746329,
    0.5049063498391299,
    0.5047653864677808,
    0.5046245976248072,
    0.5044839794825289,
    0.5043435282218484,
    0.5042032400327133,
    0.5040631111145617,
    0.5039231376767483,
    0.5037833159389545,
    0.5036436421315778,
    0.5035041124961028,
    0.5033647232854584,
    0.5032254707643561,
    0.503086351209613,
    0.5029473609104589,
    0.5028084961688288,
    0.5026697532996388,
    0.5025311286310468,
    0.5023926185046977,
    0.5022542192759574,
    0.5021159273141342,
    0.5019777390026919,
    0.5018396507394479,
    0.5017016589367626,
    0.5015637600217149,
    0.5014259504362684,
    0.5012882266374252,
    0.5011505850973726,
    0.5010130223036153,
    0.5008755347590996,
    0.5007381189823273,
    0.5006007715074634,
    0.5004634888844368,
    0.5003262676790335,
    0.5001891044729803,
    0.50005199586402,
    0.49991493846598156,
    0.49977792890883904,
    0.4996409638387677,
    0.49950403991819253,
    0.49936715382583247,
    0.49923030225673637,
    0.4990934819223131,
    0.49895668955035566,
    0.4988199218850591,
    0.49868317568703124,
    0.4985464477332972,
    0.4984097348173,
    0.49827303374889864,
    0.49813634135436263,
    0.4979996544763626,
    0.49786296997395624,
    0.4977262847225704,
    0.49758959561397775,
    0.4974528995562721,
    0.49731619347383865,
    0.49717947430732,
    0.49704273901357765,
    0.49690598545452785,
    0.4967692115082171,
    0.49663241506877565,
    0.496495594046369,
    0.49635874636714805,
    0.4962218699731966,
    0.49608496282247533,
    0.4959480228887648,
    0.49581104816160565,
    0.4956740366462351,
    0.4955369863635206,
    0.49539989534988915,
    0.49526276165725813,
    0.49512558335296447,
    0.49498835851969397,
    0.49485108525540844,
    0.4947137616732717,
    0.49457638590157327,
    0.494438956083651,
    0.49430147037781186,
    0.4941639269572529,
    0.49402632400998103,
    0.49388865973873197,
    0.4937509323608856,
    0.4936131401083786,
    0.49347528122761625,
    0.4933373539793845,
    0.49319935663876274,
    0.49306128749503764,
    0.4929231448516139,
    0.4927849270259276,
    0.4926466323493565,
    0.4925082591671321,
    0.4923698058382502,
    0.49223127073537987,
    0.49209265224477206,
    0.49195394876616544,
    0.4918151587126922,
    0.4916762805107843,
    0.4915373126000824,
    0.4913982534333424,
    0.4912591014763443,
    0.4911198552077991,
    0.4909805131192574,
    0.4908410737150159,
    0.4907015355120255,
    0.49056189703979775,
    0.49042215684031015,
    0.4902823134679094,
    0.4901423654892178,
    0.4900023114830407,
    0.4898621500402749,
    0.48972187976381526,
    0.48958149926846284,
    0.48944100718083305,
    0.4893004021392647,
    0.48915968279372807,
    0.4890188478057341,
    0.4888778958482427,
    0.4887368256055716,
    0.4885956357733054,
    0.4884543250582055,
    0.48831289217811924,
    0.488171335861889,
    0.4880296548492594,
    0.4878878478907884,
    0.487745913747757,
    0.4876038511920817,
    0.4874616590062257,
    0.4873193359831121,
    0.48717688092603695,
    0.4870342926485818,
    0.4868915699745275,
    0.4867487117377679,
    0.4866057167822226,
    0.4864625839617503,
    0.4863193121400625,
    0.48617590019063883,
    0.48603234699664244,
    0.48588865145083726,
    0.48574481245550644,
    0.4856008289223697,
    0.48545669977250094,
    0.485312423936247,
    0.48516800035314794,
    0.4850234279718563,
    0.4848787057500572,
    0.4847338326543856,
    0.4845888076603462,
    0.48444362975223376,
    0.48429829792305473,
    0.4841528111744493,
    0.4840071685166155,
    0.4838613689682329,
    0.48371541155638775,
    0.48356929531649734,
    0.48342301929223574,
    0.48327658253545885,
    0.48312998410613184,
    0.48298322307225594,
    0.48283629850979665,
    0.48268920950261035,
    0.48254195514237125,
    0.4823945345284976,
    0.4822469467680809,
    0.48209919097581466,
    0.4819512662739267,
    0.4818031717921104,
    0.48165490666745653,
    0.48150647004438474,
    0.4813578610745774,
    0.4812090789169128,
    0.48106012273739857,
    0.48091099170910323,
    0.4807616850120893,
    0.4806122018333476,
    0.4804625413667339,
    0.48031270281290583,
    0.4801626853792592,
    0.4800124882798655,
    0.47986211073540935,
    0.4797115519731273,
    0.47956081122674793,
    0.47940988773643,
    0.4792587807487001,
    0.479107489516391,
    0.47895601329858095,
    0.4788043513605355,
    0.4786525029736493,
    0.47850046741538954,
    0.47834824396923925,
    0.47819583192464055,
    0.4780432305769388,
    0.4778904392273262,
    0.47773745718278554,
    0.47758428375603246,
    0.47743091826546036,
    0.47727736003508603,
    0.47712360839449713,
    0.4769696626787995,
    0.476815522228564,
    0.47666118638977656,
    0.4765066545137868,
    0.4763519259572574,
    0.47619700008211263,
    0.4760418762554897,
    0.47588655384968886,
    0.47573103224212554,
    0.47557531081528165,
    0.4754193889566566,
    0.4752632660587167,
    0.4751069415188443,
    0.4749504147392915,
    0.4747936851271343,
    0.47463675209422734,
    0.4744796150571575,
    0.474322273437199,
    0.47416472666026965,
    0.4740069741568876,
    0.47384901536212826,
    0.4736908497155787,
    0.4735324766612923,
    0.47337389564774324,
    0.4732151061277849,
    0.4730561075586089,
    0.4728968994017046,
    0.47273748112281844,
    0.47257785219191517,
    0.47241801208313694,
    0.4722579602747632,
    0.47209769624916786,
    0.4719372194927778,
    0.47177652949603155,
    0.4716156257533421,
    0.4714545077630598,
    0.47129317502743684,
    0.47113162705259065,
    0.47096986334846913,
    0.4708078834288143,
    0.47064568681112784,
    0.47048327301663206,
    0.47032064157023035,
    0.47015779200046864,
    0.46999472383950247,
    0.469831436623064,
    0.46966792989042794,
    0.4695042031843727,
    0.4693402560511435,
    0.4691760880404196,
    0.4690116987052837,
    0.4688470876021909,
    0.4686822542909394,
    0.46851719833463995,
    0.46835191929968967,
    0.46818641675573996,
    0.4680206902756584,
    0.46785473943549327,
    0.467688563814445,
    0.4675221629948415,
    0.467355536562113,
    0.4671886841047682,
    0.46702160521436964,
    0.466854299485506,
    0.46668676651575713,
    0.4665190059056555,
    0.46635101725865247,
    0.46618280018109554,
    0.4660143542822081,
    0.4658456791740668,
    0.4656767744715775,
    0.46550763979245546,
    0.4653382747572107,
    0.46516867898913505,
    0.46499885211426867,
    0.4648287937613537,
    0.4646585035617958,
    0.46448798114963785,
    0.46431722616153576,
    0.46414623823673673,
    0.46397501701706206,
    0.4638035621468945,
    0.46363187327316435,
    0.46345995004533463,
    0.46328779211539795,
    0.46311539913788746,
    0.46294277076989004,
    0.4627699066710524,
    0.4625968065035843,
    0.4624234699322628,
    0.46224989662441995,
    0.46207608624990276,
    0.4619020384810246,
    0.4617277529925513,
    0.46155322946172533,
    0.46137846756831646,
    0.4612034669946866,
    0.461028227425873,
    0.4608527485496765,
    0.46067703005675936,
    0.46050107164079196,
    0.4603248729986161,
    0.4601484338302289,
    0.45997175383853733,
    0.4597948327291458,
    0.4596176702103615,
    0.45944026599327986,
    0.4592626197918433,
    0.45908473132297123,
    0.45890660030677916,
    0.45872822646672057,
    0.4585496095297001,
    0.45837074922635346,
    0.45819164529145223,
    0.4580122974646972,
    0.45783270549256566,
    0.4576528691312138,
    0.45747278814939313,
    0.45729246232957926,
    0.4571118914667517,
    0.4569310753672747,
    0.45675001384936803,
    0.45656870674310124,
    0.45638715388923057,
    0.4562053551391959,
    0.4560233103563125,
    0.4558410194168618,
    0.45565848221424937,
    0.4554756986740523,
    0.4552926687902468,
    0.455109392692263,
    0.45492587073959423,
    0.4547421036002346,
    0.454558092262857,
    0.4543738379899699,
    0.4541893421360167,
    0.4540046057341873,
    0.45381962920885976,
    0.45363441261631987,
    0.4534489560162358,
    0.45326325950355634,
    0.4530773232257855,
    0.4528911478671954,
    0.45270473623335233,
    0.45251809823179007,
    0.45233127173251,
    0.45215910404010834,
    0.4520172750508592,
    0.4518912463230425,
    0.45176414345347815,
    0.45163450294826757,
    0.451502360918823,
    0.45136777404357575,
    0.4512308036937098,
    0.45109151216249405,
    0.45094996159225637,
    0.45080621386861386,
    0.4506603314825629,
    0.4505123803105969,
    0.45036243890381555,
    0.4502106662108336,
    0.4500657221554302,
    0.4499358003690407,
    0.44981173289142007,
    0.4496847073877618,
    0.4495547568893158,
    0.44942194547078057,
    0.449286345483369,
    0.4491480322227166,
    0.4490070817237791,
    0.44886357032986124,
    0.4487175766551456,
    0.44856918777925514,
    0.4484185299054762,
    0.4482747102609455,
    0.448165734410484,
    0.44810063412258744,
    0.4480494900052739,
    0.4479923299391573,
    0.4479292163138895,
    0.44786028570881203,
    0.44778569383537487,
    0.44770560179432994,
    0.4476201702538859,
    0.4475295572269139,
    0.4474339175521234,
    0.44733340318632225,
    0.4472281645269038,
    0.44711835579242315,
    0.44700416435788204,
    0.44690079118965875,
    0.44682286058247145,
    0.44675438237807497,
    0.44667984428433694,
    0.446599334845557,
    0.44651301875074856,
    0.4464210671265744,
    0.4463236495641222,
    0.44622093208391744,
    0.4461130764997557,
    0.4460002402290421,
    0.4458825762675408,
    0.4457602332325395,
    0.4456333554360062,
    0.44550208296721844,
    0.4453665517877373,
    0.4452268938441633,
    0.445083237188432,
    0.44493570609346733,
    0.4447844211607059,
    0.4446294994220023,
    0.4444710544382329,
    0.4443091963951751,
    0.44414403219750825,
    0.44397566556106965,
    0.4438041971027633,
    0.4436297244280052,
    0.44345234221555124,
    0.44327214230002265,
    0.4430892137529259,
    0.4429036429620313,
    0.44271551370858564,
    0.4425249072423391,
    0.4423319023544242,
    0.44213657544810436,
    0.44193900060751207,
    0.4417392496644574,
    0.4415373922633396,
    0.4413334959241916,
    0.4411276261038549,
    0.4409198462553754,
    0.44071021788579856,
    0.4404988006124461,
    0.44028565221766497,
    0.4400708287020402,
    0.43985438433607926,
    0.43963637171040904,
    0.4394168417845334,
    0.4391958439342075,
    0.438973425997465,
    0.43874963431932945,
    0.4385245137952562,
    0.43829810791334267,
    0.43807045879533896,
    0.43784160723648524,
    0.43761159274419387,
    0.43738045357561955,
    0.4371482267741764,
    0.43691494820503796,
    0.4366806525896419,
    0.4364453735392122,
    0.43620914358731006,
    0.43597199422144756,
    0.43573395591380315,
    0.4354950581510695,
    0.4352553294634469,
    0.43501479745280525,
    0.43477348882004446,
    0.4345314293916756,
    0.4342886441456277,
    0.43404515723630643,
    0.43380099201894173,
    0.4335561710732488,
    0.433310716226413,
    0.43306464857541477,
    0.4328179885087186,
    0.43257075572734405,
    0.43232296926533453,
    0.43207464750963853
]