[
    0.19099880035326583,
    0.1910249131851527,
    0.19221360553061542,
    0.19166434436995927,
    0.19113522769877198,
    0.19062560125839767,
    0.190134829889735,
    0.18966229698992984,
    0.1892074039844252,
    0.1887695698139351,
    0.18834823043592158,
    0.18794283834016515,
    0.18755286207803265,
    0.18717778580505412,
    0.18681710883643546,
    0.18647034521514014,
    0.1861370232921865,
    0.18581668531881576,
    0.18550888705019622,
    0.18521319736033698,
    0.1849291978678969,
    0.18465648257257966,
    0.1843946575018171,
    0.18414334036745075,
    0.18390216023212863,
    0.18367075718514464,
    0.18344878202745185,
    0.18323589596559353,
    0.18303177031429796,
    0.18283608620749386,
    0.1826485343175087,
    0.18246881458221853,
    0.18229663593992546,
    0.182131716071744,
    0.1819737811512851,
    0.1818225656014312,
    0.18167781185800289,
    0.18153927014012158,
    0.18140669822708078,
    0.18127986124154039,
    0.18115853143886695,
    0.18104248800244574,
    0.1809315168447961,
    0.18082541041432637,
    0.18072396750756906,
    0.18062699308674132,
    0.18053429810248092,
    0.1804456993216106,
    0.1803610191597903,
    0.18028008551891772,
    0.1802027316291442,
    0.18012879589537464,
    0.18005812174812572,
    0.1799905574986186,
    0.1799259561979869,
    0.1798641755004834,
    0.17980507753057276,
    0.17974852875380037,
    0.17969439985133043,
    0.17964256559805009,
    0.17959290474413836,
    0.1795452999000022,
    0.17949963742448466,
    0.1794558073162523,
    0.1794137031082723,
    0.17937322176529172,
    0.1793342635842342,
    0.17929673209743172,
    0.17926053397861078,
    0.17922557895155591,
    0.17919177970137393,
    0.17915905178828587,
    0.17912731356387548,
    0.17909648608972392,
    0.17906649305836414,
    0.17903726071648826,
    0.17900871779034555,
    0.1789807954132676,
    0.17895342705526157,
    0.17892654845461248,
    0.17890009755143785,
    0.1788740144231394,
    0.17884824122169843,
    0.1788227221127618,
    0.17879740321646898,
    0.17877223254997002,
    0.17874715997158702,
    0.17872213712657195,
    0.17869711739441677,
    0.17867205583767046,
    0.1786469091522219,
    0.1786216356190055,
    0.17859619505709004,
    0.17857054877811207,
    0.17854465954201432,
    0.17851849151405358,
    0.17849201022304106,
    0.17846518252078125,
    0.17843797654267418,
    0.178410361669449,
    0.17838230848999645,
    0.17835378876526886,
    0.178324775393218,
    0.17829524237474045,
    0.17826516478060267,
    0.17823451871931761,
    0.17820328130594587,
    0.1781714306317956,
    0.17813894573499525,
    0.17810580657191388,
    0.17807199398940676,
    0.1780374896978602,
    0.17800227624501513,
    0.1779663369905464,
    0.17792965608137604,
    0.17789221842770025,
    0.17785400967970974,
    0.17781501620498297,
    0.17777522506653423,
    0.17773462400149737,
    0.177693201400427,
    0.17765094628719988,
    0.17760784829949935,
    0.17756389766986577,
    0.17751908520729787,
    0.17747340227938813,
    0.17742684079497803,
    0.1773793931873179,
    0.17733105239771654,
    0.17728181185966752,
    0.17723166548343824,
    0.17718060764110796,
    0.17712863315204325,
    0.17707573726879727,
    0.17702191566342132,
    0.17696716441417673,
    0.1769114799926357,
    0.17685485925115996,
    0.1767972994107465,
    0.17673879804923007,
    0.1766793530898318,
    0.17661896279004435,
    0.17655762573084433,
    0.1764953408062217,
    0.1764321072130185,
    0.17636792444106633,
    0.17630279226361556,
    0.17623671072804706,
    0.17616968014685877,
    0.17610170108891798,
    0.17603277437097306,
    0.175962901049416,
    0.17589208241229065,
    0.1758203199715385,
    0.17574761545547501,
    0.1756739708014904,
    0.17559938814896756,
    0.17552386983241175,
    0.17544741837478514,
    0.17537003648104138,
    0.17529172703185297,
    0.17521249307752776,
    0.175132337832107,
    0.17505126466764193,
    0.17496927710864146,
    0.174886378826688,
    0.1748025736352151,
    0.1747178654844439,
    0.17463225845647345,
    0.17454575676051903,
    0.17445836472829523,
    0.1743700868095393,
    0.17428092756767102,
    0.17419089167558544,
    0.17409998391157497,
    0.17400820915537626,
    0.1739155723843382,
    0.17382207866970828,
    0.1737277331730347,
    0.17363254114267992,
    0.1735365079104368,
    0.1734396388882433,
    0.17334193956500166,
    0.1732434155035001,
    0.1731440723374314,
    0.17304391576850434,
    0.172942951563646,
    0.1728411855522919,
    0.1727386236237606,
    0.17263527172470816,
    0.17253113585666227,
    0.1724262220736399,
    0.17232053647984347,
    0.17221408522742715,
    0.17210687451433343,
    0.1719989105822048,
    0.17189019971436822,
    0.17178074823388792,
    0.171670562501685,
    0.1715596489147207,
    0.17144801390424655,
    0.1713356639341389,
    0.1712226054993373,
    0.17110884512437957,
    0.17099438936196343,
    0.1708792447914746,
    0.17076341801752826,
    0.17064691566859455,
    0.17052974439569382,
    0.17041191087108404,
    0.1702934217868328,
    0.17017428385324923,
    0.1700545037973774,
    0.16993408836177473,
    0.1698130443033465,
    0.1696913783919469,
    0.16956909740910453,
    0.16944620814721284,
    0.16932271740927535,
    0.16919863200944657,
    0.16907395877414594,
    0.1689487045440372,
    0.16882287618037378,
    0.16869648058426245,
    0.16856952474314138,
    0.16844201583883872,
    0.16831396169100268,
    0.16819332573718213,
    0.1680906465984294,
    0.1680001489630352,
    0.1679105138800812,
    0.16781880327753265,
    0.16772507022201708,
    0.16762936794848632,
    0.16753174864894754,
    0.16743226330598465,
    0.1673309616634498,
    0.16722789223913492,
    0.1671231023500477,
    0.167016638140852,
    0.166908544614916,
    0.16679886566643548,
    0.1666876441150971,
    0.16657492174831637,
    0.1664607393753157,
    0.1663451369092312,
    0.16622815355506348,
    0.16610982860427712,
    0.1660087979765268,
    0.16595794704631087,
    0.1659517097571253,
    0.16595479736916,
    0.1659518467380413,
    0.16594303724992387,
    0.1659285452993139,
    0.1659085431698293,
    0.16588319863017342,
    0.16585267491712272,
    0.16581713078559984,
    0.16577672058321136,
    0.16573159435524115,
    0.16568189795910013,
    0.16562777317862173,
    0.16556935783795054,
    0.165506785913025,
    0.16544018764029744,
    0.16536968962335916,
    0.1652954149369904,
    0.1652174832282751,
    0.1651360108149777,
    0.16505111078221568,
    0.16496289308008732,
    0.1648714646256548,
    0.16477692941352082,
    0.1646793886440779,
    0.1645789409014227,
    0.1644756826227322,
    0.16436971444289497,
    0.16427184333365308,
    0.16419245219187617,
    0.16412010573894525,
    0.16404380416667583,
    0.16396367523550556,
    0.16387984435225025,
    0.1637924336470507,
    0.16370156191111027,
    0.16360734465005414,
    0.16350989415626707,
    0.16340931958971103,
    0.16330572706517074,
    0.1631992197420127,
    0.1630898979251372,
    0.16297785920393654,
    0.16286319868843602,
    0.1627460096208055,
    0.162626392972696,
    0.1625139677282186,
    0.16241796764227434,
    0.16232822863058072,
    0.16223497660300978,
    0.16213833017719576,
    0.16203840630567848,
    0.16193531907231554,
    0.16182917950091985,
    0.16172009555500488,
    0.16160817218613105,
    0.16149351140712115,
    0.1613762123761132,
    0.1612563714815293,
    0.1611340824357192,
    0.1610094364052521,
    0.16088252225575797,
    0.16075342732933823,
    0.16062934237969156,
    0.16053037056148786,
    0.16046163605870578,
    0.16040168669075844,
    0.16033698411260644,
    0.16026769098761395,
    0.16019396614846457,
    0.16011596411343318,
    0.16003383508615182,
    0.15994772503452231,
    0.1598577757992084,
    0.15976412520376687,
    0.15966690715791892,
    0.1595662517606223,
    0.15946228540601662,
    0.15935513089073333,
    0.15924490752508164,
    0.15913173125733254,
    0.1590157148275074,
    0.15889696801514666,
    0.15877559845099468,
    0.15866271559582987,
    0.15857195392923995,
    0.15849441827059385,
    0.1584156488009482,
    0.1583327332891593,
    0.15824581969229864,
    0.1581550543208371,
    0.15806057981675756,
    0.1579625348807517,
    0.15786105428681596,
    0.15775626896879244,
    0.1576483061223869,
    0.15753728931125893,
    0.15742333858344443,
    0.15730657061310296,
    0.15718709890081622,
    0.15706503417744183,
    0.15694048668785174,
    0.15682895898307544,
    0.15674536085755306,
    0.15667323857990276,
    0.15659675523733205,
    0.15651606972854473,
    0.15643133878896837,
    0.15634271515461287,
    0.15625034741997434,
    0.15615438002677073,
    0.15605495330335592,
    0.15595220355713885,
    0.15584626318919031,
    0.15573726081033984,
    0.15562532136517185,
    0.15551056629474458,
    0.1553931138585489,
    0.15527308081714508,
    0.15516202879894156,
    0.155071090930199,
    0.15498807789879168,
    0.15490123166006145,
    0.154810686149562,
    0.15471658604422023,
    0.1546190732439754,
    0.15451828583897112,
    0.15441435802807404,
    0.15430742018115493,
    0.1541975989276508,
    0.15408501725742654,
    0.15396979462329835,
    0.15385204704134778,
    0.15373188719632716,
    0.15360942456386995,
    0.15348476555883805,
    0.15335801374922184,
    0.15322927057107202,
    0.15310795329219565,
    0.1530258192525089,
    0.15299477630638142,
    0.15298086881964157,
    0.15296073866129567,
    0.1529346130903147,
    0.152902713594517,
    0.15286525544330298,
    0.15282244777541262,
    0.15277449375476407,
    0.15272159078512704,
    0.1526639308794749,
    0.15260170289883238,
    0.15254466722801638,
    0.15250220890167462,
    0.15246419880927564,
    0.1524208921641734,
    0.15237249253418453,
    0.15231919796728866,
    0.152261200832515,
    0.15219868792654115,
    0.1521318406166092,
    0.15206083498975562,
    0.15198584200143758,
    0.15190702762150182,
    0.15182455297678984,
    0.15173857449007502,
    0.15164924401525148,
    0.15155670896881215,
    0.15146111245767654,
    0.15136259340343242,
    0.1512612866630731,
    0.15115732314632246,
    0.15105082992963656,
    0.150941930366969,
    0.15083074419739642,
    0.15071738764969386,
    0.1506019735439418,
    0.1504846113902472,
    0.15036540748465915,
    0.1502444650023583,
    0.15012188408819577,
    0.14999776194465586,
    0.14987219291731382,
    0.14974526857786047,
    0.14961707780476483,
    0.1494877068616423,
    0.14935723947339016,
    0.1492257569001545,
    0.14909333800918845,
    0.1489600593446625,
    0.14882599519548473,
    0.14869121766118626,
    0.1485557967159279,
    0.14841980027068033,
    0.14828329423363018,
    0.14814634256886167,
    0.14800900735336267,
    0.147871348832403,
    0.14773342547333002,
    0.14759529401782784,
    0.14745700953268182,
    0.14731862545909227,
    0.14718019366057772,
    0.14704176446950792,
    0.14690338673230557,
    0.1467651078533533,
    0.14662697383764442,
    0.14648902933221133,
    0.14635131766636764,
    0.14621388089079618,
    0.14607675981551702,
    0.1459399940467659,
    0.14580362202281522,
    0.14566768104876637,
    0.1455322073303435,
    0.14539723600671695,
    0.14526280118238333,
    0.14512893595812948,
    0.14499567246110612,
    0.14486304187403654,
    0.1447310744635846,
    0.14459979960790648,
    0.14446924582340814,
    0.1443394407907328,
    0.14421041137999827,
    0.1440821836753075,
    0.14395478299855116,
    0.1438282339325236,
    0.14370256034337148,
    0.14357778540239344,
    0.14345393160721015,
    0.14333102080232166,
    0.1432090741990701,
    0.14308811239502456,
    0.1429681553928043,
    0.14284922261835684,
    0.14273133293870577,
    0.1426145046791837,
    0.14249875564016537,
    0.14238410311331387,
    0.14227056389735562,
    0.14215815431339607,
    0.1420468902197898,
    0.14193678702657794,
    0.1418278597095045,
    0.14172012282362464,
    0.14161359051651515,
    0.14150827654110015,
    0.14140419426810147,
    0.14130135669812516,
    0.14119977647339463,
    0.14109946588914005,
    0.14100043690465408,
    0.1409026927110629,
    0.14080623618470336,
    0.1407110698972339,
    0.14061719612544776,
    0.1405246168607981,
    0.14043333381864234,
    0.14034334844721424,
    0.14025466193633124,
    0.14016727522584496,
    0.14008118901384176,
    0.1399964037646009,
    0.13991291971631706,
    0.139830736888594,
    0.13974985508971607,
    0.13967027392370354,
    0.13959199279715856,
    0.1395150109259071,
    0.13943932734144307,
    0.13936494089718066,
    0.13929185027451943,
    0.13922005398872858,
    0.13914955039465482,
    0.13908033769225941,
    0.13901241393198904,
    0.13894577701998537,
    0.13888042472313786,
    0.13881635467398454,
    0.13875356437546482,
    0.1386920512055291,
    0.13863181242160874,
    0.13857284516495055,
    0.1385151464648203,
    0.13845871324257814,
    0.13840354231563015,
    0.1383496304012596,
    0.1382969741203413,
    0.13824557000094223,
    0.13819541448181225,
    0.13814650391576747,
    0.1380988345729698,
    0.13805240264410562,
    0.1380072042434664,
    0.13796323541193414,
    0.13792049211987426,
    0.1378789702699393,
    0.13783866569978515,
    0.13779957418470234,
    0.13776169144016642,
    0.1377250131243071,
    0.13768953484030128,
    0.13765525213869012,
    0.13762216051962375,
    0.13759025543503475,
    0.1375595322907431,
    0.13752998644849443,
    0.13750161322793344,
    0.1374744079085143,
    0.1374483657313505,
    0.13742348190100478,
    0.13739975158722217,
    0.13737716992660687,
    0.13735573202424506,
    0.13733543295527526,
    0.13731626776640732,
    0.1372982314773923,
    0.13728131908244404,
    0.13726552555161411,
    0.13725084583212177,
    0.1372372748496394,
    0.1372248075095363,
    0.13721343869808006,
    0.1372031632835986,
    0.13719397611760284,
    0.13718587203587185,
    0.1371788458595011,
    0.1371728923959156,
    0.1371680064398479,
    0.13716418277428316,
    0.13716141617137162,
    0.13715970139330946,
    0.13715903319318914,
    0.13715940631582027,
    0.13716081549852166,
    0.13716325547188538,
    0.13716672096051402,
    0.13717120668373156,
    0.13717670735626883,
    0.13718321768892436,
    0.13719073238920146,
    0.1371992461619218,
    0.1372087537098169,
    0.1372192497340974,
    0.1372307289350018,
    0.13724318601232396,
    0.13725661566592146,
    0.13727101259620428,
    0.13728637150460482,
    0.13730268709403035,
    0.13731995406929706,
    0.13733816713754823,
    0.13735732100865491,
    0.1373774103956013,
    0.1373984300148546,
    0.1374203745867196,
    0.13744323883567913,
    0.13746701749072013,
    0.13749170528564644,
    0.13751729695937817,
    0.13754378725623845,
    0.1375711709262276,
    0.13759944272528568,
    0.13762859741554304,
    0.13765862976555998,
    0.13768953455055535,
    0.13772130655262474,
    0.13775394056094847,
    0.13778743137198968,
    0.13782177378968297,
    0.1378569626256138,
    0.13789299269918875,
    0.13792985883779743,
    0.1379675558769661,
    0.13800607866050263,
    0.13804542204063447,
    0.13808558087813844,
    0.1381265500424634,
    0.138168324411846,
    0.13821089887341945,
    0.13825426832331555,
    0.1382984276667607,
    0.13834337181816558,
    0.13838909570120872,
    0.13843559424891447,
    0.13848286240372565,
    0.1385308951175704,
    0.13857968735192439,
    0.1386292340778676,
    0.1386795302761364,
    0.13873057093717095,
    0.13878235106115835,
    0.13883486565807082,
    0.13888810974770086,
    0.13894207835969166,
    0.13899676653356405,
    0.1390521693187397,
    0.1391082817745611,
    0.13916509897030807,
    0.13922261598521118,
    0.13928082790846244,
    0.13933972983922305,
    0.139399316886629,
    0.1394595841697946,
    0.13952052681781407,
    0.13958213996976196,
    0.13964441877469327,
    0.139707358391644,
    0.1397709539896323,
    0.13983520074766267,
    0.13990009385473628,
    0.1399656285098706,
    0.1400317999221316,
    0.1400986033106854,
    0.14016603390489557,
    0.14023408694450776,
    0.140302757679967,
    0.1403720413729502,
    0.14044193329735863,
    0.1405124287412796,
    0.14058352301094806,
    0.14065521143986903,
    0.1407274894137446,
    0.14080035245359473,
    0.14087379665194877,
    0.14117987940821444,
    0.1420489750382992,
    0.1433346781457296,
    0.1446816809645094,
    0.14601023551518044,
    0.14735080102544937,
    0.14867253409750225,
    0.14994571788613126,
    0.15122720946836593,
    0.15257190633925607,
    0.15392188986185898,
    0.15528100977992812,
    0.15670832955805583,
    0.15814098920872832,
    0.15951849675708368,
    0.16093089091661186,
    0.16246482737226073,
    0.1640270361616274,
    0.16552771158584748,
    0.16696876921830325,
    0.16835210103967507,
    0.16980223304033562,
    0.1714389663588092,
    0.1731321506710267,
    0.17479395402797526,
    0.1765406118912513,
    0.17840911866907794,
    0.18031133807172695,
    0.18219983853304317,
    0.18404219752228737,
    0.185807253191417,
    0.18749747299247904,
    0.1891152460548025,
    0.19066288839488454,
    0.19221492953429375,
    0.19384308436681938,
    0.19547178142178767,
    0.1970282982215879,
    0.19851495996768065,
    0.19993402944384192,
    0.20128770328101558,
    0.2025781134994836,
    0.20380732920487002,
    0.20497735848651427,
    0.2060901510988815,
    0.2071602244977144,
    0.20822520019244856,
    0.2092960319216169,
    0.21033597844229704,
    0.21132231326346262,
    0.21225681442407862,
    0.21314121026895066,
    0.21397718485149084,
    0.21476637400334642,
    0.21553066584162403,
    0.21631836171913021,
    0.21713532402974756,
    0.21793271110629403,
    0.21868383700430633,
    0.21939027649878484,
    0.22005355789976738,
    0.22067516387670463,
    0.2212565326741502,
    0.22179905936080216,
    0.2223040970587024,
    0.22277295814272285,
    0.2232069154066024,
    0.2236072031973494,
    0.2239750185221795,
    0.2243115221274425,
    0.22461783954568332,
    0.22489506210962862,
    0.22514424793544058,
    0.22536642287855435,
    0.22556258146418823,
    0.2257336877926487,
    0.22588067642049464,
    0.22600445321920715,
    0.22610589620942478,
    0.2261858563685351,
    0.2262451584134029,
    0.22628460156076602,
    0.2263049602664713,
    0.22630698494419063,
    0.22629140266385622,
    0.2262589178301044,
    0.22621021284131873,
    0.22614594872991509,
    0.22606676578459584,
    0.22597328415521417,
    0.2258661044405805,
    0.22574580825974316,
    0.22561295880731788,
    0.225468101392303,
    0.22531176396002572,
    0.225144457599026,
    0.22496667703448958,
    0.2247789011081822,
    0.22458159324528193,
    0.22437520190948318,
    0.2241601610502707,
    0.22393689054714128,
    0.22370579663787427,
    0.22346727229582114,
    0.22322169756263405,
    0.22296943990461188,
    0.22271085461987303,
    0.2224462852540983,
    0.22217606403162615,
    0.22190051261651855,
    0.2216201723347706,
    0.2213541639023314,
    0.22112041966051585,
    0.22089898531489746,
    0.2206708876834943,
    0.22043647284243378,
    0.22019607594699925,
    0.21995002124252436,
    0.21969862230238446,
    0.21944218216428932,
    0.21918099347287467,
    0.21891533885112452,
    0.21864549138225864,
    0.21837171500683983,
    0.21809426490605255,
    0.21781338792206262,
    0.21752932256174864,
    0.21724229851209562,
    0.21695253678253007,
    0.21666025071395417,
    0.21636564705678638,
    0.21606893073994818,
    0.21578957904970308,
    0.21554631756804848,
    0.21531859210458962,
    0.21508662465088552,
    0.2148506670430396,
    0.21461096389439788,
    0.21436775216681225,
    0.2141212641184561,
    0.2138799278421402,
    0.21365184652973052,
    0.21342840480200828,
    0.21320131073218598,
    0.21297079032544308,
    0.21273706399075015,
    0.21250034773604004,
    0.21227590147889203,
    0.21207839915923896,
    0.2118918483878286,
    0.21170086024871737,
    0.21150568093224728,
    0.21130654901344165,
    0.21110369517487781,
    0.21089734237309765,
    0.21068770615915022,
    0.21047499541293752,
    0.21026994119143455,
    0.21008312272460808,
    0.20990365532666871,
    0.20972054886238103,
    0.20953375784603667,
    0.20934349698790664,
    0.20914997450491152,
    0.208953391923616,
    0.20875394514042125,
    0.20857417826056984,
    0.20843583498736995,
    0.2083151147093614,
    0.2081889918121722,
    0.20805766675258014,
    0.20792139423584527,
    0.20778042148235226,
    0.2076349877323194,
    0.2074853243349125,
    0.207331654951524,
    0.20717419580261148,
    0.20701315601634146,
    0.20684873858090025,
    0.2066973748534138,
    0.2065748728314113,
    0.206463963451958,
    0.20634802034041452,
    0.2062272821160726,
    0.20610198346083644,
    0.20597235167840136,
    0.20583860660328387,
    0.20570096076382832,
    0.20555961959101327,
    0.205414781656984,
    0.20526663901155184,
    0.20511537820742726,
    0.20497732647806557,
    0.20486818863411196,
    0.20477077251677755,
    0.20466853124089374,
    0.20456169200729168,
    0.20445047576253467,
    0.20433509636952588,
    0.20421576067272926,
    0.20409266865086206,
    0.20396601359135902,
    0.20383598227472924,
    0.2037027551609053,
    0.2035665065746393,
    0.20342740488903685,
    0.20328561270504383,
    0.20314128702285095,
    0.20299457940333526,
    0.20284563612497186,
    0.20269459834130285,
    0.20254160223532439,
    0.20238677916693792,
    0.20223025581754617,
    0.20207215433413972,
    0.20191259247086898,
    0.20175168373556013,
    0.2015895375568514,
    0.20142625951833645,
    0.20126195206387132,
    0.2011348369441694,
    0.20108168093483675,
    0.2010615923060407,
    0.20103521086956236,
    0.20100278991560805,
    0.20096457795195094,
    0.20092081581939275,
    0.20087173666833794,
    0.20081756613378637,
    0.20075852253838639,
    0.20069481709592485,
    0.20062665411267838,
    0.20055423118576476,
    0.20047773939772812,
    0.20039736350674892,
    0.20031328213208394,
    0.20022566793465593,
    0.20013468779283966,
    0.20004050297346512,
    0.19994326929801098,
    0.1998431373040959,
    0.19974025240249946,
    0.19963475502988384,
    0.1995267807972076,
    0.19941646063341267,
    0.19930392092413146,
    0.19918928364614122,
    0.19907266649847621,
    0.19895418303031923,
    0.1988339427653652,
    0.1987120513225931,
    0.19858861053328258,
    0.1984637185548434,
    0.19833746998411958,
    0.1982099559721377,
    0.19808126434464204,
    0.1979514797480235,
    0.19782068388580523,
    0.19768895629427508,
    0.19756365283819743,
    0.19745184893537582,
    0.19734578915969117,
    0.19723800682319892,
    0.1971285971379121,
    0.19701765369102825,
    0.19690526696905403,
    0.19679152424842225,
    0.19667650964316138,
    0.19656030418525408,
    0.19644298591074863,
    0.1963246299478087,
    0.1962053086096432,
    0.19608509149587736,
    0.1959640456126846,
    0.1958422355630091,
    0.19571972415874112,
    0.1955965987995428,
    0.19550628396129138,
    0.19548087653747723,
    0.19548455767671744,
    0.1954828807398293,
    0.19547604493456833,
    0.1954642435323407,
    0.19544766356385987,
    0.19542648624707387,
    0.19540088716996074,
    0.19537103633649672,
    0.19533709827059795,
    0.19529923215127773,
    0.19525759195736053,
    0.1952123266144084,
    0.19516358014002075,
    0.195111491786415,
    0.1950561961799121,
    0.19499782345673622,
    0.19493649939496607,
    0.1948723455427419,
    0.1948054793428821,
    0.1947360142540933,
    0.19466405986880297,
    0.1945897220275768,
    0.19451310293014062,
    0.19443430124316458,
    0.194353412205149,
    0.1942705277285705,
    0.19418573649915383,
    0.1940991240722328,
    0.1940107729662845,
    0.19392076275373016,
    0.19382917014911727,
    0.19373606909475785,
    0.19364153084388028,
    0.19354562404138803,
    0.19344841480230285,
    0.1933499667879462,
    0.1932503412799249,
    0.19314959725198733,
    0.19304779143981146,
    0.19294497840878208,
    0.19284121061981324,
    0.19273653849326977,
    0.19263101047104358,
    0.19252467307683735,
    0.19241757097470635,
    0.1923097470259075,
    0.19220124234410496,
    0.19209209634897587,
    0.19198235187855472,
    0.19187205017948605,
    0.19176123095610265,
    0.1916499324180792,
    0.19153819132670005,
    0.19142604303978017,
    0.19131352155527923,
    0.1912006595536494,
    0.19108748843895162,
    0.1909740383787749,
    0.190860338342992,
    0.19074641614138432,
    0.19063229846016763,
    0.19051801089744833,
    0.19040357799764257,
    0.1902890232848898,
    0.19017436929548956,
    0.19005963760938857,
    0.1899448488807444,
    0.18983002286759165,
    0.1897151784606369,
    0.18960033371120694,
    0.18948550585837518,
    0.18937071135528946,
    0.18925596589472352,
    0.18914128443387376,
    0.18902668121842478,
    0.18891216980590303,
    0.1887977630883405,
    0.18868347331426696,
    0.18856931211005007,
    0.18845529050060184,
    0.1883414189294698,
    0.1882277072783311,
    0.18811416488590701,
    0.1880008005663147,
    0.18788762262687148,
    0.18777463888536736,
    0.18766185668682078,
    0.18754928291973336,
    0.18743692403185705,
    0.18732478604548825,
    0.18721287457230296,
    0.18710119482774495,
    0.18698975164498136,
    0.18687854948843724,
    0.18676759246692118,
    0.1866568843463536,
    0.18654642856211004,
    0.1864362282309895,
    0.1863262861628194,
    0.1862166048717078,
    0.18610718658695213,
    0.1859980332636152,
    0.18588914659277786,
    0.18578052801147754,
    0.18567217871234168,
    0.18556409965292545,
    0.1854562915647624,
    0.1853487549621357,
    0.18524149015057853,
    0.18513449723511152,
    0.18502777612822427,
    0.18492132655760926,
    0.18481514807365496,
    0.18470924005670436,
    0.18460360172408746,
    0.18449823213693248,
    0.1843931302067637,
    0.18428829470189145,
    0.18418372425360016,
    0.18407941736214103,
    0.1839753724025342,
    0.18387158763018663,
    0.18376806118633127,
    0.1836647911032922,
    0.18356177530958134,
    0.18345901163483092,
    0.18335649781456775,
    0.1832542314948325,
    0.18315221023664963,
    0.18305043152035202,
    0.18294889274976445,
    0.18284759125625016,
    0.18274652430262484,
    0.1826456890869415,
    0.18254508274615028,
    0.18244470235963708,
    0.18234454495264443,
    0.18224460749957783,
    0.18214488692720152,
    0.18204538011772647,
    0.1819460839117944,
    0.1818469951113596,
    0.18174811048247372,
    0.18164942675797421,
    0.181550940640081,
    0.18145264880290324,
    0.18135454789485927,
    0.18125663454101215,
    0.18115890534532333,
    0.18106135689282699,
    0.18096398575172742,
    0.18086678847542173,
    0.18076976160445002,
    0.18067290166837596,
    0.18057620518759832,
    0.18047966867509735,
    0.18038328863811678,
    0.18028706157978372,
    0.18019098400066846,
    0.18009505240028617,
    0.17999926327854188,
    0.17990361313712072,
    0.17980809848082532,
    0.17971271581886125,
    0.1796174616660729,
    0.1795223325441311,
    0.17942732498267366,
    0.1793324355204005,
    0.17923766070612504,
    0.17914299709978274,
    0.17904844127339858,
    0.17895398981201424,
    0.1788596393145769,
    0.1787653863947902,
    0.17867122768192895,
    0.17857715982161865,
    0.178483179476581,
    0.17838928332734655,
    0.178295468072935,
    0.17820173043150506,
    0.17810806714097388,
    0.17801447495960784,
    0.17792095066658528,
    0.1778274910625318,
    0.1777340929700294,
    0.17764075323410045,
    0.1775474687226666,
    0.17745423632698432,
    0.17736105296205706,
    0.17726791556702562,
    0.17717482110553642,
    0.17708176656608957,
    0.17698874896236627,
    0.17689576533353724,
    0.1768028127445519,
    0.17670988828640982,
    0.17661698907641418,
    0.17652411225840864,
    0.1764312550029973,
    0.17633841450774956,
    0.17624558799738885,
    0.1761527727239673,
    0.17605996596702556,
    0.17596716503373938,
    0.17587436725905248,
    0.17578157000579686,
    0.1756887706648008,
    0.1755959666549848,
    0.17550315542344597,
    0.17541033444553145,
    0.1753175012249011,
    0.17522465329357986,
    0.1751317882120002,
    0.1750389035690349,
    0.17494599698202082,
    0.17485306609677354,
    0.17476010858759367,
    0.1746671221572648,
    0.17457410453704347,
    0.1744810534866419,
    0.17438796679420296,
    0.17429484227626849,
    0.1742016777777405,
    0.17410847117183642,
    0.1740152203600375,
    0.17392192327203165,
    0.17382857786565034,
    0.17373518212680017,
    0.173641734069389,
    0.17354823173524697,
    0.17345467319404304,
    0.17336105654319633,
    0.17326737990778376,
    0.17317364144044256,
    0.17307983932126955,
    0.17298597175771593,
    0.17289203698447875,
    0.1727980332633886,
    0.17270395888329423,
    0.17260981215994362,
    0.1725155914358624,
    0.1724212950802291,
    0.1723269214887477,
    0.1722324690835177,
    0.17213793631290156,
    0.1720433216513896,
    0.17194862359946347,
    0.17185384068345638,
    0.17175897145541225,
    0.17166401449294252,
    0.17156896839908142,
    0.17147383180213946,
    0.17137860335555552,
    0.17128328173774734,
    0.17118786565196092,
    0.17109235382611845,
    0.17099674501266504,
    0.17090103798841452,
    0.17080523155439423,
    0.1707093245356888,
    0.17061331578128316,
    0.17051720416390484,
    0.17042098857986548,
    0.17032466794890186,
    0.17022824121401614,
    0.17013170734131594,
    0.17003506531985363,
    0.16993831416146557,
    0.16984145290061092,
    0.16974448059421005,
    0.16964739632148326,
    0.16955019918378883,
    0.16945288830446134,
    0.1693554628286497,
    0.16925792192315534,
    0.1691602647762705,
    0.16906249059761652,
    0.16896459861798224,
    0.16886658808916272,
    0.16876845828379805,
    0.16867020849521264,
    0.16857183803725417,
    0.16847334624413376,
    0.1683747324702656,
    0.16827599609010765,
    0.16817713649800245,
    0.16807815310801855,
    0.16797904535379213,
    0.16787981268836963,
    0.16778045458405025,
    0.1676809705322296,
    0.16758136004324362,
    0.16748162264621286,
    0.16738175788888823,
    0.16728176533749614,
    0.16718164457658558,
    0.1670813952088748,
    0.16698101685509942,
    0.16688050915386082,
    0.16677987176147555,
    0.1666791043518251,
    0.16657820661620681,
    0.1664771782631852,
    0.16637601901844432,
    0.16627472862464088,
    0.1661733068412581,
    0.16607175344446046,
    0.16597006822694907,
    0.16586825099781838,
    0.16576630158241293,
    0.16566421982218585,
    0.16556200557455744,
    0.16545965871277515,
    0.16535717912577413,
    0.1652545667180389,
    0.16515182140946555,
    0.16504894313522508,
    0.16494593184562764,
    0.1648427875059876,
    0.1647395100964896,
    0.1646360996120551,
    0.1645325560622106,
    0.1644288794709556,
    0.16432506987663292,
    0.16422112733179858,
    0.16411705190309372,
    0.16401284367111665,
    0.16390850273029633,
    0.16380402918876633,
    0.16369942316824032,
    0.16359468480388767,
    0.16348981424421072,
    0.16338481165092256,
    0.16327967719882577,
    0.16317441107569217,
    0.16306901348214356,
    0.16296348463153312,
    0.16285782474982768,
    0.16275203407549124,
    0.1626461128593691,
    0.16254006136457308,
    0.16243387986636762,
    0.16232756865205686,
    0.16222112802087243,
    0.16211455828386234,
    0.16200785976378057,
    0.16190103279497783,
    0.16179407772329277,
    0.1616869949059447,
    0.1615797847114266,
    0.16147244751939924,
    0.1613649837205864,
    0.16125739371667064,
    0.16114967792019,
    0.1610418367544356,
    0.16093387065335005,
    0.16082578006142662,
    0.16071756543360927,
    0.16060922723519397,
    0.1605007659417303,
    0.16039218203892439,
    0.16028347602254228,
    0.16017464839831475,
    0.1600656996818419,
    0.15995663039849958,
    0.15984744108334625,
    0.15973813228103043,
    0.1596287045456993,
    0.15951915844090805,
    0.15940949453952974,
    0.15929971342366606,
    0.15918981568455884,
    0.1590798019225025,
    0.15896967274675716,
    0.15885942877546264,
    0.15874907063555313,
    0.158638598962673,
    0.1585280144010927,
    0.158417317603626,
    0.15830650923154757,
    0.15819558995451152,
    0.15808456045047076,
    0.15797342140559684,
    0.1578621735142007,
    0.15775081747865427,
    0.15763935400931234,
    0.15752778382443547,
    0.15741610765011368,
    0.1573043262201905,
    0.1571924402761881,
    0.1570804505672327,
    0.1569683578499808,
    0.15685616288854598,
    0.1567438664544264,
    0.15663146932643338,
    0.15651897229062023,
    0.15640637614021188,
    0.1562936816755354,
    0.1561808897039506,
    0.15606800103978202,
    0.15595501650425078,
    0.15584193692540785,
    0.1557287631380673,
    0.15561549598374053,
    0.1555021363105712,
    0.15538868497327019,
    0.15527514283305202,
    0.15516151075757098,
    0.15504778962085833,
    0.15493398030325992,
    0.15482008369137412,
    0.15470610067799093,
    0.15459203216203135,
    0.1544778790484875,
    0.15436364224836338,
    0.154249322678616,
    0.15413492126209707,
    0.15402043892749553,
    0.15390587660928007,
    0.15379123524764282,
    0.1536765157884433,
    0.15356171918315262,
    0.15344684638879857,
    0.15333189836791114,
    0.15321687608846854,
    0.15310178052384354,
    0.15298661265275032,
    0.1528713734591919,
    0.15275606393240823,
    0.15264068506682474,
    0.1525252378620014,
    0.15240972332258232,
    0.1522941424582457,
    0.1521784962836545,
    0.1520627858184074,
    0.1519470120869903,
    0.15183117611872854,
    0.15171527894773917,
    0.15159932161288406,
    0.1514833051577231,
    0.15136723063046784,
    0.15125109908393608,
    0.15113491157550618,
    0.1510186691670718,
    0.15090237292499736,
    0.15078602392007384,
    0.15066962322747515,
    0.15055317192671505,
    0.15043667110160455,
    0.15032012184020957,
    0.15020352523480926,
    0.15008688238185433,
    0.14997019438192605,
    0.1498534623396954,
    0.14973668736388318,
    0.1496198705672199,
    0.14950301306640676,
    0.1493861159820764,
    0.1492691804387541,
    0.1491522075648187,
    0.14903519849246447,
    0.14891815435766298,
    0.14880107630012596,
    0.1486839654632684,
    0.1485668229941721,
    0.14844965004354985,
    0.1483324477657099,
    0.14821521731852086,
    0.14809795986337695,
    0.14798067656516334,
    0.14786336859222224,
    0.14774603711631942,
    0.14762868331261128,
    0.14751130835961196,
    0.1473939134391604,
    0.14727649973638665,
    0.14715906843967994,
    0.14704162074065713,
    0.14692415783413224,
    0.1468066809180854,
    0.14668919119363297,
    0.1465716898649965,
    0.14645417813947156,
    0.14633665722739636,
    0.14621912834212242,
    0.1461015926999854,
    0.14598405152027832,
    0.14586650602522558,
    0.14574895743995697,
    0.14563140699248128,
    0.14551385591366184,
    0.14539630543719342,
    0.1452787567995816,
    0.14516121124012432,
    0.14504367000089496,
    0.14492613432672852,
    0.1448086054652131,
    0.14469108466669048,
    0.14457357318426625,
    0.14445607227382004,
    0.1443385831940087,
    0.1442211072062814,
    0.14410364557492453,
    0.14398619956713993,
    0.14386877045315624,
    0.14375135950638068,
    0.14363396800361708,
    0.1435165972253448,
    0.1433992484560957,
    0.14328192298518014,
    0.14316462210787056,
    0.14304734712681233,
    0.14293009935417147,
    0.14281288011672313,
    0.1426956907668398,
    0.1425785327028557,
    0.1424614074100471,
    0.14234431655123067,
    0.14222726213383458,
    0.14211024680762674,
    0.14199327598378472,
    0.14190924762149035,
    0.1419321165518493,
    0.14206722596041538,
    0.1422350539599641,
    0.14239196343658572,
    0.1425382882203238,
    0.14267435722810426,
    0.1428004904845393,
    0.1429169989279308,
    0.14302418456065355,
    0.14312234066370194,
    0.14321175202930647,
    0.1432926951966083,
    0.14336543868442655,
    0.14343024321968062,
    0.14348736195989087,
    0.14353704070809006,
    0.14357951812261852,
    0.1436150259226563,
    0.14364378908605377,
    0.14366602604006173,
    0.14368194884878133,
    0.14369176339789008,
    0.14369566957414528,
    0.14369386143781177,
    0.14368652739115995,
    0.14367385034975194,
    0.1436560067276213,
    0.14363316779935414,
    0.14360549983276782,
    0.1435731642092092,
    0.14353631760548707,
    0.14349511224531838,
    0.1434496963850581,
    0.14340021674969625,
    0.14336599259414387,
    0.14337559395416266,
    0.14341814675453546,
    0.14346319925622283,
    0.14350062055687188,
    0.14353065465751622,
    0.14355354113220692,
    0.14356951306837526,
    0.1435787975620771,
    0.1435816156101775,
    0.14357818194403416,
    0.14356870505853803,
    0.14355338732949965,
    0.14353242516835366,
    0.14350600918750064,
    0.14347432436284616,
    0.1434375501902292,
    0.1433958608367707,
    0.14334942529044217,
    0.14329840750956865,
    0.14324296656929353,
    0.14318325680187816,
    0.14311942793151422,
    0.14305162520584,
    0.14297998952502453,
    0.14290465756822426,
    0.14282576191795773,
    0.14274343118545751,
    0.14265779014347338,
    0.1425689598788398,
    0.14247705799846883,
    0.14238219897358884,
    0.14228449538764348,
    0.14219643938848348,
    0.1421300469101889,
    0.14207210607673873,
    0.14200989886707227,
    0.14194357288405077,
    0.14187327394583582,
    0.1417991438354901,
    0.1417213201905965,
    0.14163993656612064,
    0.14155512252748303,
    0.14146700375242818,
    0.14137570213428122,
    0.1412813358851212,
    0.14118401963939303,
    0.14108386455700703,
    0.1409809784246852,
    0.14087546575490972,
    0.1407674278828892,
    0.14065696306184897,
    0.14054416655424531,
    0.14042913071622265,
    0.14031194507598993,
    0.1401926964068564,
    0.14007146879643972,
    0.13994834371794543,
    0.13982340010703262,
    0.13969671444361825,
    0.1395683608355727,
    0.13943841109566718,
    0.139306934810285,
    0.13917399940996966,
    0.13903967024733999,
    0.1389040106875384,
    0.1387670822263411,
    0.13862894467271208,
    0.13848965687070824,
    0.13834937549865448,
    0.1382119277513851,
    0.13808079534719586,
    0.13795197113861413,
    0.1378216984833855,
    0.13769004131616724,
    0.13755706186211666,
    0.13742282054166097,
    0.1372873759622723,
    0.13715078494234365,
    0.1370131025521313,
    0.13687438214377082,
    0.13673467536150596,
    0.13659403217028498,
    0.1364525009183244,
    0.13631012839813142,
    0.13616695989441252,
    0.13602303923686943,
    0.1358784088557716,
    0.1357331098271599,
    0.13558718190985133,
    0.1354406635845995,
    0.13529359210274922,
    0.13514600355278833,
    0.13499793296731588,
    0.1348494146224989,
    0.13470056729624316,
    0.13455481768551028,
    0.13441529080250603,
    0.1342783659142603,
    0.1341406435518221,
    0.13400216602326162,
    0.1338629746645139,
    0.13372310961902747,
    0.13358260980650605,
    0.1334415129413769,
    0.1332998555751496,
    0.1331576731392521,
    0.13301499994285249,
    0.13287186911673102,
    0.13272831258862947,
    0.13258436115870736,
    0.1324400446049658,
    0.13229539173762872,
    0.1321504304245586,
    0.13200518762139263,
    0.1318596894049868,
    0.13171396101149377,
    0.13156802690070726,
    0.13142191092764,
    0.1312756374765698,
    0.13113600786193846,
    0.13100956439700523,
    0.13088904243340482,
    0.13076744612624105,
    0.1306448219795477,
    0.13052121777715664,
    0.13039668018682637,
    0.1302712545439656,
    0.13014498481966458,
    0.13001791363983456,
    0.12989008232287855,
    0.1297615309571063,
    0.12963229863065326,
    0.12950242393589176,
    0.1293754609220201,
    0.1292548278188691,
    0.12913677791418499,
    0.12901770427133752,
    0.12889765322265115,
    0.12877667053372402,
    0.1286548008741051,
    0.12853208763837337,
    0.12840857290978538,
    0.12828429747571496,
    0.12815930085655614,
    0.12803362133868532,
    0.1279072960196754,
    0.12778036087971584,
    0.1276528508999815,
    0.127524800225846,
    0.1273962421584509,
    0.12726720863352328,
    0.12713772974185317,
    0.12700783414563727,
    0.1268775497638085,
    0.1267469039111085,
    0.12661592316633177,
    0.1264846333015322,
    0.1263530592726902,
    0.1262212252329543,
    0.12608915455494574,
    0.1259568698557035,
    0.12582439301414222,
    0.12569174517803344,
    0.12555894677320611,
    0.12542601752549687,
    0.12529297648945625,
    0.1251598420758137,
    0.12502663207484055,
    0.12489336367490612,
    0.1247600534801684,
    0.12462671753220397,
    0.12449337133726698,
    0.1243600299069734,
    0.12422670785591404,
    0.12409341980839346,
    0.12397334168015112,
    0.123879212607929,
    0.12379695907827157,
    0.1237129043836421,
    0.12362705070241704,
    0.12353946690692393,
    0.12345022031082364,
    0.12335937633585915,
    0.12326699847253955,
    0.12317314830610301,
    0.12307788556558541,
    0.12298126817457676,
    0.12288335229913402,
    0.12278419239589147,
    0.12268384126080606,
    0.12258235007652053,
    0.1224797684566273,
    0.12237614448731171,
    0.12227152476944221,
    0.12216595446276636,
    0.12205947733030086,
    0.1219521357806976,
    0.12184397090837318,
    0.12173502253206606,
    0.12162532923205832,
    0.1215149283861075,
    0.12140385620425832,
    0.12129214776268997,
    0.1211798370366945,
    0.12106695693277907,
    0.12095353931986898,
    0.12083961505964036,
    0.12072521403599719,
    0.12061036518371065,
    0.12049509651625548,
    0.12037943515285242,
    0.12026340734473326,
    0.12014703850067647,
    0.12003035321184566,
    0.11991337527593446,
    0.11979612772061905,
    0.11967863282633409,
    0.11956091214839618,
    0.1194429865384891,
    0.1193248761655272,
    0.11920660053592083,
    0.11908817851326385,
    0.1189696283374575,
    0.11885096764328258,
    0.11873221347843269,
    0.11861338232102846,
    0.11849449009663585,
    0.11837555219480231,
    0.11825658348511837,
    0.11813759833281558,
    0.11801861061391453,
    0.11789963372993754,
    0.11778068062219751,
    0.11766176378567506,
    0.11754289528249447,
    0.11742408675501116,
    0.1173053494385211,
    0.11718669417360353,
    0.11706813141810694,
    0.11694967125878873,
    0.11683132342261865,
    0.1167130972877554,
    0.11659500189420573,
    0.11647704595417535,
    0.1163592378621199,
    0.1162415857045046,
    0.11612409726928016,
    0.11600678005508352,
    0.11588964128017208,
    0.11577268789109947,
    0.11565592657113956,
    0.11553936374846578,
    0.11542300560409215,
    0.11530685807958288,
    0.11519092688453748,
    0.11507521750385746,
    0.11495973520480109,
    0.1148444850438326,
    0.11472947187327096,
    0.11461470034774436,
    0.11450017493045594,
    0.11438589989926595,
    0.11427187935259554,
    0.11415811721515728,
    0.11404461724351701,
    0.11393138303149282,
    0.11381841801539563,
    0.113705725479116,
    0.11359330855906129,
    0.11348117024894695,
    0.11336931340444688,
    0.11325774074770593,
    0.11314645487171963,
    0.11303545824458419,
    0.11292475321362068,
    0.11281434200937704,
    0.11270422674951121,
    0.112594409442559,
    0.11248489199159001,
    0.11237567619775488,
    0.11226676376372685,
    0.1121581562970406,
    0.1120498553133313,
    0.11194186223947677,
    0.11183417841664592,
    0.11172680510325561,
    0.1116197434778393,
    0.11151299464182901,
    0.11140655962225422,
    0.11130043937435903,
    0.11119463478414074,
    0.11108914667081157,
    0.11098397578918609,
    0.11087912283199611,
    0.11077458843213558,
    0.11067037316483737,
    0.11056647754978363,
    0.11046290205315214,
    0.1103596470895999,
    0.11025671302418645,
    0.11015410017423788,
    0.11005180881115384,
    0.10994983916215911,
    0.10984819141200135,
    0.10974686570459641,
    0.10964586214462302,
    0.10954518079906797,
    0.10944482169872337,
    0.10934478483963754,
    0.10924507018452068,
    0.10914567766410664,
    0.10904660717847219,
    0.10894785859831499,
    0.10884943176619136,
    0.10875132649771509,
    0.10865354258271852,
    0.10855607978637663,
    0.10845893785029585,
    0.108362116493568,
    0.10826561541379102,
    0.1081694342880567,
    0.1080735727739072,
    0.1079780305102605,
    0.10788280711830635,
    0.10778790220237304,
    0.10769331535076629,
    0.10759904613658071,
    0.10750509411848497,
    0.10741145884148126,
    0.10731813983763978,
    0.1072251366268092,
    0.10713244871730351,
    0.10704007560656612,
    0.10694801678181207,
    0.10685627172064852,
    0.1067648398916746,
    0.10667372075506105,
    0.10658291376311034,
    0.10649241836079762,
    0.1064022339862936,
    0.10631236007146926,
    0.10622279604238337,
    0.10613354131975326,
    0.106044595319409,
    0.10595595745273223,
    0.10586762712707909,
    0.10577960374618862,
    0.1056918867105768,
    0.10560447541791615,
    0.1055173692634022,
    0.10543056764010654,
    0.1053440699393171,
    0.10525787555086617,
    0.1051719838634463,
    0.1050863942649147,
    0.10500110614258623,
    0.10491611888351562,
    0.10483143187476889,
    0.10474704450368467,
    0.10466295615812558,
    0.10457916622671964,
    0.1044956740990928,
    0.104412479166092,
    0.1043295808199996,
    0.10424697845473935,
    0.10416467146607397,
    0.1040826592517948,
    0.10400094121190379,
    0.10391951674878781,
    0.10383838526738574,
    0.10375754617534859,
    0.1036769988831927,
    0.10359674280444654,
    0.1035167773557909,
    0.10343710195719302,
    0.10335771603203481,
    0.10327861900723495,
    0.10319981031336575,
    0.10312128938476431,
    0.10304305565963848,
    0.1029651085801678,
    0.10288744759259935,
    0.10281007214733894,
    0.10273298169903756,
    0.10265617570667361,
    0.10257965363363059,
    0.10250341494777072,
    0.10242745912150461,
    0.10235178563185682,
    0.10227639396052776,
    0.10220128359395193,
    0.10212645402335255,
    0.10205190474479293,
    0.10197763525922447,
    0.1019036450725315,
    0.10182993369557299,
    0.10175650064422131,
    0.10168334543939818,
    0.10161046760710765,
    0.10153786667846652,
    0.10146554218973215,
    0.10139349368232782,
    0.10132172070286574,
    0.10125022280316762,
    0.10117899954028302,
    0.10110805047650562,
    0.10103737517938714,
    0.1009669732217496,
    0.10089684418169545,
    0.100826987642616,
    0.10075740319319788,
    0.10068809042742792,
    0.10061904894459622,
    0.10055027834929776,
    0.1004817782514324,
    0.10041354826620334,
    0.10034558801411439,
    0.10027789712096537,
    0.10021047521784647,
    0.10014332194113132,
    0.10007643693246863,
    0.10000981983877308,
    0.09994347031221472,
    0.09987738801020783,
    0.09981157259539815,
    0.09974602373564938,
    0.09968074110402882,
    0.0996157243787918,
    0.09955097324336552,
    0.09948648738633195,
    0.09942226650140994,
    0.0993583102874367,
    0.09929461844834826,
    0.09923119069315949,
    0.09916802673594316,
    0.09910512629580859,
    0.09904248909687927,
    0.09898011486827003,
    0.098918003344064,
    0.09885615426328861,
    0.09879456736989155,
    0.09873324241271605,
    0.09867217914547585,
    0.09861137732672967,
    0.09855083671985537,
    0.0984905570930238,
    0.09843053821917207,
    0.09837077987597655,
    0.09831128184582581
]