[
    -1.1572117699053335,
    -1.157356567306919,
    -1.1532566988821775,
    -1.1539485619675265,
    -1.1546207917449034,
    -1.155273983893996,
    -1.1559087168797508,
    -1.156525552441478,
    -1.157125036068142,
    -1.1577076974602178,
    -1.1582740509784906,
    -1.158824596080177,
    -1.1593598177427333,
    -1.1598801868756816,
    -1.1603861607208052,
    -1.1608781832410295,
    -1.1613566854983022,
    -1.1618220860207857,
    -1.1622747911596765,
    -1.162715195435951,
    -1.163143681877307,
    -1.1635606223455754,
    -1.1639663778548588,
    -1.1643612988806649,
    -1.1647457256603029,
    -1.1651199884847894,
    -1.1654844079824924,
    -1.1658392953947392,
    -1.1661849528436201,
    -1.1665216735922168,
    -1.1668497422974613,
    -1.1671694352558444,
    -1.167481020642178,
    -1.1677847587416015,
    -1.1680809021750191,
    -1.168369696118151,
    -1.1686513785143862,
    -1.1689261802816058,
    -1.1691943255131507,
    -1.1694560316730966,
    -1.1697115097860127,
    -1.169960964621351,
    -1.1702045948726072,
    -1.170442593331395,
    -1.170675147056582,
    -1.1709024375386419,
    -1.1711246408593519,
    -1.1713419278469748,
    -1.1715544642270337,
    -1.1717624107688025,
    -1.1719659234276438,
    -1.1721651534833029,
    -1.1723602476742814,
    -1.1725513483284111,
    -1.1727385934897274,
    -1.1729221170417374,
    -1.1731020488271844,
    -1.1732785147644105,
    -1.1734516369604133,
    -1.1736215338206977,
    -1.1737883201560033,
    -1.1739521072860142,
    -1.1741130031401223,
    -1.1742711123553315,
    -1.1744265363713735,
    -1.1745793735231174,
    -1.1747297191303516,
    -1.1748776655850117,
    -1.1750233024359307,
    -1.175166716471178,
    -1.1753079917980558,
    -1.1754472099208215,
    -1.1755844498161967,
    -1.1757197880067327,
    -1.17585329863209,
    -1.1759850535182903,
    -1.176115122244995,
    -1.1762435722108637,
    -1.1763704686970498,
    -1.1764958749288845,
    -1.1766198521358067,
    -1.1767424596095795,
    -1.1768637547608523,
    -1.1769837931741074,
    -1.17710262866104,
    -1.1772203133124213,
    -1.1773368975484788,
    -1.1774524301678466,
    -1.177566958395109,
    -1.177680527926984,
    -1.1777931829771873,
    -1.1779049663200125,
    -1.1780159193326671,
    -1.1781260820363966,
    -1.1782354931364374,
    -1.1783441900608236,
    -1.178452208998086,
    -1.1785595849338761,
    -1.1786663516865419,
    -1.178772541941683,
    -1.1788781872857121,
    -1.1789833182384515,
    -1.1790879642847985,
    -1.1791921539054793,
    -1.1792959146069242,
    -1.1793992729502836,
    -1.1795022545796119,
    -1.1796048842492384,
    -1.1797071858503574,
    -1.1798091824368537,
    -1.1799108962503921,
    -1.1800123487447804,
    -1.1801135606096316,
    -1.1802145517933447,
    -1.1803153415254206,
    -1.180415948338136,
    -1.1805163900875926,
    -1.1806166839741545,
    -1.1807168465623035,
    -1.1808168937999117,
    -1.180916841036967,
    -1.181016703043751,
    -1.181116494028493,
    -1.1812162276545164,
    -1.1813159170568854,
    -1.1814155748585748,
    -1.1815152131861721,
    -1.1816148436851301,
    -1.1817144775345714,
    -1.181814125461662,
    -1.1819137977555685,
    -1.1820135042810054,
    -1.182113254491394,
    -1.1822130574416332,
    -1.182312921800503,
    -1.182412855862702,
    -1.182512867560538,
    -1.1826129644752776,
    -1.182713153848163,
    -1.182813442591107,
    -1.182913837297075,
    -1.183014344250164,
    -1.1831149694353893,
    -1.1832157185481884,
    -1.1833165970036406,
    -1.1834176099454137,
    -1.1835187622544536,
    -1.1836200585574141,
    -1.1837215032348525,
    -1.1838231004291828,
    -1.1839248540523863,
    -1.1840267677934975,
    -1.1841288451258636,
    -1.184231089314196,
    -1.1843335034214064,
    -1.1844360903152409,
    -1.1845388526747183,
    -1.1846417929963793,
    -1.18474491360035,
    -1.1848482166362246,
    -1.1849517040887743,
    -1.1850553777834862,
    -1.1851592393919401,
    -1.1852632904370208,
    -1.1853675322979762,
    -1.1854719662153228,
    -1.185576593295605,
    -1.1856814145160097,
    -1.1857864307288466,
    -1.1858916426658972,
    -1.1859970509426405,
    -1.18610265606234,
    -1.18620845842001,
    -1.1863144583062533,
    -1.1864206559109864,
    -1.1865270513270496,
    -1.1866336445537085,
    -1.1867404355000604,
    -1.1868474239883378,
    -1.1869546097571122,
    -1.1870619924643917,
    -1.1871695716906203,
    -1.1872773469415832,
    -1.1873853176512212,
    -1.1874934831843678,
    -1.1876018428394064,
    -1.1877103958508555,
    -1.187819141391865,
    -1.1879280785766324,
    -1.1880372064627414,
    -1.1881465240534252,
    -1.1882560302997591,
    -1.188365724102781,
    -1.1884756043155444,
    -1.1885856697450965,
    -1.1886959191543969,
    -1.1888063512641738,
    -1.1889169647547237,
    -1.1890277582676576,
    -1.1891387304075878,
    -1.1892498797437547,
    -1.1893612048116025,
    -1.1894727041143345,
    -1.189584376124439,
    -1.1896962192851415,
    -1.1898082320117955,
    -1.1899204126932093,
    -1.1900327596929339,
    -1.19014527135051,
    -1.1902579459826772,
    -1.1903707818845133,
    -1.1904837773305215,
    -1.1905969305756823,
    -1.1907102398564917,
    -1.1908237033920095,
    -1.1909373193849153,
    -1.1910510860225147,
    -1.1911650014776551,
    -1.1912790639095734,
    -1.1913932714647157,
    -1.1915076222774952,
    -1.1916221144710297,
    -1.1917367461578976,
    -1.1918515154408784,
    -1.191966420413615,
    -1.1920814591612066,
    -1.1921966297607471,
    -1.1923119302817358,
    -1.1924273587864522,
    -1.1925429133303356,
    -1.192658591962229,
    -1.192774392724422,
    -1.192890313652545,
    -1.1930063527753396,
    -1.1931225081141958,
    -1.1932387776820754,
    -1.1933551594814449,
    -1.1934716515015218,
    -1.193588251715703,
    -1.1937049580791,
    -1.1938217685249992,
    -1.1939386809600245,
    -1.194055693257934,
    -1.194172803249977,
    -1.1942900087087436,
    -1.1944073073231254,
    -1.1945246966640426,
    -1.194642174141074,
    -1.1947597369388707,
    -1.1948773819043816,
    -1.1949951053367194,
    -1.1951129025388347,
    -1.1952307667932192,
    -1.1953486869869276,
    -1.1954666405152206,
    -1.1955845564160072,
    -1.19567290807358,
    -1.1956791600236756,
    -1.1956116865544255,
    -1.195526989893817,
    -1.1954500730868594,
    -1.1953807729546497,
    -1.1953188772629937,
    -1.1952641664031514,
    -1.195216422176352,
    -1.1951754304592899,
    -1.1951409822472836,
    -1.1951128740578336,
    -1.1950909080110321,
    -1.1950748917713199,
    -1.1950646384451291,
    -1.195059966466134,
    -1.1950606994743171,
    -1.1950666661890947,
    -1.195077700275408,
    -1.1950936402059709,
    -1.195114329126347,
    -1.1951396147228597,
    -1.1951693490901116,
    -1.195203388602522,
    -1.1952415937940475,
    -1.1952838292413663,
    -1.1953299634458545,
    -1.1953798687148858,
    -1.1954334210442572,
    -1.1954905000040885,
    -1.1955509886277969,
    -1.19561477330168,
    -1.1956817436650569,
    -1.1957517925339824,
    -1.1958248158371168,
    -1.1959007125402323,
    -1.1959793845562507,
    -1.1960607366656868,
    -1.1961446764643717,
    -1.196231114312259,
    -1.1963199632584771,
    -1.1964111389514054,
    -1.196504559544773,
    -1.196600145607819,
    -1.196697820032422,
    -1.1967975079150894,
    -1.1968991364112047,
    -1.1970026345510663,
    -1.197107932958031,
    -1.1972149633226907,
    -1.1973236573578878,
    -1.1974339449068785,
    -1.1975457503600524,
    -1.1976589817157333,
    -1.1977734674633933,
    -1.1978882530757478,
    -1.1979978632567783,
    -1.1980979665446112,
    -1.1981936745244004,
    -1.1982903868856738,
    -1.1983883418636287,
    -1.1984595698069376,
    -1.1984748439337718,
    -1.1984603817475536,
    -1.1984469236558741,
    -1.1984381664816655,
    -1.198434891539398,
    -1.198434336702643,
    -1.1984211514610397,
    -1.1983858451865168,
    -1.1983446381947838,
    -1.198310696627598,
    -1.1982839924499564,
    -1.198264346553351,
    -1.1982515550297177,
    -1.1982454082781122,
    -1.198245697487266,
    -1.1982522169647822,
    -1.1982647653022507,
    -1.198283145834452,
    -1.198307166550327,
    -1.1983366400585966,
    -1.198371383801197,
    -1.1984112201528139,
    -1.198455976338468,
    -1.1985054843342886,
    -1.1985595807915068,
    -1.1986181069886876,
    -1.19868090878929,
    -1.1987478365326805,
    -1.1988187448621568,
    -1.1988934925539594,
    -1.1989719423357916,
    -1.1990539605861854,
    -1.1991394168228713,
    -1.1992281829583649,
    -1.1993201323117162,
    -1.199415137913556,
    -1.1995130675570262,
    -1.1996137669350215,
    -1.199716991908776,
    -1.1998220105847475,
    -1.1999261405669364,
    -1.2000166799903322,
    -1.2000645493965496,
    -1.2000634741927438,
    -1.2000474656518296,
    -1.200038333131689,
    -1.2000359745521518,
    -1.2000400689166413,
    -1.2000501100176686,
    -1.2000657514707322,
    -1.2000870350962105,
    -1.2001139641406329,
    -1.2001462110141625,
    -1.200180486946743,
    -1.2002021862263483,
    -1.2002006731154724,
    -1.2001869015697968,
    -1.2001722659326353,
    -1.2001596844925664,
    -1.2001516379979562,
    -1.2001494980880567,
    -1.2001538747026537,
    -1.200164898889282,
    -1.200182456086078,
    -1.2002063727093637,
    -1.2002364662514735,
    -1.2002725470327422,
    -1.20031441911021,
    -1.2003618864327321,
    -1.200414756647708,
    -1.2004728418298931,
    -1.2005359583213302,
    -1.2006039268596893,
    -1.2006765728259121,
    -1.2007537262982775,
    -1.2008352219215117,
    -1.2009208987123081,
    -1.2010105998376879,
    -1.2011041722350286,
    -1.2012014660772314,
    -1.2013023342578577,
    -1.2014066316020697,
    -1.2015142134966719,
    -1.201624936550128,
    -1.2017386644567942,
    -1.2018552732617438,
    -1.2019746487867737,
    -1.2020966801560102,
    -1.2022212546695157,
    -1.2023482538466799,
    -1.2024775372443062,
    -1.2025854272682774,
    -1.2026467947581596,
    -1.202684568064694,
    -1.2027256183674615,
    -1.202772286155212,
    -1.202824409279994,
    -1.202881804170243,
    -1.2029442859791857,
    -1.2030116727636122,
    -1.203083786814428,
    -1.2031604551184836,
    -1.2032415094869677,
    -1.2033267865471144,
    -1.2034161276859274,
    -1.2035093789691786,
    -1.2036063910414425,
    -1.2037070190168748,
    -1.2038111223653163,
    -1.2039185647962702,
    -1.2040292141439632,
    -1.204142942253823,
    -1.2042596248705755,
    -1.2043791415288112,
    -1.2045013754458778,
    -1.2046262134170747,
    -1.2047535457134135,
    -1.2048832659818303,
    -1.2050152711478082,
    -1.2051494613206077,
    -1.2052857397012247,
    -1.2054240124930367,
    -1.205564188814862,
    -1.2057061806163012,
    -1.2058499025953802,
    -1.2059952721184661,
    -1.2061422091424716,
    -1.206290636139289,
    -1.2064404780222746,
    -1.2065916620747577,
    -1.2067441178805125,
    -1.2068977772560863,
    -1.2070525741850717,
    -1.2072084447544444,
    -1.2073653270926954,
    -1.2075231613093202,
    -1.207681889435644,
    -1.2078414553671046,
    -1.2080018048067174,
    -1.2081628852094488,
    -1.208324645727637,
    -1.2084870371570866,
    -1.2086500118826007,
    -1.2088135238218525,
    -1.2089775283662092,
    -1.2091419823152239,
    -1.2093068437978003,
    -1.2094720721607866,
    -1.209637627773148,
    -1.2098034716102473,
    -1.209969564099447,
    -1.2101358597163725,
    -1.2101828343101435,
    -1.2099716979684876,
    -1.2096079440474097,
    -1.2092407841809145,
    -1.2088943160575627,
    -1.2085678846603929,
    -1.20826084711005,
    -1.2079725776341008,
    -1.207702468140547,
    -1.2074499280697477,
    -1.2072143840445335,
    -1.2069952794498107,
    -1.2067920739894302,
    -1.2066042432396367,
    -1.2064312782071032,
    -1.2062726848952987,
    -1.2061279838807841,
    -1.2059967098997937,
    -1.205878411445215,
    -1.2057726503741917,
    -1.2056790015263728,
    -1.2055970523526276,
    -1.205526402554021,
    -1.2054666637308307,
    -1.205417459041385,
    -1.2053784228704945,
    -1.2053492005072344,
    -1.2053294478318055,
    -1.2053188310112226,
    -1.2053170262036152,
    -1.2053237192708939,
    -1.20533860549955,
    -1.205361389374796,
    -1.205391784271553,
    -1.205429512198331,
    -1.2054743035483728,
    -1.205525896857856,
    -1.205584038570954,
    -1.2056484828115754,
    -1.2057189911615733,
    -1.205795332445262,
    -1.2058772825200474,
    -1.2059646240730104,
    -1.2060571464232706,
    -1.2061546453299685,
    -1.206256922805713,
    -1.2063637869353323,
    -1.20647505169978,
    -1.206590536805044,
    -1.2067100675159281,
    -1.206833474494569,
    -1.2069605936435412,
    -1.2070912659534339,
    -1.2072253373547635,
    -1.207362658574114,
    -1.2075030849943749,
    -1.2076464765189603,
    -1.2077926974399011,
    -1.2079416163096954,
    -1.2080931058168136,
    -1.2082470426647505,
    -1.208403307454533,
    -1.2085617845705807,
    -1.2087223620698253,
    -1.2088849315740002,
    -1.2090493881650028,
    -1.2092156302832493,
    -1.2093835596289306,
    -1.209553081066092,
    -1.2097241025294545,
    -1.2098965349338944,
    -1.2100702920865067,
    -1.2102452906011854,
    -1.2104214498156465,
    -1.2105986917108378,
    -1.210776940832667,
    -1.2109561242159657,
    -1.2111361713106208,
    -1.2113170139098144,
    -1.2114985860803227,
    -1.211680824094816,
    -1.2118636663660889,
    -1.2120470533831784,
    -1.2122309276493308,
    -1.2124152336217577,
    -1.2125999176531155,
    -1.2127849279346412,
    -1.2129702144409136,
    -1.2131557288762211,
    -1.213341424622505,
    -1.2135272566887865,
    -1.2137131816620104,
    -1.213899157659269,
    -1.2140851442814082,
    -1.2142711025679538,
    -1.2144569949533253,
    -1.2146427852243558,
    -1.2148284384791008,
    -1.2150139210868187,
    -1.2151992006490375,
    -1.2153842459616868,
    -1.2155690269782957,
    -1.2157535147742342,
    -1.215937681511967,
    -1.2161215004072363,
    -1.2163049456960988,
    -1.2164879926028642,
    -1.2166706173089508,
    -1.2168527969225686,
    -1.2170345094491655,
    -1.2172157337626406,
    -1.2173964495771623,
    -1.217576637419238,
    -1.21775627859987,
    -1.2179353551869858,
    -1.218113849978119,
    -1.21829174647258,
    -1.2184690288426676,
    -1.218645681903793,
    -1.2188216910814214,
    -1.2189970423705543,
    -1.219171722280653,
    -1.2193457177467062,
    -1.2195190159656284,
    -1.2196916041009187,
    -1.2198634687413643,
    -1.2200345946708202,
    -1.220204960868741,
    -1.220374517798798,
    -1.2205359753299614,
    -1.2206823515448566,
    -1.220821433961633,
    -1.2209607552101887,
    -1.221100321070823,
    -1.2212401053316302,
    -1.2213800758758382,
    -1.2215201991844609,
    -1.2216604417028514,
    -1.2218007703970986,
    -1.2219411530130717,
    -1.2220815581947766,
    -1.2222219555376417,
    -1.2223623156119965,
    -1.2225026099630907,
    -1.2226428110945677,
    -1.2227828924468749,
    -1.2229228283757787,
    -1.2230625941308293,
    -1.2232021658328454,
    -1.223341520450635,
    -1.223480635777971,
    -1.2236194904112054,
    -1.22375806372745,
    -1.2238963358629966,
    -1.224034287691413,
    -1.2241719008014975,
    -1.2243091574756844,
    -1.2244460406690387,
    -1.2245825339888219,
    -1.2247186216746473,
    -1.2248542885792169,
    -1.224989520149595,
    -1.2251243024090246,
    -1.2252586219392507,
    -1.225392465863264,
    -1.2255258218284446,
    -1.2256586779901393,
    -1.2257910229957132,
    -1.2259228459690679,
    -1.2260541364956183,
    -1.2261848846077084,
    -1.2263150807704413,
    -1.2264447158679208,
    -1.226573781189893,
    -1.2267022684187716,
    -1.2268301696170365,
    -1.2269574772149914,
    -1.2270841839988849,
    -1.2272102830993805,
    -1.2273357679803716,
    -1.2274606324281043,
    -1.2275848705406158,
    -1.2277084767174746,
    -1.2278314456498314,
    -1.2279537723107665,
    -1.228075451945921,
    -1.2281964800644045,
    -1.2283168524299677,
    -1.2284365650524387,
    -1.2285556141794143,
    -1.2286739962881952,
    -1.228791708077965,
    -1.228908746462199,
    -1.2290251085613046,
    -1.2291407916954766,
    -1.2292557933777692,
    -1.2293701113073752,
    -1.2294837433631065,
    -1.2295966875970712,
    -1.2297089422285374,
    -1.2298205056379854,
    -1.2299313763613373,
    -1.2300415530843647,
    -1.2301510346372613,
    -1.230259819989385,
    -1.2303679082441579,
    -1.2304752986341183,
    -1.2305819905161288,
    -1.2306879833667275,
    -1.2307932767776204,
    -1.2308978704513172,
    -1.231001764196893,
    -1.2311049579258873,
    -1.2312074516483242,
    -1.2313092454688581,
    -1.2314103395830374,
    -1.2315107342736833,
    -1.2316104299073847,
    -1.2317094269310993,
    -1.231807725868863,
    -1.2319053273185983,
    -1.2320022319490296,
    -1.2320984404966877,
    -1.2321939537630147,
    -1.2322887726115566,
    -1.232382897965246,
    -1.2324763308037718,
    -1.2325690721610292,
    -1.232661123122656,
    -1.2327524848236429,
    -1.2328431584460202,
    -1.2329331452166254,
    -1.233022446404934,
    -1.233111063320966,
    -1.233198997313259,
    -1.2332862497669068,
    -1.2333728221016618,
    -1.2334587157700998,
    -1.2335439322558457,
    -1.2336284730718556,
    -1.2337123397587582,
    -1.233795533883248,
    -1.2338780570365357,
    -1.2339599108328467,
    -1.2340410969079714,
    -1.2341216169178644,
    -1.2342014725372885,
    -1.23428066545851,
    -1.2343591973900307,
    -1.2344370700553708,
    -1.234514285191887,
    -1.2345908445496363,
    -1.2346667498902757,
    -1.234742002986003,
    -1.2348166056185315,
    -1.2348905595781046,
    -1.2349638666625404,
    -1.2350365286763147,
    -1.235108547429673,
    -1.2351799247377766,
    -1.2352506624198758,
    -1.2353207622985154,
    -1.235390226198767,
    -1.2354590559474896,
    -1.235527253372619,
    -1.2355948203024774,
    -1.2356617585651157,
    -1.2357280699876725,
    -1.2357937563957608,
    -1.2358588196128784,
    -1.2359232614598346,
    -1.235987083754202,
    -1.2360502883097828,
    -1.236112876936099,
    -1.2361748514378958,
    -1.2362362136146658,
    -1.2362969652601843,
    -1.2363571081620617,
    -1.2364166441013047,
    -1.2364755748518852,
    -1.2365339021803217,
    -1.2365916278452609,
    -1.2366487535970652,
    -1.236705281177398,
    -1.236761212318801,
    -1.236816548744267,
    -1.236871292166775,
    -1.2369254442887938,
    -1.236979006801751,
    -1.2370319813854564,
    -1.2370843697074174,
    -1.2371361734219692,
    -1.2371873941691798,
    -1.2372380335734308,
    -1.2372880932414994,
    -1.2373375747599236,
    -1.2373864796914305,
    -1.2374348095698144,
    -1.237482565891806,
    -1.2375297501034752,
    -1.2375763635774983,
    -1.2376224075754874,
    -1.2376678831796506,
    -1.2377127911531745,
    -1.2377571316293967,
    -1.237800903322151,
    -1.2378441012584342,
    -1.2378867090938677,
    -1.2379286563081535,
    -1.2377863435543413,
    -1.2369386148704713,
    -1.2352507867723517,
    -1.2331507516922289,
    -1.230867137024602,
    -1.2285392753240527,
    -1.226302064704234,
    -1.224153312146593,
    -1.2220883373339113,
    -1.2198998929367058,
    -1.2173918259915641,
    -1.214556733252701,
    -1.2113864005327928,
    -1.2081186622518565,
    -1.2049752965176497,
    -1.201911613937738,
    -1.1988983565545057,
    -1.1958584582168983,
    -1.1927109244354075,
    -1.1895771796657006,
    -1.1865006817791446,
    -1.183406408357479,
    -1.180369317712877,
    -1.1774107772392064,
    -1.1743789908924283,
    -1.1712305704624084,
    -1.1681211870504544,
    -1.1649847727098577,
    -1.1615167215201923,
    -1.1577525471821015,
    -1.1540111309350596,
    -1.1504351231997474,
    -1.1470193812647789,
    -1.1437587348976783,
    -1.140568350477958,
    -1.1373309868147223,
    -1.1340931612276572,
    -1.130970581148279,
    -1.127789519466051,
    -1.1242885397113176,
    -1.1206266922557708,
    -1.1170753723879734,
    -1.1136914193618606,
    -1.1104702104318696,
    -1.1073955160033873,
    -1.10438636989789,
    -1.1013866781913402,
    -1.0984728692896208,
    -1.0957070046880386,
    -1.092894528072268,
    -1.0898487602978972,
    -1.0867680042261132,
    -1.0838116303571002,
    -1.0809337114733877,
    -1.0780100660173497,
    -1.074930798854874,
    -1.0718423558800705,
    -1.0688971459473633,
    -1.0661043575159301,
    -1.0634634197451334,
    -1.0609707000933077,
    -1.0586214566638021,
    -1.056299793134094,
    -1.0538932084876804,
    -1.0515157890222577,
    -1.049279265761229,
    -1.0471796719737863,
    -1.0452115171429006,
    -1.0433697349241469,
    -1.0416503116187106,
    -1.0399972544567528,
    -1.0382094471980274,
    -1.036197309427537,
    -1.0341685641152178,
    -1.0322708425673852,
    -1.030415997771708,
    -1.0285185396227936,
    -1.026659952206737,
    -1.0248664068630458,
    -1.0230852953305711,
    -1.0213747544141496,
    -1.019788464855509,
    -1.0183226459621335,
    -1.0169561081836418,
    -1.015658463704236,
    -1.0144344080970842,
    -1.0133081945275904,
    -1.012285842528761,
    -1.011256339975738,
    -1.0101125984188397,
    -1.0089652524713955,
    -1.0079222777756431,
    -1.0069810311383116,
    -1.0060757339198223,
    -1.005142505103158,
    -1.004244911224223,
    -1.0034452723138856,
    -1.0027408465332586,
    -1.0021267271748315,
    -1.0015973685194353,
    -1.0011095557466032,
    -1.0005966299106026,
    -1.0000745405329545,
    -0.9996111935362344,
    -0.9992310492372906,
    -0.9986556146134482,
    -0.9976149272685871,
    -0.9963817409962628,
    -0.9952231260500226,
    -0.994157323519191,
    -0.9931995184129835,
    -0.9923459479938974,
    -0.9915929042043701,
    -0.9909367800312034,
    -0.990374074089197,
    -0.9899013896326581,
    -0.989515432295237,
    -0.9892130074716393,
    -0.9889910176150085,
    -0.9888464595392705,
    -0.9887764217576809,
    -0.9887780818685363,
    -0.9888487039922347,
    -0.9889856362707994,
    -0.9891863084386142,
    -0.9894482294617353,
    -0.9897689852411145,
    -0.9901462363804694,
    -0.990577716018115,
    -0.9910612277176784,
    -0.9915946434154712,
    -0.9921759014239079,
    -0.992803004489953,
    -0.9934740179098804,
    -0.9941870676976847,
    -0.9949403388008401,
    -0.9957320733586903,
    -0.9965605689966854,
    -0.9974241771493252,
    -0.9983213013995503,
    -0.9992503958107246,
    -1.0002099632342052,
    -1.0011985535301182,
    -1.0022147614923544,
    -1.003257224065209,
    -1.0043246153123766,
    -1.005415632029154,
    -1.0065289257295842,
    -1.0075601902924376,
    -1.0084088779612286,
    -1.0091842639268156,
    -1.0099921218782337,
    -1.0108311438236566,
    -1.0116007112536693,
    -1.0122041114404645,
    -1.0127463659090932,
    -1.013321143212874,
    -1.0138951296892715,
    -1.0144513483046302,
    -1.01502248760438,
    -1.0156324502432095,
    -1.0162796860921712,
    -1.0169626251162918,
    -1.0176797235705095,
    -1.0184294777955876,
    -1.0192104247384253,
    -1.020021140837268,
    -1.0208602424163111,
    -1.0217263853466503,
    -1.0226182638944608,
    -1.0235346066841087,
    -1.024474165117037,
    -1.0254356918728438,
    -1.0264179443675754,
    -1.0274197446278446,
    -1.028440005982702,
    -1.0294776199756617,
    -1.0303807777444107,
    -1.0310022178499842,
    -1.0315016873505516,
    -1.032035289135913,
    -1.0326012299845555,
    -1.0331541374147226,
    -1.0336102991633545,
    -1.0339747626991675,
    -1.0343368594256959,
    -1.0347396370483013,
    -1.0351815023982405,
    -1.0356608510292125,
    -1.0361761128289375,
    -1.0367257598026052,
    -1.0373083087650559,
    -1.0379223217972422,
    -1.0385664056801351,
    -1.0392392108885822,
    -1.0399394304564384,
    -1.0406657988387327,
    -1.0414170907638394,
    -1.0421921200809292,
    -1.0429897386347238,
    -1.0438088351718307,
    -1.0446483342684396,
    -1.0455071952843022,
    -1.0463844113452492,
    -1.0472790083482533,
    -1.048190043986097,
    -1.0491166067909954,
    -1.0500578151978572,
    -1.0510128166172512,
    -1.0519807865052397,
    -1.052960927434478,
    -1.0539524681177646,
    -1.0549546623057902,
    -1.0559667875671,
    -1.0569881437360589,
    -1.058018050022225,
    -1.059055837558445,
    -1.0601008266470366,
    -1.061152222709124,
    -1.0621856588055785,
    -1.0631777905699034,
    -1.0641534369744954,
    -1.0651367333830755,
    -1.066127310863198,
    -1.0671246333507955,
    -1.0681281543679852,
    -1.06913733283181,
    -1.0701516367349113,
    -1.071170540816039,
    -1.0721935100028976,
    -1.0732199586806686,
    -1.0742489763369147,
    -1.0752737514663122,
    -1.0762741167077192,
    -1.0772072775027597,
    -1.078059126002444,
    -1.0788808353363255,
    -1.079709887507237,
    -1.0805472308212436,
    -1.0813925425143673,
    -1.0822453283675453,
    -1.083105056862806,
    -1.0839712009101632,
    -1.0848432476075578,
    -1.0857206989594947,
    -1.0866030713587413,
    -1.0874898953031849,
    -1.0883807136804604,
    -1.0892750769823607,
    -1.0901725273663172,
    -1.091072522225002,
    -1.0919476832490083,
    -1.0927476332551669,
    -1.093477572068266,
    -1.0941908524436876,
    -1.0949120468315434,
    -1.0956401202674095,
    -1.0963599129434167,
    -1.0970578074505994,
    -1.0977491170804694,
    -1.0984481498936658,
    -1.099154324134708,
    -1.0998410250161335,
    -1.100482546196407,
    -1.1011060599530373,
    -1.1017380750636383,
    -1.1023783708744397,
    -1.1030267620729803,
    -1.103682946151353,
    -1.1043464482507985,
    -1.1050167676899951,
    -1.1056933276917715,
    -1.1063753841066448,
    -1.107061940731058,
    -1.1077058668971942,
    -1.1082624578300995,
    -1.108781517521669,
    -1.1093066916195007,
    -1.109818885663944,
    -1.1103064810475962,
    -1.1107806057168224,
    -1.1112506513961102,
    -1.111725195335554,
    -1.1122111875938148,
    -1.11270813416582,
    -1.1132154512295662,
    -1.1137325924623818,
    -1.1142590344272036,
    -1.1147942165057212,
    -1.1153375214745322,
    -1.1158882905177827,
    -1.1164199117366385,
    -1.1169061752431992,
    -1.1173739686654847,
    -1.11785070302771,
    -1.1183367888208617,
    -1.1188318305288871,
    -1.119335377005607,
    -1.1198469613046573,
    -1.1203661182873859,
    -1.120892392310527,
    -1.1214253404916605,
    -1.1219645336847996,
    -1.1225095566142287,
    -1.1230600077452702,
    -1.1236154990388718,
    -1.1241756556478104,
    -1.1247401155834589,
    -1.1253085293675194,
    -1.1258805596767356,
    -1.126455880988399,
    -1.1270341792337186,
    -1.1276151514612311,
    -1.1281985055084267,
    -1.1287839596795384,
    -1.1293712424302593,
    -1.1299600920616244,
    -1.1305502564230652,
    -1.1311414926232892,
    -1.131733566749254,
    -1.1323262535938545,
    -1.1329193363919243,
    -1.1335126065633934,
    -1.1341058634626768,
    -1.1346989141352977,
    -1.1352915730826165,
    -1.1358836620333663,
    -1.1364750097206158,
    -1.1370654516641667,
    -1.1376548299596034,
    -1.1382429930743176,
    -1.138829795649038,
    -1.1394150983045244,
    -1.1399987674545473,
    -1.1405806751252285,
    -1.1411606987786513,
    -1.1417387211392769,
    -1.142314630025879,
    -1.1428883181891203,
    -1.1434596831511556,
    -1.1440286270498903,
    -1.144595056487981,
    -1.14515888237948,
    -1.1457200197970703,
    -1.1462783878194813,
    -1.1468339093650715,
    -1.1473865110223074,
    -1.1479361228887353,
    -1.1484826783905877,
    -1.149026114092471,
    -1.1495663694978666,
    -1.1501033866434256,
    -1.1506371089039875,
    -1.151167474571303,
    -1.1516943742999992,
    -1.1522175028098909,
    -1.152736033396149,
    -1.1532486331590155,
    -1.1537550041225637,
    -1.1542565276541752,
    -1.1547543612122269,
    -1.1552487357071801,
    -1.1557396645416056,
    -1.1562271369954484,
    -1.1567111303603579,
    -1.157191602594311,
    -1.1576685040913883,
    -1.158141801432575,
    -1.1586114715812825,
    -1.1590774776859247,
    -1.1595397892780726,
    -1.1599984135201085,
    -1.1604533659090488,
    -1.1609046265357046,
    -1.1613521473873993,
    -1.1617958907602441,
    -1.1622358014662988,
    -1.1626230804951085,
    -1.1628987905679884,
    -1.1631036823008374,
    -1.163301132557931,
    -1.1635035854653917,
    -1.163710939285295,
    -1.1639229716721153,
    -1.164139439600143,
    -1.1643601006722757,
    -1.1645847181272422,
    -1.1648130620720272,
    -1.1650449097882094,
    -1.165280045779836,
    -1.1655182617118565,
    -1.1657593562876476,
    -1.1660031350915094,
    -1.1662494104123764,
    -1.166498001060065,
    -1.1667487321808219,
    -1.1670014350759144,
    -1.1672559470242354,
    -1.1675121111083249,
    -1.1677697760437895,
    -1.168028796012563,
    -1.168289030500059,
    -1.1685503441361573,
    -1.1688126065402944,
    -1.1690756921708743,
    -1.169339480178896,
    -1.1696038542656901,
    -1.1698687025446606,
    -1.1701339174069394,
    -1.1703993953908494,
    -1.1706650370551233,
    -1.1709307468557961,
    -1.1711964330266342,
    -1.1714620074629911,
    -1.1717273856089996,
    -1.171992486348024,
    -1.1722572318962845,
    -1.1725215476995625,
    -1.1727853623329079,
    -1.1730486074032458,
    -1.1733112174548181,
    -1.1735731298773684,
    -1.173834284817005,
    -1.1740946250896516,
    -1.1743540960970231,
    -1.17461264574507,
    -1.1748702243648057,
    -1.1751267846354398,
    -1.175382281509744,
    -1.175636672141607,
    -1.1758899158157152,
    -1.1761419738793102,
    -1.1763928096759368,
    -1.1766423884811377,
    -1.1768906774400454,
    -1.1771376455068088,
    -1.1773832633858081,
    -1.1776275034745973,
    -1.1778703398085315,
    -1.178111748007027,
    -1.1783517052214119,
    -1.1785901900843176,
    -1.178827182660568,
    -1.1790626643995326,
    -1.179296618088893,
    -1.179529027809772,
    -1.1797598788931944,
    -1.1799891578778423,
    -1.1802168524690788,
    -1.1804429514991979,
    -1.18066744488887,
    -1.1808903236097403,
    -1.1811115796481355,
    -1.181331205969862,
    -1.1815491964860527,
    -1.1817655460200516,
    -1.181980250275287,
    -1.182193305804115,
    -1.1824047099775967,
    -1.1826144609561844,
    -1.1828225576613043,
    -1.1830289997478058,
    -1.1832337875772525,
    -1.1834369221920238,
    -1.1836384052902045,
    -1.1838382392012443,
    -1.184036426862364,
    -1.1842329717956883,
    -1.1844278780860744,
    -1.1846211503596251,
    -1.1848127937628592,
    -1.1850028139425328,
    -1.1851912170260779,
    -1.185378009602648,
    -1.185563198704755,
    -1.1857467917904718,
    -1.185928796726184,
    -1.1861092217698783,
    -1.1862880755549579,
    -1.1864653670745708,
    -1.1866411056664277,
    -1.1868153009980908,
    -1.1869879630527302,
    -1.1871591021153303,
    -1.1873287287593361,
    -1.1874968538337296,
    -1.1876634884505133,
    -1.1878286439725878,
    -1.1879923320020203,
    -1.1881545643686866,
    -1.1883153531192883,
    -1.188474710506728,
    -1.1886326489798238,
    -1.1887891811733566,
    -1.1889443198984353,
    -1.1890980781331808,
    -1.189250469013716,
    -1.1894015058254461,
    -1.189551201994633,
    -1.1896995710802452,
    -1.1898466267660792,
    -1.1899923828531436,
    -1.190136853252307,
    -1.1902800519772023,
    -1.1904219931373685,
    -1.1905626909316167,
    -1.1907021596416167,
    -1.1908404136257038,
    -1.1909774673128986,
    -1.1911133351971346,
    -1.1912480318316987,
    -1.1913815718238692,
    -1.191513969829735,
    -1.1916452405491909,
    -1.191775398721105,
    -1.1919044591186596,
    -1.192032436544862,
    -1.1921593458282111,
    -1.1922852018185228,
    -1.1924100193829033,
    -1.1925338134018701,
    -1.1926565987656217,
    -1.1927783903704454,
    -1.1928992031152599,
    -1.1930190518982817,
    -1.19313795161382,
    -1.1932559171491952,
    -1.1933729633817716,
    -1.1934891051761103,
    -1.193604357381232,
    -1.1937187348279843,
    -1.1938322523265195,
    -1.1939449246638687,
    -1.1940567666016149,
    -1.1941677928736645,
    -1.1942780181841093,
    -1.194387457205179,
    -1.1944961245752783,
    -1.1946040348971072,
    -1.1947112027358602,
    -1.1948176426175114,
    -1.1949233690271728,
    -1.1950283964075235,
    -1.19513273915731,
    -1.1952364116299157,
    -1.1953394281320016,
    -1.1954418029222194,
    -1.1955435502099994,
    -1.1956446841543833,
    -1.1957452188629112,
    -1.1958451683905544,
    -1.1959445467387104,
    -1.1960433678542575,
    -1.1961416456286655,
    -1.196239393897165,
    -1.1963366264379485,
    -1.1964333569714163,
    -1.1965295991594613,
    -1.1966253666048035,
    -1.1967206728503657,
    -1.1968155313786961,
    -1.1969099556114366,
    -1.1970039589088173,
    -1.1970975545691864,
    -1.1971907558285713,
    -1.1972835758602707,
    -1.1973760277744814,
    -1.1974681246179544,
    -1.197559879373679,
    -1.1976513049606001,
    -1.1977424142333668,
    -1.1978332199821071,
    -1.1979237349322265,
    -1.1980139717442322,
    -1.1981039430135825,
    -1.1981936612705648,
    -1.1982831389801927,
    -1.198372388542123,
    -1.1984614222905978,
    -1.1985502524944065,
    -1.1986388913568664,
    -1.198727351015821,
    -1.198815643543652,
    -1.1989037809473089,
    -1.198991775168354,
    -1.1990796380830369,
    -1.1991673815023811,
    -1.1992550171722924,
    -1.1993425567736768,
    -1.1994300119225745,
    -1.1995173941703026,
    -1.1996047150036155,
    -1.1996919858448778,
    -1.1997792180522446,
    -1.1998664229198555,
    -1.1999536116780298,
    -1.2000407954934784,
    -1.200127985469525,
    -1.2002151926463385,
    -1.2003024280011798,
    -1.2003897024486516,
    -1.2004770268409624,
    -1.2005644119681917,
    -1.2006518685585668,
    -1.200739407278747,
    -1.2008270387341158,
    -1.2009147734690784,
    -1.2010026219673597,
    -1.2010905946523107,
    -1.2011787018872144,
    -1.2012669539756045,
    -1.2013553611615817,
    -1.2014439336301401,
    -1.2015326815074965,
    -1.2016216148614214,
    -1.2017107437015782,
    -1.2018000779798614,
    -1.2018896275907414,
    -1.2019794023716097,
    -1.2020694121031312,
    -1.2021596665095988,
    -1.2022501752592873,
    -1.2023409479648142,
    -1.2024319941834936,
    -1.2025233234176997,
    -1.2026149451152286,
    -1.2027068686696627,
    -1.2027991034207408,
    -1.2028916586547258,
    -1.202984543604771,
    -1.2030777674512914,
    -1.203171339322329,
    -1.2032652682939242,
    -1.203359563390485,
    -1.2034542335851603,
    -1.2035492878002108,
    -1.2036447349073864,
    -1.2037405837282964,
    -1.2038368430347803,
    -1.20393352154928,
    -1.2040306279452118,
    -1.2041281708473415,
    -1.2042261588321548,
    -1.204324600428228,
    -1.2044235041165963,
    -1.2045228783311202,
    -1.2046227314588558,
    -1.2047230718404187,
    -1.2048239077703518,
    -1.2049252474974892,
    -1.2050270992253191,
    -1.205129471112348,
    -1.2052323712724593,
    -1.2053358077752758,
    -1.2054397886465154,
    -1.205544321868351,
    -1.205649415379767,
    -1.2057550770769119,
    -1.205861314813453,
    -1.2059681364009263,
    -1.2060755496090936,
    -1.2061835621662917,
    -1.2062921817597805,
    -1.2064014160360879,
    -1.2065112726013523,
    -1.2066217590216628,
    -1.206732882823396,
    -1.206844651493557,
    -1.2069570724801164,
    -1.2070701531923498,
    -1.2071839010011673,
    -1.207298323239447,
    -1.207413427202362,
    -1.2075292201477132,
    -1.2076457092962538,
    -1.2077629018320077,
    -1.2078808049025895,
    -1.2079994256195243,
    -1.2081187710585726,
    -1.2082388482600526,
    -1.2083596642291514,
    -1.2084812259362336,
    -1.2086035403171422,
    -1.2087266142735016,
    -1.2088504546730188,
    -1.2089750683497802,
    -1.2091004621045527,
    -1.2092266427050744,
    -1.2093536168863535,
    -1.2094813913509614,
    -1.2096099727693306,
    -1.209739367780039,
    -1.2098695829900934,
    -1.210000624975209,
    -1.2101325002800838,
    -1.2102652154186706,
    -1.21039877687444,
    -1.2105331911006398,
    -1.2106684645205545,
    -1.2108046035277715,
    -1.2109416144864542,
    -1.2110795037316047,
    -1.2112182775693208,
    -1.2113579422770389,
    -1.2114985041037658,
    -1.2116399692703028,
    -1.211782343969461,
    -1.2119256343662692,
    -1.2120698465981667,
    -1.2122149867751852,
    -1.2123610609801034,
    -1.2125080752685908,
    -1.2126560356693812,
    -1.2128049481844851,
    -1.212954818789389,
    -1.2131056534331826,
    -1.213257458038604,
    -1.2134102385020271,
    -1.2135640006934179,
    -1.213718750456231,
    -1.2138744936072239,
    -1.2140312359361443,
    -1.214188983205205,
    -1.2143477339775863,
    -1.2145074867871128,
    -1.2146682401366977,
    -1.2148299924960095,
    -1.2149927422986875,
    -1.2151564879392633,
    -1.2153212277688912,
    -1.2154869600892149,
    -1.2156536831448508,
    -1.2158213951155188,
    -1.2159900941076989,
    -1.2161597781427846,
    -1.216330445135465,
    -1.2165020928530528,
    -1.216674718843759,
    -1.2168483203210012,
    -1.2170228939762286,
    -1.2171984356552499,
    -1.2173749398199136,
    -1.2175523984952665,
    -1.217730798564806,
    -1.2179101156695646,
    -1.218090299831271,
    -1.2182711977822227,
    -1.2184110043909064,
    -1.2184689341532555,
    -1.2184888556342697,
    -1.2185142384039946,
    -1.2185454457246219,
    -1.2185821506314454,
    -1.218624333313971,
    -1.2186723627710307,
    -1.218726344073684,
    -1.2187542701207303,
    -1.2187249188434344,
    -1.2186717098599509,
    -1.21862721272495,
    -1.218590663033566,
    -1.218561803183127,
    -1.2185416140429888,
    -1.2185307388552364,
    -1.2185290360108103,
    -1.2185361598325848,
    -1.2185517485057529,
    -1.2185755453737857,
    -1.2186073452957884,
    -1.2186464441008003,
    -1.218672054261801,
    -1.2186633902370818,
    -1.21864055452774,
    -1.2186256041104717,
    -1.2185227018204847,
    -1.2182381255665005,
    -1.2178761430427876,
    -1.2175377076983809,
    -1.217222685274577,
    -1.2169304321856032,
    -1.216660260297786,
    -1.2164114522069092,
    -1.2161820284053242,
    -1.215956459868248,
    -1.2157223636366001,
    -1.2154951929940736,
    -1.2152885919604615,
    -1.2151019899032316,
    -1.2149347919694515,
    -1.2147864102982195,
    -1.214656270588296,
    -1.2145438137279152,
    -1.2144484960945077,
    -1.2143697894636125,
    -1.2143071807662333,
    -1.2142601717670571,
    -1.2142282787079144,
    -1.2142110319380215,
    -1.2142079755379271,
    -1.2142186669426738,
    -1.2142426765701462,
    -1.2142795874578491,
    -1.2143289949079685,
    -1.2143905061403422,
    -1.2144637399538512,
    -1.2145483263965084,
    -1.214643906444169,
    -1.2147501316878304,
    -1.2148666640294998,
    -1.2149931753864904,
    -1.2151293474039409,
    -1.215274871175333,
    -1.2154294469708247,
    -1.215592783973236,
    -1.2157646000214961,
    -1.2159446213613383,
    -1.2161325824029874,
    -1.2163282254856977,
    -1.216531300649002,
    -1.216741565410472,
    -1.2169587845497656,
    -1.2171827298987805,
    -1.2174131801377739,
    -1.2176499205972386,
    -1.2178927430653943,
    -1.2181414456011497,
    -1.21839583235239,
    -1.2186557133794216,
    -1.2189209044834255,
    -1.2191912270397902,
    -1.2194665078361777
]