[
    -1.0908032090817805,
    -1.0908086556936847,
    -1.0919281176075546,
    -1.0919302725139677,
    -1.091932154645915,
    -1.0919337724730547,
    -1.0919351342053496,
    -1.0919362478006545,
    -1.0919371209720954,
    -1.0919377611952312,
    -1.0919381757150166,
    -1.0919383715525615,
    -1.0919383555117004,
    -1.0919381341853738,
    -1.0919377139618252,
    -1.0919371010306245,
    -1.0919363013885155,
    -1.0919353208451006,
    -1.0919341650283576,
    -1.0919328393900032,
    -1.0919313492107008,
    -1.09192969960512,
    -1.0919278955268488,
    -1.09192594177317,
    -1.091923842989696,
    -1.091921603674873,
    -1.0919192281843553,
    -1.0919167207352543,
    -1.0919140854102671,
    -1.0919113261616828,
    -1.0919084468152795,
    -1.091905451074103,
    -1.0919023425221417,
    -1.0918991246278926,
    -1.0918958007478277,
    -1.0918923741297573,
    -1.0918888479160993,
    -1.0918852251470548,
    -1.0918815087636884,
    -1.0918777016109233,
    -1.091873806440449,
    -1.091869825913544,
    -1.0918657626038197,
    -1.0918616189998822,
    -1.091857397507919,
    -1.0918531004542102,
    -1.0918487300875674,
    -1.0918442885817017,
    -1.0918397780375226,
    -1.0918352004853695,
    -1.0918305578871812,
    -1.0918258521385995,
    -1.0918210850710195,
    -1.0918162584535718,
    -1.0918113739950503,
    -1.0918064333457813,
    -1.0918014380994387,
    -1.0917963897948104,
    -1.091791289917509,
    -1.0917861399016393,
    -1.0917809411314083,
    -1.0917756949426973,
    -1.0917704026245765,
    -1.0917650654207838,
    -1.0917596845311568,
    -1.091754261113028,
    -1.091748796282577,
    -1.091743291116141,
    -1.0917377466514866,
    -1.0917321638890427,
    -1.0917265437931027,
    -1.091720887292988,
    -1.0917151952841808,
    -1.0917094686294178,
    -1.091703708159759,
    -1.0916979146756145,
    -1.0916920889477477,
    -1.091686231718244,
    -1.0916803437014586,
    -1.0916744255849327,
    -1.0916684780302812,
    -1.0916625016740549,
    -1.0916564971285734,
    -1.0916504649827403,
    -1.0916444058028343,
    -1.0916383201332758,
    -1.0916322084973684,
    -1.0916260713980175,
    -1.0916199093184251,
    -1.0916137227227674,
    -1.0916075120568516,
    -1.0916012777487523,
    -1.0915950202094327,
    -1.0915887398333408,
    -1.0915824369989917,
    -1.0915761120695258,
    -1.0915697653932563,
    -1.0915633973042014,
    -1.091557008122596,
    -1.0915505981553948,
    -1.09154416769675,
    -1.0915377170284775,
    -1.0915312464205098,
    -1.0915247561313375,
    -1.0915182464084376,
    -1.0915117174886921,
    -1.091505169598788,
    -1.0914986029556062,
    -1.0914920177665957,
    -1.091485414230136,
    -1.0914787925358966,
    -1.0914721528651803,
    -1.0914654953912617,
    -1.0914588202797115,
    -1.0914521276887132,
    -1.0914454177693598,
    -1.091438690665944,
    -1.0914319465162412,
    -1.0914251854517876,
    -1.0914184075981488,
    -1.0914116130751759,
    -1.0914048019972522,
    -1.0913979744735332,
    -1.0913911306081816,
    -1.0913842705005927,
    -1.0913773942456184,
    -1.0913705019337832,
    -1.0913635936514887,
    -1.091356669481205,
    -1.091349729501658,
    -1.0913427737880186,
    -1.0913358024120827,
    -1.0913288154424596,
    -1.0913218129447422,
    -1.091314794981678,
    -1.091307761613324,
    -1.0913007128972054,
    -1.0912936488884641,
    -1.091286569640002,
    -1.0912794752026116,
    -1.0912723656250998,
    -1.0912652409544166,
    -1.0912581012357832,
    -1.091250946512821,
    -1.0912437768276702,
    -1.0912365922211011,
    -1.0912293927326244,
    -1.0912221784005962,
    -1.091214949262315,
    -1.0912077053541231,
    -1.0912004467114973,
    -1.091193173369132,
    -1.091185885361029,
    -1.0911785827205784,
    -1.091171265480645,
    -1.09116393367364,
    -1.091156587331601,
    -1.0911492264862543,
    -1.0911418511690845,
    -1.0911344614113916,
    -1.0911270572443579,
    -1.0911196386991073,
    -1.0911122058067573,
    -1.0911047585984681,
    -1.0910972971054902,
    -1.0910898213592197,
    -1.0910823313912463,
    -1.0910748272334048,
    -1.0910673089178173,
    -1.0910597764769385,
    -1.0910522299435954,
    -1.0910446693510296,
    -1.091037094732938,
    -1.0910295061235096,
    -1.0910219035574609,
    -1.0910142870700679,
    -1.0910066566972052,
    -1.0909990124753794,
    -1.0909913544417673,
    -1.0909836826342487,
    -1.0909759970914379,
    -1.0909682978527167,
    -1.0909605849582606,
    -1.090952858449068,
    -1.0909451183669854,
    -1.0909373647547322,
    -1.090929597655924,
    -1.0909218171150952,
    -1.0909140231777186,
    -1.0909062158902258,
    -1.0908983953000264,
    -1.0908905614555247,
    -1.0908827144061364,
    -1.0908748542023048,
    -1.0908669808955151,
    -1.0908590945383074,
    -1.0908511951842907,
    -1.090843282888154,
    -1.090835357705678,
    -1.0908274196937455,
    -1.0908194689103516,
    -1.0908115054146115,
    -1.0908035292667695,
    -1.090795540528208,
    -1.0907875392614517,
    -1.0907795255301767,
    -1.0907714993992144,
    -1.0907634609345578,
    -1.0907554102033659,
    -1.090747347273968,
    -1.0907392722158673,
    -1.0907311850997456,
    -1.0907230859974633,
    -1.0907149749820635,
    -1.0907068521277747,
    -1.09069871751001,
    -1.0906905712053705,
    -1.0906824132916428,
    -1.0906742438478023,
    -1.0906660629540113,
    -1.0906578706916197,
    -1.0906496671431636,
    -1.090641452392364,
    -1.090633226524125,
    -1.0906249896245324,
    -1.0906167417808534,
    -1.0906084830815317,
    -1.0906002136161874,
    -1.0905919334756125,
    -1.0905836427517697,
    -1.090575341537788,
    -1.0905670299279597,
    -1.0905587080177372,
    -1.0905503759037287,
    -1.0905420336836937,
    -1.0905336814565398,
    -1.0905253193223179,
    -1.0905169473822176,
    -1.0905085657385627,
    -1.090500174494805,
    -1.0904917737555218,
    -1.0904833636264082,
    -1.0904749442142743,
    -1.0904665156270383,
    -1.0904580779737214,
    -1.0904496313644434,
    -1.0904411759104136,
    -1.09043271172393,
    -1.0904242389183691,
    -1.0904157576081825,
    -1.0904072679088899,
    -1.0903987699370732,
    -1.0903902638103693,
    -1.0903817496474666,
    -1.0903732275680953,
    -1.0903646976930235,
    -1.09035616014405,
    -1.0903476150439972,
    -1.090339062516707,
    -1.090330502687031,
    -1.0903219356808271,
    -1.0903133616249507,
    -1.0903047806472503,
    -1.090296192876558,
    -1.0902875984426865,
    -1.0902789974764193,
    -1.090270390109506,
    -1.0902617764746554,
    -1.0902531567055276,
    -1.0902445309367301,
    -1.0902358993038086,
    -1.0902272619432425,
    -1.0902186189924368,
    -1.0902099705897164,
    -1.0902013168743185,
    -1.0901926579863879,
    -1.090183994066967,
    -1.0901753252579933,
    -1.0901666517022888,
    -1.0901579735435567,
    -1.0901492909263744,
    -1.0901406039961838,
    -1.090131912899291,
    -1.0901232177828526,
    -1.0901145187948746,
    -1.090105816084203,
    -1.0900971098005177,
    -1.0900884000943278,
    -1.090079687116963,
    -1.090070971020568,
    -1.0900622519580963,
    -1.090053530083302,
    -1.0900448055507344,
    -1.0900360785157317,
    -1.0900273491344141,
    -1.0900186175636792,
    -1.0900098839611947,
    -1.0900011484853904,
    -1.0899924112954542,
    -1.0899836725513226,
    -1.0899749324136758,
    -1.0899661910439302,
    -1.0899574486042343,
    -1.0899487052574586,
    -1.089939961167193,
    -1.0899312164977373,
    -1.0899224714140971,
    -1.0899137260819753,
    -1.0899049806677674,
    -1.0898962353385542,
    -1.0898874902620959,
    -1.089878745606827,
    -1.0898700015418494,
    -1.089861258236926,
    -1.0898525158624761,
    -1.089843774589569,
    -1.089835034589917,
    -1.0898262960358724,
    -1.0898175591004189,
    -1.0898088239571686,
    -1.0898000907803551,
    -1.0897913597448277,
    -1.089782631026047,
    -1.089773904800078,
    -1.0897651812435873,
    -1.0897564605338341,
    -1.089747742848669,
    -1.0897390283665247,
    -1.0897303172664146,
    -1.089721609727925,
    -1.089712905931211,
    -1.0897042060569915,
    -1.089695510286544,
    -1.0896868188016995,
    -1.0896781317848365,
    -1.0896694494188783,
    -1.0896607718872862,
    -1.0896520993740553,
    -1.0896434320637092,
    -1.089634770141296,
    -1.089626113792383,
    -1.0896174632030509,
    -1.0896088185598916,
    -1.0896001800500004,
    -1.0895915478609741,
    -1.0895829221809041,
    -1.0895743031983738,
    -1.0895656911024512,
    -1.0895570860826878,
    -1.0895484883291113,
    -1.0895398980322222,
    -1.08953131538299,
    -1.0895227405728467,
    -1.0895141737936853,
    -1.0895056152378528,
    -1.0894970650981477,
    -1.089488523567815,
    -1.089479990840542,
    -1.0894714671104537,
    -1.0894629525721105,
    -1.089454447420501,
    -1.0894459518510409,
    -1.0894374660595674,
    -1.0894289902423349,
    -1.0894205245960127,
    -1.0894120693176788,
    -1.0894036246048182,
    -1.0893951906553179,
    -1.0893867676674625,
    -1.0893783558399315,
    -1.0893699553717955,
    -1.0893615664625118,
    -1.0893531893119204,
    -1.089344824120242,
    -1.0893364710880722,
    -1.0893281304163798,
    -1.0893198023065014,
    -1.08931148696014,
    -1.0893031845793588,
    -1.089294895366581,
    -1.0892866195245827,
    -1.0892783572564926,
    -1.0892701087657861,
    -1.0892618742562836,
    -1.0892536539321471,
    -1.0892454479978748,
    -1.0892372566583015,
    -1.0892290801185913,
    -1.0892209185842372,
    -1.0892127722610565,
    -1.0892046413551884,
    -1.0891965260730898,
    -1.0891884266215335,
    -1.089180343207604,
    -1.0891722760386944,
    -1.0891642253225047,
    -1.0891561912670364,
    -1.0891481740805926,
    -1.0891401739717714,
    -1.0891321911494662,
    -1.0891242258228606,
    -1.089116278201427,
    -1.089108348494922,
    -1.0891004369133856,
    -1.0890925436671368,
    -1.0890846689667713,
    -1.0890768130231592,
    -1.089068976047441,
    -1.089061158251027,
    -1.0890533598455918,
    -1.089045581043075,
    -1.0890378220556747,
    -1.089030083095849,
    -1.0890223643763095,
    -1.0890146661100217,
    -1.0890069885102014,
    -1.088999331790311,
    -1.0889916961640593,
    -1.088984081845397,
    -1.0889764890485158,
    -1.0889689179878441,
    -1.0889613688780475,
    -1.0889538419340228,
    -1.0889463373708983,
    -1.088938855404031,
    -1.088931396249002,
    -1.0889239601216174,
    -1.088916547237904,
    -1.0889091578141081,
    -1.088901792066692,
    -1.088894450212333,
    -1.08888713246792,
    -1.0888798390505527,
    -1.088872570177538,
    -1.088865326066388,
    -1.0888581069348193,
    -1.0888509130007489,
    -1.0888437444822938,
    -1.0888366015977664,
    -1.088829484565675,
    -1.0888223936047194,
    -1.0888153289337912,
    -1.0888082907719703,
    -1.0888012793385258,
    -1.0887942948529132,
    -1.0887873375347716,
    -1.0887804076039227,
    -1.0887735052803666,
    -1.088766630784282,
    -1.0887597843360206,
    -1.0887529661561086,
    -1.0887461764652415,
    -1.0887394154842842,
    -1.0887326834342668,
    -1.0887259805363863,
    -1.0887193070120038,
    -1.088712663082642,
    -1.088706048969986,
    -1.0886994648958805,
    -1.0886929110823296,
    -1.0886863877514927,
    -1.0886798951256815,
    -1.0886734334273578,
    -1.0886670028791354,
    -1.0886606037037756,
    -1.0886542361241873,
    -1.0886479003634224,
    -1.0886415966446779,
    -1.0886353251912908,
    -1.0886290862267347,
    -1.0886228799746172,
    -1.088616706658681,
    -1.0886105665028087,
    -1.0886044597310338,
    -1.088598386567548,
    -1.0885923472366996,
    -1.0885863419629833,
    -1.0885803709710296,
    -1.088574434485617,
    -1.088568532731684,
    -1.0885626659343326,
    -1.0885568343188246,
    -1.088551038110572,
    -1.0885452775351383,
    -1.0885395528182427,
    -1.0885338641857747,
    -1.0885282118638022,
    -1.0885225960785856,
    -1.088517017056586,
    -1.0885114750244638,
    -1.0885059702090865,
    -1.088500502837543,
    -1.0884950731371446,
    -1.0884896813354055,
    -1.0884843276600367,
    -1.0884790123389307,
    -1.0884737356001244,
    -1.0884684976717454,
    -1.0884632987819867,
    -1.0884581391590986,
    -1.0884530190313841,
    -1.0884479386272023,
    -1.0884428978586054,
    -1.088437896637714,
    -1.088432934876724,
    -1.088428012487908,
    -1.0884231293836117,
    -1.0884182854762616,
    -1.088413480678364,
    -1.0884087149025117,
    -1.088403988061381,
    -1.0883993000677261,
    -1.088394650834382,
    -1.0883900402742648,
    -1.0883854683003749,
    -1.0883809348257922,
    -1.0883764397636784,
    -1.0883719830272696,
    -1.0883675645298783,
    -1.0883631841848884,
    -1.088358841905763,
    -1.0883545376060473,
    -1.0883502711993682,
    -1.088346042599428,
    -1.0883418517200012,
    -1.0883376984749376,
    -1.088333582778161,
    -1.0883295045436716,
    -1.0883254636855448,
    -1.0883214601179336,
    -1.088317493755065,
    -1.0883135645112376,
    -1.088309672300825,
    -1.0883058170382751,
    -1.0883019986381144,
    -1.0882982170149453,
    -1.0882944720834467,
    -1.0882907637583716,
    -1.088287091954546,
    -1.0882834565868662,
    -1.0882798575702992,
    -1.0882762948198768,
    -1.0882727682506905,
    -1.088269277777894,
    -1.0882658233167015,
    -1.0882624047823868,
    -1.0882590220902764,
    -1.0882556751557528,
    -1.0882523638942527,
    -1.0882490882212743,
    -1.0882458480523807,
    -1.0882426433031982,
    -1.0882394738894101,
    -1.0882363397267534,
    -1.0882332407310213,
    -1.0882301768180607,
    -1.0882271479037735,
    -1.0882241539041184,
    -1.0882211947351126,
    -1.0882182703128302,
    -1.0882153805534014,
    -1.088212525373009,
    -1.0882097046878954,
    -1.088206918414362,
    -1.0882041664687667,
    -1.0882014487675238,
    -1.0881987652270992,
    -1.088196115764015,
    -1.0881935002948473,
    -1.0881909187362304,
    -1.0881883710048534,
    -1.0881858570174638,
    -1.0881833766908644,
    -1.0881809299419103,
    -1.0881785166875095,
    -1.0881761368446201,
    -1.0881737903302502,
    -1.088171477061458,
    -1.0881691969553506,
    -1.0881669499290836,
    -1.0881647358998576,
    -1.0881625547849163,
    -1.0881604065015509,
    -1.0881582909670986,
    -1.0881562080989446,
    -1.0881541578145184,
    -1.0881521400312912,
    -1.0881501546667782,
    -1.0881482016385362,
    -1.0881462808641642,
    -1.0881443922612986,
    -1.0881425357476187,
    -1.088140711240848,
    -1.088138918658758,
    -1.0881371579191672,
    -1.088135428939939,
    -1.0881337316389819,
    -1.0881320659342462,
    -1.0881304317437255,
    -1.0881288289854563,
    -1.0881272575775154,
    -1.0881257174380206,
    -1.0881242084851306,
    -1.0881227306370431,
    -1.088121283811995,
    -1.0881198679282615,
    -1.0881184829041581,
    -1.0881171286580413,
    -1.0881158051083086,
    -1.088114512173398,
    -1.088113249771783,
    -1.0881120178219765,
    -1.0881108162425295,
    -1.088109644952031,
    -1.0881085038691027,
    -1.0881073929123963,
    -1.0881063120005947,
    -1.0881052610524107,
    -1.0881042399865903,
    -1.0881032487219142,
    -1.0881022871771968,
    -1.0881013552712842,
    -1.0881004529230554,
    -1.0880995800514197,
    -1.0880987365753187,
    -1.0880979224137235,
    -1.0880971374856352,
    -1.0880963817100848,
    -1.0880956550061327,
    -1.0880949572928689,
    -1.0880942884894143,
    -1.0880936485149222,
    -1.0880930372885753,
    -1.0880924547295856,
    -1.0880919007571923,
    -1.0880913752906645,
    -1.0880908782492997,
    -1.0880904095524238,
    -1.088089969119389,
    -1.0880895568695736,
    -1.0880891727223854,
    -1.088088816597259,
    -1.088088488413659,
    -1.088088188091075,
    -1.0880879155490246,
    -1.0880876707070504,
    -1.0880874534847216,
    -1.0880872638016348,
    -1.0880871015774118,
    -1.0880869667317028,
    -1.088086859184181,
    -1.088086778854547,
    -1.0880867256625224,
    -1.0880866995278569,
    -1.0880867003703212,
    -1.0880867281097122,
    -1.0880867826658502,
    -1.0880868639585788,
    -1.0880869719077673,
    -1.0880871064333095,
    -1.088087267455122,
    -1.0880874548931416,
    -1.088087668667327,
    -1.088087908697659,
    -1.0880881749041393,
    -1.0880884672067908,
    -1.0880887855256558,
    -1.088089129780798,
    -1.0880894998923014,
    -1.088089895780272,
    -1.0880903173648353,
    -1.088090764566138,
    -1.0880912373043465,
    -1.088091735499648,
    -1.0880922590722475,
    -1.0880928079423697,
    -1.088093382030256,
    -1.0880939812561656,
    -1.088094605540375,
    -1.08809525480318,
    -1.0880959289648942,
    -1.0880966279458502,
    -1.0880973516663988,
    -1.0880981000469074,
    -1.0880988730077632,
    -1.088099670469369,
    -1.0881004923521453,
    -1.0881013385765281,
    -1.0881022090629715,
    -1.0881031037319455,
    -1.088104022503938,
    -1.0881049652994534,
    -1.0881059320390105,
    -1.0881069226431443,
    -1.0881079370324054,
    -1.0881089751273616,
    -1.0881100368485956,
    -1.0881111221167068,
    -1.0881122308523092,
    -1.0881133629760322,
    -1.0881145184085195,
    -1.0881156970704282,
    -1.08811689888243,
    -1.0881181237652093,
    -1.088119371639467,
    -1.0881206424259156,
    -1.088121936045283,
    -1.0881232524183093,
    -1.0881245914657494,
    -1.0881259531083705,
    -1.0881273372669524,
    -1.0881287438622889,
    -1.0881301728151842,
    -1.0881316240464567,
    -1.0881330974769363,
    -1.0881345930274657,
    -1.0881361106189007,
    -1.0881376501721096,
    -1.0881392116079738,
    -1.0881407948473876,
    -1.0881423998112574,
    -1.0881440264205018,
    -1.0881456745960525,
    -1.0881473442588523,
    -1.0881490353298566,
    -1.0881507477300303,
    -1.0881524813803514,
    -1.0881542362018075,
    -1.0881560121153986,
    -1.088157809042135,
    -1.088159626903039,
    -1.0881614656191427,
    -1.088163325111489,
    -1.0881652053011328,
    -1.0881671061091374,
    -1.0881690274565787,
    -1.0881709692645423,
    -1.0881729314541249,
    -1.0881749139464334,
    -1.0881769166625852,
    -1.0881789395237078,
    -1.0881809824509383,
    -1.0881830453654249,
    -1.0881851281883241,
    -1.0881872308408045,
    -1.0881893532440414,
    -1.0881914953192218,
    -1.0881936569875408,
    -1.0881958381702033,
    -1.088198038788423,
    -1.0882002587634225,
    -1.0882024980164342,
    -1.0882047564686979,
    -1.0882070340414631,
    -1.088209330655987,
    -1.088211646233536,
    -1.0882139806953848,
    -1.0882163339628161,
    -1.0882187059571211,
    -1.0882210965996,
    -1.088223505811559,
    -1.0882259335143147,
    -1.0882283796291905,
    -1.088230844077517,
    -1.0882333267806346,
    -1.0882358276598891,
    -1.0882383466366359,
    -1.0882408836322366,
    -1.088243438568061,
    -1.088246011365486,
    -1.0882486019458952,
    -1.08825121023068,
    -1.0882538361412386,
    -1.0882564795989764,
    -1.088259140525305,
    -1.088261818841644,
    -1.0882645144694187,
    -1.0882672273300624,
    -1.088269957345013,
    -1.0882727044357172,
    -1.0882754685236269,
    -1.0882782495302006,
    -1.0882810473769031,
    -1.0882838619852062,
    -1.088286693276587,
    -1.0882895411725293,
    -1.0882924055945231,
    -1.088295286464064,
    -1.0882981837026546,
    -1.0883010972318026,
    -1.088304026973022,
    -1.0883069728478323,
    -1.0883099347777598,
    -1.0883129126843356,
    -1.0883159064890966,
    -1.0883189161135864,
    -1.0883219414793537,
    -1.0883249825079524,
    -1.0883280391209431,
    -1.0883311112398906,
    -1.0883341987863662,
    -1.0883373016819469,
    -1.0883404198482138,
    -1.0883435532067547,
    -1.088346701679162,
    -1.0883498651870334,
    -1.088353043651972,
    -1.0883562369955861,
    -1.0883594451394893,
    -1.0883626680053005,
    -1.0883659055146429,
    -1.088369157589146,
    -1.0883724241504438,
    -1.0883757051201743,
    -1.0883790004199823,
    -1.0883823099715162,
    -1.0883856336964295,
    -1.088388971516381,
    -1.0883923233530337,
    -1.088395689128056,
    -1.0883990687631202,
    -1.0884024621799044,
    -1.08840586930009,
    -1.0884092900453644,
    -1.0884127243374182,
    -1.0884161720979475,
    -1.0884196332486527,
    -1.0884231077112378,
    -1.0884265954074128,
    -1.0884300962588906,
    -1.0884336101873888,
    -1.08843713711463,
    -1.0884406769623403,
    -1.0884442296522492,
    -1.0884477951060925,
    -1.088451373245608,
    -1.088454963992539,
    -1.0884585672686315,
    -1.0884621829956365,
    -1.0884658110953085,
    -1.0884694514894058,
    -1.088473104099691,
    -1.0884767688479293,
    -1.0884804456558912,
    -1.08848413444535,
    -1.0884878351380824,
    -1.0884915476558699,
    -1.0884952719204957,
    -1.0884990078537484,
    -1.0885027553774187,
    -1.0885065144133017,
    -1.0885102848831956,
    -1.0885140667089015,
    -1.0885178598122243,
    -1.0885216641149724,
    -1.088525479538957,
    -1.088529306005993,
    -1.088533143437898,
    -1.0885369917564927,
    -1.0885408508836019,
    -1.088544720741052,
    -1.0885486012506735,
    -1.0885524923342995,
    -1.0885563939137664,
    -1.0885603059109128,
    -1.088564228247581,
    -1.088568160845615,
    -1.0885721036268634,
    -1.0885760565131763,
    -1.0885800194264064,
    -1.0885839922884102,
    -1.0885879750210459,
    -1.088591967546175,
    -1.0885959697856615,
    -1.0885999816613716,
    -1.0886040030951747,
    -1.0886080340089421,
    -1.088612074324548,
    -1.0886161239638688,
    -1.0886201828487838,
    -1.0886242509011734,
    -1.0886283280429223,
    -1.0886324141959158,
    -1.088636509282043,
    -1.088640613223194,
    -1.088644725941262,
    -1.0886488473581417,
    -1.0886529773957312,
    -1.0886571159759297,
    -1.0886612630206394,
    -1.0886654184517632,
    -1.0886695821912082,
    -1.0886737541608822,
    -1.0886779342826953,
    -1.0886821224785612,
    -1.088686318670393,
    -1.0886905227801082,
    -1.0886947347296252,
    -1.0886989544408643,
    -1.0887031818357484,
    -1.0887074168362016,
    -1.0887116593641504,
    -1.088715909341523,
    -1.0887201666902502,
    -1.0887244313322635,
    -1.0887287031894972,
    -1.0887329821838865,
    -1.0887372682373695,
    -1.0887415612718851,
    -1.088745861209375,
    -1.0887501679717824,
    -1.0887544814810517,
    -1.0887588016591307,
    -1.088763128427967,
    -1.088767461709512,
    -1.088771801425717,
    -1.0887761474985362,
    -1.0887804998499244,
    -1.0887848584018398,
    -1.08878922307624,
    -1.0887935937950863,
    -1.0887979704803408,
    -1.0888023530539668,
    -1.08880674143793,
    -1.088811135554197,
    -1.0888155353247362,
    -1.0888199406715173,
    -1.0888243515165121,
    -1.0888287677816935,
    -1.0888331893890355,
    -1.0888376162605145,
    -1.0888420483181076,
    -1.0888464854837931,
    -1.088850927679551,
    -1.0888553748273626,
    -1.0888598268492102,
    -1.088864283667078,
    -1.0888687452029513,
    -1.0888732113788173,
    -1.0888776821166632,
    -1.0888821573384795,
    -1.088886636966256,
    -1.0888911209219856,
    -1.088895609127661,
    -1.0889001015052773,
    -1.08890459797683,
    -1.0889090984643164,
    -1.088913602889735,
    -1.0889181111750854,
    -1.0889226232423685,
    -1.0889271390135857,
    -1.0889316584107411,
    -1.0889361813558385,
    -1.088940707770883,
    -1.0889452375778823,
    -1.0889497706988431,
    -1.088954307055775,
    -1.0889588465706874,
    -1.088963389165592,
    -1.0889679347625005,
    -1.0889724832834262,
    -1.088977034650383,
    -1.0889815887853866,
    -1.0889861456104533,
    -1.088990705047599,
    -1.0889952670188434,
    -1.0889998314462048,
    -1.089004398251704,
    -1.0890089673573609,
    -1.0890135386851982,
    -1.0890181121572389,
    -1.0890226876955067,
    -1.0890272652220263,
    -1.0890318446588239,
    -1.0890364259279253,
    -1.0890410089513582,
    -1.0890455936511514,
    -1.089050179949333,
    -1.089054767767934,
    -1.0890593570289848,
    -1.0890639476545174,
    -1.089068539566564,
    -1.089073132687158,
    -1.0890777269383336,
    -1.0890823222421255,
    -1.0890869185205696,
    -1.0890915156957013,
    -1.0890961136895587,
    -1.0891007124241785,
    -1.0891053118215994,
    -1.0891099118038605,
    -1.089114512293002,
    -1.0891191132110634,
    -1.0891237144800863,
    -1.0891283160221121,
    -1.0891329177591835,
    -1.0891375196133435,
    -1.0891421215066348,
    -1.0891467233611027,
    -1.089151325098791,
    -1.0891559266417457,
    -1.0891605279120118,
    -1.089165128904155,
    -1.0891697296127392,
    -1.0891743300323309,
    -1.0891789301574955,
    -1.0891835299828,
    -1.0891881295028116,
    -1.0891927287120977,
    -1.089197327605227,
    -1.0892019261767671,
    -1.0892065244212883,
    -1.089211122333359,
    -1.0892157199075496,
    -1.08922031713843,
    -1.0892249140205716,
    -1.089229510548545,
    -1.0892341067169216,
    -1.0892387025202737,
    -1.089243297953173,
    -1.0892478930101928,
    -1.0892524876859058,
    -1.0892570819748855,
    -1.0892616758717062,
    -1.0892662693709418,
    -1.0892708624671672,
    -1.0892754551549568,
    -1.0892800474288864,
    -1.0892846392835307,
    -1.089289230713466,
    -1.0892938217132684,
    -1.0892984122775144,
    -1.0893030024007797,
    -1.0893075920776423,
    -1.0893121813026783,
    -1.0893167700704653,
    -1.0893213583755808,
    -1.089325946212603,
    -1.0893305335761096,
    -1.0893351204606792,
    -1.0893397068608894,
    -1.0893442927713195,
    -1.089348878186548,
    -1.089353463101154,
    -1.0893580475097178,
    -1.0893626314068183,
    -1.089367214787036,
    -1.0893717976449502,
    -1.0893763799751408,
    -1.0893809617721883,
    -1.0893855430306727,
    -1.0893901237451753,
    -1.0893947039102767,
    -1.089399283520559,
    -1.0894038625706033,
    -1.0894084410549922,
    -1.0894130189683082,
    -1.0894175963051342,
    -1.0894221730600533,
    -1.0894267492276477,
    -1.0894313248025023,
    -1.0894358997791993,
    -1.0894404741523236,
    -1.0894450479164584,
    -1.0894496210661877,
    -1.0894541935960955,
    -1.0894587655007661,
    -1.0894633367747837,
    -1.0894679074127331,
    -1.0894724774091986,
    -1.0894770467587638,
    -1.0894816154560136,
    -1.0894861834955314,
    -1.0894907508719023,
    -1.0894953175797095,
    -1.0894998836135383,
    -1.089504448967974,
    -1.0895090136376016,
    -1.0895135776170057,
    -1.0895181409007717,
    -1.089522703483485,
    -1.0895272653597308,
    -1.089531826524095,
    -1.0895363869711632,
    -1.0895409466955215,
    -1.0895455056917542,
    -1.0895500639544473,
    -1.0895546214781848,
    -1.0895591782575504,
    -1.0895637342871276,
    -1.089568289561499,
    -1.0895728440752468,
    -1.089577397822953,
    -1.0895819507991997,
    -1.0895865029985672,
    -1.0895910544156353,
    -1.0895956050449818,
    -1.0896001548811862,
    -1.0896047039188272,
    -1.0896092521524847,
    -1.0896137995767394,
    -1.0896183461861713,
    -1.0896228919753594,
    -1.089627436938881,
    -1.0896319810713133,
    -1.0896365243672328,
    -1.0896410668212178,
    -1.089645608427843,
    -1.089650149181684,
    -1.0896546890773149,
    -1.0896592281093105,
    -1.089663766272244,
    -1.0896683035606882,
    -1.089672839969217,
    -1.0896773754924056,
    -1.0896819101248303,
    -1.0896864438610685,
    -1.0896909766956977,
    -1.0896955086232925,
    -1.0897000396384255,
    -1.0897045697356624,
    -1.0897090989095668,
    -1.0897136271546992,
    -1.0897181544656211,
    -1.089722680836896,
    -1.0897272062630863,
    -1.0897317307387573,
    -1.0897362542584745,
    -1.089740776816807,
    -1.089745298408322,
    -1.0897498190275845,
    -1.0897543386691582,
    -1.0897588573276127,
    -1.0897633749975233,
    -1.0897678916734732,
    -1.0897724073500519,
    -1.089776922021855,
    -1.0897814356834852,
    -1.0897859483295513,
    -1.089790459954669,
    -1.0897949705534602,
    -1.08979948012055,
    -1.089803988650564,
    -1.0898084961381276,
    -1.0898130025778665,
    -1.0898175079644077,
    -1.0898220122923816,
    -1.0898265155564184,
    -1.089831017751146,
    -1.0898355188711906,
    -1.0898400189111783,
    -1.0898445178657332,
    -1.089849015729481,
    -1.0898535124970494,
    -1.0898580081630675,
    -1.0898625027221667,
    -1.0898669961689809,
    -1.0898714884981495,
    -1.0898759797043178,
    -1.0898804697821383,
    -1.0898849587262671,
    -1.0898894465313673,
    -1.0898939331921105,
    -1.089898418703177,
    -1.0899029030592509,
    -1.0899073862550162,
    -1.0899118682851572,
    -1.0899163491443606,
    -1.0899208288273212,
    -1.089925307328739,
    -1.089929784643316,
    -1.0899342607657518,
    -1.0899387356907466,
    -1.0899432094130048,
    -1.0899476819272396,
    -1.0899521532281748,
    -1.0899566233105424,
    -1.089961092169079,
    -1.089965559798524,
    -1.0899700261936263,
    -1.089974491349149,
    -1.089978955259871,
    -1.0899834179205767,
    -1.0899878793260533,
    -1.089992339471087,
    -1.089996798350463,
    -1.0900012559589616,
    -1.0900057122913591,
    -1.0900101673424287,
    -1.0900146211069428,
    -1.0900190735796758,
    -1.090023524755397,
    -1.0900279746288704,
    -1.090032423194851,
    -1.090036870448089,
    -1.090041316383331,
    -1.0900457609953231,
    -1.090050204278816,
    -1.0900546462285672,
    -1.0900590868393394,
    -1.0900635261058957,
    -1.0900679640230024,
    -1.0900724005854248,
    -1.090076835787928,
    -1.0900812696252786,
    -1.0900857020922416,
    -1.0900901331835813,
    -1.090094562894063,
    -1.0900989912184567,
    -1.0901034181515328,
    -1.0901078436880614,
    -1.090112267822806,
    -1.0901166905505275,
    -1.0901211118659855,
    -1.0901255317639431,
    -1.0901299502391604,
    -1.0901343672863955,
    -1.0901387829003983,
    -1.0901431970759101,
    -1.0901476098076628,
    -1.090152021090379,
    -1.0901564309187783,
    -1.0901608392875746,
    -1.0901652461914768,
    -1.0901696516251886,
    -1.0901740555834096,
    -1.0901784580608314,
    -1.0901828590521374,
    -1.0901872585520052,
    -1.0901916565551066,
    -1.090196053056111,
    -1.090200448049683,
    -1.0902048415304866,
    -1.0902092334931859,
    -1.090213623932445,
    -1.0902180128429249,
    -1.0902224002192824,
    -1.0902267860561667,
    -1.0902311703482233,
    -1.0902355530900898,
    -1.0902399342764002,
    -1.0902443139017814,
    -1.0902486919608536,
    -1.0902530684482314,
    -1.0902574433585206,
    -1.0902618166863245,
    -1.0902661884262395,
    -1.09027055857286,
    -1.0902749271207741,
    -1.0902792940645667,
    -1.090283659398817,
    -1.0902880231181016,
    -1.090292385216994,
    -1.0902967456900632,
    -1.0903011045318778,
    -1.090305461737002,
    -1.0903098173,
    -1.0903141712154343,
    -1.0903185234778676,
    -1.0903228740818596,
    -1.090327223021969,
    -1.0903315702927525,
    -1.0903359158887649,
    -1.0903402598045608,
    -1.0903446020346925,
    -1.0903489425737125,
    -1.0903532814161714,
    -1.0903576185566208,
    -1.0903619539896106,
    -1.090366287709691,
    -1.0903706197114107,
    -1.0903749499893187,
    -1.0903792785379642,
    -1.0903836053518954,
    -1.090387930425661,
    -1.0903922537538082,
    -1.0903965753308864,
    -1.0904008951514428,
    -1.0904052132100275,
    -1.0904095295011889,
    -1.0904138440194782,
    -1.090418156759446,
    -1.0904224677156438,
    -1.0904267768826243,
    -1.0904310842549405,
    -1.0904353898271462,
    -1.0904396935937961,
    -1.0904439955494467,
    -1.0904482956886545,
    -1.0904525940059782,
    -1.0904568904959757,
    -1.090461185153208,
    -1.0904654779722354,
    -1.0904697689476193,
    -1.0904740580739238,
    -1.0904783453457125,
    -1.0904826307575515,
    -1.090486914304007,
    -1.0904911959796473,
    -1.0904954757790415,
    -1.0904997536967602,
    -1.0905040297273751,
    -1.0905083038654595,
    -1.090512576105588,
    -1.0905168464423358,
    -1.0905211148702807,
    -1.0905253813840003,
    -1.0905296459780744,
    -1.090533908647084,
    -1.090538169385611,
    -1.0905424281882388,
    -1.090546685049552,
    -1.0905509399641369,
    -1.0905551929265798,
    -1.0905594439314694,
    -1.0905636929733955,
    -1.0905679400469488,
    -1.0905721851467207,
    -1.0905764282673054,
    -1.0905806694032965,
    -1.0905849085492902,
    -1.0905891456998829,
    -1.0905933808496726,
    -1.0905976139932583,
    -1.0906018451252393,
    -1.0906060742402177,
    -1.090610301332795,
    -1.0906145263975746,
    -1.0906187494291606,
    -1.090622970422158,
    -1.0906271893711728,
    -1.0906314062708122,
    -1.0906356211156838,
    -1.0906398339003969,
    -1.0906440446195607,
    -1.0906482532677855,
    -1.0906524598396834,
    -1.090656664329866,
    -1.090660866732947,
    -1.0906650670435398,
    -1.0906692652562593,
    -1.090673461365721,
    -1.0906776553665407,
    -1.090681847253336,
    -1.0906860370207243,
    -1.0906902246633237,
    -1.0906944101757525,
    -1.0906985935526314,
    -1.09070277478858,
    -1.0907069538782193,
    -1.0907111308161705,
    -1.0907153055970562,
    -1.090719478215498,
    -1.0907236486661203,
    -1.0907278169435457,
    -1.0907319830423985,
    -1.0907361469573036,
    -1.090740308682886,
    -1.0907444682137712,
    -1.0907486255445848,
    -1.090752780669954,
    -1.090756933584505,
    -1.0907610842828657,
    -1.090765232759663,
    -1.0907693790095256,
    -1.0907735230270819,
    -1.0907776648069596,
    -1.0907818043437896,
    -1.0907859416321997,
    -1.0907900766668206,
    -1.0907942094422822,
    -1.0907983399532148,
    -1.090802468194249,
    -1.0908065941600158,
    -1.090810717845146,
    -1.0908148392442714,
    -1.0908189583520234,
    -1.090823075163034,
    -1.0908271896719353,
    -1.0908313018733602,
    -1.090835411761942,
    -1.0908395193323137,
    -1.0908436245791098,
    -1.0908477274969637,
    -1.0908518280805102,
    -1.0908559263243838,
    -1.0908600222232199,
    -1.0908641157716532,
    -1.0908682069643194,
    -1.0908722957958537,
    -1.0908763822608918,
    -1.0908804663540703,
    -1.0908845480700247,
    -1.0908886274033918,
    -1.0908927043488077,
    -1.0908967789009099,
    -1.0909008510543345,
    -1.0909049208037196,
    -1.0909089881437024,
    -1.0909130530689202,
    -1.0909171155740114,
    -1.090921175653614,
    -1.0909252333023653,
    -1.0909292885149047,
    -1.0909333412858702,
    -1.0909373916098994,
    -1.0909414394816321,
    -1.0909454848957059,
    -1.0909495278467591,
    -1.0909535683294311,
    -1.0909576063383604,
    -1.090961641868186,
    -1.0909656749135468,
    -1.090969705469082,
    -1.09097373352943,
    -1.090977759089231,
    -1.0909817821431231,
    -1.0909858026857466,
    -1.0909898207117399,
    -1.0909938362157423,
    -1.0909978491923937,
    -1.0910018596363333,
    -1.0910058675422012,
    -1.0910098729046362,
    -1.0910138757182788,
    -1.0910178759777678,
    -1.091021873677744,
    -1.0910258688128465,
    -1.0910298613777158,
    -1.0910338513669917,
    -1.0910378387753135,
    -1.0910418235973225,
    -1.0910458058276578,
    -1.09104978546096,
    -1.0910537624918688,
    -1.091057736915025,
    -1.0910617087250676,
    -1.0910656779166379,
    -1.0910696444843755,
    -1.091073608422921,
    -1.0910775697269144,
    -1.0910815283909956,
    -1.0910854844098055,
    -1.0910894377779838,
    -1.0910933884901712,
    -1.091097336541008,
    -1.0911012819251338,
    -1.091105224637189,
    -1.0911091646718145,
    -1.0911131020236493,
    -1.0911170366873348,
    -1.09112096865751,
    -1.091124897928816,
    -1.0911288244958923,
    -1.0911327483533793,
    -1.0911366694959173,
    -1.0911405879181457,
    -1.0911445036147056,
    -1.0911484165802359,
    -1.0911523268093775,
    -1.09115623429677,
    -1.0911601390370533,
    -1.0911640410248677,
    -1.0911679402548526,
    -1.0911718367216485,
    -1.0911757304198948,
    -1.0911796213442315,
    -1.0911835094892983,
    -1.0911873948497355,
    -1.0911912774201817,
    -1.0911951571952776,
    -1.0911990341696627,
    -1.091202908337976,
    -1.0912067796948575,
    -1.0912106482349468,
    -1.0912145139528835,
    -1.0912183768433064,
    -1.0912222369008553,
    -1.0912260941201697,
    -1.0912299484958887,
    -1.0912338000226511,
    -1.0912376486950965,
    -1.0912414945078641,
    -1.0912453374555924,
    -1.091249177532921,
    -1.0912530147344879,
    -1.091256849054933,
    -1.0912606804888938,
    -1.09126450903101,
    -1.0912683346759198,
    -1.0912721574182616,
    -1.091275977252674,
    -1.091279794173795,
    -1.0912836081762634,
    -1.0912874192547166,
    -1.0912912274037936,
    -1.0912950326181317,
    -1.091298834892369,
    -1.091302634221143,
    -1.0913064305990916,
    -1.0913102240208525,
    -1.0913140144810636,
    -1.0913178019879428,
    -1.0913215865497092,
    -1.0913253681745814,
    -1.0913291468707775,
    -1.0913329226465165,
    -1.0913366955100157,
    -1.0913404654694938,
    -1.091344232533169,
    -1.0913479967092592,
    -1.0913517580059817,
    -1.091355516431555,
    -1.0913592719941962,
    -1.0913630247021227,
    -1.091366774563552,
    -1.0913705215867011,
    -1.0913742657797876,
    -1.091378007151028,
    -1.0913817457086397,
    -1.0913854814608386,
    -1.0913892144158424,
    -1.0913929445818669,
    -1.0913966719671289,
    -1.0914003965798447,
    -1.09140411842823,
    -1.0914078375205016,
    -1.0914115538648752,
    -1.0914152674695665,
    -1.0914189783427912,
    -1.0914226864927654,
    -1.0914263919277043,
    -1.0914300946558233,
    -1.0914337946853374,
    -1.0914374920244625,
    -1.0914411866814129,
    -1.0914448786644035,
    -1.0914485679816497,
    -1.0914522546413656,
    -1.0914559386517666,
    -1.091459620021066,
    -1.0914632987574793,
    -1.0914669748692198,
    -1.0914706483645022,
    -1.0914743192515401,
    -1.0914779875385476,
    -1.0914816532337386,
    -1.091485316345326,
    -1.091488976881524,
    -1.0914926348505454,
    -1.0914962902606034,
    -1.091499943119911,
    -1.0915035934366815,
    -1.0915072412191265,
    -1.0915108864754586,
    -1.0915145292138906,
    -1.0915181694426341,
    -1.0915218071699013,
    -1.0915254424039038,
    -1.0915290751528532,
    -1.0915327054249608,
    -1.091536333228438,
    -1.091539958571495,
    -1.0915435814623435,
    -1.091547201909193,
    -1.0915508199202546,
    -1.091554435503738,
    -1.0915580486678529,
    -1.0915616594208097,
    -1.0915652677708172,
    -1.0915688737260854,
    -1.091572477294823,
    -1.0915760784852397,
    -1.0915796773055437,
    -1.091583273763943,
    -1.0915868678686453,
    -1.0915904596278578,
    -1.0915940490497875,
    -1.0915976361426403,
    -1.0916012209146224,
    -1.0916048033739392,
    -1.0916083835287955,
    -1.0916119613873958,
    -1.0916155369579446,
    -1.0916191102486454,
    -1.0916226812677023,
    -1.0916262500233171,
    -1.0916298165236928,
    -1.0916333807770302,
    -1.0916369427915302,
    -1.0916405025753932,
    -1.091644060136819,
    -1.0916476154840067,
    -1.0916511686251544,
    -1.0916547195684594,
    -1.0916582683221165,
    -1.0916618148943222,
    -1.0916653592932697,
    -1.091668901527153,
    -1.0916724416041639,
    -1.091675979532494,
    -1.0916795153203345,
    -1.0916830489758755,
    -1.0916865805073077,
    -1.091690109922819,
    -1.0916936372305974,
    -1.09169716243883,
    -1.0917006855557023,
    -1.0917042065893974,
    -1.0917077255480967,
    -1.091711242439981,
    -1.0917147572732298,
    -1.0917182700560228,
    -1.0917217807965383,
    -1.091725289502954,
    -1.0917287961834463,
    -1.09173230084619,
    -1.0917358034993585,
    -1.0917393041511236,
    -1.0917428028096576,
    -1.0917462994831315,
    -1.0917497941797163,
    -1.0917532869075794,
    -1.0917567776748889,
    -1.09176026648981,
    -1.09176375336051,
    -1.0917672382951535,
    -1.0917707213019057,
    -1.0917742023889296,
    -1.0917776815643894,
    -1.091781158836448,
    -1.0917846342132673,
    -1.091788107703009,
    -1.091791579313833,
    -1.0917950490539003,
    -1.0917985169313726,
    -1.0918019829544123,
    -1.0918054471311807,
    -1.0918089094698384,
    -1.091812369978546,
    -1.091815828665465,
    -1.0918192855387547,
    -1.0918227406065706,
    -1.0918261938770655,
    -1.0918296453583909,
    -1.091833095058699,
    -1.0918365429861399,
    -1.0918399891488666,
    -1.091843433555032,
    -1.09184687621279,
    -1.0918503171302936,
    -1.0918537563156945,
    -1.0918571937771446,
    -1.0918606295228,
    -1.0918640635608237,
    -1.0918674958993861,
    -1.0918709265466644,
    -1.0918743555108363,
    -1.0918777828000814,
    -1.0918812084225802,
    -1.0918846323865143,
    -1.0918880547000662,
    -1.091891475371419,
    -1.0918948944087565,
    -1.0918983118202605,
    -1.0919017276141103,
    -1.091905141798479,
    -1.091908554381537,
    -1.091911965371454,
    -1.0919153747764,
    -1.0919187826045438,
    -1.0919221888640507,
    -1.0919255935630792,
    -1.091928996709781,
    -1.0919323983123057,
    -1.0919357983788036,
    -1.0919391969174337,
    -1.0919425939363636,
    -1.0919459894437697,
    -1.0919493834478324,
    -1.0919527759567391,
    -1.0919561669786852,
    -1.0919595565218718,
    -1.091962944594497,
    -1.0919663312047527,
    -1.0919697163608346,
    -1.0919731000709463,
    -1.0919764823433091,
    -1.091979863186159,
    -1.091983242607739,
    -1.0919866206162903,
    -1.0919899972200529,
    -1.0919933724272695,
    -1.0919967462461893,
    -1.0920001186850667,
    -1.0920034897521613,
    -1.0920068594557308,
    -1.0920102278040251,
    -1.0920135948052798,
    -1.0920169604677206,
    -1.0920203247995794,
    -1.0920236878091045,
    -1.092027049504558,
    -1.092030409894207,
    -1.0920337689863193,
    -1.0920371267891609,
    -1.0920404833110005,
    -1.0920438385601172,
    -1.0920471925448005,
    -1.092050545273355,
    -1.0920538967540923,
    -1.092057246995323,
    -1.0920605960053529,
    -1.092063943792485,
    -1.0920672903650201,
    -1.092070635731256,
    -1.0920739798994898,
    -1.0920773228780205,
    -1.0920806646751553,
    -1.0920840052992133,
    -1.0920873447585255,
    -1.092090683061433,
    -1.0920940202162932,
    -1.0920973562314757,
    -1.0921006911153557,
    -1.0921040248763163,
    -1.092107357522759,
    -1.0921106890631003,
    -1.092114019505764,
    -1.0921173488591829,
    -1.092120677131797,
    -1.0921240043320488,
    -1.0921273304683838,
    -1.0921306555492605,
    -1.0921339795831526,
    -1.092137302578541,
    -1.0921406245439025,
    -1.0921439454877044,
    -1.0921472654184132,
    -1.0921505843444927,
    -1.0921539022743945,
    -1.0921572192165558,
    -1.092160535179417,
    -1.0921638501714248,
    -1.0921671642010304,
    -1.0921704772766883,
    -1.092173789406868,
    -1.0921771006000556,
    -1.092180410864752,
    -1.0921837202094673,
    -1.0921870286427167,
    -1.0921903361730168,
    -1.0921936428088832,
    -1.0921969485588328,
    -1.0922002534313835,
    -1.0922035574350568,
    -1.0922068605783721,
    -1.0922101628698488,
    -1.0922134643180073,
    -1.0922167649313645,
    -1.092220064718426,
    -1.0922233636876795,
    -1.0922266618476038,
    -1.0922299592066695,
    -1.0922332557733387,
    -1.0922365515560637,
    -1.0922398465632908,
    -1.092243140803456,
    -1.092246434284985,
    -1.09224972701629,
    -1.0922530190057729,
    -1.0922563102618243,
    -1.0922596007928247,
    -1.0922628906071477,
    -1.09226617971316,
    -1.0922694681192235,
    -1.092272755833687,
    -1.0922760428648846,
    -1.092279329221132,
    -1.0922826149107308,
    -1.0922858999419736,
    -1.0922891843231397,
    -1.0922924680624955,
    -1.0922957511682945,
    -1.092299033648785,
    -1.0923023155122085,
    -1.0923055967667992,
    -1.0923088774207803,
    -1.092312157482364,
    -1.0923154369597512,
    -1.0923187158611303,
    -1.092321994194679,
    -1.0923252719685626,
    -1.0923285491909385,
    -1.0923318258699524,
    -1.0923351020137422,
    -1.0923383776304343,
    -1.0923416527281473,
    -1.0923449273149923,
    -1.0923482013990766,
    -1.0923514749885006,
    -1.0923547480913618,
    -1.0923580207157535,
    -1.0923612928697648,
    -1.0923645645614815,
    -1.0923678357989828,
    -1.0923711065903443,
    -1.0923743769436376,
    -1.092377646866933,
    -1.0923809163682985,
    -1.0923841854558,
    -1.092387454137501,
    -1.0923907224214615,
    -1.0923939903157418,
    -1.0923972578283994,
    -1.092400524967492,
    -1.0924037917410752,
    -1.0924070581572047,
    -1.092410324223935,
    -1.092413589949319,
    -1.092416855341409,
    -1.0924201204082562,
    -1.092423385157913,
    -1.092426649598432,
    -1.0924299137378668,
    -1.0924331775842704,
    -1.0924364411456986,
    -1.092439704430206,
    -1.0924429674458505,
    -1.092446230200689,
    -1.092449492702781,
    -1.0924527549601868,
    -1.0924560169809687,
    -1.0924592787731917,
    -1.0924625403449226,
    -1.0924658017042308,
    -1.0924690628591869,
    -1.0924723238178644,
    -1.092475584588338,
    -1.0924788451786858,
    -1.0924821055969862,
    -1.0924853658513227,
    -1.09248862594978,
    -1.0924918859004444,
    -1.0924951457114067,
    -1.092498405390758,
    -1.0925016649465926,
    -1.092504924387007,
    -1.0925081837201,
    -1.0925114429539722,
    -1.0925147020967274,
    -1.0925179611564706,
    -1.09252122014131,
    -1.0925244790593551,
    -1.0925277379187175,
    -1.0925309967275127,
    -1.092534255493857,
    -1.0925375142258706,
    -1.0925407729316747,
    -1.0925440316193946,
    -1.092547290297156,
    -1.0925505489730882,
    -1.0925538076553223,
    -1.092557066351992,
    -1.0925603250712321,
    -1.0925635838211807,
    -1.092566842609978,
    -1.0925701014457654,
    -1.0925733603366876,
    -1.0925766192908901,
    -1.0925798783165221,
    -1.092583137421733,
    -1.0925863966146756,
    -1.092589655903504,
    -1.0925929152963743,
    -1.092596174801445,
    -1.0925994344268761,
    -1.0926026941808291,
    -1.092605954071468,
    -1.0926092141069583,
    -1.0926124742954673,
    -1.0926157346451635,
    -1.0926189951642176,
    -1.0926222558608016,
    -1.0926255167430894,
    -1.0926287778192558,
    -1.0926320390974775,
    -1.0926353005859328,
    -1.0926385622928017,
    -1.0926418242262645,
    -1.0926450863945043,
    -1.0926483488057044,
    -1.0926516114680505,
    -1.0926548743897286,
    -1.0926581375789268,
    -1.0926614010438338,
    -1.0926646647926397,
    -1.092667928833536,
    -1.0926711931747153,
    -1.092674457824371,
    -1.0926777227906983,
    -1.092680988081893,
    -1.0926842537061519,
    -1.092687519671673,
    -1.0926907859866548,
    -1.092694052659298,
    -1.0926973196978025,
    -1.0927005871103703,
    -1.0927038549052042,
    -1.092707123090507,
    -1.0927103916744831,
    -1.0927136606653378,
    -1.092716930071277,
    -1.0927201999005065,
    -1.0927234701612338,
    -1.0927267408616672,
    -1.0927300120100147,
    -1.092733283614486,
    -1.0927365556832904,
    -1.092739828224639,
    -1.092743101246742,
    -1.0927463747578114,
    -1.092749648766059,
    -1.092752923279698,
    -1.0927561983069407,
    -1.0927594738560014,
    -1.0927627499350938,
    -1.0927660265524322,
    -1.0927693037162318,
    -1.0927725814347082,
    -1.092775859716077,
    -1.0927791385685544,
    -1.0927824180003571,
    -1.0927856980197022,
    -1.0927889786348068,
    -1.092792259853889,
    -1.0927955416851665,
    -1.0927988241368578,
    -1.0928021072171812,
    -1.0928053909343565,
    -1.092808675296602,
    -1.0928119603121387,
    -1.0928152459891853,
    -1.0928185323359636,
    -1.0928218193606936,
    -1.0928251070715964,
    -1.092828395476893,
    -1.0928316845848054,
    -1.0928349744035553,
    -1.0928382649413648,
    -1.092841556206456,
    -1.0928448482070516,
    -1.0928481409513744,
    -1.0928514344476472,
    -1.0928547287040937,
    -1.0928580237289367,
    -1.0928613195304002,
    -1.0928646161167075,
    -1.0928679134960828,
    -1.0928712116767505,
    -1.0928745106669344,
    -1.0928778104748595,
    -1.0928811111087502,
    -1.092884412576832,
    -1.092887714887329,
    -1.0928910180484677,
    -1.092894322068473,
    -1.0928976269555708,
    -1.0929009327179864,
    -1.092904239363946,
    -1.0929075469016765,
    -1.092910855339403,
    -1.0929141646853522,
    -1.0929174749477506,
    -1.0929207861348245,
    -1.0929240982548003,
    -1.0929274113159047,
    -1.0929307253263638,
    -1.0929340402944043,
    -1.0929373562282525,
    -1.0929406731361344,
    -1.092943991026277,
    -1.0929473099069067,
    -1.0929506297862506,
    -1.0929539506725348,
    -1.0929572725739862,
    -1.0929605954988315,
    -1.0929639194552978,
    -1.0929672444516114,
    -1.0929705704959998,
    -1.0929738975966894,
    -1.092977225761907,
    -1.09298055499988,
    -1.0929838853188345,
    -1.0929872167269985,
    -1.0929905492325973,
    -1.092993882843859,
    -1.09299721756901,
    -1.0930005534162772,
    -1.0930038903938872,
    -1.0930072285100672,
    -1.0930105677730433,
    -1.0930139081395172,
    -1.0930172495661892,
    -1.0930205920097604,
    -1.093023935426932,
    -1.0930272797744045,
    -1.0930306250088793,
    -1.093033971087057,
    -1.0930373179656383,
    -1.0930406656013243,
    -1.093044013950816,
    -1.0930473629708133,
    -1.0930507126180173,
    -1.0930540628491288,
    -1.093057413620848,
    -1.0930607648898758,
    -1.093064116612912,
    -1.0930674687466577,
    -1.0930708212478124,
    -1.093074174073077,
    -1.0930775271791513,
    -1.0930808805227348,
    -1.0930842340605278,
    -1.0930875877492299,
    -1.0930909415455414,
    -1.0930942954061615,
    -1.0930976492877902,
    -1.0931010031471273,
    -1.093104356940872,
    -1.093107710625724,
    -1.093111064158383,
    -1.0931144174955483,
    -1.0931177705939188,
    -1.0931211234101943,
    -1.093124475901074,
    -1.0931278280232573,
    -1.093131179733443,
    -1.0931345309883307,
    -1.0931378817446191,
    -1.0931412319590077,
    -1.093144581588195,
    -1.0931479305888805,
    -1.0931512789177626,
    -1.0931546265315406,
    -1.0931579733869132,
    -1.0931613194405787,
    -1.0931646646492363,
    -1.093168008969584,
    -1.0931713523583209,
    -1.093174694772145,
    -1.0931780361677548,
    -1.0931813765018483,
    -1.0931847157311243,
    -1.0931880538122802,
    -1.0931913907020143,
    -1.093194726357025,
    -1.0931980607340095,
    -1.0932013937896663,
    -1.0932047254806923,
    -1.0932080557637855,
    -1.093211384595644,
    -1.0932147119329643,
    -1.093218037732444,
    -1.0932213619507813,
    -1.093224684544672,
    -1.0932280054708141,
    -1.0932313246859044,
    -1.0932346421466395,
    -1.0932379578097167,
    -1.0932412716318323,
    -1.0932445835696836,
    -1.0932478935799663,
    -1.0932512016193772,
    -1.093254507644613,
    -1.0932578116123692,
    -1.093261113479343,
    -1.0932644132022298,
    -1.0932677107377256,
    -1.0932710060425266,
    -1.0932742990733288,
    -1.0932775897868277,
    -1.093280878139719,
    -1.093284164088698,
    -1.093287447590461,
    -1.0932907286017028,
    -1.0932940070791184,
    -1.0932972829794037,
    -1.093300556259253,
    -1.0933038268753625,
    -1.0933070947844261,
    -1.09331035994314,
    -1.0933136223081978,
    -1.0933168818362953,
    -1.0933201384841267,
    -1.0933233922083871,
    -1.0933266429657706,
    -1.093329890712972,
    -1.0933331354066862,
    -1.0933363770036066,
    -1.0933396154604287,
    -1.093342850733846,
    -1.0933460827805537,
    -1.0933493115572452,
    -1.0933525370206156,
    -1.093355759127358,
    -1.093358977834168,
    -1.0933621930977386,
    -1.0933654048747645,
    -1.0933686131219398,
    -1.0933718177959582,
    -1.0933750188535145,
    -1.0933782162513022,
    -1.0933814099460153,
    -1.093384599894348,
    -1.0933877860529946,
    -1.0933909683786487,
    -1.0933941468280046,
    -1.0933973213577561,
    -1.0934004919245974,
    -1.0934036584852225,
    -1.0934068209963252,
    -1.0934099794145997,
    -1.0934131336967396,
    -1.0934162837994397,
    -1.0934194296793933,
    -1.0934225712932948,
    -1.093425708597838,
    -1.093428841549717,
    -1.0934319701056265,
    -1.09343509422226,
    -1.0934382138563115,
    -1.0934413289644749,
    -1.0934444395034442,
    -1.0934475454299124,
    -1.0934506467005736,
    -1.09345374327212,
    -1.0934568351012461,
    -1.0934599221446446,
    -1.0934630043590081,
    -1.0934660817010304,
    -1.0934691541274046,
    -1.0934722215948238,
    -1.093475284059981,
    -1.09347834147957,
    -1.093481393810283,
    -1.093484441008814,
    -1.0934874830318555,
    -1.093490519836101,
    -1.093493551378243,
    -1.0934965776149743,
    -1.093499598502989,
    -1.093502613998979,
    -1.0935056240596372,
    -1.0935086286416569,
    -1.0935116277017307,
    -1.0935146211965512,
    -1.0935176090828116,
    -1.093520591317204,
    -1.0935235678564224,
    -1.0935265386571582,
    -1.0935295036761046,
    -1.0935324628699539,
    -1.0935354161953987,
    -1.0935383636091311,
    -1.0935413050678437,
    -1.0935442405282283,
    -1.0935471699469768,
    -1.0935500932807816,
    -1.0935530104863338,
    -1.0935559215203265,
    -1.0935588263394507,
    -1.0935617249003984,
    -1.0935646171598612,
    -1.0935675030745304,
    -1.0935703826010985,
    -1.0935732556962572,
    -1.0935761223166987,
    -1.0935789824191149,
    -1.093581835960198,
    -1.0935846828966402,
    -1.0935875231851335,
    -1.0935903567823704,
    -1.093593183645042,
    -1.0935960037298416,
    -1.09359881699346,
    -1.0936016233925903,
    -1.0936044228839235,
    -1.0936072154241516,
    -1.0936100009699665,
    -1.0936127794780603,
    -1.0936155509051244,
    -1.093618315207851,
    -1.0936210723429323,
    -1.0936238222670605,
    -1.0936265649369277,
    -1.0936293003092261,
    -1.0936320283406489,
    -1.0936347489878888,
    -1.0936374622076392,
    -1.0936401679565926,
    -1.0936428661914421,
    -1.093645556868881,
    -1.0936482399456011,
    -1.0936509153782956,
    -1.0936535831236576,
    -1.0936562431383807,
    -1.0936588953791582,
    -1.0936615398026837,
    -1.0936641763656505,
    -1.0936668050247529,
    -1.0936694257366844,
    -1.0936720384581389,
    -1.0936746431458104,
    -1.093677239756392,
    -1.0936798282465774,
    -1.09368240857306,
    -1.0936849806925348,
    -1.093687544561696,
    -1.0936901001372374,
    -1.0936926473758526,
    -1.093695186234236,
    -1.0936977166690807,
    -1.0937002386370802,
    -1.093702752094928,
    -1.093705256999317,
    -1.0937077533069417,
    -1.0937102409744954,
    -1.093712719958673,
    -1.0937151902161688,
    -1.093717651703678,
    -1.0937201043778941,
    -1.0937225481955115,
    -1.0937249831132234,
    -1.0937274090877227,
    -1.0937298260757025,
    -1.0937322340338549,
    -1.0937346329188746,
    -1.0937370226874548,
    -1.0937394032962913,
    -1.0937417747020781,
    -1.0937441368615106,
    -1.093746489731282,
    -1.093748833268086,
    -1.093751167428616,
    -1.0937534921695644,
    -1.093755807447625,
    -1.0937581132194902,
    -1.0937604094418538,
    -1.0937626960714104,
    -1.0937649730648549,
    -1.0937672403788823,
    -1.0937694979701873,
    -1.0937717457954628,
    -1.0937739838114027,
    -1.0937762119747003,
    -1.093778430242049,
    -1.093780638570143,
    -1.093782836915676,
    -1.093785025235342,
    -1.093787203485835,
    -1.0937893716238503,
    -1.0937915296060832,
    -1.0937936773892298,
    -1.093795814929985,
    -1.0937979421850428,
    -1.0938000591110977,
    -1.0938021656648433,
    -1.093804261802975,
    -1.0938063474821869,
    -1.0938084226591742,
    -1.093810487290632,
    -1.093812541333256,
    -1.0938145847437413,
    -1.0938166174787833,
    -1.093818639495078,
    -1.0938206507493213,
    -1.0938226511982103,
    -1.093824640798441,
    -1.093826619506711,
    -1.0938285872797164,
    -1.0938305440741543,
    -1.0938324898467207,
    -1.093834424554114,
    -1.0938363481530329,
    -1.093838260600177,
    -1.0938401618522482,
    -1.0938420518659486,
    -1.093843930597984,
    -1.0938457980050587,
    -1.0938476540438817,
    -1.0938494986711598,
    -1.0938513318436012,
    -1.0938531535179132,
    -1.0938549636508028,
    -1.093856762198978,
    -1.0938585491191473,
    -1.093860324368019,
    -1.0938620879023007,
    -1.093863839678701,
    -1.0938655796539278,
    -1.0938673077846903,
    -1.0938690240276951,
    -1.0938707283396516,
    -1.0938724206772663,
    -1.093874100997248,
    -1.0938757692563024,
    -1.093877425411137,
    -1.0938790694184581,
    -1.0938807012349727,
    -1.0938823208173891,
    -1.0938839281224157,
    -1.093885523106761,
    -1.093887105727132,
    -1.0938886759402358,
    -1.093890233702777,
    -1.093891778971461,
    -1.0938933117029916,
    -1.0938948318540729,
    -1.093896339381408,
    -1.0938978342417003,
    -1.093899316391652,
    -1.0939007857879648,
    -1.0939022423873412,
    -1.0939036861464826,
    -1.0939051170220906,
    -1.0939065349708648,
    -1.093907939949506,
    -1.093909331914715,
    -1.093910710823191,
    -1.0939120766316335,
    -1.0939134292967412,
    -1.0939147687752118,
    -1.0939160950237425,
    -1.0939174079990308,
    -1.0939187076577723,
    -1.0939199939566637,
    -1.093921266852401,
    -1.0939225263016803,
    -1.0939237722611983,
    -1.0939250046876512,
    -1.0939262235377367,
    -1.093927428768152,
    -1.0939286203355953,
    -1.0939297981967657,
    -1.093930962308362,
    -1.0939321126270833,
    -1.093933249109629,
    -1.0939343717126977,
    -1.0939354803929893,
    -1.0939365751072043,
    -1.0939376558120433,
    -1.0939387224642068,
    -1.0939397750203945,
    -1.0939408134373063,
    -1.0939418376716423,
    -1.0939428476801036,
    -1.0939438434193918,
    -1.0939448248462091,
    -1.0939457919172575,
    -1.0939467445892377,
    -1.0939476828188497,
    -1.0939486065627935,
    -1.0939495157777686,
    -1.0939504104204743,
    -1.0939512904476099,
    -1.0939521558158747,
    -1.0939530064819676,
    -1.093953842402586,
    -1.0939546635344284,
    -1.0939554698341911,
    -1.0939562612585707,
    -1.0939570377642627,
    -1.0939577993079619,
    -1.0939585458463625,
    -1.0939592773361584,
    -1.093959993734044,
    -1.0939606949967124,
    -1.093961381080858,
    -1.0939620519431743,
    -1.0939627075403544,
    -1.0939633478290922,
    -1.09396397276608,
    -1.0939645823080106,
    -1.093965176411576,
    -1.0939657550334685,
    -1.0939663181303791,
    -1.093966865659,
    -1.0939673975760205,
    -1.093967913838133,
    -1.0939684144020279,
    -1.093968899224396,
    -1.0939693682619287,
    -1.093969821471316,
    -1.0939702588092501,
    -1.0939706802324207,
    -1.0939710856975198,
    -1.0939714751612368,
    -1.0939718485802619,
    -1.093972205911284,
    -1.0939725471109925,
    -1.0939728721360762,
    -1.0939731809432245,
    -1.093973473489126,
    -1.0939737497304698,
    -1.0939740096239445,
    -1.0939742531262384,
    -1.0939744801940399,
    -1.0939746907840369,
    -1.0939748848529165,
    -1.0939750623573654,
    -1.0939752232540707,
    -1.0939753674997184,
    -1.0939754950509957,
    -1.0939756058645884,
    -1.0939756998971826,
    -1.093975777105465,
    -1.0939758374461221,
    -1.0939758808758413,
    -1.0939759073513087,
    -1.0939759168292127,
    -1.093975909266239,
    -1.0939758846190764,
    -1.093975842844411,
    -1.093975783898931,
    -1.0939757077393242,
    -1.0939756143222776,
    -1.0939755036044791,
    -1.0939753755426156,
    -1.0939752300933747,
    -1.0939750672134425,
    -1.0939748868595063,
    -1.093974688988252,
    -1.0939744735563675,
    -1.0939742405205384,
    -1.0939739898374525,
    -1.093973721463797,
    -1.0939734353562587,
    -1.0939731314715253,
    -1.093972809766284,
    -1.093972470197222,
    -1.0939721127210267,
    -1.0939717372943856,
    -1.0939713438739853,
    -1.0939709324165134,
    -1.0939705028786568,
    -1.0939700552171019,
    -1.0939695893885357,
    -1.0939691053496454,
    -1.0939686030571174,
    -1.0939680824676385,
    -1.0939675435378966,
    -1.0939669862245787,
    -1.0939664104843725,
    -1.0939658162739658,
    -1.0939652035500462,
    -1.0939645722693019,
    -1.0939639223884203,
    -1.0939632538640902,
    -1.0939625666529988,
    -1.0939618607118353,
    -1.093961135997287,
    -1.093960392466042,
    -1.0939596300747876,
    -1.0939588487802123,
    -1.0939580485390035,
    -1.0939572293078486,
    -1.0939563910434353,
    -1.0939555337024505,
    -1.0939546572415817,
    -1.093953761617516,
    -1.093952846786941,
    -1.0939519127065434,
    -1.093950959333011,
    -1.0939499866230304,
    -1.0939489945332894,
    -1.093947983020475,
    -1.0939469520412743,
    -1.0939459015523756,
    -1.0939448315104656,
    -1.0939437418722324,
    -1.0939426325943638,
    -1.0939415036335471,
    -1.0939403549464697,
    -1.0939391864898198,
    -1.0939379982202844,
    -1.0939367900945518,
    -1.0939355620693094,
    -1.0939343141012454,
    -1.0939330461470473,
    -1.0939317581634036,
    -1.0939304501070024,
    -1.093929121934531,
    -1.0939277736026787,
    -1.0939264050681328,
    -1.093925016287582,
    -1.0939236072177132,
    -1.0939221778152155,
    -1.0939207280367769,
    -1.093919257839085,
    -1.0939177671788287,
    -1.0939162560126954,
    -1.093914724419762,
    -1.0939131724791038,
    -1.0939116002697977,
    -1.0939100078709194,
    -1.0939083953615454,
    -1.0939067628207515,
    -1.0939051103276145,
    -1.0939034379612103,
    -1.0939017458006157,
    -1.0939000339249076,
    -1.093898302413162,
    -1.0938965513444567,
    -1.0938947807978676,
    -1.0938929908524717,
    -1.0938911815873462,
    -1.0938893530815677,
    -1.0938875054142136,
    -1.0938856386643614,
    -1.0938837529110883,
    -1.0938818482334711,
    -1.0938799247105877,
    -1.093877982421515,
    -1.093876021445331,
    -1.0938740418611124,
    -1.093872043747937,
    -1.093870027184882,
    -1.093867992251025,
    -1.0938659390254433,
    -1.0938638675872139,
    -1.0938617780154152,
    -1.0938596703891246,
    -1.0938575447874197,
    -1.0938554012893775,
    -1.0938532399740766,
    -1.0938510609205938,
    -1.0938488642080073,
    -1.093846649915395,
    -1.0938444181218347,
    -1.0938421689064046,
    -1.0938399023481824,
    -1.0938376185262466,
    -1.0938353175196749,
    -1.0938329994075453,
    -1.0938306642689364,
    -1.093828312182926,
    -1.0938259432285926,
    -1.093823557485014,
    -1.0938211550312689,
    -1.0938187359464357,
    -1.0938163003095935,
    -1.0938138481998203,
    -1.0938113796961955,
    -1.0938088948777978,
    -1.0938063938237066,
    -1.093803876613,
    -1.093801343324758,
    -1.0937987940380591,
    -1.0937962288319827,
    -1.093793647785607,
    -1.0937910509780115,
    -1.0937884384882754,
    -1.0937858103954772,
    -1.0937831667786966,
    -1.093780507717012,
    -1.093777833289503,
    -1.0937751435752483,
    -1.0937724386533272,
    -1.0937697186028186,
    -1.0937669835028017,
    -1.0937642334323552,
    -1.0937614684705588,
    -1.0937586886964914,
    -1.0937558941892318,
    -1.0937530850278596,
    -1.0937502612914531,
    -1.093747423059092,
    -1.0937445704098547,
    -1.0937417034228203,
    -1.0937388221770674,
    -1.0937359267516749,
    -1.093733017225721,
    -1.0937300936782843,
    -1.0937271561884434,
    -1.0937242048352764,
    -1.0937212396978615,
    -1.0937182608552762,
    -1.0937152683865987,
    -1.0937122623709061,
    -1.0937092428872768,
    -1.093706210014787,
    -1.0937031638325139,
    -1.0937001044195342,
    -1.0936970318549235,
    -1.0936939462177582,
    -1.0936908475871139,
    -1.0936877360420658,
    -1.0936846116616894,
    -1.0936814745250596,
    -1.0936783247112505,
    -1.0936751622993377,
    -1.0936719873683953,
    -1.0936687999974977,
    -1.0936656002657192,
    -1.0936623882521346,
    -1.0936591640358184,
    -1.093655927695845,
    -1.0936526793112908,
    -1.0936494189612305,
    -1.0936461467247411,
    -1.0936428626808994,
    -1.0936395669087837,
    -1.0936362594874725,
    -1.093632940496046,
    -1.0936296100135845,
    -1.0936262681191693,
    -1.093622914891883,
    -1.093619550410808,
    -1.0936161747550281,
    -1.0936127880036268,
    -1.093609390235689,
    -1.0936059815302983,
    -1.0936025619665393,
    -1.0935991316234963,
    -1.0935956905802546,
    -1.0935922389158983,
    -1.093588776709512,
    -1.0935853040401806,
    -1.0935818209869885,
    -1.0935783276290205,
    -1.09357482404536,
    -1.0935713103150924,
    -1.0935677865173015,
    -1.0935642527310725,
    -1.093560709035489,
    -1.0935571555096362,
    -1.0935535922325985,
    -1.09355001928346,
    -1.0935464367413057,
    -1.0935428446852191,
    -1.093539243194285,
    -1.0935356323475869,
    -1.0935320122242096,
    -1.093528382903236,
    -1.0935247444637508,
    -1.0935210969848375,
    -1.0935174405455794,
    -1.0935137752250603,
    -1.0935101011023636,
    -1.0935064182565728,
    -1.0935027267667703,
    -1.0934990267120404,
    -1.093495318171465,
    -1.0934916012241285,
    -1.0934878759491138,
    -1.0934841424255044,
    -1.093480400732383,
    -1.0934766509488332,
    -1.0934728931539377
]