[
    -0.3189416282758052,
    -0.3191110488274646,
    -0.3174233441397328,
    -0.31751163179212244,
    -0.31760329543011756,
    -0.31769822112007123,
    -0.3177962982839484,
    -0.3178974196034981,
    -0.31800148092713726,
    -0.318108381179471,
    -0.3182180222733738,
    -0.31833030902456,
    -0.3184451490685735,
    -0.31856245278012796,
    -0.3186821331947309,
    -0.31880410593252867,
    -0.3189282891243082,
    -0.31905460333959473,
    -0.3191829715167876,
    -0.31931331889527476,
    -0.3194455729494718,
    -0.3195796633247301,
    -0.31971552177506113,
    -0.3198530821026276,
    -0.31999228009894826,
    -0.3201330534877716,
    -0.32027534186956824,
    -0.32041908666759805,
    -0.3205642310755074,
    -0.32071072000641254,
    -0.3208585000434281,
    -0.3210075193915992,
    -0.32115772783119917,
    -0.32130907667235126,
    -0.32146151871094025,
    -0.321615008185774,
    -0.3217695007369625,
    -0.32192495336547894,
    -0.322081324393869,
    -0.322238573428077,
    -0.32239666132035594,
    -0.32255555013323245,
    -0.3227152031044959,
    -0.3228755846131834,
    -0.3230366601465318,
    -0.323198396267871,
    -0.3233607605854279,
    -0.3235237217220196,
    -0.32368724928560755,
    -0.32385131384069105,
    -0.3240158868805143,
    -0.32418094080006515,
    -0.32434644886984143,
    -0.3245123852103646,
    -0.3246787247674199,
    -0.32484544328800247,
    -0.3250125172969512,
    -0.3251799240742488,
    -0.325347641632969,
    -0.3255156486978509,
    -0.325683924684484,
    -0.32585244967908816,
    -0.3260212044188697,
    -0.32619017027293856,
    -0.32635932922376953,
    -0.3265286638491931,
    -0.3266981573049015,
    -0.32686779330745447,
    -0.3270375561177714,
    -0.3272074305250965,
    -0.32737740183142466,
    -0.3275474558363708,
    -0.3277175788224714,
    -0.3278877575409063,
    -0.32805797919763025,
    -0.32822823143989865,
    -0.3283985023431813,
    -0.3285687803984512,
    -0.32873905449984103,
    -0.32890931393265505,
    -0.32907954836172454,
    -0.32924974782009475,
    -0.329419902698036,
    -0.32959000373237063,
    -0.32976004199610925,
    -0.32993000888838697,
    -0.33009989612468776,
    -0.330269695727347,
    -0.33043940001632716,
    -0.33060900160025913,
    -0.3307784933677413,
    -0.33094786847889,
    -0.3311171203571323,
    -0.33128624268123524,
    -0.33145522937756744,
    -0.3316240746125869,
    -0.33179277278554875,
    -0.3319613185214214,
    -0.33212970666400377,
    -0.3322979322692387,
    -0.332465990598721,
    -0.33263387711339426,
    -0.3328015874674317,
    -0.3329691175022937,
    -0.3331364632409569,
    -0.33330362088230914,
    -0.3334705867957069,
    -0.3336373575156928,
    -0.33380392973686646,
    -0.3339703003089076,
    -0.3341364662317461,
    -0.33430242465087084,
    -0.3344681728527741,
    -0.334633708260527,
    -0.33479902842948306,
    -0.33496413104310596,
    -0.33512901390892147,
    -0.3352936749545885,
    -0.33545811222408406,
    -0.33562232387399926,
    -0.3357863081699436,
    -0.335950063483055,
    -0.3361135882866134,
    -0.33627688115275767,
    -0.33643994074930156,
    -0.33660276583664245,
    -0.33676535526475565,
    -0.33692770797027694,
    -0.3370898229736715,
    -0.33725169937648536,
    -0.33741333635867854,
    -0.3375747331760371,
    -0.33773588915766384,
    -0.3378968037035432,
    -0.3380574762821784,
    -0.33821790642829885,
    -0.3383780937406375,
    -0.3385380378797756,
    -0.33869773856604957,
    -0.33885719557751903,
    -0.3390164087479953,
    -0.33917537796512875,
    -0.33933410316855284,
    -0.3394925843480838,
    -0.33965082154197446,
    -0.33980881483522024,
    -0.3399665643579185,
    -0.34012407028367675,
    -0.3402813328280712,
    -0.34043835224715124,
    -0.340595128835988,
    -0.34075166292726616,
    -0.3409079548899177,
    -0.3410640051277977,
    -0.3412198140783994,
    -0.3413753822116093,
    -0.34153071002849955,
    -0.3416857980601596,
    -0.341840646866562,
    -0.3419952570354647,
    -0.3421496291813457,
    -0.34230376394437184,
    -0.3424576619893988,
    -0.3426113240050018,
    -0.34276475070253637,
    -0.34291794281522714,
    -0.34307090109728605,
    -0.3432236263230577,
    -0.3433761192861917,
    -0.3435283807988405,
    -0.3436804116908829,
    -0.34383221280917187,
    -0.3439837850168062,
    -0.344135129192425,
    -0.3442862462295247,
    -0.34443713703579826,
    -0.3445878025324949,
    -0.34473824365379985,
    -0.3448884613462343,
    -0.3450384565680742,
    -0.34518823028878803,
    -0.3453377834884929,
    -0.3454871171574279,
    -0.345636232295445,
    -0.3457851299115155,
    -0.3459338110232543,
    -0.34608227665645835,
    -0.3462305278446606,
    -0.3463785656286994,
    -0.34652639105630145,
    -0.3466740051816788,
    -0.3468214090651389,
    -0.3469686037727085,
    -0.3471155903757694,
    -0.3472623699507064,
    -0.3474089435785684,
    -0.34755531234473913,
    -0.347701477338621,
    -0.34784743965332837,
    -0.347993200385392,
    -0.3481387606344738,
    -0.34828412150309124,
    -0.34842928409635177,
    -0.3485742495216964,
    -0.348719018888652,
    -0.348863593308593,
    -0.34900797389451105,
    -0.3491521617607927,
    -0.3492961580230061,
    -0.34943996379769454,
    -0.34958358020217745,
    -0.34972700835435927,
    -0.3498702493725454,
    -0.3500133043752641,
    -0.3501561744810963,
    -0.35029886080851125,
    -0.3504413644757083,
    -0.3505836866004653,
    -0.3507258282999923,
    -0.35086779069079094,
    -0.3510095748885195,
    -0.35115118200786344,
    -0.35129261316241056,
    -0.3514338694645317,
    -0.3515749520252663,
    -0.35171586195421223,
    -0.3518566003594207,
    -0.3519971683472953,
    -0.3521375670224955,
    -0.3522777974878443,
    -0.35241786084423976,
    -0.3525577581905704,
    -0.3526974906236343,
    -0.35283705923806197,
    -0.3529764651262424,
    -0.3531157093782532,
    -0.3532547930817932,
    -0.3533937173221189,
    -0.3535324831819838,
    -0.35367109174158096,
    -0.3538095440784878,
    -0.3539478412676144,
    -0.35408598438115446,
    -0.3542239744885383,
    -0.3543618126563891,
    -0.35449949994848123,
    -0.35463703742570113,
    -0.3547744261460099,
    -0.35491166716440936,
    -0.3550487615329088,
    -0.355185710300495,
    -0.3553225145131034,
    -0.3554591752135919,
    -0.35559569344171565,
    -0.3557320702341049,
    -0.3558683066242433,
    -0.3560044036424485,
    -0.35614036231585455,
    -0.3562761836683957,
    -0.3564118687207916,
    -0.35654741849053423,
    -0.3566828339918758,
    -0.35681811623581844,
    -0.356953266230105,
    -0.35708828497921086,
    -0.3572231734843377,
    -0.3573579327434076,
    -0.3574925637510585,
    -0.35762706749864115,
    -0.35776144497421625,
    -0.3578956971625535,
    -0.35802982504513126,
    -0.3581638296001375,
    -0.35829771180247133,
    -0.3584314726237455,
    -0.35856511303228955,
    -0.3586986339931538,
    -0.35883203646811396,
    -0.3589653214156766,
    -0.3590984897910853,
    -0.3592315425463275,
    -0.35936448063014215,
    -0.3594973049880276,
    -0.3596300165622503,
    -0.3597626162918542,
    -0.3598951051126706,
    -0.3600274839573289,
    -0.3601597537552677,
    -0.36029191543274597,
    -0.3604239699128549,
    -0.36055591811553034,
    -0.36068776095756505,
    -0.3608194993526219,
    -0.3609511342112473,
    -0.3610826664408847,
    -0.3612140969458892,
    -0.36134542662754154,
    -0.3614766563840634,
    -0.36160778711063224,
    -0.36173881969939686,
    -0.3618697550394931,
    -0.36200059401705975,
    -0.36213133751525506,
    -0.3622619864142726,
    -0.3623925415913588,
    -0.3625230039208287,
    -0.36265337427408356,
    -0.3627836535196281,
    -0.36291384252308745,
    -0.36304394214722485,
    -0.3631739532519592,
    -0.36330387669438313,
    -0.36343371332878033,
    -0.363563464006644,
    -0.3636931295766948,
    -0.3638227108848992,
    -0.36395220877448753,
    -0.3640816240859729,
    -0.3642109576571688,
    -0.36434021032320835,
    -0.36446938291656233,
    -0.3645984762670578,
    -0.3647274912018969,
    -0.3648564285456754,
    -0.36498528912040107,
    -0.3651140737455128,
    -0.36524278323789894,
    -0.3653714184119164,
    -0.3654999800794087,
    -0.36562846904972557,
    -0.3657568861297408,
    -0.36588523212387153,
    -0.3660135078340967,
    -0.3661417140599757,
    -0.3662698515986669,
    -0.3663979212449462,
    -0.3665259237912256,
    -0.3666538600275723,
    -0.36678173074172565,
    -0.36690953671911714,
    -0.367037278742888,
    -0.3671649575939075,
    -0.36729257405079135,
    -0.3674201288899201,
    -0.36754762288545667,
    -0.36767505680936524,
    -0.3678024314314286,
    -0.3679297475192664,
    -0.36805700583835305,
    -0.36818420715203515,
    -0.3683113522215497,
    -0.3684384418060413,
    -0.3685654766625797,
    -0.36869245754617785,
    -0.3688193852098085,
    -0.3689462604044219,
    -0.3690730838789633,
    -0.3691998563803892,
    -0.3693265786536853,
    -0.369453251441883,
    -0.36957987548607635,
    -0.3697064515254384,
    -0.36983298029723854,
    -0.36995946253685896,
    -0.3700858989778103,
    -0.37021229035174885,
    -0.37033863738849265,
    -0.3704649408160374,
    -0.3705912013605727,
    -0.370717419746498,
    -0.37084359669643835,
    -0.37096973293126023,
    -0.3710958291700873,
    -0.37122188613031587,
    -0.3713479045276301,
    -0.37147388507601786,
    -0.3715998284877854,
    -0.37172573547357274,
    -0.371851606742369,
    -0.3719774430015267,
    -0.3721032449567768,
    -0.37222901331224384,
    -0.37235474877045965,
    -0.37248045203237873,
    -0.3726061237973921,
    -0.3727317647633419,
    -0.37285737562653515,
    -0.37298295708175805,
    -0.3731085098222902,
    -0.3732340345399178,
    -0.37335953192494803,
    -0.37348500266622253,
    -0.3736104474511304,
    -0.37373586696562255,
    -0.3738612618942242,
    -0.3739866329200484,
    -0.37411198072480933,
    -0.3742373059888347,
    -0.3743626093910796,
    -0.3744878916091382,
    -0.3746131533192571,
    -0.37473839519634783,
    -0.374863617913999,
    -0.3749888221444891,
    -0.37511400855879845,
    -0.37523917782662153,
    -0.37536433061637886,
    -0.37548946759522894,
    -0.37561458942908016,
    -0.3757396967826022,
    -0.37586479031923836,
    -0.375989870701216,
    -0.37611493858955863,
    -0.37623999464409735,
    -0.37636503952348144,
    -0.37649007388519007,
    -0.37661509838554236,
    -0.3767401136797094,
    -0.37686512042172415,
    -0.3769901192644928,
    -0.3771151108598051,
    -0.377240095858345,
    -0.377365074909701,
    -0.3774900486623764,
    -0.3776150177637993,
    -0.37773998286033283,
    -0.37786494459728476,
    -0.3779899036189173,
    -0.378114860568457,
    -0.37823981608810386,
    -0.378364770819041,
    -0.3784897254014442,
    -0.3786146804744917,
    -0.37873963667637406,
    -0.37886459464430383,
    -0.37898955501452397,
    -0.3791145184223179,
    -0.37923948550201775,
    -0.37936445688701376,
    -0.37948943320976325,
    -0.3796144151017989,
    -0.37973940319373606,
    -0.37986439811528205,
    -0.37998940049524454,
    -0.3801144109615398,
    -0.3802394301411999,
    -0.3803644586603781,
    -0.3804894971443554,
    -0.38061454621754776,
    -0.3807396065035121,
    -0.3808646786249522,
    -0.3809897632037281,
    -0.38111486086086743,
    -0.3812399722165763,
    -0.38136509789024775,
    -0.3814902385004697,
    -0.38161539466503264,
    -0.38174056700093745,
    -0.38186575612440243,
    -0.38199096265087235,
    -0.38211618719502477,
    -0.3822414303707787,
    -0.38236669279130314,
    -0.38249197506902305,
    -0.3826172778156171,
    -0.3827426016420145,
    -0.38286794715839617,
    -0.38299331497420047,
    -0.3831187056981292,
    -0.38324411993814933,
    -0.383369558301491,
    -0.3834950213946449,
    -0.38362050982336166,
    -0.3837460241926778,
    -0.38387156510697296,
    -0.3839971331700209,
    -0.38412272898501226,
    -0.3842483531545716,
    -0.38437400628077456,
    -0.38449968896515113,
    -0.3846254018086805,
    -0.3847511454117917,
    -0.38487692037436605,
    -0.3850027272957372,
    -0.3851285667746906,
    -0.3852544394094571,
    -0.3853803457977089,
    -0.3855062865365662,
    -0.3856322622226002,
    -0.38575827345181357,
    -0.38588432081961027,
    -0.38601040492076905,
    -0.38613652634942464,
    -0.3862626856990711,
    -0.3863888835626279,
    -0.38651512053255177,
    -0.3866413972009094,
    -0.3867677141593811,
    -0.3868940719992453,
    -0.3870204713113657,
    -0.3871469126861824,
    -0.3872733967137067,
    -0.38739992322815564,
    -0.38752649206327516,
    -0.3876531030523178,
    -0.3877797560280375,
    -0.38790645082267056,
    -0.3880331872679071,
    -0.38815996519488105,
    -0.3882867844341735,
    -0.3884136448158308,
    -0.3885405461694671,
    -0.38866748832442705,
    -0.3887944711098621,
    -0.3889214943546947,
    -0.38904855788758935,
    -0.38917566153694094,
    -0.38930280513081356,
    -0.3894299884968715,
    -0.38955721146237415,
    -0.3896844738541803,
    -0.38981177549871365,
    -0.3899391162219262,
    -0.3900664958492831,
    -0.39019391420575217,
    -0.39032137111577697,
    -0.3904488664032361,
    -0.3905763998914417,
    -0.39070397140323887,
    -0.39083158076115115,
    -0.39095922778745296,
    -0.3910869123041637,
    -0.39121463413303426,
    -0.3913423930955504,
    -0.39147018901292635,
    -0.3915980217060637,
    -0.3917258909954987,
    -0.39185379670137505,
    -0.3919817386434337,
    -0.39210971664099115,
    -0.39223773051291244,
    -0.39236578007758915,
    -0.3924938651529385,
    -0.39262198555646516,
    -0.3927501411053614,
    -0.3928783316165578,
    -0.39300655690672415,
    -0.39313481679225465,
    -0.39326311108925055,
    -0.3933914396134954,
    -0.3935198021804255,
    -0.3936481986051094,
    -0.3937766287022447,
    -0.3939050922861682,
    -0.3940335891708624,
    -0.39416211916995086,
    -0.39429068209668333,
    -0.39441927776393376,
    -0.39454790598424433,
    -0.39467656656989836,
    -0.39480525933295996,
    -0.3949339840852605,
    -0.39506274063837193,
    -0.39519152880360187,
    -0.395320348392001,
    -0.39544919921436195,
    -0.3955780810812073,
    -0.3957069938027749,
    -0.3958359371890048,
    -0.3959649110495275,
    -0.39609391519365933,
    -0.3962229494304083,
    -0.3963520135684873,
    -0.3964811074163178,
    -0.39661023078202884,
    -0.3967393834734755,
    -0.39686856529827935,
    -0.3969977760638572,
    -0.39712701557742497,
    -0.39725628364598653,
    -0.39738558007632513,
    -0.3975149046750007,
    -0.39764425724834457,
    -0.3977736376024454,
    -0.39790304554314243,
    -0.39803248087602777,
    -0.3981619434064453,
    -0.39829143293948666,
    -0.398420949279994,
    -0.398550492232569,
    -0.3986800616015881,
    -0.39880965719122086,
    -0.3989392788054405,
    -0.3990689262480255,
    -0.39919859932255863,
    -0.39932829783242557,
    -0.39945802158081295,
    -0.39958777037070764,
    -0.39971754400489695,
    -0.3998473422859693,
    -0.39997716501631697,
    -0.4001070119981381,
    -0.4002368830334387,
    -0.4003667779240362,
    -0.4004966964715672,
    -0.4006266384774979,
    -0.40075660374313,
    -0.4008865920696009,
    -0.401016603257883,
    -0.4011466371087834,
    -0.40127669342294386,
    -0.40140677200083963,
    -0.4015368726427795,
    -0.4016669951489061,
    -0.4017971393191953,
    -0.4019273049534562,
    -0.402057491851334,
    -0.4021876998123138,
    -0.4023179286357227,
    -0.40244817812073386,
    -0.4025784480663718,
    -0.4027087382715158,
    -0.4028390485349017,
    -0.4029693786551216,
    -0.403099728430626,
    -0.4032300976597243,
    -0.40336048614058384,
    -0.4034908936712308,
    -0.4036213200495502,
    -0.4037517650732879,
    -0.4038822285400515,
    -0.40401271024731106,
    -0.40414320999240044,
    -0.40427372757252034,
    -0.40440426278474195,
    -0.40453481542600955,
    -0.4046653852931409,
    -0.40479597218282737,
    -0.4049265758916352,
    -0.405057196216006,
    -0.40518783295225863,
    -0.40531848589659003,
    -0.4054491548450764,
    -0.40557983959367383,
    -0.4057105399382193,
    -0.40584125567443174,
    -0.40597198659791256,
    -0.406102732504147,
    -0.4062334931885058,
    -0.4063642684462463,
    -0.4064950580725141,
    -0.4066258618623451,
    -0.40675667961066647,
    -0.4068875111122982,
    -0.4070183561619543,
    -0.40714921455424313,
    -0.40728008608366906,
    -0.407410970544633,
    -0.40754186773143364,
    -0.4076727774382688,
    -0.4078036994592359,
    -0.40793463358833326,
    -0.4080655796194613,
    -0.4081965373464233,
    -0.4083275065629264,
    -0.4084584870625829,
    -0.40858947863891115,
    -0.40872048108533643,
    -0.408851494195192,
    -0.4089825177617197,
    -0.40911355157807106,
    -0.4092445954373082,
    -0.4093756491324045,
    -0.4095067124562456,
    -0.40963778520163047,
    -0.40976886716127175,
    -0.40989995812779717,
    -0.4100310578937501,
    -0.41016216625159035,
    -0.4102932829936951,
    -0.41042440791235996,
    -0.41055554079979906,
    -0.4106866814481467,
    -0.41081782964945723,
    -0.41094898519570666,
    -0.41108014787879293,
    -0.4112113174905367,
    -0.41134249382268245,
    -0.4114736766668987,
    -0.4116048658147794,
    -0.4117360610578439,
    -0.4118672621875383,
    -0.41199846899523584,
    -0.41212968127223776,
    -0.4122608988097736,
    -0.41239212139900266,
    -0.41252334883101377,
    -0.41265458089682655,
    -0.41278581738739184,
    -0.4129170580935925,
    -0.41304830280624405,
    -0.41317955131609496,
    -0.41331080341382787,
    -0.4134420588900597,
    -0.41357331753534254,
    -0.4137045791401643,
    -0.4138358434949491,
    -0.413967110390058,
    -0.41409837961578955,
    -0.41422965096238046,
    -0.41436092422000614,
    -0.41449219917878116,
    -0.4146234756287602,
    -0.4147547533599379,
    -0.41488603216225045,
    -0.4150173118255752,
    -0.4151485921397317,
    -0.4152798728944822,
    -0.4154111538795321,
    -0.41554243488453035,
    -0.4156737156990704,
    -0.4158049961126904,
    -0.41593627591487364,
    -0.4160675548950493,
    -0.4161988328425931,
    -0.4163301095468275,
    -0.4164613847970222,
    -0.416592658382395,
    -0.4167239300921121,
    -0.4168551997152883,
    -0.4169864670409879,
    -0.41711773185822504,
    -0.4172489939559642,
    -0.4173802531231205,
    -0.4175115091485605,
    -0.41764276182110227,
    -0.4177740109295162,
    -0.4179052562625253,
    -0.41803649760880546,
    -0.4181677347569865,
    -0.4182989674956519,
    -0.4184301956133397,
    -0.41856141889854304,
    -0.4186926371397102,
    -0.4188238501252453,
    -0.41895505764350877,
    -0.4190862594828174,
    -0.4192174554314453,
    -0.4193486452776237,
    -0.41947982880954204,
    -0.4196110058153478,
    -0.41974217608314723,
    -0.4198733394010055,
    -0.4200044955569473,
    -0.4201356443389572,
    -0.42026678553498026,
    -0.4203979189329217,
    -0.4205290443206483,
    -0.42066016148598784,
    -0.42079127021673024,
    -0.4209223703006273,
    -0.42105346152539347,
    -0.42118454367870606,
    -0.4213156165482056,
    -0.4214466799214962,
    -0.421577733586146,
    -0.4217087773296872,
    -0.42183981093961687,
    -0.42197083420339687,
    -0.42210184690845454,
    -0.4222328488421827,
    -0.42236383979194025,
    -0.42249481954505264,
    -0.4226257878888117,
    -0.42275674461047646,
    -0.4228876894972731,
    -0.4230186223363957,
    -0.42314954291500584,
    -0.42328045102023376,
    -0.423411346439178,
    -0.42354222895890614,
    -0.42367309836645484,
    -0.4238039544488301,
    -0.42393479699300807,
    -0.42406562578593443,
    -0.42419644061452555,
    -0.4243272412656685,
    -0.42445802752622114,
    -0.4245887991830128,
    -0.42471955602284406,
    -0.42485029783248757,
    -0.4249810243986878,
    -0.4251117355081615,
    -0.4252424309475984,
    -0.42537311050366067,
    -0.42550377396298383,
    -0.4256344211121768,
    -0.42576505173782236,
    -0.425895665626477,
    -0.4260262625646715,
    -0.4261568423389112,
    -0.42628740473567617,
    -0.42641794954142126,
    -0.4265484765425768,
    -0.42667898552554867,
    -0.4268094762767183,
    -0.426939948582443,
    -0.42707040222905646,
    -0.42720083700286887,
    -0.4273312526901667,
    -0.4274616490772137,
    -0.4275920259502505,
    -0.42772238309549504,
    -0.42785272029914284,
    -0.4279830373473673,
    -0.4281133340263196,
    -0.42824361012212936,
    -0.4283738654209046,
    -0.42850409970873204,
    -0.4286343127716773,
    -0.42876450439578506,
    -0.4288946743670793,
    -0.42902482247156354,
    -0.4291549484952208,
    -0.4292850522240141,
    -0.42941513344388643,
    -0.4295451919407611,
    -0.4296752275005417,
    -0.4298052399091127,
    -0.42993522895233915,
    -0.4300651944160673,
    -0.4301951360861244,
    -0.43032505374831936,
    -0.43045494718844274,
    -0.4305848161922667,
    -0.43071466054554536,
    -0.43084448003401526,
    -0.4309742744433949,
    -0.43110404355938553,
    -0.43123378716767075,
    -0.4313635050539172,
    -0.4314931970037744,
    -0.43162286280287515,
    -0.4317525022368353,
    -0.4318821150912544,
    -0.4320117011517155,
    -0.4321412602037856,
    -0.432270792033016,
    -0.43240029642494165,
    -0.4325297731650823,
    -0.43265922203894197,
    -0.4327886428320094,
    -0.43291803532975803,
    -0.43304739931764635,
    -0.4331767345811176,
    -0.43330604090560054,
    -0.4334353180765089,
    -0.4335645658792421,
    -0.43369378409918496,
    -0.43382297252170815,
    -0.43395213093216806,
    -0.434081259115907,
    -0.4342103568582535,
    -0.43433942394452246,
    -0.43446846016001495,
    -0.43459746529001875,
    -0.4347264391198082,
    -0.43485538143464436,
    -0.43498429201977534,
    -0.4351131706604361,
    -0.43524201714184874,
    -0.43537083124922243,
    -0.43549961276775395,
    -0.4356283614826273,
    -0.4357570771790137,
    -0.4358857596420724,
    -0.43601440865694996,
    -0.43614302400878113,
    -0.43627160548268834,
    -0.43640015286378253,
    -0.43652866593716255,
    -0.43665714448791554,
    -0.4367855883011171,
    -0.43691399716183105,
    -0.43704237085511,
    -0.43717070916599504,
    -0.43729901187951603,
    -0.4374272787806916,
    -0.43755550965452944,
    -0.43768370428602593,
    -0.43781186246016646,
    -0.43793998396192557,
    -0.43806806857626684,
    -0.438196116088143,
    -0.4383241262824966,
    -0.4384520989442598,
    -0.43858003385835437,
    -0.43870793080969217,
    -0.43883578958317504,
    -0.4389636099636947,
    -0.4390913917361332,
    -0.43921913468536267,
    -0.43934683859624535,
    -0.43947450325363374,
    -0.43960212844237023,
    -0.4397297139472873,
    -0.4398572595532072,
    -0.4399847650449423,
    -0.4401122302072954,
    -0.44023965482505967,
    -0.4403670386830198,
    -0.44049438156595183,
    -0.4406216832586237,
    -0.44074894354579514,
    -0.4408761622122177,
    -0.4410033390426348,
    -0.4411304738217819,
    -0.4412575663343864,
    -0.4413846163651683,
    -0.4415116236988394,
    -0.44163858812010337,
    -0.4417655094136554,
    -0.44189238736418157,
    -0.4420192217563594,
    -0.44214601237485757,
    -0.44227275900433805,
    -0.44239946142945646,
    -0.44252611943486314,
    -0.4426527328052029,
    -0.4427793013251147,
    -0.4429058247792313,
    -0.44303230295217905,
    -0.4431587356285775,
    -0.4432851225930395,
    -0.4434114636301706,
    -0.4435377585245686,
    -0.44366400706082404,
    -0.4437902090235199,
    -0.44391636419723113,
    -0.4440424723665237,
    -0.4441685333159539,
    -0.4442945468300696,
    -0.44442051269341293,
    -0.4445464306905218,
    -0.4446723006059306,
    -0.44479812222417053,
    -0.4449238953297705,
    -0.44504961970725737,
    -0.4451752951411557,
    -0.4453009214159868,
    -0.445426498316268,
    -0.44555202562651064,
    -0.4456775031312189,
    -0.4458029306148895,
    -0.4459283078620109,
    -0.4460536346570627,
    -0.4461789107845166,
    -0.4463041360288375,
    -0.44642931017448734,
    -0.4465544330059277,
    -0.44667950430762005,
    -0.4468045238640264,
    -0.44692949145960964,
    -0.4470544068788323,
    -0.447179269906156,
    -0.4473040803260395,
    -0.44742883792293925,
    -0.44755354248130713,
    -0.4476781937855894,
    -0.4478027916202253,
    -0.4479273357696469,
    -0.4480518260182781,
    -0.4481762621505383,
    -0.4483006439508483,
    -0.44842497120363456,
    -0.4485492436933295,
    -0.4486734612043702,
    -0.44879762352119806,
    -0.4489217304282586,
    -0.44904578170999987,
    -0.449169777150871,
    -0.44929371653531963,
    -0.4494175996477903,
    -0.44954142627272214,
    -0.449665196194548,
    -0.44978890919769376,
    -0.4499125650665772,
    -0.4500361635856081,
    -0.4501597045391897,
    -0.45028318771171866,
    -0.4504066128875866,
    -0.45052997985118365,
    -0.4506532883869017,
    -0.4507765382791369,
    -0.4508997293122894,
    -0.4510228612707609,
    -0.4511459339389531,
    -0.45126894710126597,
    -0.4513919005420954,
    -0.45151479404583095,
    -0.45163762739685576,
    -0.451760400379546,
    -0.451883113268782,
    -0.4520057663394351,
    -0.452128359866368,
    -0.4522508941244368,
    -0.4523733693884943,
    -0.4524957859333918,
    -0.45261814403397904,
    -0.452740443965103,
    -0.4528626860016077,
    -0.45298487041833224,
    -0.4531069974901103,
    -0.4532290674917701,
    -0.4533510806981342,
    -0.4534730373840197,
    -0.45359493782423815,
    -0.45371678229359447,
    -0.4538385710668869,
    -0.4539603044189057,
    -0.45408198262443344,
    -0.4542036059582444,
    -0.45432517469510614,
    -0.45444668910978137,
    -0.45456814947703106,
    -0.4546895560716156,
    -0.4548109091682939,
    -0.45493220904182186,
    -0.4550534559669518,
    -0.45517465021843184,
    -0.45529579207100596,
    -0.45541688179941336,
    -0.45553791967838786,
    -0.45565890598265707,
    -0.45577984098694196,
    -0.45590072496595707,
    -0.456021558194411,
    -0.45614234094700723,
    -0.45626307349844386,
    -0.4563837561234151,
    -0.45650438909661245,
    -0.45662497269272584,
    -0.4567455071864437,
    -0.456865992852452,
    -0.45698642996543437,
    -0.45710681880007176,
    -0.45722715963104177,
    -0.4573474527330183,
    -0.4574676983806715,
    -0.4575878968486679,
    -0.45770804841167034,
    -0.4578281533443378,
    -0.45794821192132557,
    -0.45806822441728523,
    -0.4581881911068642,
    -0.45830811226470664,
    -0.4584279881654531,
    -0.45854781908374215,
    -0.45866760529421036,
    -0.45878734707149244,
    -0.45890704469022103,
    -0.4590266984250268,
    -0.45914630855053773,
    -0.45926587534137986,
    -0.4593853990721769,
    -0.4595048800175504,
    -0.4596243184521198,
    -0.459743714650502,
    -0.4598630688873122,
    -0.45998238143716325,
    -0.46010165257466584,
    -0.4602208825744287,
    -0.46034007171105873,
    -0.46045922025916086,
    -0.4605783284933389,
    -0.4606973966881955,
    -0.460816425118332,
    -0.4609354140583485,
    -0.46105436378284387,
    -0.46117327456641544,
    -0.4612921466836591,
    -0.46141098040916945,
    -0.4615297760175394,
    -0.46164853378336057,
    -0.46176725398122326,
    -0.46188593688571633,
    -0.4620045827714272,
    -0.46212319191294216,
    -0.46224176458484606,
    -0.4623603010617225,
    -0.46247880161815424,
    -0.46259726652872263,
    -0.46271569606800833,
    -0.4628340905105913,
    -0.4629524501310503,
    -0.46307077520396345,
    -0.4631890660039076,
    -0.463307322805459,
    -0.4634255458831932,
    -0.46354373551168454,
    -0.4636618919655068,
    -0.46378001551923254,
    -0.4638981064474336,
    -0.464016165024681,
    -0.46413419152554486,
    -0.46425218622459424,
    -0.46437014939639776,
    -0.4644880813155234,
    -0.46460598225653826,
    -0.46472385249400905,
    -0.46484169230250144,
    -0.46495950195658053,
    -0.46507728173081075,
    -0.4651950318997558,
    -0.46531275273797845,
    -0.4654304445200412,
    -0.4655481075205052,
    -0.4656657420139313,
    -0.4657833482748795,
    -0.46590092657790894,
    -0.46601847719757816,
    -0.466136000408445,
    -0.4662534964850666,
    -0.46637096570199926,
    -0.46648840833379895,
    -0.46660582465502076,
    -0.4667232149402193,
    -0.46684057946394847,
    -0.4669579185007616,
    -0.4670752323252115,
    -0.46719252121185006,
    -0.4673097854352288,
    -0.4674270252698985,
    -0.4675442409904092,
    -0.46766143287131046,
    -0.46777860118715126,
    -0.4678957462124796,
    -0.468012868221843,
    -0.4681299674897887,
    -0.4682470442908627,
    -0.468364098899611,
    -0.46848113159057875,
    -0.4685981426383105,
    -0.4687151323173504,
    -0.4688321009022417,
    -0.4689490486675274,
    -0.4690659758877497,
    -0.4691828828374502,
    -0.4692997697911701,
    -0.4694166370234497,
    -0.4695334848088289,
    -0.4696503134218471,
    -0.4697671231370428,
    -0.469883914228954,
    -0.47000068697211833,
    -0.47011744164107255,
    -0.470234178510353,
    -0.47035089785449535,
    -0.4704675999480348,
    -0.470584285065506,
    -0.4707009534814429,
    -0.47081760547037926,
    -0.4709342413068481,
    -0.47105086126538154,
    -0.4711674656205116,
    -0.4712840546467696,
    -0.4714006286186864,
    -0.47151718781079216,
    -0.4716337324976164,
    -0.4717502629536884,
    -0.4718667794535366,
    -0.47198328227168906,
    -0.4720997716826733,
    -0.47221624796101636,
    -0.4723327113812446,
    -0.4724491622178843,
    -0.4725656007454606,
    -0.4726820272384987,
    -0.47279844197152293,
    -0.47291484521905736,
    -0.4730312372556254,
    -0.4731476183557499,
    -0.47326398879395337,
    -0.4733803488447576,
    -0.47349669878268413,
    -0.47361303888225376,
    -0.47372936941798705,
    -0.47384569066440385,
    -0.4739620028960239,
    -0.4740783063873661,
    -0.47419460141294895,
    -0.4743108882472908,
    -0.4744271671649094,
    -0.4745434384403221,
    -0.4746597023480457,
    -0.47477595916259696,
    -0.47489220915849173,
    -0.4750084526102458,
    -0.47512468979237454,
    -0.47524092097939263,
    -0.47535714644581456,
    -0.47547336646615435,
    -0.4755895813149257,
    -0.4757057912666414,
    -0.4758219965958144,
    -0.4759381975769571,
    -0.4760543944845813,
    -0.47617058759319864,
    -0.4762867771773204,
    -0.4764029635114573,
    -0.4765191468701198,
    -0.47663532752781806,
    -0.47675150575906167,
    -0.4768676818383599,
    -0.4769838560402218,
    -0.47710002863915585,
    -0.4772161999096702,
    -0.47733237012627244,
    -0.47744853956347016,
    -0.4775647084957703,
    -0.47768087719767927,
    -0.4777970459437034,
    -0.4779132150083486,
    -0.4780293846661203,
    -0.47814555519152385,
    -0.47826172685906415,
    -0.4783778999432457,
    -0.47849407471857275,
    -0.4786102514595493,
    -0.4787264304406786,
    -0.4788426119364642,
    -0.4789587962214088,
    -0.4790749835700148,
    -0.4791911742567844,
    -0.4793073685562193,
    -0.4794235667428208,
    -0.47953976909108986,
    -0.4796559758755272,
    -0.4797721873706332,
    -0.47988840385090786,
    -0.4800046255908509,
    -0.4801208528649618,
    -0.48023708594773956,
    -0.4803533251136832,
    -0.48046957063729134,
    -0.4805858227930619,
    -0.480702081855493,
    -0.4808183480990821,
    -0.48093462179832647,
    -0.4810509032277229,
    -0.48116719266176816,
    -0.48128349037495827,
    -0.48139979664178917,
    -0.48151611173675624,
    -0.4816324359343548,
    -0.48174876950907947,
    -0.4818651127354249,
    -0.4819814658878854,
    -0.48209782924095484,
    -0.482214203069127,
    -0.4823305876468951,
    -0.4824469832487524,
    -0.4825633901491916,
    -0.482679808622705,
    -0.4827962389437848,
    -0.4829126813869228,
    -0.48302913622661026,
    -0.4831456037373383,
    -0.4832620841935975,
    -0.4833785778698782,
    -0.4834950850406701,
    -0.4836116059804628,
    -0.4837281409637454,
    -0.48384469026500665,
    -0.483961254158735,
    -0.4840778329194185,
    -0.484194426821545,
    -0.48431103613960175,
    -0.4844276611480757,
    -0.4845443021214536,
    -0.4846609593342214,
    -0.48477763306086497,
    -0.48489432357586953,
    -0.4850110311537201,
    -0.48512775606890096,
    -0.4852444985958962,
    -0.48536125900918914,
    -0.48547803758326274,
    -0.48559483459259906,
    -0.48571165031167957,
    -0.48582848501498543,
    -0.48594533897699727,
    -0.4860622124721951,
    -0.48617910577505874,
    -0.4862960191600675,
    -0.48641295290170006,
    -0.48652990727443474,
    -0.48664688255274946,
    -0.48676387901112106,
    -0.4868808969240261,
    -0.48699793656594004,
    -0.48711499821133797,
    -0.4872320821346939,
    -0.487349188610481,
    -0.4874663179131714,
    -0.4875834703172358,
    -0.48770064609714375,
    -0.4878178455273634,
    -0.4879350688823623,
    -0.4880523164366077,
    -0.48816958846456654,
    -0.4882868852407056,
    -0.4884042070394912,
    -0.4885215541353896,
    -0.4886389268028668,
    -0.4887563253163885,
    -0.4888737499504196,
    -0.48899120097942445,
    -0.4891086786778661,
    -0.48922618332020695,
    -0.4893437151809081,
    -0.4894612745344295,
    -0.4895788616552304,
    -0.489696476817768,
    -0.4898141202964971,
    -0.4899317923658691,
    -0.4900494933003329,
    -0.49016722337433644,
    -0.49028498286232863,
    -0.49040277203875954,
    -0.4905205911780805,
    -0.4906384405547442,
    -0.4907563204432042,
    -0.49087423111791495,
    -0.4909921728533311,
    -0.4911101459239068,
    -0.49122815060409525,
    -0.4913461871683482,
    -0.49146425589111525,
    -0.49158235704684394,
    -0.49170049090998025,
    -0.491818657754969,
    -0.4919368578562531,
    -0.4920550914882722,
    -0.4921733589254642,
    -0.4922916604422686,
    -0.4924099963131296,
    -0.4925283668124978,
    -0.49264677221483016,
    -0.49276521279459096,
    -0.4928836888262521,
    -0.4930022005842951,
    -0.49312074834321173,
    -0.4932393323775023,
    -0.49335795296167306,
    -0.4934766103702345,
    -0.493595304877701,
    -0.49371403675859094,
    -0.49383280628742576,
    -0.49395161373872803,
    -0.49407045938701966,
    -0.4941893435068215,
    -0.4943082663726537,
    -0.49442722825903945,
    -0.49454622944050924,
    -0.49466527019160295,
    -0.49478435078686916,
    -0.4949034715008643,
    -0.4950226326081532,
    -0.4951418343833094,
    -0.49526107710091305,
    -0.4953803610355488,
    -0.49549968646180337,
    -0.49561905365426345,
    -0.49573846288751433,
    -0.4958579144361384,
    -0.4959774085747131,
    -0.4960969455778105,
    -0.49621652571999586,
    -0.4963361492758278,
    -0.49645581651985776,
    -0.4965755277266331,
    -0.49669528317070066,
    -0.49681508312660866,
    -0.4969349278689062,
    -0.497054817672142,
    -0.4971747528108634,
    -0.49729473355961545,
    -0.49741476019294006,
    -0.49753483298537493,
    -0.49765495221145356,
    -0.4977751181457046,
    -0.49789533106265144,
    -0.49801559123681255,
    -0.49813589894270144,
    -0.49825625445482663,
    -0.4983766580476913,
    -0.4984971099957933,
    -0.4986176105736244,
    -0.4987381600556714,
    -0.4988587587164158,
    -0.49897940683033437,
    -0.4991001046719,
    -0.4992208525155821,
    -0.49934165063584585,
    -0.4994624993071523,
    -0.4995833988039581,
    -0.4997043494007151,
    -0.49982535137187106,
    -0.49994640499186943,
    -0.5000675105351502,
    -0.5001886682761499,
    -0.5003098784893025,
    -0.50043114144904,
    -0.5005524574297935,
    -0.5006738267059935,
    -0.5007952495520711,
    -0.5009167262424582,
    -0.501038257051589,
    -0.5011598422539011,
    -0.5012814821238369,
    -0.5014031769358436,
    -0.5015249269643728,
    -0.5016467324838804,
    -0.5017685937688257,
    -0.501890511093671,
    -0.5020124847328806,
    -0.5021345149609203,
    -0.5022566020522564,
    -0.5023787462813556,
    -0.5025009479226838,
    -0.5026232072507066,
    -0.5027455245398891,
    -0.5028679000646946,
    -0.5029903340995859,
    -0.5031128269190247,
    -0.5032353787974715,
    -0.5033579900093857,
    -0.5034806608292257,
    -0.5036033915314488,
    -0.5037261823905117,
    -0.5038490336808703,
    -0.5039719456769801,
    -0.5040949186532959,
    -0.5042179528842718,
    -0.5043410486443617,
    -0.5044642062080186,
    -0.5045874258496951,
    -0.5047107078438434,
    -0.5048340524649152,
    -0.5049574599873623,
    -0.5050809306856359,
    -0.5052044648341874,
    -0.5053280627074677,
    -0.5054517245799279,
    -0.5055754507260195,
    -0.5056992414201926,
    -0.5058230969368994,
    -0.5059470175505908,
    -0.5060710035357191,
    -0.5061950551667369
]