[
    0.730579306973062,
    0.7308272963746316,
    0.7162190475035891,
    0.7158655081974001,
    0.7155328493940708,
    0.7152202395268394,
    0.7149268719809684,
    0.7146519643809848,
    0.7143947578980984,
    0.7141545165772226,
    0.7139305266830553,
    0.7137220960646741,
    0.7135285535381272,
    0.7133492482865074,
    0.7131835492770219,
    0.7130308446945702,
    0.7128905413913701,
    0.7127620643521747,
    0.7126448561746455,
    0.7125383765644495,
    0.7124421018446696,
    0.7123555244791185,
    0.71227815260917,
    0.7122095096037175,
    0.7121491336218922,
    0.7120965771881786,
    0.7120514067795808,
    0.7120132024245038,
    0.7119815573130178,
    0.7119560774181745,
    0.711936381128067,
    0.7119220988883364,
    0.7119128728548244,
    0.7119083565560925,
    0.71190821456552,
    0.7119121221827099,
    0.7119197651239396,
    0.7119308392214029,
    0.7119450501310017,
    0.7119621130484424,
    0.7119817524333927,
    0.712003701741485,
    0.7120277031639377,
    0.712053507374581,
    0.7120808732840745,
    0.7121095678011173,
    0.712139365600449,
    0.7121700488974502,
    0.7122014072291593,
    0.7122332372415208,
    0.7122653424826852,
    0.7122975332021977,
    0.7123296261559108,
    0.7123614444164631,
    0.7123928171891666,
    0.7124235796331604,
    0.7124535726876702,
    0.7124826429032121,
    0.7125106422775949,
    0.7125374280965981,
    0.7125628627792034,
    0.7125868137272505,
    0.7126091531793922,
    0.7126297580692218,
    0.7126485098874439,
    0.7126652945479751,
    0.7126800022578715,
    0.7126925273909733,
    0.7127027683651578,
    0.7127106275231035,
    0.7127160110164706,
    0.7127188286933985,
    0.7127189939892221,
    0.7127164238203181,
    0.7127110384809912,
    0.7127027615433181,
    0.7126915197598624,
    0.7126772429691702,
    0.7126598640039826,
    0.7126393186020791,
    0.7126155453196866,
    0.7125884854473693,
    0.7125580829283368,
    0.7125242842791002,
    0.7124870385124085,
    0.7124462970624014,
    0.7124020137119171,
    0.7123541445218924,
    0.7123026477627953,
    0.7122474838480357,
    0.7121886152692932,
    0.7121260065337077,
    0.7120596241028769,
    0.7119894363336173,
    0.7119154134204349,
    0.7118375273396595,
    0.7117557517951928,
    0.7116700621658238,
    0.7115804354540707,
    0.7114868502365013,
    0.7113892866154943,
    0.7112877261723971,
    0.7111821519220417,
    0.7110725482685797,
    0.7109589009625995,
    0.7108411970594889,
    0.7107194248790075,
    0.7105935739660333,
    0.7104636350524534,
    0.7103296000201622,
    0.7101914618651399,
    0.7100492146625736,
    0.7099028535330001,
    0.7097523746094344,
    0.7095977750054581,
    0.709439052784242,
    0.7092762069284723,
    0.7091092373111578,
    0.7089381446672938,
    0.708762930566355,
    0.7085835973855957,
    0.7084001482841356,
    0.7082125871778031,
    0.7080209187147223,
    0.7078251482516164,
    0.7076252818308107,
    0.7074213261579143,
    0.7072132885801579,
    0.7070011770653717,
    0.7067850001815861,
    0.7065647670772356,
    0.7063404874619492,
    0.7061121715879116,
    0.705879830231776,
    0.7056434746771146,
    0.7054031166973909,
    0.7051587685394388,
    0.7049104429074359,
    0.7046581529473537,
    0.7044019122318728,
    0.704141734745748,
    0.7038776348716134,
    0.7036096273762117,
    0.7033377273970385,
    0.7030619504293877,
    0.7027823123137854,
    0.7024988292238037,
    0.702211517654241,
    0.7019203944096617,
    0.701625476593282,
    0.7013267815961925,
    0.701024327086908,
    0.7007181310012329,
    0.7004082115324382,
    0.7000945871217354,
    0.6997772764490443,
    0.6994562984240399,
    0.6991316721774764,
    0.6988034170527744,
    0.6984715525978695,
    0.6981360985573097,
    0.697797074864599,
    0.6974545016347777,
    0.6971083991572314,
    0.6967587878887245,
    0.6964056884466495,
    0.6960491216024884,
    0.6956891082754779,
    0.695325669526472,
    0.6949588265519968,
    0.6945886006784948,
    0.6942150133567485,
    0.6938380861564822,
    0.6934578407611328,
    0.6930742989627858,
    0.6926874826572742,
    0.6922974138394336,
    0.6919041145985081,
    0.6915076071137062,
    0.6911079136498982,
    0.6907050565534527,
    0.6902990582482098,
    0.689889941231581,
    0.6894777280707801,
    0.6890624413991797,
    0.6886441039127865,
    0.6882227383668313,
    0.6877983675724708,
    0.6873710143936012,
    0.6869407017437785,
    0.6865074525832383,
    0.6860712899160148,
    0.68563223678716,
    0.6851903162800532,
    0.6847455515138137,
    0.6842979656408067,
    0.6838475818442297,
    0.6833944233357815,
    0.6829385133534159,
    0.6824798751591844,
    0.6820185320371535,
    0.6815545072913978,
    0.6810878242440712,
    0.6806185062335539,
    0.6801465766126628,
    0.6796720587469413,
    0.6791949760130472,
    0.6787153517972113,
    0.6782332094937307,
    0.6777485725035417,
    0.6772614642329399,
    0.6767719080924715,
    0.6762799274959742,
    0.6757855458596915,
    0.6752887866014394,
    0.674789673140056,
    0.6742882288954383,
    0.6737844772892293,
    0.6732784417458058,
    0.6727701456936449,
    0.6722596125685188,
    0.6717468658211094,
    0.6712319289320888,
    0.6707148254353495,
    0.6701955789483126,
    0.669674213215228,
    0.6691507521759665,
    0.6686252200508253,
    0.6680976414074884,
    0.6675680415225131,
    0.6670364487623877,
    0.6665029108375704,
    0.6660381699437552,
    0.6658002550593873,
    0.66579998590428,
    0.665868395227302,
    0.6660398443486524,
    0.6664359839841086,
    0.6669205962298783,
    0.6673632601913938,
    0.6677652178242774,
    0.6681277161819377,
    0.6684934908549193,
    0.6689036888666451,
    0.669314875797031,
    0.6696897612045205,
    0.6701758183519547,
    0.6709057795687161,
    0.6717235589271613,
    0.6724835227700132,
    0.673187443573861,
    0.6738371331719336,
    0.6745980223316412,
    0.6756602812415721,
    0.6768794732732306,
    0.6780543053716797,
    0.6792591926236206,
    0.6806907403281002,
    0.6823291935322965,
    0.6839679008396726,
    0.6855151856884389,
    0.686976524638151,
    0.688351745928552,
    0.6897337350460498,
    0.6912198552369295,
    0.6927178563480402,
    0.694128453857809,
    0.6954490978529676,
    0.69668262775613,
    0.6978318144383464,
    0.6990140606651436,
    0.7003423775063742,
    0.7016960608671728,
    0.7030138799432819,
    0.7043617074770012,
    0.7056929246927046,
    0.7069425681926471,
    0.7081234911748554,
    0.7092886541878861,
    0.7104483150867985,
    0.7115511388938137,
    0.7125681155360133,
    0.713502011175854,
    0.714355523473296,
    0.7151312740824023,
    0.7158318093603845,
    0.7164596019816523,
    0.7170170527085727,
    0.7175064924189137,
    0.7179301849293558,
    0.7182903318426149,
    0.7185891031580867,
    0.718865265494629,
    0.7191560696769521,
    0.719424023903313,
    0.7196330761717392,
    0.7197852307035425,
    0.7198825035945472,
    0.7199272859110882,
    0.719927394322635,
    0.7199078470598624,
    0.7198830972232504,
    0.719844804416036,
    0.7198087847367213,
    0.7197805431443626,
    0.7197242517139798,
    0.7196194334071749,
    0.7194677380254455,
    0.7192708088205592,
    0.7190302496707961,
    0.7187476277686741,
    0.7184378058433056,
    0.7181157039242995,
    0.7177690593060599,
    0.7173852870100199,
    0.7169823133951045,
    0.7165771194570836,
    0.716152491487648,
    0.715692311473566,
    0.7151978886990145,
    0.7146705015580234,
    0.7141113921880577,
    0.713521766022632,
    0.7129027924526046,
    0.7122556056905636,
    0.7115813054208406,
    0.7108809578248156,
    0.7101555966117994,
    0.7094062240141432,
    0.7086338126705135,
    0.7078393081275587,
    0.7070236332629964,
    0.7061877109127165,
    0.7053354595963489,
    0.7044706405828943,
    0.7035908230703181,
    0.7026936273860547,
    0.7017798749745106,
    0.7009293616435514,
    0.7002187022638416,
    0.699563637642795,
    0.6988831714675492,
    0.6981801338716601,
    0.6974582826713905,
    0.6967176783960408,
    0.6959562314675662,
    0.6951736953548291,
    0.6943709760595038,
    0.6935999933871767,
    0.6929106261223695,
    0.6922487834234619,
    0.6915624290942116,
    0.6908525349363128,
    0.6901200587539171,
    0.6893659335094097,
    0.6885910657434378,
    0.6877963351786476,
    0.6869825950732218,
    0.6861506728190664,
    0.6853013707220088,
    0.6844354669658658,
    0.6835537166317202,
    0.6826568527182639,
    0.6817455874201137,
    0.6808206159545014,
    0.679882665230839,
    0.6790213490012678,
    0.6783227769607435,
    0.6776919235641448,
    0.6770373599181475,
    0.6763600355712229,
    0.6756608888454244,
    0.6749408361600053,
    0.6742007697235819,
    0.6734415565372784,
    0.6726640401995254,
    0.6718690614058556,
    0.671075993031395,
    0.6703462244893101,
    0.6697016970351946,
    0.6690779364540058,
    0.6684314572334218,
    0.6677632343969002,
    0.66707420781008,
    0.6663964396968335,
    0.6657612522701749,
    0.6651364557180919,
    0.6644902042396132,
    0.6638230499252951,
    0.6631359004516233,
    0.6624991922654969,
    0.6619806432363524,
    0.6615060869870705,
    0.6610041929943172,
    0.6604761135178056,
    0.6599720205838144,
    0.6595400434482029,
    0.6591284715673844,
    0.6586935851218454,
    0.6582422328762892,
    0.6577690121616924,
    0.657268782715033,
    0.6567426249776217,
    0.6561916025281197,
    0.6556167509739697,
    0.6550192316215313,
    0.6544259005780678,
    0.6538622836352109,
    0.6533014626536824,
    0.6527177393465127,
    0.6521204216809663,
    0.6515184638495428,
    0.6509039531850489,
    0.6502691678865333,
    0.6496149027526974,
    0.6489682677476788,
    0.6483553723461264,
    0.6477487983122598,
    0.6471226750095022,
    0.6464803476068003,
    0.6458240698813142,
    0.6451932236784212,
    0.6446299071998968,
    0.6441030086364502,
    0.6435998227394608,
    0.6431318191699168,
    0.6426641720516457,
    0.6421720863837466,
    0.6416565684193548,
    0.6411186108159673,
    0.6405591854691574,
    0.6399792526522601,
    0.6393912765836147,
    0.6388072395418207,
    0.6382155893856406,
    0.6376051853420099,
    0.6369768571843629,
    0.6363314490354061,
    0.6356714986099049,
    0.6350036697589431,
    0.6343310185812027,
    0.6337158494769817,
    0.6332197482204893,
    0.6327705165778832,
    0.6322985720852435,
    0.6318048087305012,
    0.631305039313491,
    0.6308171610726877,
    0.6303296561798526,
    0.6298261976987404,
    0.6293039900141204,
    0.6287627631627589,
    0.6282032294305696,
    0.6276262283368349,
    0.6270325870291931,
    0.6264231155442694,
    0.6257987766510509,
    0.6252322807769002,
    0.6247932238357579,
    0.6244049669469294,
    0.6240371483643492,
    0.6237324180674931,
    0.6234453328336026,
    0.6231319708364266,
    0.6227933149574433,
    0.6224304266601337,
    0.6220443485311362,
    0.6216364814463654,
    0.6212308362173311,
    0.6208497571921464,
    0.6204694285792426,
    0.6200785146936955,
    0.6196887605815684,
    0.6192890313486936,
    0.6188685931528952,
    0.6184283508151578,
    0.6179692058438954,
    0.6174920361456988,
    0.616997693909608,
    0.6164870053398375,
    0.6159607718700345,
    0.6154197718876294,
    0.6148647637790542,
    0.6142965123338137,
    0.6137527254985335,
    0.613269638095971,
    0.6128081670934781,
    0.6123307161755622,
    0.6118380903150072,
    0.6113310636418529,
    0.6108103830547067,
    0.610279275080979,
    0.6098139971248855,
    0.6094829057325984,
    0.609205390644841,
    0.6089063635721412,
    0.6085867697125102,
    0.6082475394679285,
    0.6078895759880818,
    0.6075137552544199,
    0.6071209280769788,
    0.606711920787665,
    0.6062875055090564,
    0.6058484306117231,
    0.6053954210566446,
    0.6049291790147047,
    0.6044503847261959,
    0.6039596972348453,
    0.603457754999341,
    0.6029451770080314,
    0.602422564426069,
    0.6018905008029651,
    0.6013495516403122,
    0.6008002747196481,
    0.600256575122763,
    0.599732490041704,
    0.5992149473656289,
    0.5986907116785614,
    0.5982238731736234,
    0.5978762089379197,
    0.5975797461941251,
    0.597268078261094,
    0.5969410489244893,
    0.5965993567414611,
    0.5962437054523037,
    0.5958747800916324,
    0.5954932449270609,
    0.5950997435686126,
    0.5946948994072497,
    0.5942793160969386,
    0.5938535780647654,
    0.5934182510363767,
    0.5929738825640939,
    0.5925210025485843,
    0.5920601237480867,
    0.591591742274546,
    0.5911163380777789,
    0.5906343754174338,
    0.5901463033218477,
    0.5896525560339339,
    0.5891535534448075,
    0.5886497015154744,
    0.5881413926866983,
    0.5876290062771804,
    0.5871129088703587,
    0.5865934546902394,
    0.5860709859665263,
    0.5855458332892736,
    0.5850183159533779,
    0.584488742293247,
    0.5839574100079135,
    0.583424606476832,
    0.58289060906662,
    0.5823556854290052,
    0.5818200937902347,
    0.5812840832321801,
    0.5807478939653776,
    0.5802117575942258,
    0.5796758973745612,
    0.5791405284638312,
    0.578605858164084,
    0.578072086157971,
    0.5775394047379577,
    0.577007999028934,
    0.5764780472044075,
    0.5759497206964712,
    0.5754231843997141,
    0.5748985968692522,
    0.5743761105130413,
    0.5738558717786395,
    0.5733380213345726,
    0.5728226942464578,
    0.5723100201480347,
    0.571800123407247,
    0.5712931232875158,
    0.5707891341043423,
    0.5702882653773705,
    0.5697906219780422,
    0.5692963042729664,
    0.568805408263126,
    0.5683180257190427,
    0.567834244312013,
    0.5673541477415277,
    0.5668778158589824,
    0.566405324787785,
    0.5659367470399654,
    0.565472151629383,
    0.5650116041816338,
    0.564555167040746,
    0.5641028993727596,
    0.5636548572662763,
    0.5632110938300681,
    0.5627716592878272,
    0.56233660107014,
    0.5619059639037628,
    0.5614797898982768,
    0.5610581186301997,
    0.5606409872246234,
    0.5602284304344501,
    0.5598204807172954,
    0.5594171683101229,
    0.5590185213016804,
    0.5586245657027942,
    0.5582353255145879,
    0.5578508227946821,
    0.5574710777214353,
    0.5570961086562787,
    0.5567259322042033,
    0.55636056327245,
    0.5560000151274558,
    0.5556442994501033,
    0.5552934263893261,
    0.5549474046141134,
    0.5546062413639624,
    0.5542699424978224,
    0.553938512541573,
    0.5536119547340808,
    0.5532902710718731,
    0.55297346235247,
    0.5526615282164128,
    0.5523544671880257,
    0.5520522767149496,
    0.5517549532064796,
    0.5514624920707446,
    0.5511748877507595,
    0.550892133759385,
    0.5506142227132236,
    0.5503411463654856,
    0.5500728956378536,
    0.5498094606513728,
    0.5495508307563981,
    0.5492969945616245,
    0.5490479399622256,
    0.548803654167128,
    0.5485641237254462,
    0.5483293345521016,
    0.548099271952651,
    0.5478739206473444,
    0.5476532647944393,
    0.5474372880127875,
    0.5472259734037204,
    0.5470193035722503,
    0.5468172606476088,
    0.546619826303142,
    0.5464269817755792,
    0.5462387078836967,
    0.546054985046391,
    0.5458757933001818,
    0.5457011123161579,
    0.5455309214163864,
    0.5453651995897963,
    0.5452039255075577,
    0.5450470775379647,
    0.5448946337608425,
    0.5447465719814899,
    0.5446028697441695,
    0.5444635043451632,
    0.5443284528454008,
    0.5441976920826771,
    0.5440711986834719,
    0.5439489490743777,
    0.5438309194931548,
    0.5437170859994185,
    0.5436074244849739,
    0.5435019106838044,
    0.5434005201817285,
    0.5433032284257318,
    0.5432100107329847,
    0.5431208422995554,
    0.5430356982088277,
    0.5429545534396314,
    0.542877382874094,
    0.5428041613052239,
    0.5427348634442292,
    0.5426694639275846,
    0.542607937323851,
    0.5425502581402561,
    0.5424964008290437,
    0.5424463397935975,
    0.5424000493943468,
    0.5423575039544619,
    0.5423186777653429,
    0.5422835450919107,
    0.5422520801777051,
    0.5422242572497963,
    0.5422000505235137,
    0.5421794342070011,
    0.5421623825056006,
    0.5421488696260708,
    0.5421388697806468,
    0.5421323571909437,
    0.5421293060917092,
    0.5421296907344326,
    0.5421334853908111,
    0.5421406643560797,
    0.5421512019522089,
    0.5421650725309738,
    0.5421822504768989,
    0.5422027102100818,
    0.5422264261889003,
    0.5422533729126071,
    0.5422835249238145,
    0.5423168568108734,
    0.5423533432101504,
    0.5423929588082046,
    0.5424356783438687,
    0.5424814766102376,
    0.5425303284565672,
    0.5425822087900857,
    0.5426370925777204,
    0.5426949548477438,
    0.5427557706913398,
    0.5428195152640962,
    0.5428861637874244,
    0.5429556915499077,
    0.5430280739085815,
    0.5431032862901495,
    0.5431813041921374,
    0.5432621031839896,
    0.5433456589081116,
    0.5434319470808636,
    0.5435209434935082,
    0.5436126240131185,
    0.5437069645834538,
    0.5438039412258089,
    0.5439035300398544,
    0.5440057072044892,
    0.5441104489787368,
    0.5442177317027266,
    0.5443275317988233,
    0.5444398257730362,
    0.5445545902169295,
    0.5446718018104761,
    0.5447914373267023,
    0.5449134736397659,
    0.5450378877397464,
    0.5451646567620515,
    0.5452937580546832,
    0.5454251693616877,
    0.5455588694993254,
    0.5456948427363796,
    0.5460796425357428,
    0.5472549781076907,
    0.5492487511687718,
    0.5514784951202163,
    0.5536302947109634,
    0.5559758141363742,
    0.5588669108122141,
    0.5621039202584701,
    0.5653133741189853,
    0.5684045560604954,
    0.5713809181150139,
    0.5746006187109763,
    0.5784083527140947,
    0.5824957332069173,
    0.586771879973708,
    0.5913655223897103,
    0.5959880524390649,
    0.6005093274311588,
    0.6050109010457313,
    0.6096383145504518,
    0.6145752326348398,
    0.6196289048700927,
    0.6245251255778098,
    0.6294646694399687,
    0.6346852507236425,
    0.6399341085721694,
    0.6449680838305072,
    0.6498512489219013,
    0.6548340498732137,
    0.6600430085636836,
    0.6652222711523157,
    0.6701866000675876,
    0.6751137432184415,
    0.6801780677663727,
    0.6852878644784486,
    0.6903371591715884,
    0.6952874312977716,
    0.7001327521767189,
    0.7048502266210749,
    0.7093766309933297,
    0.71369722178014,
    0.7178186250188852,
    0.7217473073145264,
    0.725489549345208,
    0.7290514474597816,
    0.7324389181642532,
    0.7356577030320531,
    0.7387133736426232,
    0.7416113364332855,
    0.7443568374600318,
    0.7469549672033828,
    0.7494106657400286,
    0.7517287303635065,
    0.7539419494958446,
    0.7560819623411785,
    0.7581229673923204,
    0.7600400312879633,
    0.7618373203897985,
    0.7635189428840503,
    0.7650888895570851,
    0.7665510327609688,
    0.7679091267461481,
    0.7691668112917253,
    0.7703276171685651,
    0.7713949699048486,
    0.7723721923206917,
    0.7732625073167687,
    0.7740690425700123,
    0.7747948478023152,
    0.7754766624310374,
    0.7763060981816665,
    0.777403429728842,
    0.7785717730852917,
    0.7796484063336755,
    0.780633030192758,
    0.7815289049849736,
    0.7823392143738411,
    0.7830670477663559,
    0.7837154005866686,
    0.7842871772280129,
    0.7847851940203148,
    0.7852121818118363,
    0.7855707886123182,
    0.7858635828306462,
    0.7860930596933006,
    0.7862617509194396,
    0.786444293638364,
    0.7867122781636716,
    0.7869901790352253,
    0.78720542112468,
    0.7873603940501985,
    0.7874603988813176,
    0.7877188164136142,
    0.7883349835283422,
    0.7890840997582244,
    0.7897540928483202,
    0.7903492234803837,
    0.7909531193614889,
    0.7916860091196374,
    0.7925006817436899,
    0.7932719420664751,
    0.7939612720520743,
    0.7945715382013965,
    0.7953719732309685,
    0.796621559122849,
    0.7980366505050858,
    0.7994057086007996,
    0.8008174268621577,
    0.8022342949455655,
    0.8035684820040466,
    0.8047969642900631,
    0.8061423306585832,
    0.8078585220797112,
    0.8097531632589705,
    0.8115953650249221,
    0.813585249117577,
    0.8159139235348354,
    0.8184044726877657,
    0.8208673197446419,
    0.8232269251247255,
    0.8254372203385598,
    0.8276896154676461,
    0.8301857354590709,
    0.8327468109556011,
    0.8351659225185566,
    0.8374305299544753,
    0.8397237012003427,
    0.8422212667041713,
    0.844737130409604,
    0.8474040291597358,
    0.8505339711618625,
    0.8538037141028213,
    0.8568886124713704,
    0.85978796052485,
    0.862507961976161,
    0.8650546870792433,
    0.8674340296395219,
    0.8696517079664339,
    0.8717132691192961,
    0.873624093610111,
    0.8753894001143736,
    0.8770142500925092,
    0.8785035522980813,
    0.8798620671666951,
    0.8810944110846164,
    0.8822050605385007,
    0.8831983561486955,
    0.8840785065888637,
    0.8848495923948448,
    0.8855155696656966,
    0.886080273659785,
    0.8865474222887941,
    0.8869206195125122,
    0.8872033586371766,
    0.8873990255200859,
    0.8875109016831194,
    0.8875421673377,
    0.8874959043237,
    0.8873750989647372,
    0.8871826448422225,
    0.8869213454904464,
    0.8865939170149291,
    0.886202990636201,
    0.8857511151611261,
    0.8852407593838163,
    0.884674314418128,
    0.8840540959636717,
    0.8833823465072144,
    0.8826612374613092,
    0.8818928712419235,
    0.8810792832867929,
    0.880222444016176,
    0.8793242607376426,
    0.8783865794964746,
    0.87741118687322,
    0.8763998117298968,
    0.8753541269063023,
    0.8742757508678393,
    0.8731662493062324,
    0.8720271366944687,
    0.8708598777972552,
    0.8696658891382529,
    0.8684465404253119,
    0.8672031559349002,
    0.865937015856884,
    0.8646493576007811,
    0.8633413770645735,
    0.8620142298671465,
    0.8606690325453842,
    0.8593068637169252,
    0.8579287652095471,
    0.8565357431581273,
    0.8551287690700993,
    0.8537087808602983,
    0.8522766838560668,
    0.8508333517734623,
    0.8493796276653847,
    0.8479163248424243,
    0.8464442277672029,
    0.8449640929229612,
    0.8434766496571244,
    0.8419826010005518,
    0.8404826244631607,
    0.8389773728065987,
    0.8374674747946163,
    0.8359535359217738,
    0.8344361391211017,
    0.8329158454513117,
    0.8313931947641358,
    0.8298687063523562,
    0.8283428795790718,
    0.8268161944887404,
    0.825289112400517,
    0.8237620764843925,
    0.8222355123206184,
    0.8207098284428958,
    0.8191854168657967,
    0.8176626535968761,
    0.8161418991338962,
    0.8146234989475789,
    0.8131077839503027,
    0.8115950709511719,
    0.8100856630978558,
    0.8085798503055506,
    0.8070779096734181,
    0.805580105888866,
    0.8040866916200654,
    0.8025979078970836,
    0.8011139844819197,
    0.7996351402277108,
    0.7981615834274318,
    0.796693512152485,
    0.7952311145816191,
    0.7937745693204746,
    0.792324045711903,
    0.7908797041374043,
    0.789441696310379,
    0.7880101655623877,
    0.7865852471236074,
    0.7851670683985648,
    0.7837557492414404,
    0.782351402237806,
    0.7809541330038694,
    0.7795640405543082,
    0.7781812178937872,
    0.7768057533385395,
    0.7754377352901036,
    0.7740772865209133,
    0.772801488880533,
    0.7717326734084327,
    0.7708348159991866,
    0.7699767525090216,
    0.7691086896550511,
    0.7682308880705512,
    0.7673438608113976,
    0.766448152903583,
    0.7655443023698758,
    0.7646328313470172,
    0.7637142444848545,
    0.7627890289248571,
    0.7618576547863252,
    0.7609205930199582,
    0.7599782998265194,
    0.7590312194215808,
    0.7580797934063486,
    0.757203328606174,
    0.7564827082321277,
    0.7558380447404045,
    0.7551847963444114,
    0.7545215616302201,
    0.7538488329942126,
    0.753164996771453,
    0.7524693631081005,
    0.751761884708489,
    0.7510428418872137,
    0.7503128247369517,
    0.7495724660403807,
    0.7488593563333944,
    0.7482095616075529,
    0.7475837814668177,
    0.746944232086103,
    0.7462915640469931,
    0.7456264213272061,
    0.7449494290860408,
    0.744261192704313,
    0.7435622979540544,
    0.7428533113808834,
    0.7421347807705991,
    0.7414072356534098,
    0.7406711878269057,
    0.7399271318751959,
    0.7391755456726616,
    0.7384168908790211,
    0.7376516134250233,
    0.7368801439818957,
    0.7361028984154565,
    0.7353202782285801,
    0.7345326709920266,
    0.7337404507646864,
    0.7329439785068852,
    0.7321436024843874,
    0.7313396586580073,
    0.7305324710607144,
    0.7297223521693139,
    0.7289096032801593,
    0.7280945149062312,
    0.7272773672473309,
    0.7264584309307582,
    0.7256379690802611,
    0.7248162520153371,
    0.7240069915750971,
    0.7232735331675447,
    0.7226499139287917,
    0.722068490160336,
    0.721477580882445,
    0.720877647451978,
    0.7202691551988287,
    0.719652557121453,
    0.7190282919467585,
    0.7183967841053286,
    0.7177584439795348,
    0.7171136681386521,
    0.7164628397139912,
    0.7158063288415091,
    0.7151444930589861,
    0.7144776777151163,
    0.7138062163599606,
    0.7131304310837928,
    0.7124506328671625,
    0.7117671219136893,
    0.7110801879350964,
    0.7103901104599805,
    0.7096971591710313,
    0.7090015942686846,
    0.7083036669432513,
    0.7076036200124297,
    0.7069016890295148,
    0.7061981054460699,
    0.7054931177093017,
    0.7047941466206196,
    0.7041083329313468,
    0.7034282089989224,
    0.7027844580743409,
    0.7022533447089518,
    0.7018324107299645,
    0.7014400403259895,
    0.7010355917024063,
    0.700619568271832,
    0.7001924399883878,
    0.6997546688715242,
    0.6993277386226554,
    0.6989323088435099,
    0.6985462212529111,
    0.6981481542438018,
    0.6977386132249668,
    0.6973180966751731,
    0.6968870888096584,
    0.6964460590129675,
    0.6959954620748284,
    0.6955357384304711,
    0.695067314427723,
    0.6945906026565017,
    0.6941060023240091,
    0.6936138996397849,
    0.6931146681921396,
    0.6926086693139799,
    0.6920962524394423,
    0.6915777554550326,
    0.6910535050444817,
    0.690523817022966,
    0.6899889966594498,
    0.6894493389896027,
    0.6889051291214395,
    0.6883566425318699,
    0.6878041453535053,
    0.6872478946557721,
    0.686688138721179,
    0.6861251173125491,
    0.685559061930701,
    0.6849901960666938,
    0.6844187354494974,
    0.6838448882869785,
    0.683268855499831,
    0.6826908309524438,
    0.6821110016928993,
    0.6815295482141233,
    0.6809466447567003,
    0.6803624597153096,
    0.6797771562839546,
    0.6791908942954779,
    0.6786038461427637,
    0.6780811215074934,
    0.6776853411351503,
    0.6773468284946528,
    0.6769984833175349,
    0.67664068779666,
    0.6762738423359655,
    0.6758983382324529,
    0.675514555111814,
    0.675122860816692,
    0.6747236117392356,
    0.6743171530941824,
    0.6739038191527719,
    0.6734839334880556,
    0.6730578092314787,
    0.6726257493626323,
    0.6721880470231454,
    0.6717449858174679,
    0.6712968400878356,
    0.6708438751753714,
    0.6703863476832788,
    0.6699245057436515,
    0.6694585892763044,
    0.6689888302392524,
    0.6685154528784112,
    0.6680386739667709,
    0.6675587030274122,
    0.6670757425819215,
    0.6665899884879858,
    0.6661016304260026,
    0.6656108528790452,
    0.6651178395069708,
    0.6646228220659846,
    0.6641510225674654,
    0.6637266737165636,
    0.6633231494981833,
    0.6629464996691534,
    0.662627389136565,
    0.6623318202875579,
    0.6620271329216728,
    0.6617136866456153,
    0.6613918433659448,
    0.6610619557256519,
    0.660724365802011,
    0.6603794051626901,
    0.6600273951225967,
    0.6596686469709813,
    0.6593034621969387,
    0.6589321327336712,
    0.6585549412197599,
    0.65817216126322,
    0.657784057699654,
    0.6573908868443525,
    0.6569928967385064,
    0.656590327390258,
    0.6561834110113568,
    0.655772372248166,
    0.6553574284057564,
    0.6549387896652931,
    0.6545166592954303,
    0.6540912338581132,
    0.6536627034087702,
    0.6532312516907238,
    0.6527970563238099,
    0.6523602889875428,
    0.651921115599227,
    0.6514796964870853,
    0.6510361865583737,
    0.6505907354626219,
    0.65014348775021,
    0.6496945830264272,
    0.6492441561011025,
    0.6487923371338835,
    0.6483392517752954,
    0.6478850213037544,
    0.6474297627586572,
    0.6469735890696233,
    0.646516609181984,
    0.6460589281786299,
    0.645600647398347,
    0.6451418645507401,
    0.6446826738278225,
    0.6442231660123531,
    0.6437634285830214,
    0.6433035458165937,
    0.6428435988871046,
    0.6423836659621657,
    0.6419238222964633,
    0.6414641403225312,
    0.6410046897388879,
    0.640545537595614,
    0.6400867483774333,
    0.6396283840843654,
    0.6391705043100184,
    0.6387131663175913,
    0.6382564251136579,
    0.6378003335197936,
    0.6373449422421075,
    0.6368902999387364,
    0.6364364532853584,
    0.6359834470387775,
    0.6355313240986384,
    0.6350801255673308,
    0.6346298908081336,
    0.6341806575016447,
    0.6337324617005432,
    0.6332853378827373,
    0.6328393190029424,
    0.6323944365427341,
    0.6319507205591212,
    0.6315081997316829,
    0.6310669014083101,
    0.6306268516495871,
    0.630188075271856,
    0.6297505958890028,
    0.6293144359529979,
    0.6288796167932265,
    0.6284461586546447,
    0.6280140807347971,
    0.6275834012197296,
    0.6271541373188256,
    0.6267263052985969,
    0.6262999205154587,
    0.6258749974475208,
    0.6254515497254232,
    0.6250295901622415,
    0.6246091307824899,
    0.6241901828502474,
    0.623772756896433,
    0.623356862745255,
    0.6229425095398586,
    0.6225297057671917,
    0.622118459282114,
    0.6217087773307712,
    0.6213006665732576,
    0.6208941331055826,
    0.620489182480968,
    0.6200858197304882,
    0.6196840493830766,
    0.6192838754849166,
    0.6188853016182297,
    0.6184883309194874,
    0.618092966097056,
    0.6176992094482967,
    0.6173070628761327,
    0.6169165279051001,
    0.6165276056968956,
    0.6161402970654395,
    0.615754602491464,
    0.6153705221366454,
    0.6149880558572892,
    0.614607203217583,
    0.6142279635024311,
    0.6138503357298807,
    0.6134743186631527,
    0.6130999108222901,
    0.6127271104954316,
    0.6123559157497253,
    0.6119863244418924,
    0.611618334228448,
    0.6112519425755921,
    0.6108871467687804,
    0.6105239439219823,
    0.6101623309866389,
    0.6098023047603247,
    0.6094438618951269,
    0.6090869989057462,
    0.6087317121773326,
    0.6083779979730588,
    0.6080258524414429,
    0.6076752716234247,
    0.6073262514592048,
    0.606978787794852,
    0.6066328763886893,
    0.6062885129174611,
    0.6059456929822914,
    0.6056044121144366,
    0.6052646657808413,
    0.6049264493895,
    0.6045897582946338,
    0.6042545878016861,
    0.6039209331721432,
    0.6035887896281851,
    0.6032581523571704,
    0.6029290165159605,
    0.6026013772350908,
    0.6022752296227895,
    0.6019505687688529,
    0.6016273897483778,
    0.6013056876253559,
    0.6009854574561357,
    0.6006666942927571,
    0.6003493931861595,
    0.6000335491892693,
    0.59971915735997,
    0.5994062127639582,
    0.599094710477491,
    0.5987846455900231,
    0.5984760132067438,
    0.598168808451012,
    0.5978630264666944,
    0.5975586624204097,
    0.5972557115036804,
    0.5969541689349963,
    0.5966540299617941,
    0.596355289862353,
    0.5960579439476111,
    0.5957619875629017,
    0.5954674160896151,
    0.5951742249467873,
    0.594882409592619,
    0.5945919655259251,
    0.5943028882875192,
    0.5940151734615324,
    0.5937288166766707,
    0.5934438136074118,
    0.5931601599751452,
    0.5928778515492557,
    0.592596884148153,
    0.5923172536402473,
    0.592038955944874,
    0.5917619870331686,
    0.5914863429288959,
    0.5912120197092318,
    0.5909390135055022,
    0.5906673205038774,
    0.5903969369460248,
    0.5901278591297202,
    0.5898600834094232,
    0.589593606196812,
    0.5893284239612836,
    0.5890645332304163,
    0.5888019305903995,
    0.5885406126864323,
    0.5882805762230887,
    0.5880218179646546,
    0.5877643347354304,
    0.5875081234200097,
    0.5872531809635285,
    0.5869995043718914,
    0.586747090711967,
    0.5864959371117618,
    0.586246040760567,
    0.5859973989090851,
    0.5857500088695361,
    0.5855038680157417,
    0.5852589737831912,
    0.5850153236690829,
    0.5847729152323465,
    0.5845317460936468,
    0.5842918139353703,
    0.5840531165015984,
    0.583815651598062,
    0.5835794170920818,
    0.5833444109124941,
    0.5831106310495614,
    0.5828780755548697,
    0.5826467425412105,
    0.5824166301824539,
    0.5821877367134065,
    0.5819600604296599,
    0.5817335996874288,
    0.5815083529033768,
    0.5812843185544317,
    0.5810614951775909,
    0.5808398813697179,
    0.5806194757873305,
    0.5804002771463797,
    0.5801822842220193,
    0.5799654958483694,
    0.5797499109182711,
    0.5795355283830367,
    0.5793223472521902,
    0.5791103665932047,
    0.5788995855312302,
    0.5786900032488165,
    0.5784816189856297,
    0.5782744320381641,
    0.5780684417594477,
    0.5778636475587396,
    0.5776600489012242,
    0.5774576453077028,
    0.5772564363542828,
    0.5770564216720644,
    0.5768576009468236,
    0.5766599739186908,
    0.5764635403818262,
    0.576268300184093,
    0.5760742532267286,
    0.5758813994640113,
    0.575689738902927,
    0.5754992716028322,
    0.5753099976751169,
    0.5751219172828614,
    0.5749350306404916,
    0.5747493380134302,
    0.5745648397177545,
    0.5743815361198488,
    0.5741994276360584,
    0.5740185147323412,
    0.5738387979239213,
    0.5736602777749387,
    0.5734829548981012,
    0.5733068299543348,
    0.573131903652433,
    0.5729581767487049,
    0.5727856500466216,
    0.5726143243964651,
    0.5724442006949788,
    0.5722752798850173,
    0.572107562955199,
    0.5719410509395573,
    0.5717757449171875,
    0.5716116460118963,
    0.5714487553918514,
    0.5712870742692356,
    0.5711266038999001,
    0.5709673455830151,
    0.570809300660723,
    0.5706524705177936,
    0.570496856581282,
    0.5703424603201858,
    0.570189283245103,
    0.5700373269078886,
    0.569886592901317,
    0.5697370828587459,
    0.5695887984537773,
    0.5694417413999202,
    0.5692959134502538,
    0.5691513163970952
]