[
    0.03585040413183939,
    0.035694784137375535,
    0.040934632393908224,
    0.04067102212443974,
    0.04040981470877785,
    0.04015094326118573,
    0.03989434278337315,
    0.0396399501117633,
    0.039387703866240756,
    0.03913754440033928,
    0.03888941375282946,
    0.03864325560066601,
    0.038399015213256,
    0.038156639408011096,
    0.037916076507147456,
    0.037677276295698864,
    0.037440189980708555,
    0.03720477015156681,
    0.036970970741461114,
    0.03673874698990756,
    0.03650805540633446,
    0.036278853734688324,
    0.03605110091903376,
    0.035824757070118264,
    0.03559978343287484,
    0.03537614235483672,
    0.035153797255438296,
    0.03493271259617772,
    0.03471285385161583,
    0.034494187481187905,
    0.0342766809018057,
    0.03406030246122784,
    0.033845021412177774,
    0.033630807887187184,
    0.03341763287414481,
    0.03320546819253152,
    0.03299428647032118,
    0.03278406112152887,
    0.03257476632438722,
    0.03236637700013403,
    0.03215886879239486,
    0.03195221804714384,
    0.031746401793226346,
    0.03154139772342698,
    0.031337184176067824,
    0.031133740117121556,
    0.03093104512282506,
    0.030729079362780007,
    0.030527823583526494,
    0.03032725909257779,
    0.030127367742901406,
    0.029928131917834777,
    0.029729534516422906,
    0.029531558939166064,
    0.029334189074166732,
    0.029137409283663457,
    0.028941204390940726,
    0.028745559667604684,
    0.02855046082121523,
    0.028355893983264425,
    0.02816184569749115,
    0.02796830290852212,
    0.027775252950830998,
    0.02758268353800539,
    0.0273905827523141,
    0.027198939034565064,
    0.027007741174246664,
    0.026816978299944158,
    0.026626639870023505,
    0.026436715663575777,
    0.026247195771614253,
    0.026058070588517633,
    0.02586933080371178,
    0.025680967393583266,
    0.02549297161361916,
    0.025305334990765524,
    0.0251180493159988,
    0.024931106637103653,
    0.02474449925165223,
    0.024558219700179885,
    0.02437226075955076,
    0.02418661543650866,
    0.024001276961407247,
    0.02381623878211451,
    0.023631494558087298,
    0.023447038154609738,
    0.023262863637192543,
    0.023078965266128102,
    0.022895337491197394,
    0.02271197494652407,
    0.022528872445571144,
    0.022346024976277343,
    0.02216342769632843,
    0.021981075928559697,
    0.021798965156486202,
    0.021617091019955886,
    0.021435449310924542,
    0.021254035969347627,
    0.021072847079186652,
    0.020891878864526144,
    0.020711127685798303,
    0.020530590036112316,
    0.0203502625376853,
    0.020170141938372466,
    0.0199902251082932,
    0.019810509036550378,
    0.019630990828040328,
    0.01945166770035038,
    0.01927253698074279,
    0.019093596103222168,
    0.018914842605683692,
    0.018736274127140726,
    0.018557888405028356,
    0.018379683272582322,
    0.018201656656289752,
    0.01802380657341009,
    0.017846131129564655,
    0.017668628516391675,
    0.01749129700926659,
    0.017314134965084813,
    0.017137140820105888,
    0.016960313087857382,
    0.01678365035709581,
    0.016607151289824276,
    0.016430814619364267,
    0.01625463914848064,
    0.016078623747558012,
    0.015902767352826665,
    0.01572706896463715,
    0.015551527645781969,
    0.01537614251986394,
    0.015200912769709194,
    0.015025837635823644,
    0.014850916414891878,
    0.014676148458316801,
    0.014501533170799418,
    0.014327070008957376,
    0.014152758479981261,
    0.013978598140327538,
    0.01380458859444689,
    0.013630729493547206,
    0.013457020534389925,
    0.013283461458119315,
    0.01311005204912414,
    0.012936792133929734,
    0.012763681580120987,
    0.01259072029529406,
    0.01241790822603657,
    0.012245245356935957,
    0.012072731709613897,
    0.011900367341787559,
    0.011728152346355844,
    0.011556086850510449,
    0.011384171014870699,
    0.011212405032641473,
    0.011040789128794398,
    0.010869323559270689,
    0.010698008610206342,
    0.01052684459717753,
    0.0103558318644666,
    0.010184970784347639,
    0.010014261756391285,
    0.009843705206788655,
    0.009673301587692905,
    0.009503051376578461,
    0.0093329550756176,
    0.009163013211073327,
    0.008993226332708769,
    0.008823595013212119,
    0.008654119847636378,
    0.008484801452854622,
    0.008315640467029596,
    0.008146637549097767,
    0.007977793378266946,
    0.007809108653527076,
    0.007640584093174509,
    0.007472220434348461,
    0.007304018432579672,
    0.007135978861350407,
    0.006968102511667044,
    0.006800390191643208,
    0.006632842726094197,
    0.0064654609561418715,
    0.006298245738829824,
    0.006131197946749129,
    0.005964318467673908,
    0.005797608204206118,
    0.005631068073430206,
    0.0054646990065760365,
    0.005298501948691209,
    0.005132477858321564,
    0.004966627707199741,
    0.004800952479942092,
    0.004635453173753067,
    0.004470130798137921,
    0.00430498637462256,
    0.004140020936480722,
    0.0039752355284680746,
    0.0038106312065634986,
    0.0036462090377168714,
    0.003481970099603267,
    0.003317915480383406,
    0.0031540462784706838,
    0.0029903636023034,
    0.002826868570123126,
    0.0026635623097580165,
    0.0025004459584119622,
    0.0023375206624594125,
    0.0021747875772453506,
    0.0020122478668907155,
    0.0018499027041021746,
    0.0016877532699874262,
    0.001525800753874563,
    0.0013640463531361348,
    0.001202491273017488,
    0.0010411367264683829,
    0.0008799839339797419,
    0.0007190341234243173,
    0.000558288529901567,
    0.0003977483955870216,
    0.0002374149695844407,
    7.728950778207406e-05,
    -8.262672728758284e-05,
    -0.00024233246658445076,
    -0.0004018264346943666,
    -0.0005611073499588815,
    -0.0007201739246025138,
    -0.0008790248648569744,
    -0.0010376588710830966,
    -0.0011960746378886617,
    -0.0013542708542441501,
    -0.0015122462035946694,
    -0.0016699993639698535,
    -0.0018275290080903028,
    -0.0019848338034717545,
    -0.00214191241252681,
    -0.0022987634926643972,
    -0.0024553856963866654,
    -0.00261177767138332,
    -0.00276793806062461,
    -0.0029238655024525495,
    -0.003079558630669134,
    -0.003235016074623154,
    -0.003390236459293398,
    -0.0035452184053704596,
    -0.003699960529336474,
    -0.003854461443542653,
    -0.004008719756285226,
    -0.004162734071880403,
    -0.004316502990739192,
    -0.0044700251094398815,
    -0.004623299020796204,
    -0.004776323313923985,
    -0.004929096574306134,
    -0.005081617383857351,
    -0.005233884320987185,
    -0.005385895960660982,
    -0.00553765087446115,
    -0.005689147630647578,
    -0.0058403847942166175,
    -0.005991360926957289,
    -0.0061420745875042995,
    -0.00629252433138976,
    -0.006442708711093426,
    -0.006592626276092201,
    -0.006742275572906028,
    -0.006891655145140105,
    -0.007040763533524613,
    -0.007189599275956622,
    -0.007338160907543553,
    -0.007486446960646587,
    -0.007634455964923265,
    -0.007782186447366035,
    -0.007929636932331972,
    -0.00807680594156481,
    -0.008223691994213246,
    -0.008370293606845424,
    -0.0085166092934473,
    -0.008662637565397226,
    -0.008808376931431062,
    -0.008953825897619809,
    -0.009098982967357888,
    -0.009243846641329831,
    -0.009388415417420793,
    -0.009532687790562154,
    -0.009676662252518663,
    -0.00982033729158613,
    -0.00996371139214407,
    -0.010106783033988358,
    -0.010249550691341635,
    -0.010392012831473488,
    -0.010534167912736045,
    -0.01067601438150444,
    -0.010817550667615717,
    -0.01095877517765325,
    -0.01109968628254515,
    -0.011240282292501697,
    -0.011380561407088447,
    -0.011520521591524972,
    -0.01166016014727233,
    -0.011799471801143093,
    -0.011938440837964527,
    -0.011959655179934369,
    -0.011719797183242479,
    -0.011315842202537434,
    -0.010901936367965225,
    -0.010509000664799257,
    -0.010136371423072285,
    -0.009783395775968214,
    -0.009449452746992108,
    -0.009133951851271345,
    -0.008836302924873063,
    -0.008427191523569853,
    -0.007782223466214431,
    -0.007039236907204701,
    -0.006330918621483768,
    -0.005656212054629324,
    -0.005014068506211191,
    -0.004338729153370038,
    -0.0035662228746519906,
    -0.0027644796998968837,
    -0.0020002904350762615,
    -0.0012731881209825796,
    -0.0005819904659427229,
    0.00013392453539374898,
    0.001019396922562553,
    0.002094817413835954,
    0.0032066948887821065,
    0.004266773187399625,
    0.005276676330284634,
    0.006238004440565589,
    0.00717366442155995,
    0.008105913118047928,
    0.009013465301015603,
    0.00987539802041125,
    0.0106929375606677,
    0.01146750697224731,
    0.012200493255968541,
    0.012893243996291728,
    0.013547067628344168,
    0.014163234573384038,
    0.014742979048141522,
    0.01528749972261289,
    0.01579795895484433,
    0.016275484503463264,
    0.01672117721929866,
    0.017136205707971357,
    0.01752171894934717,
    0.017878644180422183,
    0.018299579172846234,
    0.018873720727130124,
    0.01950338486705732,
    0.020094485437585734,
    0.020648248281117554,
    0.02116591010077508,
    0.021648670807796755,
    0.022097694946671693,
    0.022514115015454784,
    0.022899031555193114,
    0.023253512650914146,
    0.02357859463217614,
    0.023875283805368144,
    0.024144559345359584,
    0.02443612806881775,
    0.024806982309728852,
    0.02521442422164935,
    0.025599010752612603,
    0.025952308533943334,
    0.026275393944008817,
    0.026569322251043068,
    0.026835104481109207,
    0.02707369675025468,
    0.02728603107488449,
    0.027473025352665673,
    0.02763557223401606,
    0.027774538176283288,
    0.02789076396147796,
    0.027985065504954228,
    0.028058234677466355,
    0.028111039999954485,
    0.028144227029141197,
    0.028158518464860477,
    0.028154614407818676,
    0.02813319392598776,
    0.028094920645899885,
    0.028040487798485947,
    0.02800569231818662,
    0.028025175294471794,
    0.028062366014348597,
    0.028081544587635253,
    0.028082725004521886,
    0.028066165958182447,
    0.02803249557046429,
    0.02798235561805569,
    0.02791637229023298,
    0.027835153711854077,
    0.027739289785265915,
    0.027629352508293556,
    0.027505896455109542,
    0.027369459299831034,
    0.02722056232747816,
    0.027059710959873952,
    0.026887395465736166,
    0.026704092843944087,
    0.02651037642021476,
    0.026329477220536003,
    0.026183523666099218,
    0.02604843938989458,
    0.0259011616272425,
    0.025742182662722546,
    0.025571982539014083,
    0.02539102725230167,
    0.025199768930673383,
    0.024998647031252985,
    0.024788094091826626,
    0.02457996011846065,
    0.024398454341241,
    0.02424400571277205,
    0.024091384258291118,
    0.02392773076893518,
    0.02375349409157325,
    0.023569116805808706,
    0.023375029632920166,
    0.023171651118852422,
    0.022959390277269745,
    0.022779061958833682,
    0.022669927814533655,
    0.022588906568101336,
    0.022494529751358135,
    0.02238731914983951,
    0.02226778649680644,
    0.02213642882593133,
    0.021993728246573266,
    0.021840152183314324,
    0.021676153743452442,
    0.0215021721541461,
    0.02131863328405778,
    0.021125950444489977,
    0.020924526370280888,
    0.020714770703527813,
    0.020529047312548128,
    0.020398453871851692,
    0.020288955970484933,
    0.020167811036975528,
    0.02003548796226847,
    0.019892445782950047,
    0.01973913056516883,
    0.019575975240586796,
    0.019403400068771233,
    0.019221814477943244,
    0.019031634464126673,
    0.018849941063294844,
    0.01869314411860297,
    0.018543666205643197,
    0.018384579576841767,
    0.018216275741780988,
    0.01803914979652594,
    0.01785358767218758,
    0.01765996414966732,
    0.01745864271151354,
    0.0172499759893687,
    0.017034307466841203,
    0.01681204930279733,
    0.01662813016698312,
    0.016525613312027017,
    0.01645684511015126,
    0.01637603561490633,
    0.01628366247847518,
    0.016180193359937575,
    0.01606608270677949,
    0.015941771372259148,
    0.01580768682331494,
    0.015664243469508253,
    0.01551184305979008,
    0.015350875230418566,
    0.01518171832161564,
    0.015004741066357616,
    0.014820312117358833,
    0.014671509486673152,
    0.014599774296775538,
    0.014559513560562405,
    0.014506809102812782,
    0.014442125269101769,
    0.014365937475885313,
    0.014278709968039927,
    0.014180893782326988,
    0.01407292662730051,
    0.01395523304776431,
    0.013828224693266472,
    0.013692300612934562,
    0.013547847561754395,
    0.013395240432965846,
    0.013234842998763943,
    0.013067009929052215,
    0.012896771990744738,
    0.012753324936390524,
    0.012655379642910691,
    0.01257221133693679,
    0.012478936263379564,
    0.012375972839116525,
    0.012263729030591294,
    0.012142600830265048,
    0.012012971969832358,
    0.011875214417223917,
    0.01172968868251581,
    0.011576744261212413,
    0.011416720370787288,
    0.011249948262309878,
    0.01107686497682385,
    0.010931123747287143,
    0.010844868569870506,
    0.010782542834495062,
    0.010710035612670102,
    0.010627762563460541,
    0.010536130670881522,
    0.010435535422998542,
    0.010326360471996657,
    0.010208977851108803,
    0.01008374828933984,
    0.009951021499703686,
    0.00981113644090055,
    0.009664421604688014,
    0.009511195347863863,
    0.009351766176345006,
    0.009186432855866518,
    0.009015484468322621,
    0.00883920070040993,
    0.008657852321434102,
    0.008471701586512143,
    0.008281002505263826,
    0.008086001054809645,
    0.007886935392223592,
    0.007684036077922243,
    0.007477526299207865,
    0.007267622092306261,
    0.007054532563776798,
    0.006838460101384496,
    0.006619600570828513,
    0.006398143524391373,
    0.006174272481060103,
    0.005948165444674185,
    0.005719996456667167,
    0.005489953810406761,
    0.005282071231449373,
    0.005119428550923288,
    0.00497651065928284,
    0.004828777547799909,
    0.004676473883523755,
    0.004519839250157247,
    0.004359106211780282,
    0.004194500137114275,
    0.004026239321025735,
    0.0038545352190208562,
    0.003679592732416498,
    0.003501610643487668,
    0.003320782709637163,
    0.0031373031978621166,
    0.0029717533457575968,
    0.002843950978577661,
    0.0027321797195276817,
    0.002615505702732848,
    0.0025550539088035756,
    0.002609701188524924,
    0.0027143049713381356,
    0.002806053084773323,
    0.002885375989943914,
    0.002952693693478947,
    0.0030084125307646425,
    0.00305297584297385,
    0.0030901486325908972,
    0.0031235479580441344,
    0.003150009551442935,
    0.0031664928799794434,
    0.0031733959002168202,
    0.003171106435361268,
    0.0031600032324713284,
    0.003140454251062706,
    0.0031128164971753816,
    0.003077436175226732,
    0.003034648924548633,
    0.0029847800850516457,
    0.0029281449687424826,
    0.0028650491377329723,
    0.0027957886877302413,
    0.002720650525237789,
    0.002639912632374189,
    0.0025538443221273313,
    0.0024627064869971182,
    0.002366751841801115,
    0.0022662251605617134,
    0.0021613635072824794,
    0.002052396460629914,
    0.0019395463325843562,
    0.0018230283810699924,
    0.0017030510166300486,
    0.001579816003273199,
    0.0014535186536312542,
    0.0013243480185894524,
    0.0011924870715372543,
    0.0010581128873742088,
    0.0009213968164113739,
    0.0007825046533064747,
    0.0006415968011655171,
    0.0004988284309502405,
    0.0003543496363291043,
    0.00020830558409798416,
    6.0836660292037936e-05,
    -8.792138788900339e-05,
    -0.0002378373142253032,
    -0.0003887842395761294,
    -0.00054063952181891,
    -0.0006932846295166113,
    -0.0008466050192113134,
    -0.0010004900162411262,
    -0.0011548326989825816,
    -0.0013095297864215184,
    -0.0014644815289574752,
    -0.0016195916023504647,
    -0.0017747670047197558,
    -0.0019299179565090592,
    -0.002084957803333398,
    -0.002239802921626493,
    -0.0023943726270085446,
    -0.002548589085297287,
    -0.002702377226087342,
    -0.002855664658824447,
    -0.003008381591304999,
    -0.0031604607505304194,
    -0.00331183730585086,
    -0.003462448794331406,
    -0.00361223504827983,
    -0.0037611381248722903,
    -0.003909102237818731,
    -0.004056073691009382,
    -0.004202000814086195,
    -0.004346833899884692,
    -0.0044905251436928514,
    -0.004633028584274827,
    -0.004774300046608986,
    -0.004914297086292107,
    -0.005052978935562065,
    -0.00519030645089312,
    -0.005326242062118833,
    -0.005460749723038755,
    -0.0055937948634677236,
    -0.0057253443426852,
    -0.005855366404245912,
    -0.005983830632111987,
    -0.006110707908069314,
    -0.006235970370391902,
    -0.006359591373717579,
    -0.006481545450101288,
    -0.006601808271212189,
    -0.006720356611641623,
    -0.006837168313290325,
    -0.006952222250804538,
    -0.0070654982980297674,
    -0.007176977295454426,
    -0.00728664101861386,
    -0.007394472147428024,
    -0.0075004542364460955,
    -0.007604571685971319,
    -0.0077068097140421225,
    -0.007807154329243664,
    -0.00790559230432698,
    -0.008002111150611745,
    -0.008096699093151014,
    -0.00818934504663547,
    -0.008280038592015919,
    -0.008368769953824,
    -0.008455529978170413,
    -0.008540310111401404,
    -0.008623102379395037,
    -0.008703899367477813,
    -0.008782694200945042,
    -0.008859480526166572,
    -0.008934252492261645,
    -0.009007004733326354,
    -0.009077732351197076,
    -0.009146430898735517,
    -0.009213096363619742,
    -0.00927772515262626,
    -0.009340314076390029,
    -0.009400860334627274,
    -0.009459361501809052,
    -0.009515815513271225,
    -0.009570220651749402,
    -0.009622575534325606,
    -0.009672879099775385,
    -0.009721130596303678,
    -0.009767329569657503,
    -0.009811475851605564,
    -0.009853569548773311,
    -0.009893611031823478,
    -0.009931600924972386,
    -0.009967540095831218,
    -0.01000142964556403,
    -0.010033270899352636,
    -0.010063065397159215,
    -0.010090814884778372,
    -0.010116521305170066,
    -0.010140186790065415,
    -0.01016181365183676,
    -0.010181404375625359,
    -0.010198961611717962,
    -0.010214488168165989,
    -0.010227987003639277,
    -0.010239461220508707,
    -0.010248914058149488,
    -0.010256348886460287,
    -0.010261769199590313,
    -0.01026517860986935,
    -0.010266580841934016,
    -0.010265979727045127,
    -0.010263379197590242,
    -0.010258783281765214,
    -0.010252196098431136,
    -0.010243621852139567,
    -0.010233064828322636,
    -0.010220529388642046,
    -0.010206019966492851,
    -0.010189541062657483,
    -0.010171097241104913,
    -0.010150693124931325,
    -0.01012833339243787,
    -0.010104022773341194,
    -0.01007776604511305,
    -0.010049568029444917,
    -0.010019433588834187,
    -0.009987367623287845,
    -0.009953375067140492,
    -0.009917460885983338,
    -0.00987963007370024,
    -0.009839887649608324,
    -0.009798238655699395,
    -0.0097546881539797,
    -0.009709241223904607,
    -0.009661902959905207,
    -0.009612678469004597,
    -0.009561572868520784,
    -0.009508591283853549,
    -0.009453738846352713,
    -0.009397020691265617,
    -0.009338441955761018,
    -0.009278007777027336,
    -0.009215723290442575,
    -0.009151593627814564,
    -0.009085623915687964,
    -0.009017819273717746,
    -0.008948184813105223,
    -0.008876725635096519,
    -0.00880344682953982,
    -0.008728353473501056,
    -0.008651450629935126,
    -0.008572743346411523,
    -0.008492236653892711,
    -0.00840993556556283,
    -0.00832584507570624,
    -0.008239970158633595,
    -0.008152315767653953,
    -0.008062886834092235,
    -0.00797168826634911,
    -0.007878724949003893,
    -0.0077840017419573485,
    -0.0076875234796140585,
    -0.00758929497010305,
    -0.0074893209945348285,
    -0.007387606306294676,
    -0.007284155630370115,
    -0.007178973662711606,
    -0.007072065069626202,
    -0.006963434487201645,
    -0.006853086520761465,
    -0.006741025744348757,
    -0.006627256700238443,
    -0.006511783898477093,
    -0.006394611816448888,
    -0.0062757448984674565,
    -0.006155187555392048,
    -0.006032944164267766,
    -0.005909019067989305,
    -0.005783416574986075,
    -0.005656140958929782,
    -0.0055271964584624,
    -0.005396587276944273,
    -0.005264317582222002,
    -0.005130391506414204,
    -0.004994813145716523,
    -0.004857586560222881,
    -0.004718715773764505,
    -0.0045782047737648775,
    -0.004436057511110127,
    -0.004292277900035018,
    -0.004146869818023183,
    -0.003999837105721617,
    -0.0038511835668683355,
    -0.0037009129682335296,
    -0.0035490290395731924,
    -0.003395535473594298,
    -0.003240435925932675,
    -0.0030837340151408993,
    -0.0029254333226878095,
    -0.0027655373929681027,
    -0.0026040497333215517,
    -0.002440973814062365,
    -0.0022763130685171176,
    -0.0021100708930719457,
    -0.0019422506472281395,
    -0.0017728556536653313,
    -0.001601889198312785,
    -0.0014293545304280546,
    -0.001255254862681813,
    -0.0010795933712503848,
    -0.0009023731959136045,
    -0.000723597440159483,
    -0.0005432691712933084,
    -0.00036139142055214603,
    -0.00017796718322257536,
    7.000581236930176e-06,
    0.00019350894907106588,
    0.00038155503210065764,
    0.0005711359775948562,
    0.0007622489681438768,
    0.0009548912215363668,
    0.0011490599906429574,
    0.0013447525633102963,
    0.0015419662622701957,
    0.0017406984450749584,
    0.0019409465040889258,
    0.0021427078665785205,
    0.002345979994943414,
    0.002550760387161782,
    0.002757046577657407,
    0.00296483613904254,
    0.003174126685689921,
    0.0033849158813225953,
    0.0035972014573695766,
    0.0038109812695037923,
    0.004026253537369175,
    0.004243018700450049,
    0.004891458661058215,
    0.006653876803191539,
    0.009326285628163573,
    0.012208416807427354,
    0.015196486034804777,
    0.018392539045696016,
    0.021614375272767293,
    0.024719979059432587,
    0.027985868014725006,
    0.03167807707876302,
    0.03564631926926901,
    0.039939420198068586,
    0.044597953590977096,
    0.0492737542541512,
    0.05383193085548184,
    0.058457321851406036,
    0.06320693802492688,
    0.06799779587307969,
    0.07281027617748685,
    0.07753813686761624,
    0.08207914801800863,
    0.08665913678686998,
    0.09170218290754967,
    0.09717606879511873,
    0.10263616250131931,
    0.10787478166680063,
    0.11304915263036794,
    0.1183187283182886,
    0.12353656892877762,
    0.12856540666379218,
    0.13346785996247365,
    0.13845283240577771,
    0.1436322701277944,
    0.14877167336554042,
    0.1536899602376329,
    0.15852039374808644,
    0.1634376524454772,
    0.1683574955681296,
    0.17310600705565402,
    0.17764206793200346,
    0.1819726439821962,
    0.18618012549946564,
    0.19052407542726157,
    0.19510286131240864,
    0.199734414319357,
    0.2043192226285709,
    0.20877391923786331,
    0.2130182951946579,
    0.21706982400390776,
    0.22096712805788357,
    0.22472621521729036,
    0.2283190657393702,
    0.2317293603506302,
    0.2349632043113662,
    0.23826985576405937,
    0.2418890784326455,
    0.24556481519437784,
    0.24905070029481566,
    0.2523530782678072,
    0.25547810768886103,
    0.2584317578320515,
    0.2612198235317128,
    0.26385610085746547,
    0.2663539032431058,
    0.26870974029868605,
    0.27092029681809604,
    0.27299061342661457,
    0.27492891031162153,
    0.2767940835241314,
    0.27863623868433063,
    0.28051846847532846,
    0.2825047015326679,
    0.28447374003745585,
    0.2863089190765385,
    0.2880148510283528,
    0.28959608479027477,
    0.29109290225065904,
    0.2925715342316271,
    0.294023989186218,
    0.2953876847628367,
    0.2966382881412088,
    0.2977798682979144,
    0.2988163725220919,
    0.29975162997018656,
    0.3005893554299028,
    0.3013331518386966,
    0.3019865132718552,
    0.30255282782733856,
    0.30303537987164064,
    0.3034373529925375,
    0.30376183489047065,
    0.30401182814956473,
    0.30426718756134,
    0.30460473026869683,
    0.30494445023406214,
    0.3052093685922941,
    0.30540238783609935,
    0.30552632730056517,
    0.3055839220116567,
    0.3055778251340421,
    0.30551061861241297,
    0.3054166921898652,
    0.3053291367913288,
    0.3052160080598416,
    0.30504654999612457,
    0.30482307519713403,
    0.3045769751894347,
    0.30433846327394876,
    0.3040783429028844,
    0.3037685200827446,
    0.3034111114224902,
    0.30300817414851977,
    0.30256170164636764,
    0.3020736247426924,
    0.30154581338005226,
    0.30098007833578383,
    0.3003781729342785,
    0.2997417947253255,
    0.299072587114463,
    0.2983721409509847,
    0.29764199607851827,
    0.2968836428430088,
    0.29609852356341404,
    0.2952880339836707,
    0.29445352472729025,
    0.29359630285546207,
    0.2927176336922245,
    0.291818743608142,
    0.29092118162300973,
    0.2901389247087487,
    0.28954088719935545,
    0.28900684040538305,
    0.2884414380379643,
    0.28784618464590966,
    0.28722257695317344,
    0.28664486915739956,
    0.28618441947424644,
    0.2857642489942731,
    0.28531031889409936,
    0.2848242014555513,
    0.2843074088651054,
    0.2837614058092124,
    0.28318761910348544,
    0.2825874333922001,
    0.2819621890122834,
    0.28131318230098207,
    0.2806416683476168,
    0.27994886551034,
    0.27925022036926356,
    0.2785606152599055,
    0.2778658438084427,
    0.27719518795444603,
    0.2765910640367235,
    0.27600829975763885,
    0.2754034706327697,
    0.2747874652613655,
    0.2741706966046239,
    0.273599102427993,
    0.2731168901896291,
    0.2726657216599336,
    0.2721894553497356,
    0.27168936164075475,
    0.271171413686853,
    0.27064132742314784,
    0.27009512771687283,
    0.26952905487586254,
    0.2689442579064175,
    0.2683417684116687,
    0.26780660785331745,
    0.2674207698104968,
    0.26709499140438553,
    0.2667430184591232,
    0.2663659310693879,
    0.26600008294808225,
    0.2656804838579806,
    0.2653705494016839,
    0.2650350062225071,
    0.26467504964497657,
    0.26429187536670296,
    0.2638866480510154,
    0.2635334485014515,
    0.26330353781473614,
    0.2631195389076779,
    0.26290697934556245,
    0.2626671644683579,
    0.26240136572607,
    0.2621108188142691,
    0.26179674779331014,
    0.26152771597795155,
    0.26139086914424164,
    0.2613352584645323,
    0.26126937803293987,
    0.26117255731934885,
    0.2610461593072459,
    0.2608915109032305,
    0.2607098985857934,
    0.26050256850878684,
    0.26027072739363605,
    0.26001554390710335,
    0.2597381513909116,
    0.2594396846063493,
    0.2592286528517359,
    0.2592093652598314,
    0.25926730447474855,
    0.25929229255728653,
    0.25928574225950246,
    0.2592490271446938,
    0.2591834861268393,
    0.25911662595275686,
    0.2590749874671562,
    0.25903173043540983,
    0.25900916398734875,
    0.2590548569636948,
    0.25911803302102393,
    0.2591498728294456,
    0.25915172592602054,
    0.25912491512412117,
    0.25907072896279637,
    0.2589904519716808,
    0.25891609973068364,
    0.2589146718446814,
    0.2589890469974324,
    0.25906943496154666,
    0.2591194486404302,
    0.2591403850091809,
    0.25913398095074297,
    0.2591287972783484,
    0.25915140050674185,
    0.259173584098788,
    0.2591687916084587,
    0.2591664949678572,
    0.25919486387942625,
    0.2593362930434307,
    0.2596699957949029,
    0.26007709869147094,
    0.2604432827202121,
    0.2607701605754802,
    0.2610593038230774,
    0.2613122367186891,
    0.26153043704676154,
    0.261715338901656,
    0.2618764802835516,
    0.2620696508889215,
    0.2623322226480366,
    0.2626069141905207,
    0.26284675429428156,
    0.26305316996409905,
    0.2632275467202651,
    0.2633712303954785,
    0.26356400869085983,
    0.26388294937999196,
    0.26424520217754366,
    0.2645704053553501,
    0.2648597293110553,
    0.2651146373224843,
    0.2654138595450749,
    0.26583312160220574,
    0.2662906222163174,
    0.26670764039110284,
    0.267085766834117,
    0.2674272735585458,
    0.2677343555232308,
    0.2680076866739906,
    0.26824790614568383,
    0.2684563611906881,
    0.26863437048788863,
    0.2687832128532033,
    0.26890412736456365,
    0.2689983144625918,
    0.26906693757295724,
    0.2691111268695512,
    0.2691403501520067,
    0.2692448083357908,
    0.26949452136080887,
    0.2697946325996061,
    0.27006222876907626,
    0.27029863724552217,
    0.270505147673018,
    0.2706830108404523,
    0.2708334418752689,
    0.27099659793600567,
    0.2712450769695906,
    0.2715707450816563,
    0.2718978153807913,
    0.2721923449074449,
    0.2724556548718104,
    0.2726890280191766,
    0.27289370800921986,
    0.2730709012275458,
    0.2732217881906622,
    0.27339727242714884,
    0.2736463023574677,
    0.2739164280512162,
    0.274157184126143,
    0.27436978595377903,
    0.27455541483279,
    0.2747152173276628,
    0.27485032133829834,
    0.2750401556027692,
    0.2753610933570894,
    0.27572990086406907,
    0.27606649365681923,
    0.27637216740062814,
    0.2766481806504012,
    0.2768957542595165,
    0.27711607488025736,
    0.2773181352224256,
    0.27753057353924787,
    0.27776525899601534,
    0.27799363566913926,
    0.2781960694785035,
    0.27844016398601734,
    0.27881359238515413,
    0.279267666216906,
    0.27971022465514694,
    0.2801190982505686,
    0.28049561628399544,
    0.28084107180792117,
    0.2811567192896619,
    0.28144377145025,
    0.28170339867265193,
    0.28193673463274205,
    0.2821448803017261,
    0.28232890476065864,
    0.28248984848460024,
    0.2826287364431925,
    0.28280959535869105,
    0.283093991101104,
    0.28341504576768195,
    0.28370839376074797,
    0.28397515571421217,
    0.2842164315082844,
    0.28443328837790793,
    0.284626760984349,
    0.28479785362797483,
    0.28494755945955397,
    0.28512222081564115,
    0.2853663811182169,
    0.28563211151256196,
    0.28587330402666933,
    0.2860909870537929,
    0.2862861676203958,
    0.28651748929267995,
    0.286841664376487,
    0.2871978926835552,
    0.2875270439094203,
    0.28782990057179725,
    0.2881075385965683,
    0.28836100538162523,
    0.28864481578302603,
    0.28904988213657024,
    0.28955664290231975,
    0.2900693023982001,
    0.29054918451792416,
    0.2909975588467495,
    0.29141565743268394,
    0.29180467458788495,
    0.2921657682712648,
    0.29250006227526315,
    0.2928086765271912,
    0.2930987013115448,
    0.2933769027877693,
    0.2936377784641211,
    0.2938760663391434,
    0.29409272064229064,
    0.2943685299965799,
    0.2948105639626831,
    0.2953620697839922,
    0.2959096933540586,
    0.296424228157142,
    0.2969069408093161,
    0.29735906140858714,
    0.29778178299500785,
    0.29817626200059144,
    0.29854361895600573,
    0.29888493946298866,
    0.2992012752538685,
    0.2994936452725212,
    0.299763036790772,
    0.30001040671983864,
    0.30023668417828875,
    0.3004561678810259,
    0.3006826375255452,
    0.3009025503366228,
    0.30110282877947203,
    0.3012842928309849,
    0.3014477620670137,
    0.3015940323008083,
    0.30172387798961436,
    0.3019249635128657,
    0.3022816133335534,
    0.30270108517633976,
    0.303094120391743,
    0.3034617603843214,
    0.3038050200432633,
    0.30412488326401566,
    0.30442230298705697,
    0.30469820178671664,
    0.3049534729907412,
    0.30518898196955935,
    0.30540556717246425,
    0.3056040411878063,
    0.305785193374527,
    0.30595299111037844,
    0.30614433153331716,
    0.3063883024199333,
    0.3066467144171483,
    0.30688601856131115,
    0.3071070219556199,
    0.3073105085921425,
    0.307497238518477,
    0.30766794939158676,
    0.30782336266912175,
    0.3079804645176235,
    0.3081555894031066,
    0.3083318672772273,
    0.30849305730913357,
    0.3086398269303822,
    0.3087728303308954,
    0.3088927017406886,
    0.3090000552387159,
    0.30909548526632724,
    0.30917956743939945,
    0.30925286062396706,
    0.3093159169632833,
    0.30938155706087656,
    0.30950740359244494,
    0.3097243093469868,
    0.3099713210970536,
    0.3102020575224469,
    0.31041720634964043,
    0.3106174413421201,
    0.3108034166064525,
    0.3109757658349845,
    0.3111351025344282,
    0.3112820205640365,
    0.3114170947931819,
    0.3115408819425579,
    0.3116539221631356,
    0.31175674773104534,
    0.3118827406117789,
    0.312063997314492,
    0.31226564416360586,
    0.3124541193682113,
    0.312630003800925,
    0.3127938657536033,
    0.31294625626886674,
    0.3130877089871576,
    0.31321874058784704,
    0.3133398516428213,
    0.31345153016186944,
    0.3135923518674004,
    0.31379943079419553,
    0.314032247383165,
    0.3142517805321408,
    0.31445859266024573,
    0.3146532438738116,
    0.3148362776449674,
    0.3150082202799617,
    0.31516958138698536,
    0.31532085487872197,
    0.3154625222730869,
    0.31561896668544964,
    0.31581364945982904,
    0.3160212959083989,
    0.3162175597546648,
    0.31640293570266026,
    0.31657791629348664,
    0.3167429794890663,
    0.3168985880307776,
    0.3170451897096749,
    0.3171832179849724,
    0.3173130931419786,
    0.31743522600650287,
    0.31757759775547545,
    0.3177671337945862,
    0.3179745565889885,
    0.3181716577052751,
    0.31835888169962656,
    0.31853667760769744,
    0.3187054820083005,
    0.3188657189178802,
    0.31901780452034795,
    0.319164754922754,
    0.3193153087249028,
    0.31947264414733667,
    0.31962812539150004,
    0.31977605148343136,
    0.3199167867744024,
    0.32005068789146784,
    0.32017810051261736,
    0.32029935897009465,
    0.3204147863774232,
    0.320524694907083,
    0.32062938611844466,
    0.3207291512892438,
    0.32082427174698974,
    0.32091501924861393,
    0.3210016565099588,
    0.3210844384166992,
    0.32116362101827683,
    0.3212613053613962,
    0.32139873421989096,
    0.3215526224660763,
    0.32170056077604836,
    0.3218428444067435,
    0.32197976398385114,
    0.3221116013169422,
    0.32223862884798893,
    0.3223611097222253,
    0.32247929800644326,
    0.32259343894868986,
    0.32270376926254385,
    0.3228105174284919,
    0.3229139040043414,
    0.32301414202470435,
    0.3231114380326767,
    0.32320600070554534,
    0.3233135973606082,
    0.3234493771392326,
    0.32359677139451126,
    0.3237398388697085,
    0.3238788099352296,
    0.32401390975459116,
    0.3241453562812666,
    0.32427336002519147,
    0.32439812412894553,
    0.32451984453648464,
    0.3246387102005462,
    0.32475490333215834,
    0.32486859974246535,
    0.3249799694547907,
    0.32508917874747406,
    0.32520391832697454,
    0.3253315990223043,
    0.3254642851914293,
    0.325594304840664,
    0.3257218053984158,
    0.3258469471882997,
    0.3259698861193154,
    0.3260907726827117,
    0.3262097518567112,
    0.3263269632074791,
    0.32644254104526954,
    0.32655661460121194,
    0.32666930820791956,
    0.326780741487927,
    0.32689102958462735,
    0.3270002835512997,
    0.32710861182571127,
    0.3272559127332017,
    0.3274806177067112,
    0.3277400939854562,
    0.32799319804284016,
    0.3282401362322691,
    0.3284811664798609,
    0.32871654263564015,
    0.32895792091287923,
    0.32923473280123206,
    0.329552461429101,
    0.32987992143443473,
    0.33019851458993105,
    0.33050857478727036,
    0.3308104269224442,
    0.3311043857310651,
    0.3313907558123248,
    0.3316698318553507,
    0.3319418989157365,
    0.3322072326960388,
    0.3324660998186848,
    0.3327187580891925,
    0.33296545674943767,
    0.3332064367247079,
    0.33344193086618645,
    0.33367216418758927,
    0.3338973540956488,
    0.3341177106147994,
    0.3343334366057963,
    0.33454472797793317,
    0.33475177389504207,
    0.33495475697561244,
    0.3351538534872681,
    0.3353492335357792,
    0.3355410612487315,
    0.33572949495396964,
    0.3359146873529562,
    0.33609678568916024,
    0.3362759319115719,
    0.3364522628334815,
    0.33662591028668665,
    0.3367970012712686,
    0.33696565810106366,
    0.33713199854495235,
    0.33729613596408536,
    0.33745817944515716,
    0.33761823392983803,
    0.3377764003404812,
    0.3379327757022029,
    0.3380874532614255,
    0.3382405226009849,
    0.3383920697519122,
    0.33854217730198566,
    0.3386909245011446,
    0.33883838736384825,
    0.33898463876846635,
    0.33912974855378875,
    0.3392737836127404,
    0.33941680798337753,
    0.33955888293723885,
    0.33970006706512534,
    0.33984041636038653,
    0.3399799842997834,
    0.3401188219219981,
    0.3402569779038581,
    0.34039449863433907,
    0.3405314282864089,
    0.34066780888677367,
    0.3408036803835832,
    0.340939080712159,
    0.3410740458587977,
    0.34120860992270907,
    0.34134280517613846,
    0.3414766621227274,
    0.3416102095541606,
    0.3417434746051502,
    0.34187648280680294,
    0.34200925813841865,
    0.342141823077763,
    0.34227419864986114,
    0.3424064044743504,
    0.3425384588114353,
    0.3426703786064845,
    0.34280217953330894,
    0.3429338760361584,
    0.3430654813704743,
    0.3431970076424338,
    0.34332846584731935,
    0.3434598659067475,
    0.3435912167047906,
    0.3437225261230214,
    0.34385380107451313,
    0.3439850475368249,
    0.3441162705840001,
    0.34424747441760856,
    0.3443786623968578,
    0.3445098370678015,
    0.3446410001916705,
    0.34477215277235146,
    0.3449032950830394,
    0.3450344266920852,
    0.34516554648806397,
    0.34529665270408394,
    0.3454277429413605,
    0.34555881419207385,
    0.3456898628615332,
    0.34582088478966694,
    0.34595187527185806,
    0.34608282907914323,
    0.3462137404777954,
    0.3463446032483062,
    0.3464754107037867,
    0.3466061557078025,
    0.34673684006137157,
    0.34686746515000655,
    0.346998031959951,
    0.34712854109391295,
    0.3472589927863104,
    0.347389386918044,
    0.34751972303080847,
    0.3476500003409588,
    0.3477802177529424,
    0.3479103738723105,
    0.3480404670183211,
    0.34817049523614535,
    0.3483004563086882,
    0.3484303477680368,
    0.34856016690654446,
    0.3486899107875638,
    0.3488195762558375,
    0.3489491599475561,
    0.3490786583000951,
    0.349208067561438,
    0.349337383799297,
    0.3494666029099383,
    0.34959572062672184,
    0.3497247325283636,
    0.3498536340469285,
    0.3499824204755617,
    0.35011108697596727,
    0.3502396285856394,
    0.35036804022485596,
    0.3504963167034393,
    0.350624452727293,
    0.3507524429047196,
    0.35088028175252767,
    0.35100796370193255,
    0.35113548310425835,
    0.3512628342364463,
    0.35139001130637515,
    0.3515170084580008,
    0.35164381977631803,
    0.3517704392921518,
    0.35189686098678274,
    0.35202307879641076,
    0.35214908661646266,
    0.3522748783057479,
    0.3524004476904678,
    0.35252578856808225,
    0.3526508947110373,
    0.3527757598703601,
    0.35290037777912253,
    0.3530247421557794,
    0.35314884670738467,
    0.35327268513268834,
    0.3533962511251194,
    0.35351953837565697,
    0.3536425405755938,
    0.3537652514191947,
    0.35388766460625365,
    0.3540097738445529,
    0.3541315728522262,
    0.35425305536003,
    0.35437421511352524,
    0.35449504587517255,
    0.3546155414263429,
    0.3547356955692476,
    0.3548555021287887,
    0.35497495495433357,
    0.3550940479214154,
    0.35521277493336223,
    0.3553311299228557,
    0.3554491068534235,
    0.3555666997208664,
    0.3556839025546215,
    0.3558007094190661,
    0.3559171144147607,
    0.3560331116796358,
    0.356148695390123,
    0.35626385976223246,
    0.35637859905257907,
    0.35649290755935736,
    0.3566067796232692,
    0.356720209628403,
    0.356833192003069,
    0.3569457212205893,
    0.3570577918000465,
    0.3571693983069901,
    0.35728053535410437,
    0.35739119760183585,
    0.35750137975898627,
    0.3576110765832668,
    0.35772028288181973,
    0.35782899351170544,
    0.3579372033803571,
    0.35804490744600437,
    0.3581521007180664,
    0.3582587782575161,
    0.35836493517721557,
    0.35847056664222515,
    0.3585756678700852,
    0.3586802341310729,
    0.35878426074843506,
    0.35888774309859667,
    0.3589906766113468,
    0.3590930567700027,
    0.3591948791115522,
    0.35929613922677617,
    0.35939683276035106,
    0.3594969554109324,
    0.3595965029312202,
    0.3596954711280061,
    0.3597938558622051,
    0.3598916530488688,
    0.35998885865718466,
    0.3600854687104595,
    0.36018147928608835,
    0.36027688651550943,
    0.3603716865841457,
    0.36046587573133365,
    0.36055945025023906,
    0.36065240648776187,
    0.3607447408444288,
    0.3608364497742751,
    0.3609275297847162,
    0.3610179774364087,
    0.36110778934310195,
    0.36119696217148084,
    0.3612854926409986,
    0.36137337752370197,
    0.36146061364404836,
    0.36154719787871425,
    0.36163312715639795,
    0.36171839845761294,
    0.36180300881447663,
    0.3618869553104915,
    0.3619702350803202,
    0.3620528453095554,
    0.3621347832344834,
    0.36221604614184305,
    0.3622966313685794,
    0.36237653630159206,
    0.36245575837748006,
    0.3625342950822818,
    0.36261214395121105,
    0.36268930256838927,
    0.36276576856657455,
    0.36284153962688626,
    0.3629166134785282,
    0.3629909878985071,
    0.3630646607113491,
    0.363137629788814,
    0.3632098930496061,
    0.36328144845908417,
    0.36335229402896785,
    0.36342242781704315,
    0.3634918479268661,
    0.3635605525074641,
    0.36362853975303694,
    0.3636958079026551,
    0.3637623552399584,
    0.36382818009285234,
    0.36389328083320394,
    0.36395765587653733,
    0.36402130368172736,
    0.36408422275069413,
    0.36414641162809575,
    0.36420786890102147,
    0.3642685931986843,
    0.3643285831921136,
    0.3643878375938472,
    0.36444635515762425,
    0.3645041346780772,
    0.3645611749904247,
    0.36461747497016456,
    0.3646730335327669,
    0.3647278496333681,
    0.364781922266464,
    0.3648352504656061,
    0.36488783330309543,
    0.36493966988967913,
    0.3649907593742472,
    0.36504110094352943,
    0.3650906938217943,
    0.36513953727054793,
    0.3651876305882339,
    0.3652349731099348,
    0.36528156420707436,
    0.36532740328712043,
    0.3653724897932898,
    0.3654168232042532,
    0.36546040303384253,
    0.36550322883075864,
    0.3655453001782806,
    0.36558661669397635,
    0.36562717802941463,
    0.36566698386987795,
    0.3657060339340779,
    0.36574432797387046,
    0.36578186577397426,
    0.36581864715168927,
    0.36585467195661736,
    0.36588994007038456,
    0.36592445140636404,
    0.36595820590940226,
    0.36599120355554504,
    0.3660234443517657,
    0.36605492833569586,
    0.3660856555753559,
    0.36611562616888915,
    0.36614484024429605,
    0.3661732979591711,
    0.36620099950044044,
    0.3662279450841022,
    0.36625413495496834,
    0.36627956938640716,
    0.36630424868008876,
    0.3663281731657318,
    0.36635134320085155,
    0.3663737591705106,
    0.3663954214870706,
    0.36641633058994605,
    0.3664364869453602,
    0.3664558910461014,
    0.3664745434112822,
    0.3664924445861003,
    0.3665095951416004,
    0.3665259956744387,
    0.36654164680664864,
    0.36655654918540825,
    0.3665707034828102,
    0.36658411039563205,
    0.36659677064510987,
    0.3666086849767122,
    0.36661985415991677,
    0.3666302789879884,
    0.36663996027775897,
    0.3666488988694085,
    0.36665709562624876,
    0.36666455143450805,
    0.3666712672031177,
    0.3666772438635006,
    0.36668248236936096,
    0.3666869836964766,
    0.3666907488424921,
    0.366693778826714,
    0.3666960746899079,
    0.3666976374940968,
    0.36669846832236114,
    0.3666985682786411,
    0.36669793848753934,
    0.36669658009412703,
    0.3666944942637498,
    0.3666916821818364,
    0.366688145053709,
    0.36668388410439456,
    0.36667890057843844,
    0.36667319573971907,
    0.366666770871264,
    0.3666596272750685,
    0.3666517662719147,
    0.36664318920119293,
    0.36663389742072444,
    0.3666238923065861,
    0.3666131752529357,
    0.3666017476718393,
    0.36658961099310056,
    0.36657676666409045,
    0.3665632161495793,
    0.3665489609315707,
    0.36653400250913537,
    0.3665183423982484,
    0.3665019821316267,
    0.36648492325856774,
    0.3664671673447907,
    0.36644871597227857,
    0.36642957073912186,
    0.3664097332593633,
    0.36638920516284434,
    0.3663679880950522,
    0.36634608371696925,
    0.36632349370492323,
    0.3663002197504387,
    0.36627626356009074,
    0.3662516268553593,
    0.3662263113724851,
    0.36620031886232707,
    0.36617365109022076,
    0.36614630983583835,
    0.3661182968930497,
    0.3660896140697853,
    0.36606026318790075,
    0.3660302460830416,
    0.3659995646045094,
    0.3659682206151279,
    0.36593621599111104,
    0.36590355262193314,
    0.36587023241020017,
    0.3658362572715231,
    0.36580162913439085,
    0.3657663499400449,
    0.36573042164235575,
    0.3656938462077003,
    0.3656566256148402,
    0.3656187618548022,
    0.36558025693075846,
    0.3655411128579083,
    0.365501331663361,
    0.3654609153860188,
    0.36541986607646215,
    0.3653781857968354,
    0.36533587662073375,
    0.3652929406330922,
    0.36524937993007733,
    0.3652051966189787,
    0.3651603928181006,
    0.3651149706566536,
    0.36506893227464843,
    0.3650222798227898,
    0.3649750154623711,
    0.36492714136516885,
    0.36487865971333844,
    0.36482957269931415,
    0.36477988252570964,
    0.3647295914052192,
    0.3646787015605152,
    0.36462721522414615,
    0.3645751346384393,
    0.36452246205540584,
    0.3644691997366497,
    0.3644153499532803,
    0.36436091498582296,
    0.36430589712412553,
    0.364250298667267,
    0.3641941219234685,
    0.3641373692100023,
    0.3640800428530991,
    0.36402214518786835,
    0.3639636785582255,
    0.36390464531681516,
    0.36384504782493393,
    0.36378488845245865,
    0.3637241695777837,
    0.363662893587767,
    0.36360106287767485,
    0.36353867985113697,
    0.36347574692012674,
    0.36341226650495756,
    0.36334824103430385,
    0.36328367294528807,
    0.36321856468367164,
    0.36315291870410754,
    0.3630867374702893,
    0.36302002345497464,
    0.3629527791401727,
    0.36288500701760845,
    0.36281670958923523,
    0.36274788936781777,
    0.36267854887789663,
    0.36260869065710916,
    0.3625383172581205,
    0.36246743125249126,
    0.36239603523789304,
    0.36232413185046897,
    0.3622517237862502,
    0.3621788138413793,
    0.3621054049958864,
    0.3620315006139827,
    0.3619571051731804,
    0.3618822331884056,
    0.36181141276211565,
    0.3617489812430642,
    0.36169007821498445,
    0.36163003063126337,
    0.36156885729496396,
    0.3615065792060255,
    0.36144321764650417,
    0.36137879369207376,
    0.3613133280587847,
    0.36124684103947724,
    0.36117935246763644,
    0.36111088170662886,
    0.36104144765820345,
    0.3609710687751846,
    0.3608997630704675,
    0.36082754812560974,
    0.36075444110191013,
    0.3606804587524975,
    0.36060561743400377,
    0.36052993311844655,
    0.36045342140849607,
    0.36037609755804845,
    0.3602979764937701,
    0.3602190728336588,
    0.36013940090736035,
    0.3600589747900636,
    0.3599778083822973,
    0.35989591560664985,
    0.35981331087497226,
    0.35973001033522334,
    0.3596460379895768,
    0.35958378145527786,
    0.35956476721917485,
    0.359564962187681,
    0.3595612269046118,
    0.35955366374338354,
    0.35954238212638434,
    0.3595274926429473,
    0.35951972816079597,
    0.3595294934326078,
    0.3595455492214145,
    0.3595569228356715,
    0.3595639188489624,
    0.3595670456808662,
    0.35956630868813316,
    0.3595614185987879,
    0.35955233220256544,
    0.3595391620660267,
    0.3595220260204256,
    0.3595010400456493,
    0.35947631739204616,
    0.3594479683889713,
    0.35941610038232036,
    0.35938081774250175,
    0.3593422219090714,
    0.35930041145380204,
    0.3592554821540881,
    0.35920752706885145,
    0.35915663661253316,
    0.3591028986284039,
    0.35904639846222464,
    0.35898721903387154,
    0.3589254409054994,
    0.35886114234859784,
    0.3587943994123358,
    0.3587252859933293,
    0.358653873908958,
    0.35858023297926384,
    0.3585044311178359,
    0.35842653444040334,
    0.35834660745983776,
    0.3582647135498845,
    0.3581809163777472,
    0.35809530412853097,
    0.35802043091236574,
    0.35796832116086313,
    0.3579255938670151,
    0.3578793928024015,
    0.3578298210547105,
    0.3577769816605725,
    0.35772097549002085,
    0.3576619008522663,
    0.3575998533898758,
    0.3575349260889257,
    0.35746720932523113,
    0.3573967909154748,
    0.3573237561743963,
    0.3572481879797573,
    0.35717016683910124,
    0.3570897709545806,
    0.3570070762873918,
    0.3569221566223176,
    0.3568350836314504,
    0.3567459269373948,
    0.356654754177302,
    0.3565616310702186,
    0.35646662149141034,
    0.35636978755227716,
    0.35627118968648636,
    0.35617088680306186,
    0.35606893674624,
    0.35596539820483675,
    0.3558603601635245,
    0.35578820196592353,
    0.355781934036077,
    0.3558047082313356,
    0.35582108565189513,
    0.35583126694012146,
    0.3558354529026108,
    0.3558338474343374,
    0.3558267529349614,
    0.35581450459212227,
    0.35579721279914545,
    0.3557748645137397,
    0.3557475470574034,
    0.3557154114283967,
    0.35567861143624796,
    0.3556372980458044,
    0.3555916183322489,
    0.3555417153085697,
    0.3554877279390167,
    0.3554297912010488,
    0.3553680361906805,
    0.3553025902346784,
    0.3552335769861687,
    0.3551611165181315,
    0.35508532542153465,
    0.35500631690155154,
    0.354924200872148,
    0.35483908405255904,
    0.3547510700665124,
    0.3546602595476386,
    0.3545667502563925,
    0.3544706361865375,
    0.35437200873983554,
    0.3542709569189194,
    0.354167567687605,
    0.3540619272868948,
    0.35395412954552824,
    0.3538443192300617,
    0.35373666142033106,
    0.3536616819481989,
    0.35364072021054854,
    0.3536411949744822,
    0.35364587502270006,
    0.35366460921011394,
    0.35368653715575993,
    0.35370128689425606,
    0.3537090738105419,
    0.3537101216110851,
    0.35370464963324466,
    0.3536928714513079,
    0.3536749947464738,
    0.3536512213455116,
    0.3536217472974903,
    0.3535867629680798,
    0.3535464531723016,
    0.35350099733198875,
    0.35345056962194094,
    0.353395339104859,
    0.35333546986931397,
    0.3532711211731781,
    0.353202447584728,
    0.35312959911474245,
    0.3530527213435641,
    0.352971955549764,
    0.3528874388397843,
    0.3527993042786073,
    0.35270768102863376,
    0.35261269450185284,
    0.3525144665343947,
    0.35241311566722244,
    0.35230875795068706,
    0.35220151085206675,
    0.3521013110664743,
    0.3520178071493315,
    0.35194066886212605,
    0.3518753022541271,
    0.3518378127132288,
    0.3518129704365664,
    0.3517879596301975,
    0.3517694388097627,
    0.35177022168710853,
    0.35179496458495074,
    0.3518252772192977,
    0.3518473931943924,
    0.35186155605546726,
    0.3518680249300192,
    0.3518670555730519,
    0.35185889756635147,
    0.35184379354145906,
    0.35182197914352403,
    0.35179368321608706,
    0.3517591279660319,
    0.3517185291054923,
    0.3516720960070515,
    0.3516200318841011,
    0.35156253397484566,
    0.3514997937087513,
    0.35143199686041093,
    0.3513593237020415,
    0.35128194915995853,
    0.35120004297032414,
    0.35111376982858045,
    0.351023289537633,
    0.35092875717174565,
    0.3508303232859627,
    0.3507281342285952,
    0.35062233280277383,
    0.3505130613938636,
    0.3504125241492193,
    0.35033249241233,
    0.35026015420617923,
    0.35018310548305115,
    0.35010147557353744,
    0.3500154287421257,
    0.3499251266057148,
    0.3498307265495341,
    0.3497323814871421,
    0.34963023986543607,
    0.3495244457365567,
    0.34941513885878506,
    0.34930245481700983,
    0.34918652514844195,
    0.3490674774668219,
    0.34894543558779945,
    0.34882051963663424,
    0.3486928461107966,
    0.34856252792072157,
    0.34842967446281903,
    0.34829439173244214,
    0.34815678245596066,
    0.34801694622635654,
    0.3478749796220144,
    0.34773097630117106,
    0.3475850270821065,
    0.34743722001940924,
    0.34728764048116734,
    0.3471363712262086,
    0.34698349247862204,
    0.34682908199863294,
    0.34667321514965943,
    0.34651596496315784,
    0.34635740220481315,
    0.34619759544246836,
    0.3460366111130638,
    0.3458745135866778,
    0.34571136522755774,
    0.3455472264532691,
    0.3453821557928079,
    0.34521620994348906,
    0.3450494438263239,
    0.3448819106398583,
    0.344713661912596,
    0.34454474755411835,
    0.34437521590422515,
    0.34420511377971286,
    0.34403448652098734,
    0.343863378042458,
    0.343691830893908,
    0.3435198863517987,
    0.343347584585822,
    0.3431749650761766,
    0.34300206873936884,
    0.34284902065661005,
    0.3427351957947577,
    0.3426390543931785,
    0.3425398250339091,
    0.34243760579136084,
    0.3423325133487109,
    0.342224662525429,
    0.3421141651750991,
    0.34200113000197024,
    0.341885662569186,
    0.34176786534892833,
    0.34164783778348096,
    0.34152567636213044,
    0.3414014747122211,
    0.3412753237153782,
    0.3411473117023172,
    0.3410175248152933,
    0.340886047888566,
    0.34075297144118555,
    0.34071243081926755,
    0.34085495941095945,
    0.34107951458923086,
    0.34128885577171647,
    0.3414834753924284,
    0.3416638550455799,
    0.34183046299476744,
    0.3419837540790824,
    0.3421241699948528,
    0.3422521397072997,
    0.34236808011701486,
    0.34247239740833935,
    0.3425654908237567,
    0.34273462288715373,
    0.34309387585925233,
    0.34357921144000625,
    0.34406867907401056,
    0.3445318148645876,
    0.34496946786793603,
    0.3453824605617292,
    0.3457715884346999,
    0.34613762913500823,
    0.34650399193823916,
    0.3468932056759094,
    0.34728163607894547,
    0.3476465236193559,
    0.3479886295325125,
    0.3483087327256442,
    0.34863809582822824,
    0.34900674179161123,
    0.3493825306332408,
    0.3497345650655402,
    0.35006366180236514,
    0.3504421387476295,
    0.3509396048052557,
    0.35148055287032937,
    0.35201849462780443,
    0.3525790160966116,
    0.3531341382133649,
    0.35365754323846343,
    0.35415026316395826,
    0.35461330445195516,
    0.3550476449246823,
    0.3554542361750025,
    0.3558340595710825,
    0.35621689245282495,
    0.3566312730225591,
    0.35704699708430443,
    0.3574350570191305,
    0.357796386226351,
    0.35816716229145373,
    0.35858219345036785,
    0.35900442125025905,
    0.3593981698028503,
    0.3597644336059068,
    0.36010417443297943,
    0.3604182238722964,
    0.36070739535601754,
    0.36097253323883804,
    0.36121446198139573,
    0.3614339864351049,
    0.3616598394335439,
    0.361919664629615,
    0.36218414395908477,
    0.3624250540468286,
    0.36264319832529773,
    0.36283936540654416,
    0.36301432166466774,
    0.36316881110867366,
    0.3633035560547286,
    0.3634192583723913,
    0.36351660412518616,
    0.3636492415682927,
    0.36386877556342595,
    0.36411886554694634,
    0.3643452844453785,
    0.3645488471769132,
    0.3647303521070454,
    0.3648905748595813,
    0.3650302681371501,
    0.3651501621584491,
    0.36525096528992157,
    0.3653333647532573,
    0.36539802735074267,
    0.3654456001707774,
    0.3654767111686358,
    0.36549196972644404,
    0.36549196775693354,
    0.3654772837377606,
    0.3654487981515795,
    0.36542686817598313,
    0.36543046730302914,
    0.36543884891461986,
    0.3654323399412053,
    0.36541147278416913,
    0.3653767350149778,
    0.3653286212126444,
    0.3652676390924687,
    0.3651942859557522,
    0.3651090454534611,
    0.36501238713137685,
    0.36490476644712916,
    0.3647866249820143,
    0.3646583908227819,
    0.3645204789910274,
    0.364373291821704,
    0.36421721934836837,
    0.3640526397860497,
    0.3638799201849148,
    0.3636994176289682,
    0.36351148461216803,
    0.3633386684609521,
    0.3632458920185738,
    0.36325119270303896,
    0.36328541471062575,
    0.36330420227236765,
    0.3633081235794646,
    0.3632977361266254,
    0.36327358211365635,
    0.363236188069415,
    0.3631860649014405,
    0.36312370828075813,
    0.3630495990903764,
    0.36296420375205607,
    0.362867974547509,
    0.36276134998431575,
    0.3626447551870877,
    0.3625186023280248,
    0.3623832911244762,
    0.3622392092974879,
    0.36208673275693015,
    0.36192622564073884,
    0.3617580404610309,
    0.361582518230021,
    0.36139998878236274,
    0.3612107715139123,
    0.3610151760399209,
    0.36081350253299377,
    0.36060604199790286,
    0.3603930766372924,
    0.3601748805617903,
    0.35995172277840487,
    0.35976921085674646,
    0.3596712369826425,
    0.35960931606106405,
    0.3595367342627714,
    0.3594538902008071,
    0.3593611974900829,
    0.35925905999206553,
    0.3591478701247341,
    0.35902800867291346,
    0.35889984495422356,
    0.3587637372304969,
    0.3586200340260117,
    0.35847567437439776,
    0.358338565923576,
    0.3582031135111299,
    0.35806146793820487,
    0.3579126772851088,
    0.3577570606528586,
    0.3575949287905238,
    0.3574265831599625,
    0.35725231596876883,
    0.35707241036246273,
    0.356887140660734,
    0.3566967726132908,
    0.3565015636631857,
    0.35630176319670215,
    0.35609761274611224,
    0.3558893461537944,
    0.3556771897553748,
    0.3554613626049453,
    0.35524207672694774,
    0.35501953740797104,
    0.3547939436274506,
    0.3545654893637529,
    0.3543717610485574,
    0.3542489475169095,
    0.35415705213152715,
    0.35405751096232474,
    0.35395061728202476,
    0.35383669166404197,
    0.3537160463182507,
    0.35358898417085466,
    0.3534557988915613,
    0.35331677510906534,
    0.35317218865299566,
    0.3530223068000602,
    0.35286738852879834,
    0.35270768479831116,
    0.35254343892091905,
    0.352374887260587,
    0.3522022619724494,
    0.3520258309772589,
    0.3518999718658626,
    0.3519356873897804,
    0.35213149850909775,
    0.35236841338563185,
    0.3525860350943918,
    0.3527850393093143,
    0.352966091916416,
    0.3531298406323184,
    0.3532769142549512,
    0.353407922888492,
    0.35352345838225946,
    0.35362409483231416,
    0.3537103890969723,
    0.35378288130572094,
    0.3538420953649247,
    0.35388853949152904,
    0.35392270685057503,
    0.3539450765242235,
    0.3539561168204095,
    0.3540074176933804,
    0.3541486811839081,
    0.3543254332732045,
    0.35448508934763817,
    0.3546281886573681,
    0.354755336304637,
    0.35486712304898216,
    0.3549641229916457,
    0.3550468933736678,
    0.3551159748056255,
    0.355171891643437,
    0.3552151524140889,
    0.3552462502525391,
    0.35526566333636966,
    0.3552738553131509,
    0.35527127571790323,
    0.3552583603796843,
    0.3552355318172625,
    0.3552031996240291,
    0.3551617608422692,
    0.35511160032697336,
    0.3550530910994376,
    0.354986594690886,
    0.3549124614763612,
    0.3548310309991346,
    0.35474263228589886,
    0.35464758415300895,
    0.3545461955040241,
    0.3544387656187823,
    0.35432558443423956,
    0.3542069328173118,
    0.3540830828299444,
    0.35395429798662326,
    0.35382083350453947,
    0.35368293654661653,
    0.35354084645760303,
    0.35339479499342413,
    0.35324500654398394,
    0.3530916983496022,
    0.3529350807112665,
    0.35277535719487435,
    0.35261272482963507,
    0.352447374300798,
    0.3522794901368659,
    0.35210925089145184,
    0.35193682931992754,
    0.3517623925510136,
    0.3515861022534541,
    0.351408114797915,
    0.3512285814142416,
    0.35104764834420804,
    0.3508654569898845,
    0.35068214405774845,
    0.35049784169865755,
    0.3503126776438037,
    0.35012677533676184,
    0.34994025406174295,
    0.34975322906816086,
    0.34956581169161555,
    0.3493781094713968,
    0.3491902262646046,
    0.3490022623569841,
    0.34881431457056794,
    0.34862647636821514,
    0.34843883795513764,
    0.3482514863774969,
    0.3480645056181562,
    0.3478779766896675,
    0.3476919777245732,
    0.3475065840630974,
    0.34732186833830203,
    0.3471379005587793,
    0.3469547481889512,
    0.3467724762270431,
    0.34659114728079843,
    0.346410821640999,
    0.3462315573528526,
    0.3460534102853083,
    0.3458764341983592,
    0.34570068080839017,
    0.3455261998516247,
    0.3453530391457266,
    0.34518124464960875,
    0.34501086052149876,
    0.3448419291753134,
    0.3446744913353879,
    0.3445085860896086,
    0.3443442509409931,
    0.3441815218577633,
    0.34402043332195414,
    0.34386101837659877,
    0.34370330867153265,
    0.3435473345078537,
    0.34339312488107976,
    0.3432407075230374,
    0.3430901089425214,
    0.3429413544647571,
    0.3427944682697025,
    0.3426494734292209,
    0.34250639194315896,
    0.3423652447743585,
    0.34222605188263494,
    0.34208883225775155,
    0.3419536039514172,
    0.3418203841083367,
    0.3416891889963402,
    0.34156003403561846,
    0.3414329338270895,
    0.34130790217992135,
    0.3411849521382353,
    0.3410640960070133,
    0.3409453453772322,
    0.34082871115024677,
    0.340714203561444,
    0.34060183220318835,
    0.34049160604707923,
    0.3403835334655408,
    0.3402776222527617,
    0.3401738796450058,
    0.3400723123403095,
    0.3399729265175861,
    0.33987572785515086,
    0.3397807215486873,
    0.3396879123286673,
    0.33959730447724357,
    0.33950890184462845,
    0.3394227078649733,
    0.33933872557176475,
    0.33925695761274954,
    0.33917740626440374,
    0.3391000734459579,
    0.33902496073299154,
    0.33895206937061034,
    0.3388814002862162,
    0.33881295410188406,
    0.3387467311463558,
    0.3386827314666619,
    0.3386209482927632,
    0.3385613745950813,
    0.3385040030950707,
    0.33844882627545864,
    0.33839583639016574,
    0.3383450254739147,
    0.33829638535153717,
    0.3382499076469869,
    0.33820558379206855,
    0.3381634050348899,
    0.3381233624480457,
    0.33808544693654086,
    0.3380496492454616,
    0.3380159599674002,
    0.33798436954964184,
    0.33795486830112076,
    0.33792744639915123,
    0.3379020938959413,
    0.3378788007248945,
    0.3378575567067074,
    0.33783835155526687,
    0.33782117488335495,
    0.33780601620816575,
    0.33779286495664096,
    0.3377817104706277,
    0.3377725420118664,
    0.3377653487668112,
    0.3377601198512901,
    0.3377568443150075,
    0.33775551114589586,
    0.33775610927431937,
    0.33775862757713504,
    0.3377630548816147,
    0.33776937996923345,
    0.33777759157932624,
    0.337787678412619,
    0.3377996291346367,
    0.33781343237899164,
    0.3378290767505575,
    0.3378465508285302,
    0.33786584316938095,
    0.33788694230970323,
    0.33790983676895814,
    0.33793451505212047,
    0.3379609656522289,
    0.33798917705284226,
    0.3380191377304069,
    0.3380508361565351,
    0.33808426080019943,
    0.3381194001298448,
    0.3381562426154202,
    0.33819477673033405,
    0.33823499095333326,
    0.33827687377031157,
    0.33832041367604526,
    0.33836559917586256,
    0.3384124187872458,
    0.3384608610413704,
    0.33851091448458076,
    0.3385625676798069,
    0.33861580920792256,
    0.3386706276690471,
    0.3387270116837918,
    0.3387849498944548,
    0.33884443096616307,
    0.3389054435879661,
    0.338967976473881,
    0.3390320183638913,
    0.3390975580248999,
    0.33916458425163953,
    0.3392330858675408,
    0.339303051725558,
    0.3393744707089577,
    0.33944733173206665,
    0.339521623740985,
    0.3395973357142612,
    0.3396744566635345,
    0.3397529756341427,
    0.3398328817056975,
    0.33991416399262897,
    0.33999681164469975,
    0.3400808138474893,
    0.3401661598228504,
    0.34025283882933843,
    0.3403408401626139,
    0.3404301531558193,
    0.3405207671799318,
    0.34061267164409176,
    0.3407058559959075,
    0.34080030972173875,
    0.34089602234695826,
    0.34099298343619355,
    0.3410911825935483,
    0.3411906094628047,
    0.3412912537276074,
    0.3413931051116296,
    0.3414961533787233,
    0.3416003883330526,
    0.34170579981921234,
    0.3418123777223325,
    0.3419201119681682,
    0.34202899252317737,
    0.3421390093945874,
    0.3422501526304522,
    0.3423624123196994,
    0.34247577859216927,
    0.3425902416186486,
    0.34270579161090314,
    0.3428224188217202,
    0.34294011354497295,
    0.3430588661157119,
    0.3431786669102964,
    0.34329950634659095,
    0.3434213748842787,
    0.3435442630254238,
    0.3436681613155002,
    0.3437930603452479,
    0.3439189507542639,
    0.34404582323865796,
    0.34417366856877957,
    0.3443024776360034,
    0.3444322415949794,
    0.34456295238138995,
    0.34469460548234565,
    0.3452362329941652,
    0.346581283939942,
    0.3482900211251959,
    0.3499392158458683,
    0.3515307047357748,
    0.35306628727939887,
    0.35454771830294535,
    0.3560106688484912,
    0.35748945914345026,
    0.3589491737206259,
    0.36035624319576065,
    0.3618277263675201,
    0.3634761926019514,
    0.36517914120607226,
    0.3668187099461769,
    0.3683968959623541,
    0.36991564319592896,
    0.3713768404960993,
    0.3727823194545213,
    0.37413385604981725,
    0.37543318046837865,
    0.3767846988568455,
    0.3782888520519609,
    0.3798367880592417,
    0.3813237590090292,
    0.3828025685353126,
    0.38432401955455975,
    0.3858353043479111,
    0.3873858136074759,
    0.38907386365619473,
    0.39079360331478413,
    0.3924431959468354,
    0.39402488931445595,
    0.3955408689979114,
    0.39699325708188704,
    0.39838411342933694,
    0.3997154372806469,
    0.40098916890704817,
    0.402207191298048,
    0.40337133187358476,
    0.40448336421423814,
    0.40554500987032727,
    0.40655794048738947,
    0.4075237811017082,
    0.4084441187444763,
    0.4093365737874529,
    0.41029951209033255,
    0.4113953913656612,
    0.4125214231990266,
    0.41359477428174174,
    0.4146171875968263,
    0.4155903611412316,
    0.4165159437017191,
    0.4173955353287191,
    0.41823068847908423,
    0.4190229092979506,
    0.4197736589127583,
    0.4204843547048925,
    0.42115637155418856,
    0.421791043054623,
    0.42238966269738654,
    0.42295348502096636,
    0.42348372673018797,
    0.423981567784694,
    0.42444815245748646,
    0.42488459036368553,
    0.4252919574588657,
    0.425671297008239,
    0.42602362052914844,
    0.42634990870822415,
    0.4266511122929347,
    0.42692815295683545,
    0.427181924139399,
    0.4274132918621871,
    0.42762309552194516,
    0.42781214866076384,
    0.4279812397145578,
    0.4281311327414117,
    0.4282625681298142,
    0.4283762632861342,
    0.42847291330202186,
    0.4285531916029432,
    0.42861775057831875,
    0.4286672221935367,
    0.42870221858436736,
    0.42872333263445495,
    0.4287311385364798,
    0.42872619233753795,
    0.42870903246941106,
    0.42868018026443144,
    0.4286401404575739,
    0.4285894016754769,
    0.42852843691476966,
    0.4284577040152171,
    0.42837764613548535,
    0.4282886922577956,
    0.42819125784903966,
    0.4280857463131908,
    0.4279725625773786,
    0.4278620385280142,
    0.42776408723614623,
    0.42766835836231376,
    0.42756490073958037,
    0.4274540835869215,
    0.427336267186575,
    0.4272118006507125,
    0.4270810217986163,
    0.4269442573625232,
    0.4268018232704208,
    0.42665402494369437,
    0.42650115759472645,
    0.42634350652218705,
    0.42618134740142066,
    0.4260149465683323,
    0.4258445612959591,
    0.42567044006166105,
    0.42549282280425726,
    0.425311941174251,
    0.42512801878073525,
    0.4249412714348421,
    0.4247519073861949,
    0.42456012755083783,
    0.4243661257335159,
    0.42417008884764235,
    0.4239721971311612,
    0.42377262434961904,
    0.4235715379826688,
    0.4233690994039303,
    0.42316546406619093,
    0.422960781696992,
    0.4227551965041355,
    0.4225488474238164,
    0.42234186859310074,
    0.42213439068712905,
    0.421926546308092,
    0.42173537604203837,
    0.42157726309616295,
    0.42143413113631023,
    0.4212885765216303,
    0.42114076845391746,
    0.42099087669253926,
    0.4208390659446103,
    0.42068549532586996,
    0.4205303184376268,
    0.4203736835229891,
    0.4202157336369321,
    0.4200566069073282,
    0.4198964370373875,
    0.4197353551025226,
    0.4195735064924207,
    0.4194556983802434,
    0.41942502688651995,
    0.41943360220055215,
    0.41943529004753183,
    0.4194303661924459,
    0.41942977154293304,
    0.4194440334886188,
    0.41946197892012627,
    0.4194728347598473,
    0.419476886670266,
    0.4194744278153622,
    0.41946574419151106,
    0.41945111295149373,
    0.419430802271528,
    0.4194050716066313,
    0.41937417199496085,
    0.4193383463045744,
    0.4192978294379461,
    0.419252848533502,
    0.41920362317261406,
    0.41915036558839935,
    0.41909328087696096,
    0.4190325672067209,
    0.41896841602026014,
    0.418901012230136,
    0.41883053441234663,
    0.4187571549965211,
    0.41868104045043597,
    0.4186023514597219,
    0.4185212431050091,
    0.4184378650411091,
    0.4183523616875031,
    0.4182648724316895,
    0.4181755318448901,
    0.41808446996660653,
    0.41799181279924624,
    0.4178976832168987,
    0.41780220274717184,
    0.41770550054144046,
    0.4176101768318794,
    0.41751873968806597,
    0.4174286892318856,
    0.41736661718518425,
    0.41736049000572983,
    0.4173791297447706,
    0.4173925663022095,
    0.4174010161638197,
    0.4174046967359685,
    0.4174038182778497,
    0.4173985836593844,
    0.41738919289721943,
    0.4173860102275313,
    0.4173996487886342,
    0.4174199923736548,
    0.417436020729677,
    0.41744727347949767,
    0.4174539442027092,
    0.41745622937007076,
    0.4174543330262075,
    0.4174561013501822,
    0.4174690841133823,
    0.417485242902129,
    0.41749679991593813,
    0.41750392588061824,
    0.4175068150750381,
    0.4175056459852132,
    0.4175005907379695,
    0.4174918209226983,
    0.41747949644220794,
    0.4174637691298599,
    0.4174447907506548,
    0.41742271330291786,
    0.4173976976820287,
    0.41738727978469226,
    0.41740831339425255,
    0.4174422411208345,
    0.41747119241373626,
    0.4174953541992232,
    0.4175149191030627,
    0.41753007496727634,
    0.4175410038501597,
    0.4175478821195787,
    0.41755088051982125,
    0.41755016441693193,
    0.41754589395937197,
    0.41753822406440894,
    0.41752730444392006,
    0.41751327996279325,
    0.4174962918818659,
    0.41747648150701683,
    0.4174540081721936,
    0.41742959182229167,
    0.4174052765087557,
    0.4173833473007822,
    0.41738029339515714,
    0.41740964657967305,
    0.4174516935103845,
    0.41748887637246085,
    0.41752134887851783,
    0.4175492786044436,
    0.4175728361900644,
    0.4175921915474561,
    0.4176075110469687,
    0.4176189568545135,
    0.41762668742841563,
    0.4176308634944365,
    0.41764539746728124,
    0.4176836591873554,
    0.41773098577058515,
    0.41777326548740573,
    0.4178106811334725,
    0.41784341433182093,
    0.41787164181033454,
    0.4178955348825614,
    0.4179152593961081,
    0.41793097580286886,
    0.41794283927950937,
    0.41795099986988404,
    0.4179556026273434,
    0.4179567877531237,
    0.41795469073524444,
    0.4179494424867319,
    0.41794116948071525,
    0.4179299938813937,
    0.41791603367037955,
    0.4178994027690485,
    0.41788021115785556,
    0.417858564992855,
    0.4178345667192528,
    0.41780831518179773,
    0.41777990573190327,
    0.41774943033159184,
    0.4177169776545312,
    0.4176826331843025,
    0.4176464793098627,
    0.4176085954182365,
    0.4175690579845534,
    0.4175279406594935,
    0.41748531435421,
    0.41744124732282717,
    0.4173958052425773,
    0.4173490512916356,
    0.4173010462247203,
    0.41725184844652535,
    0.41720151408303663,
    0.4171500970507824,
    0.41709764912407904,
    0.4170442200003401,
    0.41698985736350014,
    0.4169346069456071,
    0.4168785125866332,
    0.4168216162925562,
    0.41676395829175755,
    0.41670557708978323,
    0.4166465095225095,
    0.41658679080775907,
    0.4165264545954246,
    0.4164655330161441,
    0.4164040567285649,
    0.41634205496523147,
    0.41627955557713425,
    0.4162165850769594,
    0.41615316868107854,
    0.41608933035031687,
    0.41602509282952926,
    0.4159604776860164,
    0.4158955053468142,
    0.4158301951348912,
    0.41576456530428685,
    0.41569863307421895,
    0.4156324146621928,
    0.4155659253161369,
    0.4154991793455963,
    0.4154321901520085,
    0.415364970258088,
    0.41529753133634445,
    0.41522988423675966,
    0.4151620390136475,
    0.4150940049517209,
    0.4150257905913887,
    0.4149574037533056,
    0.41488885156219407,
    0.41482014046996113,
    0.4147512762781281,
    0.4146822641595947,
    0.41461310867975576,
    0.41454381381698857,
    0.4144743829825305,
    0.4144048190397613,
    0.4143351243229112,
    0.4142653006552087,
    0.414195349366486,
    0.41412527131025484,
    0.41405506688027105,
    0.4139847360266014,
    0.4139142782712055,
    0.4138436927230488,
    0.41377297809275904,
    0.41370213270684053,
    0.4136311545214574,
    0.41356004113579986,
    0.41348878980504455,
    0.41341739745292105,
    0.41334586068389534,
    0.41327417579498255,
    0.41320233878719775,
    0.4131303453766579,
    0.4130581910053418,
    0.4129858708515216,
    0.4129133798398717,
    0.41284071265126765,
    0.41276786373228197,
    0.4126948273043856,
    0.4126215973728651,
    0.412548167735462,
    0.4124745319907453,
    0.4124006835462216,
    0.41232661562619255,
    0.4122523212793667,
    0.41217779338623156,
    0.41210302466619514,
    0.41202800768450126,
    0.41195273485892653,
    0.41187719846626597,
    0.41180139064861193,
    0.41172530341943325,
    0.4116489367199007,
    0.4115722903741436,
    0.4114953640947644,
    0.4114181574881754,
    0.4113406700597642,
    0.4112629012188908,
    0.4111848502837237,
    0.41110651648591784,
    0.41102789897514,
    0.41094899682344666,
    0.4108698090295159,
    0.41079033452274255,
    0.41071057216719514,
    0.410630520765443,
    0.4105501790622551,
    0.4104695457481758,
    0.41038861946298,
    0.41030739879901174,
    0.41022588230440993,
    0.4101440684862242,
    0.4100619558134238,
    0.40997954271980475,
    0.4098968276067958,
    0.409813808846168,
    0.40973048478264945,
    0.40964685373644916,
    0.40956291400569217,
    0.4094786638687687,
    0.40939410158659945,
    0.40930922540482095,
    0.40922403355589115,
    0.40913852426111974,
    0.40905269573262515,
    0.4089665461752197,
    0.408880073788226,
    0.4087932767672255,
    0.40870615330574256,
    0.40861870159686503,
    0.4085309198348034,
    0.40844280621639134,
    0.4083543589425279,
    0.408265576219565,
    0.40817645626063964,
    0.40808699728695447,
    0.4079971975290068,
    0.4079070552277695,
    0.4078165686358236,
    0.40772573601844564,
    0.40763455565464984,
    0.4075430258381873,
    0.40745114487850265,
    0.407358911101651,
    0.4072663228511747,
    0.4071733784889426,
    0.4070800763959519,
    0.40698641497309496,
    0.40689239264189103,
    0.4067980078451849,
    0.4067032590478126,
    0.40660814473723655,
    0.4065126634241494,
    0.4064168136430493,
    0.40632059395278597,
    0.4062240029370791,
    0.40612703920501003,
    0.4060297013914887,
    0.4059319881576957,
    0.40583389819149945,
    0.405735430207851,
    0.4056365829491555,
    0.4055373551856228,
    0.40543774571559643,
    0.40533775336586253,
    0.40523737699193896,
    0.4051366154783453,
    0.4050354677388542,
    0.4049339327167249,
    0.40483200938491926,
    0.40472969674630177,
    0.40462699383382444,
    0.4045238997106957,
    0.4044204134705342,
    0.40431653423750946,
    0.4042122611664671,
    0.4041075934430416,
    0.4040025302837563,
    0.4038970709361109,
    0.4037912146786565,
    0.4036849608210591,
    0.40357830870415207,
    0.40347125769997855,
    0.40336380721182247,
    0.40325595667423003,
    0.4031477055530204,
    0.4030390533452882,
    0.40292999957939696,
    0.40282054381496457,
    0.40271068564284046,
    0.40260042468507506,
    0.40248976059488184,
    0.40237869305659174,
    0.40226722178560076,
    0.4021553465283096,
    0.402043067062057,
    0.4019303831950464,
    0.4018172947662665,
    0.40170380164540787,
    0.4015899037327742
]