[
    0.37342579008525145,
    0.373746425066863,
    0.37197230027748013,
    0.37204177351782936,
    0.3721198751768963,
    0.37220629483648104,
    0.37230073121421614,
    0.37240289190320647,
    0.37251249311903456,
    0.3726292594539217,
    0.37275292363784357,
    0.3728832263064031,
    0.37301991577527244,
    0.3731627478210163,
    0.3733114854681195,
    0.37346589878203984,
    0.37362576466811853,
    0.37379086667618167,
    0.37396099481067324,
    0.3741359453461623,
    0.3743155206480747,
    0.3744995289985009,
    0.3746877844269373,
    0.3748801065458225,
    0.37507632039073086,
    0.3752762562650915,
    0.3754797495893068,
    0.3756866407541459,
    0.3758967749782922,
    0.3761100021699284,
    0.3763261767922449,
    0.3765451577327606,
    0.3767668081763493,
    0.37699099548186443,
    0.37721759106226277,
    0.3774464702681278,
    0.3776775122744961,
    0.3779105999708951,
    0.37814561985449946,
    0.378382461926321,
    0.3786210195903453,
    0.37886118955552944,
    0.3791028717405818,
    0.37934596918144436,
    0.37959038794140176,
    0.3798360370237445,
    0.3800828282869115,
    0.38033067636204393,
    0.38057949857288215,
    0.3808292148579395,
    0.381079747694889,
    0.3813310220270964,
    0.3815829651922444,
    0.38183550685298456,
    0.3820885789295624,
    0.382342115534359,
    0.3825960529082957,
    0.3828503293590499,
    0.3831048852010285,
    0.3833596626970491,
    0.38361460600168196,
    0.38386966110620524,
    0.3841247757851287,
    0.3843798995442415,
    0.38463498357013987,
    0.384889980681194,
    0.3851448452799137,
    0.3853995333066715,
    0.3856540021947464,
    0.3859082108266495,
    0.3861621194916956,
    0.38641568984478647,
    0.3866688848663702,
    0.3869216688235462,
    0.3871740072322814,
    0.3874258668207054,
    0.387677215493454,
    0.3879280222970318,
    0.388178257386165,
    0.3884278919911177,
    0.38867689838594355,
    0.3889252498576467,
    0.3891729206762263,
    0.3894198860655789,
    0.389666122175233,
    0.3899116060528934,
    0.3901563156177726,
    0.39040022963468785,
    0.39064332768890014,
    0.39088559016167745,
    0.3911269982065581,
    0.39136753372629823,
    0.39160717935047934,
    0.39184591841375976,
    0.39208373493475046,
    0.39232061359549936,
    0.3925565397215648,
    0.39279149926266443,
    0.3930254787738803,
    0.39325846539740666,
    0.3934904468448238,
    0.3937214113798833,
    0.3939513478017885,
    0.39418024542895935,
    0.3944080940832656,
    0.39463488407471536,
    0.3948606061865856,
    0.39508525166098163,
    0.3953088121848151,
    0.3955312798761875,
    0.39575264727116954,
    0.39597290731096335,
    0.3961920533294376,
    0.39641007904102243,
    0.3966269785289561,
    0.39684274623387295,
    0.3970573769427223,
    0.3972708657780102,
    0.39748320818735405,
    0.3976943999333418,
    0.39790443708368806,
    0.39811331600167577,
    0.3983210333368763,
    0.39852758601614097,
    0.39873297123485496,
    0.39893718644844745,
    0.3991402293641498,
    0.399342097932995,
    0.3995427903420513,
    0.39974230500688407,
    0.3999406405642386,
    0.4001377958649398,
    0.40033376996699843,
    0.40052856212892135,
    0.40072217180321723,
    0.40091459863009404,
    0.4011058424313421,
    0.40129590320439795,
    0.401484781116584,
    0.40167247649951754,
    0.40185898984368673,
    0.40204432179318705,
    0.4022284731406143,
    0.40241144482210955,
    0.4025932379125497,
    0.4027738536208818,
    0.4029532932855954,
    0.4031315583703305,
    0.403308650459616,
    0.4034845712547374,
    0.40365932256972586,
    0.40383290632746954,
    0.4040053245559397,
    0.4041765793845315,
    0.4043466730405146,
    0.40451560784559126,
    0.404683386212558,
    0.40485001064206716,
    0.4050154837194861,
    0.4051798081118525,
    0.40534298656492046,
    0.4055050219002985,
    0.40566591701267235,
    0.4058256748671134,
    0.40598429849646905,
    0.4061417909988327,
    0.40629815553509313,
    0.4064533953265579,
    0.4066075136526502,
    0.4067605138486755,
    0.40691239930365697,
    0.40706317345823767,
    0.4072128398026482,
    0.4073614018747363,
    0.407508863258059,
    0.4076552275800329,
    0.407800498510143,
    0.40794467975820653,
    0.40808777507269134,
    0.4082297882390897,
    0.4083707230783418,
    0.4085105834453103,
    0.40864937322730094,
    0.4087870963426311,
    0.4089237567392426,
    0.4090593583933598,
    0.40919390530818944,
    0.4093274015126625,
    0.4094598510602168,
    0.4095912580276182,
    0.40972162651381944,
    0.4098509606388565,
    0.40997926454278055,
    0.41010654238462424,
    0.41023279834140297,
    0.41035803660714953,
    0.410482261391982,
    0.4106054769212015,
    0.41072768743441884,
    0.4108488971847103,
    0.41096911043780043,
    0.41108833147127277,
    0.4112065645738068,
    0.4113238140444403,
    0.4114400841918575,
    0.41155537933370095,
    0.41166970379590606,
    0.41178306191206,
    0.41189545802278177,
    0.41200689647512556,
    0.4121173816220037,
    0.4122269178216299,
    0.41233550943698283,
    0.4124431608352896,
    0.4125498763875281,
    0.41265566046794666,
    0.4127605174535986,
    0.4128644517238948,
    0.41296746766017245,
    0.41306956964528035,
    0.4131707620631784,
    0.41327104929855196,
    0.4133704357364394,
    0.4134689257618747,
    0.41356652375954395,
    0.41366323411345285,
    0.41375906120660694,
    0.4138540094207044,
    0.4139480831358425,
    0.41404128673023544,
    0.4141336245799419,
    0.41422510105860855,
    0.41431572053722515,
    0.4144054873838889,
    0.4144944059635748,
    0.4145824806379169,
    0.4146697157649986,
    0.4147561156991511,
    0.41484168479075856,
    0.414926427386074,
    0.4150103478270448,
    0.41509345045114465,
    0.41517573959121123,
    0.41525721957529044,
    0.4153378947264898,
    0.4154177693628393,
    0.41549684779716,
    0.4155751343369363,
    0.4156526332841925,
    0.4157293489353743,
    0.41580528558123875,
    0.4158804475067506,
    0.41595483899098507,
    0.41602846430704526,
    0.41610132772199226,
    0.4161734334967769,
    0.4162447858861664,
    0.4163153891386694,
    0.41638524749647043,
    0.4164543651953753,
    0.4165227464647607,
    0.4165903955275259,
    0.4166573166000496,
    0.41672351389214696,
    0.4167889916070224,
    0.41685375394122975,
    0.4169178050846398,
    0.4169811492204116,
    0.41704379052496027,
    0.4171057331679258,
    0.41716698131214225,
    0.41722753911361826,
    0.41728741072153225,
    0.4173466002782193,
    0.4174051119191534,
    0.4174629497729391,
    0.4175201179612781,
    0.41757662059890494,
    0.4176324617935175,
    0.41768764564571487,
    0.41774217624902416,
    0.41779605769005707,
    0.4178492940486798,
    0.4179018893981124,
    0.4179538478049725,
    0.4180051733292971,
    0.41805587002460654,
    0.4181059419380622,
    0.41815539311067956,
    0.4182042275775313,
    0.4182524493679832,
    0.4183000625060414,
    0.41834707101085505,
    0.4183934788974472,
    0.41843929017753145,
    0.41848450886032174,
    0.4185291389538432,
    0.41857318446716935,
    0.4186166494136406,
    0.4186595378160237,
    0.4187018537166992,
    0.41874360119745374,
    0.41878478441605294,
    0.41882540768111937,
    0.41886547565438975,
    0.4189049948943923,
    0.41894453167561835,
    0.4189846274814538,
    0.41902468284965655,
    0.41906412125271947,
    0.4191029472290849,
    0.4191411658955275,
    0.41917878304499495,
    0.4192158046573955,
    0.4192522367554298,
    0.4192880853467309,
    0.41932335639642737,
    0.4193580558167625,
    0.4193921894675127,
    0.4194257631581582,
    0.4194587826483649,
    0.4194912536485447,
    0.4195231818206993,
    0.4195545727803717,
    0.41958543210305727,
    0.41961576533134837,
    0.41964557798100205,
    0.41967487556453587,
    0.4197036636458088,
    0.4197319479063864,
    0.41975973420840546,
    0.4197870286978972,
    0.4198138380708704,
    0.4198401704280805,
    0.4198660394673666,
    0.41989835393464775,
    0.4199522871277597,
    0.42002864996461964,
    0.4201111457228928,
    0.42019096358762903,
    0.4202681568726861,
    0.42034278911046374,
    0.42041492750309556,
    0.42048463923157237,
    0.4205519902265431,
    0.4206170448576684,
    0.42067986585606587,
    0.4207405143037494,
    0.420799049648064,
    0.42085552972819884,
    0.4209100108100516,
    0.4209625476260539,
    0.4210131934163957,
    0.42106199996980215,
    0.4211090176636653,
    0.4211542955031757,
    0.42119788115936596,
    0.4212398210068584,
    0.42128016016133235,
    0.4213189425160335,
    0.42135621077738306,
    0.42139200649965647,
    0.42142637011810047,
    0.4214593409810223,
    0.4214909573819362,
    0.42152125659090006,
    0.42155027488382424,
    0.42157804757093703,
    0.4216046090266936,
    0.4216299927225207,
    0.421654231261553,
    0.4216773564127181,
    0.4216993991436221,
    0.42172038965626674,
    0.4217403574306441,
    0.42175933128735354,
    0.4217773395450923,
    0.4217944105032851,
    0.42181057360727975,
    0.4218258637553617,
    0.4218453123079734,
    0.42188646323813245,
    0.4219561950902175,
    0.4220356886325656,
    0.4221118233723332,
    0.42218469302776734,
    0.42225439457971975,
    0.4223210234237335,
    0.42238467265755075,
    0.4224454329467388,
    0.42250339250603797,
    0.42255863712096353,
    0.42261125018968904,
    0.4226613127776777,
    0.4227089036775155,
    0.42275409946981435,
    0.42279697458383325,
    0.4228376013569604,
    0.4228760500928793,
    0.42291238911845536,
    0.42294668483932085,
    0.42297900179430725,
    0.42300940270870213,
    0.423037948546006,
    0.4230646985580591,
    0.4230897103337181,
    0.42311303984624826,
    0.42313474149947,
    0.42315486817264775,
    0.4231734712641181,
    0.42319060073369935,
    0.4232063051439326,
    0.42322063170017865,
    0.4232336262895914,
    0.4232453335189942,
    0.4232557967516866,
    0.42326505814321014,
    0.42327315867609766,
    0.4232801381936398,
    0.42328603543269633,
    0.423290888055581,
    0.4232947326810452,
    0.42329760491438023,
    0.4232995393766634,
    0.42330056973317565,
    0.42330072872101204,
    0.42330004817590905,
    0.4232985590583097,
    0.4232962914786881,
    0.42329327472215267,
    0.42328953727234897,
    0.4232851068346849,
    0.42328001035889845,
    0.42327427406098195,
    0.42326792344448094,
    0.4232609833211873,
    0.423253477831243,
    0.4232454304626734,
    0.4232368640703617,
    0.4232278008944855,
    0.423218262578425,
    0.423208270186164,
    0.4231978442191942,
    0.42318700463293607,
    0.4231757708526935,
    0.4231641617891511,
    0.42315219585343194,
    0.4231398909717241,
    0.42312726459949074,
    0.4231143337352731,
    0.4231011149341001,
    0.42308762432051505,
    0.42307387760122944,
    0.42305989007741596,
    0.42304567665664944,
    0.4230312518645068,
    0.42301662985583577,
    0.4230018244257001,
    0.42298684902001266,
    0.4229717167458623,
    0.42295644038154623,
    0.42294103238631364,
    0.42292550490983144,
    0.422909869801377,
    0.42289413861876884,
    0.4228783226370397,
    0.4228624328568623,
    0.42284648001273173,
    0.4228304745809137,
    0.42281442678716447,
    0.42279834661422777,
    0.42278224380911783,
    0.42276612789019175,
    0.4227500081540184,
    0.4227338936820505,
    0.42271779334710324,
    0.42270171581964744,
    0.4226856695739207,
    0.422669662893862,
    0.4226537038788762,
    0.42263780044943067,
    0.4226219603524918,
    0.42260619116680315,
    0.422590500308012,
    0.42257489503364704,
    0.4225593824479523,
    0.4225439695065811,
    0.42252866302115394,
    0.42251346966368425,
    0.42249839597087635,
    0.4224834483482977,
    0.42246863307443067,
    0.42245395630460686,
    0.4224394240748263,
    0.42242504230546674,
    0.42241081680488324,
    0.42239675327290543,
    0.42238285730423003,
    0.4223691343917168,
    0.4223555899295873,
    0.4223422292165301,
    0.4223290574587157,
    0.42231607606929317,
    0.4223032863746612,
    0.42229068961722566,
    0.4222782869580766,
    0.42226607947958705,
    0.4222540681879351,
    0.42224225401555165,
    0.4222306378234975,
    0.4222192204037688,
    0.4222080024815358,
    0.4221969847173154,
    0.4221861677090793,
    0.42217555199430007,
    0.4221651380519368,
    0.4221549263043621,
    0.42214491711923174,
    0.4221351108112992,
    0.42212550764417617,
    0.4221161078320414,
    0.4221069115412974,
    0.4220979188921793,
    0.42208912996031467,
    0.4220805447782377,
    0.4220721633368574,
    0.4220639855868824,
    0.42205601144020316,
    0.42204824077123215,
    0.4220406734182048,
    0.42203330918444,
    0.4220261478395645,
    0.42201918912069863,
    0.42201243273360767,
    0.42200587835381764,
    0.42199952562769744,
    0.42199337417350846,
    0.42198742358242236,
    0.4219816734195071,
    0.4219761232246843,
    0.42197077251365656,
    0.42196562077880667,
    0.42196066749006955,
    0.4219559120957774,
    0.42195135402347855,
    0.4219469926807317,
    0.4219428274558754,
    0.42193885771877376,
    0.42193508282153935,
    0.4219315020992335,
    0.4219281148705452,
    0.42192492043844815,
    0.42192191809083834,
    0.42191910710115116,
    0.42191648672895904,
    0.4219140562205508,
    0.4219118148094924,
    0.4219097617171708,
    0.42190789615331925,
    0.4219062173165275,
    0.42190472439473464,
    0.421903416565707,
    0.42190229299750054,
    0.4219013528489082,
    0.4219005952698932,
    0.4219000194020091,
    0.42189962437880474,
    0.4218994093262177,
    0.4218993733629543,
    0.421899515600857,
    0.42189983514526,
    0.42190033109533387,
    0.4219010025444176,
    0.42190184858034163,
    0.42190286828573886,
    0.42190406073834597,
    0.4219054250112941,
    0.4219069601733898,
    0.421908665289387,
    0.42191053942024875,
    0.42191258162340234,
    0.4219147909529844,
    0.42191716646007843,
    0.42191970719294347,
    0.42192241219723586,
    0.42192528051622163,
    0.4219283111909824,
    0.4219315032606144,
    0.42193485576241974,
    0.4219383677320913,
    0.42194203820389203,
    0.42194586621082564,
    0.42194985078480357,
    0.4219539909568036,
    0.4219582857570241,
    0.4219627342150328,
    0.42196733535990927,
    0.421972088220384,
    0.421976991824973,
    0.4219820452021064,
    0.421987247380253,
    0.42199259738803924,
    0.4219980942543641,
    0.42200373700850924,
    0.422009524680245,
    0.42201545629993176,
    0.422021530898618,
    0.4220277475081343,
    0.42203410516118406,
    0.42204060289143114,
    0.42204723973358366,
    0.42205401472347354,
    0.42206092689813474,
    0.422067975295877,
    0.42207515895635606,
    0.4220824769206391,
    0.42208992823126723,
    0.422097511932315,
    0.42210522706944614,
    0.42211307268996834,
    0.4221210478428917,
    0.4221291515789907,
    0.42213738295086467,
    0.42214574101299546,
    0.42215422482180476,
    0.4221628334357051,
    0.4221715659151452,
    0.4221804213226521,
    0.4221893987228765,
    0.42219849718263963,
    0.4222077157709734,
    0.42221705355914607,
    0.4222265096206801,
    0.422236083031376,
    0.4222457728693449,
    0.4222555782150332,
    0.42226549815122166,
    0.4222755317630087,
    0.4222856781378003,
    0.42229593636530827,
    0.42230630553758647,
    0.4223167847491597,
    0.4223273730972029,
    0.4223380696816706,
    0.4223488736053307,
    0.4223597839737651,
    0.4223707998954301,
    0.4223819204817994,
    0.4223931448475599,
    0.42240447211089516,
    0.42241590139386054,
    0.422427431822794,
    0.4224390625288262,
    0.42245079264870705,
    0.42246262132614487,
    0.4224745477138176,
    0.42248657097627945,
    0.42249869029469206,
    0.42251090487587784,
    0.422523213970274,
    0.42253561691427116,
    0.4225481132659013,
    0.42256070348517283,
    0.4225733951827629,
    0.4225871302371354,
    0.42261760831276823,
    0.4226780616882884,
    0.42275160424225683,
    0.4228229147483657,
    0.4228920597130598,
    0.4229591068747254,
    0.423024122592017,
    0.423087171439565,
    0.42314831614011883,
    0.42320761759206854,
    0.4232651349277978,
    0.4233209255752702,
    0.42337504530924086,
    0.42342754828603385,
    0.4234784870779817,
    0.42352791271733997,
    0.4235758747433114,
    0.423622421257687,
    0.42366759901225864,
    0.42371145357284284,
    0.4237540295981747,
    0.42379537126235894,
    0.42383552388336676,
    0.4238745649753935,
    0.4239186731753335,
    0.42397372646575526,
    0.4240331608508873,
    0.42409068488417606,
    0.42414635436017467,
    0.42420022838724675,
    0.42425236515128845,
    0.4243028213818854,
    0.42435165224107935,
    0.42439891130940166,
    0.42444465060548453,
    0.4244889206198901,
    0.42453177035279777,
    0.42457324735103835,
    0.4246133977447756,
    0.4246522662848429,
    0.42468989638059423,
    0.42472633013757877,
    0.4247616083943511,
    0.4247957707582214,
    0.42482885564018036,
    0.42486090028908735,
    0.42489194082499854,
    0.42492201227157783,
    0.4249511485875795,
    0.42497938269737245,
    0.4250067465205648,
    0.4250332710008566,
    0.42505898613413945,
    0.42508392099568537,
    0.425108103766392,
    0.4251315617583772,
    0.42515432144016796,
    0.4251764084613618,
    0.42519784767651697,
    0.4252186631681755,
    0.42523887826907975,
    0.4252585155837155,
    0.42527759700934836,
    0.42529614375658853,
    0.42531417636925506,
    0.42533171474354675,
    0.42534877814688155,
    0.42536538523643264,
    0.425381554077096,
    0.42539730215875654,
    0.42541264641281784,
    0.42542760322835715,
    0.4254421884684318,
    0.42545641748637797,
    0.425470305141401,
    0.4254838658129102,
    0.4254971134138521,
    0.4255100614040791,
    0.42552272280412534,
    0.42553511020857365,
    0.4255472357980591,
    0.4255591113502736,
    0.4255707482526619,
    0.4255821575189037,
    0.42559334980713837,
    0.4256043354384476,
    0.425615124419469,
    0.4256257264760071,
    0.42563615110832564,
    0.4256464076893825,
    0.42565650567617036,
    0.4256664552030666,
    0.42568029092246273,
    0.4257051764368766,
    0.42573995205798687,
    0.42577693020218665,
    0.4258127348853119,
    0.42584740242224234,
    0.42588097006956943,
    0.4259134745087982,
    0.42594495149693484,
    0.4259754357870956,
    0.4260049611211366,
    0.42603356024177047,
    0.426061264911552,
    0.4260881059356164,
    0.4261141131860926,
    0.4261393156265508,
    0.42616374133607987,
    0.4261874175329562,
    0.4262103705979628,
    0.42623262609750434,
    0.42625420880646464,
    0.42627514273074096,
    0.42629545112936734,
    0.4263151565359804,
    0.4263342807795007,
    0.4263528450041795,
    0.4263708696891691,
    0.42638837466762763,
    0.4264053791453352,
    0.426421901718805,
    0.4264379603928904,
    0.42645357259791034,
    0.42646875520631505,
    0.4264835245488961,
    0.4264978964305334,
    0.42651188614549107,
    0.426525508492282,
    0.4265387777881136,
    0.4265517078829226,
    0.4265643121730051,
    0.4265766036142557,
    0.42658859473503496,
    0.4266002976486771,
    0.42661172406564263,
    0.42662288530532455,
    0.4266337923075188,
    0.4266444556435669,
    0.4266548855271771,
    0.4266650918249372,
    0.42667508406652843,
    0.42668487145464684,
    0.42669446287463986,
    0.42670386690386697,
    0.42671309182079514,
    0.42672214561383365,
    0.4267310359899166,
    0.42673977038284316,
    0.4267483559613778,
    0.4267567996371145,
    0.4267651080721145,
    0.42677328768632644,
    0.42678134466479417,
    0.4267892849646569,
    0.42679711432194917,
    0.4268048382582051,
    0.42681246208687373,
    0.42681999091954875,
    0.42682742967201903,
    0.42683478307014594,
    0.4268420556555729,
    0.4268492517912709,
    0.4268563756669262,
    0.4268634313041709,
    0.4268704225616621,
    0.42687735314001013,
    0.42688422658656816,
    0.42689104630008357,
    0.426897815535216,
    0.42690453740692264,
    0.42691121489471784,
    0.4269178508468107,
    0.42692444798412266,
    0.42693100890418934,
    0.4269375360849472,
    0.42694403188840985,
    0.42695049856423867,
    0.4269569382532112,
    0.4269633529905892,
    0.4269697447093877,
    0.42697611524354967,
    0.4269824663310286,
    0.42698879961677955,
    0.4269951166556646,
    0.42700141891527316,
    0.4270077077786596,
    0.4270139845470008,
    0.4270202504421763,
    0.4270265066092727,
    0.4270327541190161,
    0.42703899397013095,
    0.427045227091632,
    0.4270514543450484,
    0.4270576765265833,
    0.42706389436921044,
    0.4270701085447066,
    0.42707631966562676,
    0.4270825282872196,
    0.4270887349092873,
    0.42709493997799003,
    0.42710114388759846,
    0.42710734698219366,
    0.42711354955731695,
    0.4271197518615714,
    0.42712595409817516,
    0.42713215642646807,
    0.427138358963375,
    0.42714456178482463,
    0.42715076492712617,
    0.42715696838830536,
    0.4271631721294009,
    0.4271693760757217,
    0.42717558011806717,
    0.4271817841139107,
    0.4271879878885479,
    0.42719419123620994,
    0.4272003939211442,
    0.4272065956786614,
    0.4272127962161524,
    0.4272189952140727,
    0.42722519232689865,
    0.4272313871840538,
    0.42723757939080764,
    0.42724376852914786,
    0.42724995415862527,
    0.42725613581717387,
    0.4272623130219049,
    0.42726848526987765,
    0.42727465203884596,
    0.42728081278798175,
    0.4272869669585772,
    0.42729311397472447,
    0.4272992532439744,
    0.42730538415797564,
    0.42731150609309476,
    0.42731761841101523,
    0.42732372045931966,
    0.42732981157205396,
    0.42733589107027253,
    0.4273419582625677,
    0.4273480124455825,
    0.42735405290450623,
    0.42736007891355593,
    0.4273660897364407,
    0.42737208462681264,
    0.4273780628287041,
    0.4273840235769505,
    0.4273899660976004,
    0.42739588960831154,
    0.42740179331873485,
    0.4274076764308856,
    0.42741353813950345,
    0.42741937763240007,
    0.42742519409079616,
    0.42743098668964763,
    0.4274367545979604,
    0.4274424969790955,
    0.42744821299106434,
    0.4274539017868139,
    0.42745956251450373,
    0.4274651943177723,
    0.4274707963359956,
    0.42747636770453684,
    0.42748190755498744,
    0.4274874150154009,
    0.4274928892105176,
    0.4274983292619822,
    0.4275037342885549,
    0.4275091034063133,
    0.4275144357288496,
    0.42751973036745977,
    0.427524986431326,
    0.42753020302769357,
    0.4275353792620417,
    0.4275405142382475,
    0.4275456070587451,
    0.42755065682467847,
    0.4275556626360498,
    0.4275606235918617,
    0.4275655387902549,
    0.4275704073286409,
    0.42757522830383,
    0.4275800008121537,
    0.4275847239495837,
    0.4275893968118451,
    0.42759401849452705,
    0.42759858809318785,
    0.4276031047034571,
    0.4276075674211339,
    0.4276119753422801,
    0.42761632756331064,
    0.4276206231810814,
    0.4276248612929721,
    0.4276290409969663,
    0.42763316139172924,
    0.42763722157668066,
    0.42764122065206644,
    0.42764515771902645,
    0.42764903187965947,
    0.42765284223708544,
    0.4276565878955056,
    0.42766026796025963,
    0.4276638815378801,
    0.4276674277361451,
    0.4276709056641277,
    0.42767431443224396,
    0.4276776531522987,
    0.42768092093752885,
    0.4276841169026447,
    0.4276872401638699,
    0.4276902898389785,
    0.42769326504733063,
    0.42769616490990675,
    0.42769898854933924,
    0.42770173508994275,
    0.42770440365774365,
    0.4277069933805066,
    0.4277095033877611,
    0.4277119328108254,
    0.4277142807828293,
    0.4277165464387353,
    0.4277187289153591,
    0.4277208273513886,
    0.4277228408874008,
    0.4277247686658792,
    0.4277266098312285,
    0.42772836352978905,
    0.4277300289098497,
    0.4277316051216599,
    0.4277330913174409,
    0.42773448665139546,
    0.4277357902797174,
    0.42773700136060006,
    0.42773811905424236,
    0.42773914252285705,
    0.42774007093067523,
    0.42774090426775374,
    0.42774164252617775,
    0.4277422857000632,
    0.4277428337855601,
    0.42774328678085466,
    0.4277436446861701,
    0.4277439075037681,
    0.42774407523794894,
    0.42774414789505066,
    0.4277441254834489,
    0.4277440080135547,
    0.4277437954978124,
    0.4277434879506975,
    0.4277430853887131,
    0.42774258783038727,
    0.42774199529626894,
    0.4277413078089238,
    0.42774052539292895,
    0.4277396480748686,
    0.4277386758833277,
    0.42773760884888723,
    0.4277364470041173,
    0.42773519038357144,
    0.4277338390237797,
    0.4277323929632418,
    0.4277308522424191,
    0.4277292169037276,
    0.42772748699152957,
    0.4277256625521255,
    0.4277237436337458,
    0.42772173028654226,
    0.42771962256257884,
    0.427717420515823,
    0.4277151242021365,
    0.42771273367926566,
    0.4277102490068324,
    0.42770767024632456,
    0.4277049974610858,
    0.42770223071630564,
    0.42769937007900977,
    0.42769641561804916,
    0.42769336740409014,
    0.42769022550960345,
    0.42768699000885385,
    0.4276836609778894,
    0.42768023849453035,
    0.4276767226383585,
    0.42767311349070675,
    0.42766941113464735,
    0.42766561565498135,
    0.4276617271382272,
    0.4276577456726095,
    0.4276536713480484,
    0.42764950425614723,
    0.4276452444901817,
    0.4276408921450882,
    0.42763644731745165,
    0.427631910105494,
    0.42762728060906197,
    0.4276225589296155,
    0.4276177451702165,
    0.42761283943551687,
    0.42760784183174616,
    0.4276027524667006,
    0.4275975714497309,
    0.4275922988917312,
    0.42758693490512756,
    0.4275814796038663,
    0.42757593310340336,
    0.4275702955206929,
    0.42756456697417733,
    0.427558747583775,
    0.42755283747086986,
    0.4275468367582995,
    0.42754074557034416,
    0.4275345640327149,
    0.4275282922725422,
    0.42752193041836295,
    0.427515478600109,
    0.4275089369490955,
    0.4275023055980095,
    0.42749558468089927,
    0.4274887743331626,
    0.4274818746915362,
    0.4274748858940844,
    0.4274678080801879,
    0.4274606413905331,
    0.42745338596710075,
    0.4274460419531562,
    0.42743860949323875,
    0.4274310887331505,
    0.42742347981994516,
    0.4274157829019169,
    0.4274079981285898,
    0.42740012565070745,
    0.42739216562022175,
    0.42738411819028355,
    0.42737598351523176,
    0.4273677617505841,
    0.4273594530530275,
    0.4273510575804072,
    0.42734257549171606,
    0.42733400694708396,
    0.4273253521077676,
    0.42731661113614133,
    0.42730778419568616,
    0.4272988714509808,
    0.4272898730676913,
    0.4272807892125612,
    0.4272716200534027,
    0.4272623657590861,
    0.4272530264995312,
    0.427243602445697,
    0.427234093769573,
    0.42722450064416945,
    0.4272148232435087,
    0.42720506174261497,
    0.4271952163175061,
    0.4271852871451842,
    0.42717527440362624,
    0.42716517827177525,
    0.42715499892953157,
    0.427144736557744,
    0.4271343913382009,
    0.42712396345362175,
    0.4271134530876484,
    0.42710286042483925,
    0.4270921856506613,
    0.42708142895148316,
    0.4270705905145668,
    0.42705967052805904,
    0.42704866918098294,
    0.42703758666322983,
    0.4270264231655513,
    0.427015178879551,
    0.4270038539976769,
    0.4269924487132124,
    0.4269809632202699,
    0.42696939771378206,
    0.4269577523894954,
    0.4269460274439623,
    0.4269342230745333,
    0.4269223394793497,
    0.4269103768573362,
    0.4268983354081934,
    0.42688621533239085,
    0.4268740168311591,
    0.4268617401064831,
    0.4268493853610942,
    0.42683695279846323,
    0.42682444262279456,
    0.42681185503901803,
    0.42679919025278196,
    0.4267864484704449,
    0.42677362989906764,
    0.42676073474640736,
    0.4267477632209097,
    0.42673471553170267,
    0.42672159188859016,
    0.42670839250204495,
    0.4266951175832028,
    0.4266817673438566,
    0.4266683419964494,
    0.4266548417540684,
    0.42664126683043896,
    0.42662761743991806,
    0.4266138937974884,
    0.42660009611875216,
    0.4265862246199259,
    0.4265722795178347,
    0.4265582610299062,
    0.42654416937416406,
    0.426530004769222,
    0.42651576743427777,
    0.4265014575891079,
    0.4264870754540629,
    0.42647262125006125,
    0.4264580951985839,
    0.4264434975216692,
    0.4264288284419071,
    0.4264140881824346,
    0.42639927696692986,
    0.4263843950196077,
    0.4263694425652141,
    0.42635441982902067,
    0.4263393270368191,
    0.4263241644149165,
    0.4263089321901307,
    0.4262936305897851,
    0.4262782598417039,
    0.4262628201742076,
    0.4262473118161075,
    0.42623173499670136,
    0.42621608994576865,
    0.4262003768935657,
    0.42618459607082143,
    0.4261687477087326,
    0.4261528320389597,
    0.42613684929362233,
    0.4261207997052947,
    0.426104683507001,
    0.4260885009322113,
    0.426072252214837,
    0.42605593758922694,
    0.42603955729016346,
    0.42602311155285777,
    0.42600660061294526,
    0.4259900247064817,
    0.42597338406993884,
    0.42595667894020084,
    0.42593990955455974,
    0.4259230761507112,
    0.4259061789667508,
    0.4258892182411701,
    0.4258721942128529,
    0.42585510712107166,
    0.4258379572054839,
    0.42582074470612813,
    0.42580346986342,
    0.425786132918149,
    0.4257687341114747,
    0.4257512736849232,
    0.42573375188038354,
    0.42571616894010367,
    0.4256985251066868,
    0.4256808206230889,
    0.425663055732615,
    0.42564523067891585,
    0.42562734570598465,
    0.4256094010581539,
    0.4255913969800917,
    0.42557333371679906,
    0.42555521151360653,
    0.42553703061617015,
    0.425518791270469,
    0.42550049372280163,
    0.4254821382197832,
    0.4254637250083427,
    0.4254452543357202,
    0.42542672644946344,
    0.42540814159742524,
    0.42538950002776,
    0.4253708019889208,
    0.4253520477296564,
    0.425333237499009,
    0.42531437154631135,
    0.4252954501211838,
    0.4252764734735318,
    0.4252574418535427,
    0.4252383555116831,
    0.42521921469869667,
    0.42520001966559995,
    0.4251807706636777,
    0.42516146794447973,
    0.4251421117598171,
    0.42512270236176053,
    0.4251032400026371,
    0.42508372493502766,
    0.42506415741176656,
    0.4250445376859392,
    0.42502486601087947,
    0.4250051426401655,
    0.424985367827617,
    0.42496554182729285,
    0.4249456648934892,
    0.4249257372807366,
    0.4249057592437981,
    0.42488573103766697,
    0.42486565291756534,
    0.424845525138942,
    0.4248253479574699,
    0.4248051216290434,
    0.42478484640977626,
    0.42476452255599917,
    0.42474415032425794,
    0.4247237299713116,
    0.4247032617541299,
    0.42468274592989186,
    0.4246621827559834,
    0.4246415724899956,
    0.4246209153897225,
    0.4246002117131581,
    0.42457946171849387,
    0.42455866566411676,
    0.4245378238086079,
    0.42451693641074056,
    0.42449600372947854,
    0.42447502602397436,
    0.4244540035535679,
    0.4244329365777855,
    0.4244118253563378,
    0.42439067014911747,
    0.42436947121619734,
    0.4243482288178279,
    0.424326943214436,
    0.42430561466662303,
    0.4242842434351638,
    0.42426282978100527,
    0.42424137396526485,
    0.4242198762492285,
    0.424198336894349,
    0.4241767561622443,
    0.42415513431469587,
    0.42413347161364634,
    0.424111768321199,
    0.42409002469961543,
    0.4240682410113134,
    0.4240464175188659,
    0.4240245544849983,
    0.42400265217258815,
    0.42398071084466327,
    0.42395873076440116,
    0.42393671219512824,
    0.42391465540031853,
    0.4238925606435926,
    0.42387042818871634,
    0.4238482582995993,
    0.4238260512402936,
    0.4238038072749919,
    0.42378152666802654,
    0.42375920968386765,
    0.42373685658712207,
    0.4237144676425316,
    0.4236920431149726,
    0.4236695832694534,
    0.4236470883711144,
    0.42362455868522586,
    0.42360199447718666,
    0.42357939601252326,
    0.4235567635568887,
    0.42353409737606196,
    0.4235113977359462,
    0.4234886649025676,
    0.4234658991420739,
    0.42344310072073366,
    0.4234202699049354,
    0.4233974069611861,
    0.42337451215610983,
    0.4233515857564474,
    0.4233286280290549,
    0.4233056392409029,
    0.4232826196590755,
    0.4232595695507688,
    0.4232364891832887,
    0.4232133788240466,
    0.4231902387405588,
    0.423167069200448,
    0.42314387047144414,
    0.4231206428213829,
    0.42309738651820195,
    0.4230741018299384,
    0.42305078902472615,
    0.42302744837079564,
    0.42300408013647567,
    0.42298068459019494,
    0.42295726200048295,
    0.4229338126359676,
    0.4229103367653711,
    0.4228868346575078,
    0.4228633065812818,
    0.4228397528056863,
    0.422816173599803,
    0.4227925692327996,
    0.42276893997393006,
    0.4227452860925331,
    0.4227216078580316,
    0.4226979055399316,
    0.42267417940782226,
    0.42265042973137595,
    0.4226266567803473,
    0.4226028608245717,
    0.4225790421339649,
    0.4225552009785216,
    0.42253133762831496,
    0.42250745235349685,
    0.4224835454242971,
    0.42245961711102265,
    0.4224356676840557,
    0.4224116974138538,
    0.4223877065709488,
    0.42236369542594643,
    0.42233966424952574,
    0.42231561331243844,
    0.4222915428855084,
    0.4222674532396314,
    0.422243344645774,
    0.4222192173749734,
    0.422195071698336,
    0.4221709078870364,
    0.4221467262123171,
    0.4221225269454881,
    0.42209831035792544,
    0.4220740767210702,
    0.4220498263064284,
    0.4220255593855713,
    0.42200127623013567,
    0.42197697711182264,
    0.4219526623023976,
    0.4219283320736899,
    0.42190398669759255,
    0.42187962644606086,
    0.42185525159111165,
    0.4218308624048219,
    0.421806459159328,
    0.42178204212682574,
    0.42175761157956976,
    0.4217331677898732,
    0.42170871103010826,
    0.421684241572705,
    0.4216597596901505,
    0.42163526565498793,
    0.4216107597398154,
    0.42158624221728613,
    0.4215617133601084,
    0.42153717344104463,
    0.4215126227329114,
    0.42148806150857837,
    0.4214634900409681,
    0.42143890860305583,
    0.421414317467869,
    0.4213897169084883,
    0.4213651071980464,
    0.4213404886097283,
    0.42131586141677096,
    0.42129122589246254,
    0.42126658231014147,
    0.4212419309431957,
    0.42121727206506276,
    0.42119260594923,
    0.42116793286923454,
    0.421143253098662,
    0.4211185669111455,
    0.4210938745803653,
    0.42106917638004765,
    0.42104447258396516,
    0.4210197634659364,
    0.4209950492998246,
    0.4209703303595365,
    0.4209456069190201,
    0.4209208792522629,
    0.42089614763328964,
    0.4208714123361625,
    0.4208466736349808,
    0.4208219318038808,
    0.4207971871170357,
    0.42077243984865503,
    0.42074769027298425,
    0.4207229386643036,
    0.42069818529692826,
    0.42067343044520816,
    0.420648674383529,
    0.42062391738631116,
    0.4205991597280098,
    0.42057440168311394,
    0.4205496435261462,
    0.42052488553166345,
    0.4205001279742562,
    0.42047537112854794,
    0.4204506152691948,
    0.4204258606708847,
    0.4204011076083384,
    0.4203763563563092,
    0.42035160718958303,
    0.420326860382978,
    0.4203021162113437,
    0.42027737494956147,
    0.4202526368725443,
    0.42022790225523643,
    0.4202031713726124,
    0.42017844449967623,
    0.42015372191146144,
    0.42012900388303176,
    0.4201042906894815,
    0.4200795826059354,
    0.42005487990754703,
    0.42003018286949745,
    0.4200054917669949,
    0.41998080687527584,
    0.41995612846960567,
    0.41993145682527916,
    0.4199067922176199,
    0.41988213492198034,
    0.4198574852137421,
    0.4198328433683157,
    0.41980820966114024,
    0.4197835843676823,
    0.4197589677634348,
    0.4197343601239164,
    0.4197097617246709,
    0.419685172841268,
    0.4196605937493027,
    0.4196360247243956,
    0.41961146604219274,
    0.41958691797836567,
    0.41956238080861147,
    0.4195378548086528,
    0.41951334025423836,
    0.419488837421142,
    0.4194643465851631,
    0.4194398680221252,
    0.41941540229533086,
    0.4193909499681059,
    0.4193665116037995,
    0.41934208776578374,
    0.4193176790174551,
    0.41929328592223325,
    0.419268909043561,
    0.41924454894490426,
    0.41922020618975175,
    0.4191958813416159,
    0.4191715749640328,
    0.41914728762056086,
    0.4191230198747815,
    0.4190987722902986,
    0.41907454543073885,
    0.4190503398597512,
    0.41902615614100475,
    0.4190019948381867,
    0.4189778565150006,
    0.418953741735166,
    0.41892965106241775,
    0.41890558506050635,
    0.4188815442931976,
    0.41885752932427245,
    0.4188335407175262,
    0.4188095790367698,
    0.41878564484582936,
    0.4187617387085467,
    0.41873786118877876,
    0.4187140128503979,
    0.41869019425729104,
    0.41866640597336,
    0.41864264856252076,
    0.418618922588704,
    0.41859522861585474,
    0.4185715672079321,
    0.41854793892890957,
    0.4185243443427746,
    0.4185007840135293,
    0.41847725850518996,
    0.4184537683817871,
    0.41843031420736576,
    0.41840689654598523,
    0.4183835159617193,
    0.41836017301865597,
    0.41833686828089695,
    0.4183136023125579,
    0.4182903756777679,
    0.4182671889406698,
    0.4182440426654194,
    0.4182209374161869,
    0.4181978737571556,
    0.41817485225252277,
    0.41815187346649846,
    0.418128937963305,
    0.4181060463071782,
    0.41808319906236746,
    0.4180603967931352,
    0.4180376400637577,
    0.41801492943852453,
    0.4179922654817387,
    0.41796964875771675,
    0.4179470798307882,
    0.4179245592652952,
    0.4179020876255926,
    0.41787966547604694,
    0.41785729338103733,
    0.41783497190495494,
    0.4178127016122028,
    0.41779048306719535,
    0.41776831683435856,
    0.41774620347812996,
    0.4177241435629589,
    0.41770213765330627,
    0.41768018631364523,
    0.4176582901084601,
    0.4176364496022465,
    0.4176146653595109,
    0.4175929379447713,
    0.41757126792255694,
    0.41754965585740883,
    0.41752810231387905,
    0.4175066078565306,
    0.4174851730499376,
    0.41746379845868486,
    0.4174424846473683,
    0.4174212321805944,
    0.41740004162298056,
    0.41737891353915463,
    0.41735784849375523,
    0.4173368470514316,
    0.41731590977684396,
    0.4172950372346629,
    0.4172742299895688,
    0.4172534886062525,
    0.4172328136494152,
    0.41721220568376877,
    0.41719166527403556,
    0.41717119298494854,
    0.41715078938125105,
    0.4171304550276954,
    0.41711019048904197,
    0.41708999633005794,
    0.4170698731155166,
    0.4170498214101979,
    0.4170298417788882,
    0.4170099347863798,
    0.4169901009974719,
    0.41697034097696917,
    0.4169506552896828,
    0.41693104450043006,
    0.41691150917403424,
    0.41689204987532524,
    0.4168726671691391,
    0.41685336162031805,
    0.4168341337937099,
    0.41681498425416846,
    0.4167959135665533,
    0.4167769222957299,
    0.4167580110065694,
    0.4167391802639492,
    0.41672043063275266,
    0.4167017626778691,
    0.4166831769641936,
    0.41666467405662694,
    0.4166462545200762,
    0.41662791891945444,
    0.4166096678196812,
    0.41659150178568205,
    0.4165734213823888,
    0.41655542717473915,
    0.41653751972767666,
    0.4165196996061507,
    0.41650196737511647,
    0.4164843235995353,
    0.41646676884437395,
    0.41644930367460437,
    0.4164319286552037,
    0.4164146443511547,
    0.4163974513274457,
    0.4163803501490705,
    0.4163633413810284,
    0.4163464255883239,
    0.4163296033359668,
    0.4163128751889715,
    0.4162962417123571,
    0.41627970347114807,
    0.41626326103037414,
    0.41624691495507066,
    0.4162306658102781,
    0.4162145141610424,
    0.41619846057241394,
    0.4161825056094479,
    0.4161666498372048,
    0.41615089382075005,
    0.4161352381251548,
    0.41611968331549587,
    0.4161042299568551,
    0.4160888786143199,
    0.41607362985298335,
    0.4160584842379439,
    0.4160434423343061,
    0.41602850470718006,
    0.4160136719216811,
    0.41599894454293,
    0.4159843231360522,
    0.4159698082661786,
    0.41595540049844537,
    0.4159411003979945,
    0.4159269085299729,
    0.41591282545953284,
    0.4158988517518315,
    0.4158849879720311,
    0.4158712346852987,
    0.4158575924568063,
    0.41584406185173134,
    0.41583064343525594,
    0.41581733777256724,
    0.41580414542885713,
    0.41579106696932283,
    0.4157781029591667,
    0.41576525396359676,
    0.41575252054782663,
    0.4157399032770745,
    0.41572740271656183,
    0.4157150194315127,
    0.41570275398715295,
    0.41569060694871074,
    0.41567857888141574,
    0.4156666703504992,
    0.4156548819211939,
    0.41564321415873356,
    0.4156316676283533,
    0.4156202428952893,
    0.41560894052477904,
    0.41559776108206103,
    0.4155867051323751,
    0.41557577324096223,
    0.4155649659730647,
    0.41555428389392557,
    0.4155437275687886,
    0.41553329756289864,
    0.4155229944415019,
    0.4155128187698455,
    0.4155027711131772,
    0.41549285203674485,
    0.41548306210579716,
    0.4154734018855841
]