[
    -0.9358352321880606,
    -0.9358511089403608,
    -0.933897520854309,
    -0.9339991883178295,
    -0.934098278990785,
    -0.9341948717952944,
    -0.9342890433911286,
    -0.9343808682397178,
    -0.9344704186663488,
    -0.9345577649206106,
    -0.9346429752351348,
    -0.9347261158826843,
    -0.9348072512316338,
    -0.9348864437998894,
    -0.9349637543072888,
    -0.9350392417265272,
    -0.9351129633326488,
    -0.9351849747511423,
    -0.9352553300046789,
    -0.9353240815585302,
    -0.9353912803647021,
    -0.9354569759048259,
    -0.9355212162318366,
    -0.9355840480104755,
    -0.9356455165566446,
    -0.9357056658756536,
    -0.9357645386993844,
    -0.9358221765224091,
    -0.9358786196370884,
    -0.9359339071676754,
    -0.9359880771034569,
    -0.9360411663309599,
    -0.9360932106652498,
    -0.936144244880339,
    -0.9361943027387308,
    -0.9362434170201287,
    -0.9362916195493362,
    -0.9363389412233784,
    -0.936385412037875,
    -0.9364310611126766,
    -0.9364759167167694,
    -0.9365200062924639,
    -0.9365633564788984,
    -0.9366059931348765,
    -0.936647941361056,
    -0.936689225521513,
    -0.9367298692646924,
    -0.9367698955437693,
    -0.9368093266364297,
    -0.9368481841640901,
    -0.9368864891105751,
    -0.9369242618402682,
    -0.9369615221157513,
    -0.9369982891149494,
    -0.9370345814477921,
    -0.9370704171723949,
    -0.9371058138107848,
    -0.9371407883641892,
    -0.937175357327892,
    -0.9372095367056547,
    -0.9372433420237282,
    -0.9372767883444686,
    -0.9373098902795719,
    -0.9373426620029266,
    -0.9373751172631052,
    -0.9374072693955053,
    -0.9374391313341459,
    -0.9374707156231182,
    -0.9375020344277158,
    -0.9375330995452653,
    -0.9375639224156522,
    -0.9375945141315313,
    -0.9376248854482466,
    -0.9376550467934814,
    -0.9376850082766481,
    -0.9377147796979971,
    -0.9377443705574642,
    -0.9377737900632686,
    -0.937803047140273,
    -0.9378321504380969,
    -0.9378611083390029,
    -0.9378899289655727,
    -0.9379186201881593,
    -0.9379471896321292,
    -0.9379756446849227,
    -0.9380039925029335,
    -0.9380322400181837,
    -0.93806039394478,
    -0.9380884607851755,
    -0.9381164468362506,
    -0.9381443581952323,
    -0.9381722007654513,
    -0.9381999802619309,
    -0.9382277022168103,
    -0.9382553719846075,
    -0.938282994747334,
    -0.9383105755194724,
    -0.9383381191528105,
    -0.9383656303411371,
    -0.9383931136248054,
    -0.9384205733951689,
    -0.938448013898888,
    -0.9384754392421089,
    -0.9385028533945291,
    -0.9385302601933548,
    -0.938557663347155,
    -0.9385850664395946,
    -0.9386124729330506,
    -0.9386398861721278,
    -0.9386673093870835,
    -0.9386947456971598,
    -0.9387221981138113,
    -0.9387496695438384,
    -0.938777162792428,
    -0.9388046805661082,
    -0.9388322254756207,
    -0.9388598000387128,
    -0.9388874066828599,
    -0.9389150477479065,
    -0.9389427254886252,
    -0.9389704420772027,
    -0.9389981996056598,
    -0.9390260000882065,
    -0.9390538454635223,
    -0.9390817375969716,
    -0.9391096782827576,
    -0.939137669246019,
    -0.9391657121448679,
    -0.939193808572368,
    -0.9392219600584562,
    -0.9392501680718026,
    -0.9392784340216181,
    -0.9393067592594124,
    -0.9393351450807048,
    -0.9393635927266898,
    -0.9393921033858514,
    -0.9394206781955304,
    -0.9394493182434497,
    -0.939478024569203,
    -0.9395067981657105,
    -0.9395356399806217,
    -0.9395645509176683,
    -0.9395935318379711,
    -0.9396225835613103,
    -0.9396517068673612,
    -0.9396809024968973,
    -0.9397101711529577,
    -0.9397395135019834,
    -0.9397689301749192,
    -0.9397984217682833,
    -0.9398279888452001,
    -0.9398576319364079,
    -0.9398873515412389,
    -0.9399171481285729,
    -0.9399470221377626,
    -0.9399769739795283,
    -0.9400070040368298,
    -0.9400371126657124,
    -0.9400673001961305,
    -0.9400975669327456,
    -0.9401279131557029,
    -0.9401583391213837,
    -0.9401888450631375,
    -0.9402194311919919,
    -0.9402500976973428,
    -0.9402808447476245,
    -0.9403116724909614,
    -0.9403425810558,
    -0.9403735705515249,
    -0.9404046410690534,
    -0.9404357926814159,
    -0.9404670254443166,
    -0.9404983393966804,
    -0.9405297345611823,
    -0.9405612109447613,
    -0.9405927685391204,
    -0.9406244073212101,
    -0.9406561272536987,
    -0.9406879282854299,
    -0.9407198103518647,
    -0.9407517733755146,
    -0.9407838172663581,
    -0.9408159419222466,
    -0.9408481472292967,
    -0.9408804330622722,
    -0.9409127992849546,
    -0.9409452457505009,
    -0.9409777723017928,
    -0.9410103787717741,
    -0.9410430649837795,
    -0.9410758307518544,
    -0.9411086758810618,
    -0.9411416001677833,
    -0.941174603400008,
    -0.9412076853576167,
    -0.9412408458126532,
    -0.9412740845295907,
    -0.9413074012655883,
    -0.941340795770741,
    -0.9413742677883223,
    -0.9414078170550185,
    -0.9414414433011566,
    -0.9414751462509258,
    -0.9415089256225909,
    -0.9415427811287007,
    -0.941576712476289,
    -0.9416107193670705,
    -0.9416448014976309,
    -0.9416789585596103,
    -0.9417131902398825,
    -0.9417474962207272,
    -0.9417818761799978,
    -0.9418163297912839,
    -0.941850856724068,
    -0.9418854566438788,
    -0.9419201292124387,
    -0.9419548740878118,
    -0.9419896909245443,
    -0.9420245793737996,
    -0.9420595390834898,
    -0.942094569698401,
    -0.9421296708603181,
    -0.942164842208143,
    -0.9422000833780111,
    -0.9422353940034021,
    -0.942270773715249,
    -0.9423062221420451,
    -0.9423417389099433,
    -0.9423773236428549,
    -0.9424129759625435,
    -0.9424486954887197,
    -0.9424844818391299,
    -0.9425203346296425,
    -0.9425562534743309,
    -0.9425922379855547,
    -0.9426282877740378,
    -0.9426644024489431,
    -0.942700581617946,
    -0.9427368248873059,
    -0.9427731318619347,
    -0.9428095021454649,
    -0.9428459353403127,
    -0.9428824310477392,
    -0.9429189888679105,
    -0.9429556083999553,
    -0.9429922892420222,
    -0.9430290309913325,
    -0.9430658332442337,
    -0.9431026955962503,
    -0.9431396176421327,
    -0.943176598975906,
    -0.9432136391909138,
    -0.9432507378798646,
    -0.9432878946348727,
    -0.9433251090475017,
    -0.9433623807088035,
    -0.9433997092093589,
    -0.9434370941393151,
    -0.9434745350884224,
    -0.9435120316460688,
    -0.9435495834013151,
    -0.9435871899429287,
    -0.9436248508594153,
    -0.9436625657390492,
    -0.9437003341699007,
    -0.9437381557398637,
    -0.9437760300366802,
    -0.9438139566479669,
    -0.9438519351612366,
    -0.9438899651639227,
    -0.9439280462433991,
    -0.9439661779870023,
    -0.9440043599820518,
    -0.944042591815869,
    -0.9440808730757979,
    -0.9441192033492216,
    -0.9441575822235833,
    -0.944196009286402,
    -0.9442344841252915,
    -0.9442730063279768,
    -0.9443115754823099,
    -0.9443501911762878,
    -0.9443888529980662,
    -0.944427560535975,
    -0.9444663133785335,
    -0.9445051111144641,
    -0.9445439533327058,
    -0.9445828396224265,
    -0.9446217695730358,
    -0.9446607427741965,
    -0.9446997588158351,
    -0.944738817288153,
    -0.9447779177816353,
    -0.9448170598870612,
    -0.944856243195512,
    -0.9448954672983798,
    -0.9449347317873755,
    -0.9449740362545354,
    -0.9450133802922293,
    -0.9450527634931655,
    -0.9450921854503973,
    -0.9451316457573288,
    -0.9451711440077167,
    -0.9452106797956785,
    -0.9452502527156954,
    -0.9452898623626235,
    -0.945329508331699,
    -0.9453691902185456,
    -0.9454089076191791,
    -0.9454486601300113,
    -0.9454884473478543,
    -0.9455282688699215,
    -0.94556812429383,
    -0.9456080132176041,
    -0.945647935239677,
    -0.9456878899588937,
    -0.9457278769745096,
    -0.9457678958861905,
    -0.9458079462940109,
    -0.9458480277984529,
    -0.9458881400004059,
    -0.9459282825011648,
    -0.9459684549024294,
    -0.9460086568063021,
    -0.946048887815285,
    -0.9460891475322791,
    -0.9461294355605832,
    -0.9461697515038935,
    -0.9462100949663033,
    -0.9462504655523016,
    -0.9462908628667719,
    -0.9463312865149922,
    -0.9463717361026363,
    -0.9464122112357711,
    -0.946452711520856,
    -0.9464932365647374,
    -0.9465337859746481,
    -0.9465743593582091,
    -0.9466149563234282,
    -0.9466555764787,
    -0.946696219432803,
    -0.9467368847948964,
    -0.94677757217452,
    -0.9468182811815951,
    -0.9468590114264234,
    -0.9468997625196792,
    -0.9469405340724072,
    -0.946981325696015,
    -0.9470221370022676,
    -0.9470629676032801,
    -0.9471038171115128,
    -0.9471446851397641,
    -0.947185571301166,
    -0.9472264752091718,
    -0.9472673964775415,
    -0.9473083347203325,
    -0.9473492895518999,
    -0.9473902605868856,
    -0.9474312474401962,
    -0.9474722497269756,
    -0.9475132670625921,
    -0.9475542990626564,
    -0.9475953453430682,
    -0.9476364055200562,
    -0.9476774792101865,
    -0.9477185660303594,
    -0.9477596655977997,
    -0.9478007775300494,
    -0.947841901444977,
    -0.9478830369607956,
    -0.9479241836960809,
    -0.9479653412697959,
    -0.9480065093013074,
    -0.9480476874103891,
    -0.948088875217208,
    -0.9481300723423113,
    -0.9481712784066292,
    -0.9482124930314983,
    -0.9482537158386971,
    -0.9482949464504711,
    -0.9483361844895332,
    -0.9483774295790517,
    -0.948418681342655,
    -0.948459939404436,
    -0.9485012033889636,
    -0.9485424729212976,
    -0.9485837476269708,
    -0.9486250271319507,
    -0.9486663110626251,
    -0.9487075990458214,
    -0.9487488907088194,
    -0.9487901856793532,
    -0.9488314835856079,
    -0.9488727840561948,
    -0.948914086720133,
    -0.9489553912068535,
    -0.9489966971461823,
    -0.9490380041682858,
    -0.9490793119036094,
    -0.9491206199828561,
    -0.949161928037002,
    -0.9492032356973206,
    -0.9492445425953879,
    -0.9492858483630654,
    -0.9493271526324677,
    -0.9493684550359128,
    -0.9494097552058615,
    -0.9494510527748368,
    -0.9494923473753349,
    -0.9495336386398041,
    -0.9495749262006578,
    -0.949616209690221,
    -0.9496574887406262,
    -0.949698762983799,
    -0.9497400320516819,
    -0.9497812955766459,
    -0.9498225531917994,
    -0.94986380453105,
    -0.9499050492290582,
    -0.9499462869212684,
    -0.949987517243976,
    -0.9500287398342991,
    -0.9500699543301322,
    -0.9501111603701935,
    -0.9501523575940677,
    -0.9501935456421677,
    -0.9502347241556476,
    -0.9502758927762873,
    -0.9503170511464217,
    -0.9503581989089628,
    -0.9503993357074099,
    -0.9504404611857827,
    -0.9504815749885608,
    -0.9505226767606384,
    -0.9505637661472345,
    -0.9506048427938208,
    -0.9506459063460978,
    -0.9506869564500011,
    -0.9507279927517058,
    -0.9507690148976001,
    -0.9508100225342345,
    -0.9508510153082482,
    -0.9508919928663109,
    -0.950932954855124,
    -0.950973900921436,
    -0.9510148307120275,
    -0.9510557438736674,
    -0.9510966400530427,
    -0.9511375188966925,
    -0.9511783800509921,
    -0.9512192231621907,
    -0.9512600478764539,
    -0.9513008538398552,
    -0.9513416406983108,
    -0.9513824080975554,
    -0.9514231556831652,
    -0.9514638831005423,
    -0.9515045899948754,
    -0.9515452760111521,
    -0.9515859407942053,
    -0.9516265839887436,
    -0.9516672052393653,
    -0.9517078041905775,
    -0.9517483804868075,
    -0.9517889337724006,
    -0.9518294636916097,
    -0.9518699698886011,
    -0.9519104520074713,
    -0.9519509096922646,
    -0.951991342587003,
    -0.9520317503357588,
    -0.9520721325827524,
    -0.9521124889724067,
    -0.9521528191493541,
    -0.9521931227584483,
    -0.952233399444767,
    -0.9522736488535949,
    -0.9523138706303914,
    -0.9523540644207528,
    -0.9523942298703836,
    -0.952434366625089,
    -0.9524744743307766,
    -0.9525145526334323,
    -0.9525546011790901,
    -0.9525946196138273,
    -0.952634607583776,
    -0.952674564735133,
    -0.9527144907141678,
    -0.952754385167225,
    -0.9527942477407226,
    -0.9528340780811602,
    -0.9528738758351272,
    -0.9529136406492964,
    -0.9529533721704139,
    -0.9529930700452948,
    -0.9530327339208268,
    -0.9530723634439777,
    -0.9531119582617996,
    -0.953151518021429,
    -0.9531910423700887,
    -0.9532305309550918,
    -0.9532699834238445,
    -0.9533093998124144,
    -0.953348780156966,
    -0.9533881244937655,
    -0.9534274328591846,
    -0.9534667052897053,
    -0.9535059418219248,
    -0.9535451424925592,
    -0.9535843073384426,
    -0.9536234363965286,
    -0.9536625297038904,
    -0.9537015872977223,
    -0.9537406092153385,
    -0.9537795954941728,
    -0.9538185461717803,
    -0.9538574612858386,
    -0.953896340874149,
    -0.9539351849746351,
    -0.9539739936253417,
    -0.9540127668644336,
    -0.9540515047301952,
    -0.9540902072610346,
    -0.9541288744954874,
    -0.9541675064722195,
    -0.9542061032300253,
    -0.9542446648078253,
    -0.9542831912446637,
    -0.9543216825797052,
    -0.9543601388522336,
    -0.9543985601016509,
    -0.9544369463674747,
    -0.9544752976893377,
    -0.9545136141069844,
    -0.9545518956602705,
    -0.9545901423891597,
    -0.9546283543337232,
    -0.9546665315341382,
    -0.9547046740306859,
    -0.9547427818637517,
    -0.9547808550738225,
    -0.9548188937014856,
    -0.9548568977874281,
    -0.9548948673724352,
    -0.9549328024973901,
    -0.9549707032032719,
    -0.9550085695311558,
    -0.9550464015222105,
    -0.9550841992176986,
    -0.9551219626589744,
    -0.9551596918874826,
    -0.9551973869447583,
    -0.9552350478724247,
    -0.9552726747121937,
    -0.9553102675058632,
    -0.9553478262953174,
    -0.9553853511225251,
    -0.9554228420295379,
    -0.955460299058491,
    -0.9554977222516005,
    -0.9555351116511629,
    -0.9555724672995555,
    -0.9556097892392332,
    -0.9556470775127297,
    -0.9556843321626551,
    -0.9557215532316964,
    -0.9557587407626152,
    -0.9557958947982473,
    -0.9558330153815012,
    -0.9558701025553571,
    -0.9559071563628665,
    -0.9559441768471498,
    -0.9559811640513972,
    -0.9560181180188663,
    -0.9560550387928816,
    -0.9560919264168342,
    -0.95612878093418,
    -0.956165602388439,
    -0.956202390823195,
    -0.9562391462820944,
    -0.9562758688088451,
    -0.956312558447216,
    -0.956349215241036,
    -0.9563858392341935,
    -0.956422430470635,
    -0.9564589889943649,
    -0.9564955148494441,
    -0.9565320080799895,
    -0.9565684687301736,
    -0.956604896844223,
    -0.9566412924664187,
    -0.9566776556410945,
    -0.9567139864126378,
    -0.9567502848254874,
    -0.956786550924134,
    -0.9568227847531199,
    -0.956858986357038,
    -0.9568951557805319,
    -0.9569312930682945,
    -0.9569673982650694,
    -0.9570034714156482,
    -0.9570395125648717,
    -0.957075521757629,
    -0.9571114990388567,
    -0.9571474444535393,
    -0.9571833580467076,
    -0.9572192398634396,
    -0.9572550899488597,
    -0.9572909083481369,
    -0.9573266951064867,
    -0.9573624502691689,
    -0.9573981738814885,
    -0.9574338659887949,
    -0.9574695266364813,
    -0.9575051558699844,
    -0.9575407537347834,
    -0.9575763202763993,
    -0.957611855540394,
    -0.9576473595723702,
    -0.9576828324179709,
    -0.9577182741228784,
    -0.9577536847328144,
    -0.9577890642935395,
    -0.9578244128508527,
    -0.9578597304505904,
    -0.9578950171386245,
    -0.9579302729608635,
    -0.9579654979632508,
    -0.9580006921917646,
    -0.9580358556924183,
    -0.9580709885112585,
    -0.9581060906943653,
    -0.9581411622878505,
    -0.958176203337859,
    -0.9582112138905661,
    -0.9582461939921775,
    -0.9582811436889289,
    -0.9583160630270844,
    -0.9583509520529375,
    -0.9583858108128093,
    -0.9584206393530504,
    -0.9584554377200393,
    -0.9584902059601844,
    -0.9585249441199245,
    -0.9585596522457277,
    -0.9585943303840916,
    -0.9586289785815427,
    -0.9586635968846354,
    -0.9586981853399519,
    -0.9587327439941012,
    -0.95876727289372,
    -0.95880177208547,
    -0.9588362416160396,
    -0.9588706815321425,
    -0.9589050918805164,
    -0.9589394727079248,
    -0.958973824061155,
    -0.9590081459870193,
    -0.9590424385323548,
    -0.9590767017440215,
    -0.9591109356689034,
    -0.9591451403539064,
    -0.9591793158459598,
    -0.959213462192015,
    -0.959247579439045,
    -0.959281667634045,
    -0.9593157268240315,
    -0.9593497570560425,
    -0.959383758377136,
    -0.9594177308343903,
    -0.959451674474904,
    -0.959485589345795,
    -0.9595194754942015,
    -0.9595533329672813,
    -0.9595871618122126,
    -0.9596209620761924,
    -0.9596547338064377,
    -0.959688477050184,
    -0.9597221918546857,
    -0.9597558782672153,
    -0.9597895363350644,
    -0.9598231661055422,
    -0.9598567676259764,
    -0.9598903409437124,
    -0.9599238861061139,
    -0.959957403160561,
    -0.9599908921544513,
    -0.9600243531351993,
    -0.9600577861502361,
    -0.9600911912470094,
    -0.9601245684729831,
    -0.9601579178756374,
    -0.960191239502468,
    -0.9602245334009863,
    -0.9602577996187193,
    -0.9602910382032087,
    -0.9603242492020118,
    -0.9603574326626998,
    -0.9603905886328591,
    -0.9604237171600896,
    -0.9604568182920062,
    -0.9604898920762374,
    -0.9605229385604257,
    -0.9605559577922272,
    -0.9605889498193122,
    -0.9606219146893641,
    -0.9606548524500793,
    -0.9606877631491678,
    -0.9607206468343525,
    -0.9607535035533693,
    -0.960786333353967,
    -0.9608191362839077,
    -0.9608519123909666,
    -0.960884661722932,
    -0.9609173843276043,
    -0.9609500802527968,
    -0.9609827495463342,
    -0.9610153922560537,
    -0.9610480084298031,
    -0.9610805981154422,
    -0.9611131613608419,
    -0.9611456982138831,
    -0.9611782087224581,
    -0.9612106929344693,
    -0.9612431508978286,
    -0.9612755826604588,
    -0.9613079882702916,
    -0.9613403677752691,
    -0.9613727212233419,
    -0.9614050486624703,
    -0.9614373501406238,
    -0.9614696257057802,
    -0.9615018754059269,
    -0.9615340992890589,
    -0.9615662974031808,
    -0.9615984697963046,
    -0.9616306165164514,
    -0.9616627376116503,
    -0.9616948331299383,
    -0.961726903119361,
    -0.9617589476279715,
    -0.9617909667038312,
    -0.961822960395009,
    -0.9618549287495818,
    -0.9618868718156341,
    -0.9619187896412572,
    -0.9619506822745506,
    -0.9619825497636197,
    -0.9620143921565776,
    -0.9620462095015444,
    -0.9620780018466464,
    -0.9621097692400171,
    -0.9621415117297956,
    -0.9621732293641272,
    -0.9622049221911633,
    -0.9622365902590607,
    -0.9622682336159818,
    -0.9622998523100931,
    -0.9623314463895657,
    -0.9623630159025737,
    -0.9623945608972926,
    -0.962426081421899,
    -0.9624575775245693,
    -0.9624890492534788,
    -0.9625204966568014,
    -0.9625519197827082,
    -0.9625833186793663,
    -0.9626146933949368,
    -0.962646043977574,
    -0.9626773704754278,
    -0.9627086729366474,
    -0.9627399514093856,
    -0.9627712059417974,
    -0.9628024365820415,
    -0.9628336433782794,
    -0.9628648263786772,
    -0.9628959856314057,
    -0.9629271211846407,
    -0.9629582330865663,
    -0.9629893213853742,
    -0.9630203861292695,
    -0.9630514273664718,
    -0.9630824451452166,
    -0.9631134395137557,
    -0.9631444105203546,
    -0.9631753582132946,
    -0.963206282640874,
    -0.9632371838514121,
    -0.963268061893252,
    -0.9632989168147628,
    -0.96332974866434,
    -0.9633605574904032,
    -0.9633913433413979,
    -0.9634221062657979,
    -0.963452846312107,
    -0.9634835635288557,
    -0.9635142579646012,
    -0.9635449296679319,
    -0.963575578687468,
    -0.9636062050718648,
    -0.9636368088698125,
    -0.9636673901300357,
    -0.9636979489012928,
    -0.9637284852323754,
    -0.9637589991721106,
    -0.9637894907693588,
    -0.963819960073011,
    -0.9638504071319861,
    -0.9638808319952283,
    -0.9639112347117086,
    -0.963941615330422,
    -0.9639719739003839,
    -0.9640023104706243,
    -0.964032625090185,
    -0.9640629178081203,
    -0.9640931886734982,
    -0.9641234377354027,
    -0.9641536650429302,
    -0.9641838706451886,
    -0.9642140545912911,
    -0.964244216930347,
    -0.9642743577114593,
    -0.9643044769837263,
    -0.9643345747962441,
    -0.9643646511981014,
    -0.9643947062383752,
    -0.9644247399661271,
    -0.9644547524304051,
    -0.9644847436802525,
    -0.9645147137647118,
    -0.9645446627328172,
    -0.9645745906335897,
    -0.9646044975160365,
    -0.9646343834291566,
    -0.9646642484219409,
    -0.9646940925433709,
    -0.9647239158424199,
    -0.9647537183680511,
    -0.9647835001692219,
    -0.964813261294886,
    -0.9648430017939937,
    -0.9648727217154804,
    -0.9649024211082589,
    -0.9649321000212213,
    -0.9649617585032388,
    -0.9649913966031615,
    -0.965021014369816,
    -0.9650506118520074,
    -0.9650801890985174,
    -0.9651097461581051,
    -0.9651392830795061,
    -0.9651687999114325,
    -0.9651982967025705,
    -0.9652277735015885,
    -0.9652572303571564,
    -0.965286667317962,
    -0.9653160844327153,
    -0.9653454817501501,
    -0.9653748593190197,
    -0.9654042171880937,
    -0.9654335554061538,
    -0.9654628740219936,
    -0.9654921730844173,
    -0.9655214526422368,
    -0.9655507127442706,
    -0.9655799534393414,
    -0.9656091747762756,
    -0.9656383768039021,
    -0.9656675595710522,
    -0.9656967231265622,
    -0.9657258675192757,
    -0.965754992798042,
    -0.9657840990117125,
    -0.9658131862091404,
    -0.9658422544391838,
    -0.9658713037507037,
    -0.9659003341925654,
    -0.965929345813641,
    -0.9659583386628063,
    -0.96598731278894,
    -0.9660162682409209,
    -0.9660452050676316,
    -0.9660741233179595,
    -0.9661030230407943,
    -0.9661319042850274,
    -0.96616076709955,
    -0.9661896115332559,
    -0.9662184376350367,
    -0.9662472454537803,
    -0.9662760350383727,
    -0.9663048064376945,
    -0.9663335597006167,
    -0.9663622948759988,
    -0.9663910120126892,
    -0.9664197111595259,
    -0.9664483923653383,
    -0.9664770556789454,
    -0.9665057011491514,
    -0.9665343288247427,
    -0.9665629387544871,
    -0.9665915309871342,
    -0.9666201055714159,
    -0.9666486625560452,
    -0.9666772019897194,
    -0.9667057239211162,
    -0.9667342283988913,
    -0.9667627154716777,
    -0.966791185188086,
    -0.9668196375967176,
    -0.9668480727461805,
    -0.9668764906851043,
    -0.9669048914621433,
    -0.9669332751259769,
    -0.9669616417253126,
    -0.9669899913088904,
    -0.9670183239254835,
    -0.9670466396238938,
    -0.9670749384529501,
    -0.9671032204615087,
    -0.9671314856984532,
    -0.9671597342126946,
    -0.9671879660531681,
    -0.9672161812688314,
    -0.9672443799086619,
    -0.9672725620216583,
    -0.9673007276568419,
    -0.9673288768632563,
    -0.9673570096899661,
    -0.9673851261860535,
    -0.9674132264006231,
    -0.9674413103828061,
    -0.9674693781817605,
    -0.9674974298466671,
    -0.9675254654267226,
    -0.9675534849711369,
    -0.967581488529131,
    -0.9676094761499419,
    -0.9676374478828286,
    -0.9676654037770723,
    -0.9676933438819723,
    -0.9677212682468392,
    -0.9677491769209914,
    -0.9677770699537523,
    -0.9678049473944521,
    -0.9678328092924273,
    -0.9678606556970177,
    -0.9678884866575647,
    -0.9679163022234099,
    -0.967944102443894,
    -0.967971887368354,
    -0.9679996570461195,
    -0.9680274115265107,
    -0.9680551508588391,
    -0.9680828750924074,
    -0.968110584276513,
    -0.9681382784604479,
    -0.9681659576934963,
    -0.9681936220249283,
    -0.968221271503998,
    -0.9682489061799434,
    -0.9682765261019907,
    -0.9683041313193556,
    -0.9683317218812408,
    -0.9683592978368329,
    -0.9683868592352985,
    -0.9684144061257872,
    -0.9684419385574343,
    -0.9684694565793608,
    -0.968496960240675,
    -0.9685244495904716,
    -0.9685519246778301,
    -0.9685793855518132,
    -0.968606832261467,
    -0.9686342648558253,
    -0.9686616833839103,
    -0.9686890878947352,
    -0.9687164784373008,
    -0.9687438550605957,
    -0.9687712178135963,
    -0.968798566745268,
    -0.9688259019045651,
    -0.96885322334043,
    -0.9688805311017936,
    -0.9689078252375747,
    -0.9689351057966804,
    -0.9689623728280075,
    -0.9689896263804425,
    -0.9690168665028631,
    -0.969044093244136,
    -0.9690713066531185,
    -0.9690985067786616,
    -0.9691256936696117,
    -0.9691528673748143,
    -0.9691800279431206,
    -0.9692071754233939,
    -0.9692343098645105,
    -0.969261431315357,
    -0.9692885398248297,
    -0.9693156354418346,
    -0.9693427182152894,
    -0.9693697881941219,
    -0.9693968454272666,
    -0.9694238899212685,
    -0.9694509216826769,
    -0.9694779407180457,
    -0.9695049470339345,
    -0.9695319406369094,
    -0.9695589215335431,
    -0.9695858897304143,
    -0.9696128452341061,
    -0.969639788051205,
    -0.9696667181883014,
    -0.9696936356519884,
    -0.96972054044886,
    -0.9697474325855111,
    -0.9697743120685373,
    -0.9698011789045354,
    -0.9698280331001026,
    -0.9698548746618357,
    -0.9698817035963315,
    -0.9699085199101868,
    -0.969935323609999,
    -0.9699621147023649,
    -0.9699888931938788,
    -0.9700156590911332,
    -0.9700424124007173,
    -0.9700691531292186,
    -0.9700958812832214,
    -0.9701225968693084,
    -0.9701492998940601,
    -0.9701759903640581,
    -0.9702026682858857,
    -0.9702293336661263,
    -0.970255986511362,
    -0.9702826268281721,
    -0.9703092546231328,
    -0.970335869902818,
    -0.9703624726737988,
    -0.9703890629426456,
    -0.9704156407159271,
    -0.9704422060002115,
    -0.9704687588020632,
    -0.9704952991280429,
    -0.9705218269847087,
    -0.9705483423786155,
    -0.9705748453163181,
    -0.9706013358043691,
    -0.9706278138493195,
    -0.9706542794577144,
    -0.9706807326360926,
    -0.970707173390986,
    -0.9707336017289202,
    -0.9707600176564148,
    -0.9707864211799885,
    -0.9708128123061668,
    -0.9708391910414876,
    -0.9708655573925001,
    -0.9708919113657647,
    -0.9709182529678497,
    -0.9709445822053328,
    -0.9709708990848007,
    -0.9709972036128481,
    -0.9710234957960772,
    -0.9710497756410983,
    -0.9710760431545317,
    -0.971102298343007,
    -0.9711285412131638,
    -0.9711547717716492,
    -0.9711809900251168,
    -0.971207195980229,
    -0.9712333896436578,
    -0.9712595710220829,
    -0.9712857401221909,
    -0.9713118969506732,
    -0.9713380415142271,
    -0.9713641738195535,
    -0.9713902938733582,
    -0.9714164016823511,
    -0.9714424972532464,
    -0.9714685805927612,
    -0.9714946517076153,
    -0.9715207106045326,
    -0.9715467572902413,
    -0.9715727917714749,
    -0.9715988140549705,
    -0.9716248241474696,
    -0.9716508220557177,
    -0.9716768077864627,
    -0.9717027813464533,
    -0.9717287427424383,
    -0.9717546919811653,
    -0.9717806290693823,
    -0.9718065540138362,
    -0.9718324668212736,
    -0.9718583674984397,
    -0.9718842560520792,
    -0.9719101324889361,
    -0.971935996815753,
    -0.9719618490392716,
    -0.9719876891662323,
    -0.9720135172033738,
    -0.9720393331574331,
    -0.9720651370351436,
    -0.9720909288432361,
    -0.9721167085884376,
    -0.972142476277473,
    -0.9721682319170655,
    -0.972193975513936,
    -0.9722197070748039,
    -0.9722454266063837,
    -0.972271134115387,
    -0.9722968296085204,
    -0.9723225130924869,
    -0.972348184573987,
    -0.9723738440597187,
    -0.9723994915563775,
    -0.9724251270706559,
    -0.9724507506092435,
    -0.9724763621788267,
    -0.9725019617860876,
    -0.9725275494377036,
    -0.9725531251403454,
    -0.9725786889006784,
    -0.9726042407253627,
    -0.9726297806210531,
    -0.9726553085944026,
    -0.9726808246520601,
    -0.9727063288006713,
    -0.9727318210468788,
    -0.9727573013973219,
    -0.9727827698586393,
    -0.9728082264374733,
    -0.9728336711404723,
    -0.9728591039742899,
    -0.9728845249455864,
    -0.9729099340610285,
    -0.972935331327288,
    -0.9729607167510423,
    -0.972986090338973,
    -0.9730114520977655,
    -0.9730368020341092,
    -0.9730621401546962,
    -0.9730874664662225,
    -0.9731127809753883,
    -0.9731380836888975,
    -0.9731633746134559,
    -0.9731886537557711,
    -0.9732139211225523,
    -0.9732391767205114,
    -0.9732644205563639,
    -0.9732896526368272,
    -0.9733148729686206,
    -0.9733400815584639,
    -0.9733652784130769,
    -0.9733904635391794,
    -0.9734156369434916,
    -0.9734407986327347,
    -0.9734659486136298,
    -0.9734910868928986,
    -0.9735162134772628,
    -0.9735413283734439,
    -0.9735664315881628,
    -0.9735915231281398,
    -0.9736166030000952,
    -0.9736416712107497,
    -0.9736667277668227,
    -0.9736917726750342,
    -0.9737168059421022,
    -0.9737418275747443,
    -0.9737668375796764,
    -0.9737918359636137,
    -0.9738168227332704,
    -0.9738417978953592,
    -0.9738667614565917,
    -0.973891713423677,
    -0.9739166538033224,
    -0.973941582602233,
    -0.9739664998271121,
    -0.9739914054846618,
    -0.9740162995815825,
    -0.9740411821245741,
    -0.9740660531203343,
    -0.9740909125755591,
    -0.9741157604969425,
    -0.9741405968911759,
    -0.9741654217649506,
    -0.9741902351249565,
    -0.9742150369778818,
    -0.974239827330412,
    -0.9742646061892299,
    -0.9742893735610162,
    -0.9743141294524486,
    -0.9743388738702025,
    -0.9743636068209496,
    -0.9743883283113584,
    -0.9744130383480938,
    -0.9744377369378173,
    -0.9744624240871873,
    -0.9744870998028574,
    -0.974511764091477,
    -0.9745364169596905,
    -0.9745610584141385,
    -0.9745856884614599,
    -0.9746103071082948,
    -0.9746349143612892,
    -0.9746595102270946,
    -0.9746840947123673,
    -0.9747086678237686,
    -0.9747332295679636,
    -0.9747577799516215,
    -0.9747823189814154,
    -0.9748068466640218,
    -0.9748313630061214,
    -0.9748558680143978,
    -0.97488036169554,
    -0.974904844056243,
    -0.9749293151032077,
    -0.9749537748431397,
    -0.974978223282749,
    -0.9750026604287504,
    -0.9750270862878618,
    -0.9750515008668061,
    -0.9750759041723087,
    -0.9751002962110976,
    -0.9751246769899053,
    -0.9751490465154681,
    -0.9751734047945277,
    -0.9751977518338304,
    -0.9752220876401271,
    -0.9752464122201719,
    -0.9752707255807238,
    -0.9752950277285465,
    -0.9753193186704072,
    -0.9753435984130775,
    -0.9753678669633316,
    -0.9753921243279464,
    -0.975416370513701,
    -0.9754406055273755,
    -0.9754648293757522,
    -0.9754890420656139,
    -0.9755132436037448,
    -0.9755374339969297,
    -0.9755616132519556,
    -0.9755857813756112,
    -0.9756099383746858,
    -0.9756340842559689,
    -0.9756582190262488,
    -0.9756823426923137,
    -0.9757064552609526,
    -0.9757305567389537,
    -0.9757546471331048,
    -0.9757787264501913,
    -0.9758027946969974,
    -0.9758268518803059,
    -0.9758508980068984,
    -0.9758749330835537,
    -0.9758989571170472,
    -0.9759229701141536,
    -0.9759469720816453,
    -0.9759709630262925,
    -0.9759949429548638,
    -0.9760189118741243,
    -0.9760428697908361,
    -0.9760668167117575,
    -0.9760907526436423,
    -0.9761146775932407,
    -0.976138591567299,
    -0.9761624945725609,
    -0.9761863866157671,
    -0.976210267703656,
    -0.9762341378429631,
    -0.97625799704042,
    -0.9762818453027561,
    -0.9763056826366967,
    -0.9763295090489658,
    -0.9763533245462828,
    -0.976377129135364,
    -0.9764009228229219,
    -0.9764247056156637,
    -0.9764484775202931,
    -0.9764722385435077,
    -0.9764959886920007,
    -0.976519727972459,
    -0.9765434563915645,
    -0.9765671739559939,
    -0.9765908806724191,
    -0.9766145765475069,
    -0.9766382615879219,
    -0.976661935800329,
    -0.9766855991913974,
    -0.9767092517678009,
    -0.9767328935362176,
    -0.9767565245033301,
    -0.9767801446758243,
    -0.9768037540603897,
    -0.9768273526637186,
    -0.976850940492508,
    -0.9768745175534588,
    -0.9768980838532756,
    -0.9769216393986658,
    -0.9769451841963399,
    -0.9769687182530126,
    -0.9769922415754017,
    -0.9770157541702281,
    -0.9770392560442157,
    -0.9770627472040893,
    -0.9770862276565748,
    -0.9771096974083988,
    -0.9771331564662887,
    -0.9771566048369728,
    -0.977180042527182,
    -0.9772034695436489,
    -0.977226885893107,
    -0.977250291582292,
    -0.9772736866179402,
    -0.9772970710067885,
    -0.9773204447555737,
    -0.9773438078710328,
    -0.9773671603599033,
    -0.9773905022289213,
    -0.9774138334848237,
    -0.9774371541343466,
    -0.9774604641842273,
    -0.977483763641202,
    -0.9775070525120071,
    -0.9775303308033783,
    -0.9775535985220498,
    -0.977576855674755,
    -0.9776001022682269,
    -0.9776233383092,
    -0.9776465638044096,
    -0.9776697787605911,
    -0.9776929831844791,
    -0.9777161770828062,
    -0.9777393604623051,
    -0.9777625333297071,
    -0.9777856956917413,
    -0.9778088475551353,
    -0.9778319889266135,
    -0.9778551198128976,
    -0.9778782402207075,
    -0.9779013501567615,
    -0.9779244496277787,
    -0.9779475386404785,
    -0.977970617201581,
    -0.9779936853178054,
    -0.9780167429958694,
    -0.9780397902424888,
    -0.9780628270643756,
    -0.9780858534682418,
    -0.9781088694607971,
    -0.9781318750487509,
    -0.9781548702388099,
    -0.9781778550376791,
    -0.9782008294520613,
    -0.9782237934886564,
    -0.9782467471541613,
    -0.9782696904552703,
    -0.9782926233986751,
    -0.9783155459910636,
    -0.97833845823912,
    -0.9783613601495239,
    -0.9783842517289507,
    -0.9784071329840726,
    -0.978430003921557,
    -0.9784528645480692,
    -0.978475714870274,
    -0.9784985548948381,
    -0.9785213846284333,
    -0.9785442040777349,
    -0.9785670132494219,
    -0.9785898121501774,
    -0.9786126007866889,
    -0.9786353791656487,
    -0.9786581472937523,
    -0.9786809051776997,
    -0.9787036528241922,
    -0.9787263902399345,
    -0.9787491174316338,
    -0.9787718344060004,
    -0.9787945411697477,
    -0.9788172377295926,
    -0.978839924092254,
    -0.9788626002644539,
    -0.9788852662529164,
    -0.9789079220643679,
    -0.9789305677055368,
    -0.9789532031831537,
    -0.9789758285039527,
    -0.9789984436746705,
    -0.9790210487020461,
    -0.9790436435928199,
    -0.979066228353735,
    -0.9790888029915361,
    -0.9791113675129696,
    -0.9791339219247844,
    -0.9791564662337318,
    -0.9791790004465643,
    -0.9792015245700365,
    -0.979224038610905,
    -0.9792465425759275,
    -0.9792690364718631,
    -0.9792915203054725,
    -0.9793139940835164,
    -0.9793364578127582,
    -0.9793589114999621,
    -0.9793813551518944,
    -0.9794037887753226,
    -0.9794262123770163,
    -0.9794486259637467,
    -0.9794710295422859,
    -0.9794934231194069,
    -0.9795158067018838,
    -0.9795381802964896,
    -0.9795605439099984,
    -0.9795828975491814,
    -0.9796052412208086,
    -0.9796275749316485,
    -0.9796498986884685,
    -0.9796722124980356,
    -0.9796945163671149,
    -0.9797168103024698,
    -0.9797390943108613,
    -0.9797613683990478,
    -0.9797836325737871,
    -0.9798058868418349,
    -0.9798281312099452,
    -0.9798503656848702,
    -0.97987259027336,
    -0.9798948049821624,
    -0.9799170098180214,
    -0.9799392047876793,
    -0.9799613898978757,
    -0.9799835651553488,
    -0.9800057305668332,
    -0.9800278861390614,
    -0.9800500318787637,
    -0.9800721677926679,
    -0.980094293887501,
    -0.9801164101699877,
    -0.9801385166468517,
    -0.9801606133248153,
    -0.9801827002105994,
    -0.9802047773109234,
    -0.9802268446325031,
    -0.9802489021820514,
    -0.9802709499662772,
    -0.9802929879918866,
    -0.9803150162655832,
    -0.9803370347940673,
    -0.9803590435840369,
    -0.9803810426421864,
    -0.9804030319752063,
    -0.9804250115897831,
    -0.9804469814925995,
    -0.9804689416903343,
    -0.9804908921896656,
    -0.9805128329972719,
    -0.9805347641198351,
    -0.9805566855640409,
    -0.9805785973365784,
    -0.9806004994441396,
    -0.9806223918934197,
    -0.9806442746911174,
    -0.9806661478439338,
    -0.9806880113585729,
    -0.9807098652417392,
    -0.9807317095001402,
    -0.9807535441404849,
    -0.980775369169485,
    -0.9807971845938541,
    -0.980818990420307,
    -0.9808407866555602,
    -0.9808625733063313,
    -0.9808843503793413,
    -0.9809061178813127,
    -0.9809278758189706,
    -0.9809496241990419,
    -0.9809713630282536,
    -0.9809930923133342,
    -0.9810148120610119,
    -0.9810365222780173,
    -0.9810582229710816,
    -0.9810799141469367,
    -0.981101595812315,
    -0.9811232679739482,
    -0.9811449306385689,
    -0.9811665838129102,
    -0.9811882275037059,
    -0.9812098617176905,
    -0.9812314864615981,
    -0.9812531017421636,
    -0.981274707566121,
    -0.9812963039402038,
    -0.9813178908711451,
    -0.9813394683656781,
    -0.9813610364305366,
    -0.9813825950724546,
    -0.9814041442981661,
    -0.9814256841144047,
    -0.9814472145279027,
    -0.9814687355453926,
    -0.9814902471697677,
    -0.9815117494039219,
    -0.9815332422507478,
    -0.9815547257131362,
    -0.9815761997939764,
    -0.981597664496155,
    -0.9816191198225577,
    -0.9816405657760687,
    -0.981662002359573,
    -0.9816834295759541,
    -0.9817048474280956,
    -0.981726255918881,
    -0.9817476550511921,
    -0.9817690448279109,
    -0.9817904252519178,
    -0.9818117963260917,
    -0.9818331580533104,
    -0.9818545104364497,
    -0.9818758534783852,
    -0.9818971871819921,
    -0.9819185115501445,
    -0.9819398265857154,
    -0.9819611322915769,
    -0.9819824286706,
    -0.9820037157256543,
    -0.9820249934596074,
    -0.9820462618753256,
    -0.9820675209756732,
    -0.9820887707635132,
    -0.9821100112417058,
    -0.98213124241311,
    -0.9821524642805826,
    -0.982173676846978,
    -0.9821948801151484,
    -0.9822160740879431,
    -0.9822372587682082,
    -0.9822584341587872,
    -0.9822796002625208,
    -0.9823007570822467,
    -0.9823219046207989,
    -0.9823430428810082,
    -0.9823641718657037,
    -0.9823852915777165,
    -0.9824064020198808,
    -0.9824275031950345,
    -0.9824485951060197,
    -0.9824696777556821,
    -0.9824907511468705,
    -0.9825118152824351,
    -0.9825328701652272,
    -0.9825539157980987,
    -0.9825749521839033,
    -0.9825959793254968,
    -0.9826169972257361,
    -0.9826380058874803,
    -0.9826590053135899,
    -0.9826799955069264,
    -0.9827009764703538,
    -0.9827219482067368,
    -0.982742910718944,
    -0.9827638640098472,
    -0.982784808082322,
    -0.9828057429392473,
    -0.9828266685835039,
    -0.982847585017976,
    -0.98286849224555,
    -0.9828893902691151,
    -0.9829102790915635,
    -0.9829311587157877,
    -0.9829520291446819,
    -0.9829728903811404,
    -0.9829937424280589,
    -0.9830145852883345,
    -0.9830354189648671,
    -0.9830562434605586,
    -0.9830770587783126,
    -0.9830978649210345,
    -0.98311866189163,
    -0.9831394496930065,
    -0.983160228328072,
    -0.9831809977997359,
    -0.9832017581109087,
    -0.9832225092645033,
    -0.9832432512634351,
    -0.9832639841106213,
    -0.9832847078089799,
    -0.9833054223614279,
    -0.9833261277708812,
    -0.9833468240402549,
    -0.9833675111724641,
    -0.9833881891704247,
    -0.9834088580370531,
    -0.983429517775266,
    -0.9834501683879809,
    -0.9834708098781144,
    -0.9834914422485835,
    -0.9835120655023041,
    -0.9835326796421907,
    -0.9835532846711575,
    -0.9835738805921177,
    -0.9835944674079854,
    -0.9836150451216745,
    -0.983635613736099,
    -0.9836561732541714,
    -0.9836767236788031,
    -0.9836972650129027,
    -0.9837177972593764,
    -0.9837383204211293,
    -0.9837588345010654,
    -0.9837793395020893,
    -0.9837998354271054,
    -0.9838203222790168,
    -0.9838408000607266,
    -0.9838612687751348,
    -0.9838817284251401,
    -0.9839021790136389,
    -0.9839226205435251,
    -0.9839430530176918,
    -0.9839634764390294,
    -0.9839838908104264,
    -0.9840042961347686,
    -0.9840246924149402,
    -0.9840450796538242,
    -0.9840654578543011,
    -0.9840858270192496,
    -0.984106187151545,
    -0.9841265382540589,
    -0.9841468803296586,
    -0.9841672133812077,
    -0.9841875374115662,
    -0.984207852423591,
    -0.9842281584201347,
    -0.9842484554040462,
    -0.9842687433781695,
    -0.9842890223453452,
    -0.9843092923084108,
    -0.9843295532702052,
    -0.9843498052335686,
    -0.9843700482013447,
    -0.9843902821763798,
    -0.9844105071615242,
    -0.9844307231596323,
    -0.9844509301735601,
    -0.9844711282061664,
    -0.9844913172603126,
    -0.9845114973388633,
    -0.9845316684446875,
    -0.9845518305806563,
    -0.9845719837496435,
    -0.9845921279545251,
    -0.9846122631981815,
    -0.984632389483496,
    -0.9846525068133556,
    -0.9846726151906507,
    -0.9846927146182742,
    -0.9847128050991227,
    -0.9847328866360964,
    -0.9847529592320994,
    -0.9847730228900395,
    -0.9847930776128262,
    -0.9848131234033701,
    -0.984833160264584,
    -0.9848531881993807,
    -0.9848732072106743,
    -0.9848932173013797,
    -0.9849132184744149,
    -0.9849332107327009,
    -0.984953194079162,
    -0.984973168516724,
    -0.9849931340483129,
    -0.9850130906768559,
    -0.9850330384052802,
    -0.9850529772365139,
    -0.9850729071734843,
    -0.9850928282191187,
    -0.9851127403763437,
    -0.9851326436480837,
    -0.9851525380372618,
    -0.9851724235467985,
    -0.9851923001796141,
    -0.9852121679386292,
    -0.9852320268267645,
    -0.9852518768469422,
    -0.9852717180020829,
    -0.9852915502951074,
    -0.9853113737289346,
    -0.9853311883064809,
    -0.9853509940306612,
    -0.985370790904388,
    -0.9853905789305736,
    -0.985410358112129,
    -0.9854301284519644,
    -0.9854498899529875,
    -0.9854696426181047,
    -0.9854893864502208,
    -0.9855091214522395,
    -0.9855288476270627,
    -0.9855485649775898,
    -0.9855682735067184,
    -0.9855879732173439,
    -0.9856076641123599,
    -0.985627346194658,
    -0.9856470194671275,
    -0.9856666839326556,
    -0.9856863395941255,
    -0.9857059864544178,
    -0.9857256245164099,
    -0.9857452537829764,
    -0.9857648742569882,
    -0.985784485941313,
    -0.9858040888388154,
    -0.985823682952358,
    -0.9858432682848003,
    -0.9858628448389993,
    -0.9858824126178103,
    -0.9859019716240854,
    -0.985921521860675,
    -0.9859410633304265,
    -0.9859605960361846,
    -0.9859801199807908,
    -0.9859996351670839,
    -0.986019141597899,
    -0.9860386392760668,
    -0.9860581282044132,
    -0.9860776083857598,
    -0.9860970798229257,
    -0.9861165425187264,
    -0.9861359964759732,
    -0.986155441697472,
    -0.9861748781860235,
    -0.9861943059444235,
    -0.9862137249754678,
    -0.9862331352819544,
    -0.9862525368666855,
    -0.9862719297324661,
    -0.9862913138821054,
    -0.9863106893184148,
    -0.9863300560442093,
    -0.9863494140623081,
    -0.9863687633755343,
    -0.9863881039867142,
    -0.9864074358986773,
    -0.986426759114257,
    -0.9864460736362902,
    -0.9864653794676183,
    -0.986484676611088,
    -0.9865039650695503,
    -0.9865232448458612,
    -0.9865425159428791,
    -0.9865617783634663,
    -0.9865810321104858,
    -0.9866002771868033,
    -0.9866195135952891,
    -0.9866387413388192,
    -0.9866579604202773,
    -0.9866771708425529,
    -0.9866963726085407,
    -0.9867155657211399,
    -0.9867347501832536,
    -0.9867539259977901,
    -0.9867730931676624,
    -0.9867922516957893,
    -0.9868114015850936,
    -0.9868305428385011,
    -0.9868496754589409,
    -0.9868687994493444,
    -0.9868879148126463,
    -0.9869070215517833,
    -0.9869261196696962,
    -0.986945209169329,
    -0.9869642900536286,
    -0.986983362325544,
    -0.9870024259880243,
    -0.9870214810440211,
    -0.9870405274964856,
    -0.9870595653483725,
    -0.9870785946026396,
    -0.9870976152622464,
    -0.9871166273301557,
    -0.9871356308093314,
    -0.9871546257027387,
    -0.9871736120133444,
    -0.9871925897441169,
    -0.9872115588980274,
    -0.9872305194780475,
    -0.9872494714871493,
    -0.9872684149283034,
    -0.9872873498044793,
    -0.9873062761186459,
    -0.987325193873772,
    -0.9873441030728274,
    -0.9873630037187804,
    -0.9873818958145972,
    -0.987400779363241,
    -0.9874196543676703,
    -0.987438520830841,
    -0.987457378755705,
    -0.9874762281452105,
    -0.9874950690023028,
    -0.987513901329923,
    -0.9875327251310101,
    -0.9875515404085,
    -0.9875703471653262,
    -0.9875891454044183,
    -0.9876079351287044,
    -0.9876267163411104,
    -0.9876454890445617,
    -0.9876642532419819,
    -0.9876830089362919,
    -0.9877017561304093,
    -0.9877204948272476,
    -0.9877392250297149,
    -0.9877579467407145,
    -0.9877766599631446,
    -0.9877953646998988,
    -0.9878140609538668,
    -0.987832748727934,
    -0.9878514280249829,
    -0.9878700988478915,
    -0.9878887611995333,
    -0.9879074150827774,
    -0.9879260605004884,
    -0.9879446974555274,
    -0.9879633259507501,
    -0.9879819459890088,
    -0.9880005575731512,
    -0.988019160706023,
    -0.9880377553904667,
    -0.9880563416293222,
    -0.9880749194254257,
    -0.9880934887816095,
    -0.988112049700701,
    -0.9881306021855221,
    -0.9881491462388887,
    -0.9881676818636119,
    -0.988186209062496,
    -0.9882047278383382,
    -0.9882232381939285,
    -0.9882417401320522,
    -0.988260233655495,
    -0.9882787187670465,
    -0.9882971954695023,
    -0.9883156637656617,
    -0.9883341236583274,
    -0.9883525751503051,
    -0.988371018244404,
    -0.9883894529434373,
    -0.9884078792502198,
    -0.9884262971675688,
    -0.9884447066983043,
    -0.9884631078452508,
    -0.9884815006112384,
    -0.9884998849991025,
    -0.988518261011684,
    -0.9885366286518272,
    -0.9885549879223794,
    -0.9885733388261907,
    -0.9885916813661147,
    -0.9886100155450096,
    -0.9886283413657354,
    -0.9886466588311553,
    -0.988664967944135,
    -0.9886832687075443,
    -0.9887015611242574,
    -0.9887198451971528,
    -0.9887381209291134,
    -0.9887563883230259,
    -0.9887746473817797,
    -0.9887928981082669,
    -0.9888111405053818,
    -0.9888293745760237,
    -0.9888476003230962,
    -0.9888658177495077,
    -0.9888840268581719,
    -0.9889022276520074,
    -0.9889204201339364,
    -0.9889386043068839,
    -0.9889567801737784,
    -0.9889749477375516,
    -0.9889931070011382,
    -0.9890112579674758,
    -0.9890294006395044,
    -0.9890475350201668,
    -0.9890656611124076,
    -0.989083778919174,
    -0.9891018884434141,
    -0.9891199896880755,
    -0.9891380826561041,
    -0.9891561673504446,
    -0.9891742437740411,
    -0.9891923119298376,
    -0.9892103718207789,
    -0.9892284234498104,
    -0.9892464668198774,
    -0.9892645019339247,
    -0.989282528794897,
    -0.9893005474057391,
    -0.989318557769396,
    -0.9893365598888114,
    -0.9893545537669287,
    -0.9893725394066891,
    -0.9893905168110326,
    -0.9894084859828963,
    -0.9894264469252144,
    -0.989444399640918,
    -0.9894623441329347,
    -0.9894802804041896,
    -0.9894982084576036,
    -0.9895161282960948,
    -0.9895340399225759,
    -0.9895519433399553,
    -0.9895698385511388,
    -0.9895877255590281,
    -0.9896056043665236,
    -0.9896234749765219,
    -0.9896413373919171,
    -0.9896591916155993,
    -0.9896770376504556,
    -0.989694875499369,
    -0.9897127051652194,
    -0.9897305266508835,
    -0.9897483399592343,
    -0.9897661450931424,
    -0.9897839420554755,
    -0.9898017308490971,
    -0.9898195114768668,
    -0.9898372839416392,
    -0.9898550482462635,
    -0.9898728043935842,
    -0.9898905523864403,
    -0.9899082922276661,
    -0.9899260239200892,
    -0.9899437474665329,
    -0.9899614628698161,
    -0.989979170132753,
    -0.9899968692581533,
    -0.9900145602488205,
    -0.9900322431075519,
    -0.9900499178371388,
    -0.9900675844403667,
    -0.9900852429200143,
    -0.9901028932788521,
    -0.9901205355196444,
    -0.9901381696451479,
    -0.990155795658115,
    -0.9901734135612984,
    -0.9901910233574546,
    -0.9902086250493468,
    -0.9902262186397451,
    -0.9902438041314263,
    -0.9902613815271728,
    -0.9902789508297721,
    -0.9902965120420163,
    -0.9903140651667,
    -0.9903316102066222,
    -0.9903491471645856,
    -0.9903666760433969,
    -0.9903841968458688,
    -0.9904017095748198,
    -0.9904192142330747,
    -0.990436710823463,
    -0.9904541993488197,
    -0.9904716798119862,
    -0.9904891522158087,
    -0.9905066165631385,
    -0.9905240728568299,
    -0.9905415210997426,
    -0.9905589612947413,
    -0.9905763934446971,
    -0.9905938175524893,
    -0.9906112336210037,
    -0.9906286416531351,
    -0.9906460416517862,
    -0.9906634336198673,
    -0.9906808175602966,
    -0.9906981934759982,
    -0.9907155613699014,
    -0.9907329212449391,
    -0.9907502731040486,
    -0.9907676169501708,
    -0.9907849527862509,
    -0.9908022806152407,
    -0.9908196004400969,
    -0.9908369122637815,
    -0.9908542160892618,
    -0.9908715119195105,
    -0.9908887997575067,
    -0.9909060796062336,
    -0.9909233514686776,
    -0.9909406153478251,
    -0.9909578712466623,
    -0.9909751191681763,
    -0.9909923591153561,
    -0.9910095910911951,
    -0.9910268150986898,
    -0.9910440311408393,
    -0.9910612392206447,
    -0.9910784393411088,
    -0.991095631505235,
    -0.991112815716027,
    -0.9911299919633301,
    -0.9911471602369887,
    -0.9911643205268481,
    -0.9911814728227539,
    -0.9911986171145518,
    -0.9912157533920879,
    -0.9912328816452054,
    -0.9912500018637462,
    -0.9912671140375479,
    -0.9912842181564447,
    -0.9913013142102679,
    -0.9913184021888433,
    -0.9913354820819933,
    -0.9913525538795356,
    -0.9913696175712867,
    -0.99138667314706,
    -0.9914037205966661,
    -0.9914207599099126,
    -0.991437791076602,
    -0.9914548140865312,
    -0.9914718289294912,
    -0.9914888355952681,
    -0.9915058340736461,
    -0.9915228243544058,
    -0.9915398064273225,
    -0.9915567802821663,
    -0.9915737459087026,
    -0.9915907032966912,
    -0.9916076524358871,
    -0.99162459331604,
    -0.9916415259268939,
    -0.9916584502581891,
    -0.9916753662996618,
    -0.9916922740410455,
    -0.9917091734720711,
    -0.991726064582466,
    -0.9917429473619538,
    -0.9917598218002521,
    -0.9917766878870733,
    -0.991793545612124,
    -0.9918103949651054,
    -0.9918272359357151,
    -0.9918440685136461,
    -0.9918608926885886,
    -0.9918777084502288,
    -0.9918945157882506,
    -0.9919113146923346,
    -0.991928105152158,
    -0.991944887157396,
    -0.9919616606977207,
    -0.9919784257628017,
    -0.9919951823423051,
    -0.992011930425893,
    -0.9920286700032243,
    -0.9920454010639533,
    -0.9920621235977317,
    -0.9920788375942071,
    -0.9920955430430255,
    -0.992112239933831,
    -0.9921289282562641,
    -0.9921456079999613,
    -0.9921622791545553,
    -0.9921789417096769,
    -0.9921955956549592,
    -0.9922122409800377,
    -0.9922288776745523,
    -0.9922455057281456,
    -0.992262125130466,
    -0.9922787358711653,
    -0.9922953379399005,
    -0.992311931326333,
    -0.9923285160201272,
    -0.9923450920109519,
    -0.9923616592884801,
    -0.9923782178423884,
    -0.9923947676623573,
    -0.9924113087380688,
    -0.9924278410592072,
    -0.9924443646154587,
    -0.9924608793965133,
    -0.9924773853920639,
    -0.992493882591805,
    -0.9925103709854329,
    -0.9925268505626457,
    -0.9925433213131449,
    -0.9925597832266345,
    -0.9925762362928218,
    -0.9925926805014181,
    -0.992609115842138,
    -0.9926255423046989,
    -0.9926419598788199,
    -0.9926583685542208,
    -0.9926747683206238,
    -0.9926911591677512,
    -0.9927075410853278,
    -0.9927239140630806,
    -0.9927402780907388,
    -0.9927566331580329,
    -0.9927729792546945,
    -0.992789316370458,
    -0.99280564449506,
    -0.9928219636182416,
    -0.9928382737297453,
    -0.9928545748193148,
    -0.9928708668766956,
    -0.9928871498916346,
    -0.9929034238538816,
    -0.9929196887531874,
    -0.9929359445793041,
    -0.9929521913219853,
    -0.9929684289709854,
    -0.9929846575160606,
    -0.9930008769469685,
    -0.9930170872534674,
    -0.9930332884253159,
    -0.9930494804522723,
    -0.9930656633240935,
    -0.9930818370305352,
    -0.9930980015613525,
    -0.9931141569062996,
    -0.9931303030551301,
    -0.9931464399975968,
    -0.9931625677234514,
    -0.9931786862224444,
    -0.9931947954843247,
    -0.9932108954988403,
    -0.9932269862557388,
    -0.9932430677447661,
    -0.9932591399556682,
    -0.993275202878189,
    -0.9932912565020706,
    -0.9933073008170529,
    -0.9933233358128739,
    -0.9933393614792707,
    -0.9933553778059794,
    -0.993371384782735,
    -0.9933873823992712,
    -0.9934033706453197,
    -0.9934193495106091,
    -0.9934353189848658,
    -0.9934512790578144,
    -0.9934672297191761,
    -0.9934831709586699,
    -0.9934991027660116,
    -0.9935150251309143,
    -0.9935309380430902,
    -0.9935468414922493,
    -0.9935627354681001,
    -0.9935786199603499,
    -0.9935944949587038,
    -0.993610360452865,
    -0.9936262164325336,
    -0.9936420628874076,
    -0.993657899807182,
    -0.9936737271815497,
    -0.9936895450002012,
    -0.9937053532528253,
    -0.9937211519291074,
    -0.9937369410187297,
    -0.9937527205113722,
    -0.9937684903967116,
    -0.9937842506644221,
    -0.9938000013041752,
    -0.99381574230564,
    -0.9938314736584833,
    -0.9938471953523692,
    -0.9938629073769586,
    -0.9938786097219088,
    -0.9938943023768733,
    -0.9939099853315015,
    -0.9939256585754407,
    -0.9939413220983373,
    -0.9939569758898384,
    -0.9939726199395902,
    -0.9939882542372402,
    -0.994003878772438,
    -0.9940194935348359,
    -0.9940350985140886,
    -0.9940506936998527,
    -0.994066279081787,
    -0.9940818546495516,
    -0.9940974203928093,
    -0.9941129763012253,
    -0.9941285223644681,
    -0.9941440585722098,
    -0.9941595849141256,
    -0.9941751013798937,
    -0.9941906079591936,
    -0.9942061046417073,
    -0.9942215914171195,
    -0.9942370682751174,
    -0.9942525352053896,
    -0.9942679921976264,
    -0.9942834392415218,
    -0.9942988763267733,
    -0.9943143034430825,
    -0.9943297205801545,
    -0.9943451277276981,
    -0.9943605248754249,
    -0.9943759120130483,
    -0.9943912891302841,
    -0.9944066562168513,
    -0.9944220132624719,
    -0.994437360256871,
    -0.9944526971897759,
    -0.9944680240509158,
    -0.994483340830022,
    -0.9944986475168286,
    -0.9945139441010726,
    -0.9945292305724951,
    -0.9945445069208406,
    -0.9945597731358575,
    -0.9945750292072986,
    -0.994590275124919,
    -0.9946055108784784,
    -0.9946207364577381,
    -0.9946359518524606,
    -0.9946511570524096,
    -0.9946663520473494,
    -0.9946815368270482,
    -0.9946967113812757,
    -0.9947118756998026,
    -0.9947270297724002,
    -0.9947421735888403,
    -0.994757307138897,
    -0.994772430412347,
    -0.9947875433989692,
    -0.9948026460885441,
    -0.9948177384708515,
    -0.9948328205356707,
    -0.9948478922727805,
    -0.9948629536719601,
    -0.9948780047229892,
    -0.9948930454156473,
    -0.9949080757397142,
    -0.9949230956849687,
    -0.99493810524119,
    -0.9949531043981572,
    -0.9949680931456498,
    -0.9949830714734479,
    -0.9949980393713312,
    -0.9950129968290807,
    -0.9950279438364769,
    -0.9950428803832994,
    -0.9950578064593256,
    -0.9950727220543305,
    -0.9950876271580877,
    -0.9951025217603681,
    -0.9951174058509401,
    -0.9951322794195706,
    -0.9951471424560242,
    -0.9951619949500651,
    -0.9951768368914554,
    -0.9951916682699552,
    -0.9952064890753204,
    -0.9952212992973044,
    -0.9952360989256561,
    -0.9952508879501213,
    -0.9952656663604416,
    -0.9952804341463546,
    -0.9952951912975948,
    -0.9953099378038938,
    -0.9953246736549805,
    -0.9953393988405814,
    -0.9953541133504192,
    -0.9953688171742133,
    -0.9953835103016775,
    -0.9953981927225221,
    -0.9954128644264518,
    -0.995427525403167,
    -0.9954421756423617,
    -0.9954568151337246,
    -0.9954714438669399,
    -0.9954860618316868,
    -0.9955006690176399,
    -0.9955152654144684,
    -0.9955298510118363,
    -0.9955444257994033,
    -0.9955589897668232,
    -0.9955735429037459,
    -0.9955880851998151,
    -0.9956026166446679,
    -0.9956171372279349,
    -0.9956316469392392,
    -0.9956461457681969,
    -0.9956606337044146,
    -0.9956751107374902,
    -0.9956895768570116,
    -0.9957040320525554,
    -0.9957184763136872,
    -0.9957329096299646,
    -0.9957473319909423,
    -0.9957617433861742,
    -0.9957761438052141,
    -0.9957905332376163,
    -0.9958049116729337,
    -0.995819279100718,
    -0.9958336355105217,
    -0.9958479808918974,
    -0.9958623152343976,
    -0.9958766385275732,
    -0.9958909507609747,
    -0.9959052519241494,
    -0.9959195420066401,
    -0.9959338209979864,
    -0.9959480888877252,
    -0.9959623456653951,
    -0.9959765913205385,
    -0.9959908258427004,
    -0.9960050492214273,
    -0.9960192614462665,
    -0.9960334625067672,
    -0.9960476523924804,
    -0.9960618310929601,
    -0.9960759985977619,
    -0.996090154896441,
    -0.9961042999785505,
    -0.9961184338336395,
    -0.9961325564512575,
    -0.996146667820956,
    -0.9961607679322914,
    -0.9961748567748284,
    -0.9961889343381414,
    -0.996203000611814,
    -0.9962170555854384,
    -0.9962310992486172,
    -0.9962451315909672,
    -0.9962591526021223,
    -0.9962731622717346,
    -0.9962871605894725,
    -0.996301147545022,
    -0.9963151231280801,
    -0.9963290873283532,
    -0.9963430401355615,
    -0.9963569815394439,
    -0.9963709115297588,
    -0.9963848300962814,
    -0.9963987372288055,
    -0.9964126329171451,
    -0.9964265171511367,
    -0.9964403899206388,
    -0.996454251215526,
    -0.9964681010256882,
    -0.9964819393410339,
    -0.9964957661514963,
    -0.9965095814470324,
    -0.9965233852176224,
    -0.996537177453272,
    -0.9965509581440115,
    -0.9965647272798903,
    -0.9965784848509682,
    -0.9965922308473097,
    -0.9966059652589834,
    -0.9966196880760612,
    -0.9966333992886239,
    -0.9966470988867636,
    -0.9966607868605846,
    -0.9966744632002048,
    -0.9966881278957544,
    -0.9967017809373712,
    -0.9967154223151978,
    -0.9967290520193813,
    -0.9967426700400704,
    -0.996756276367416,
    -0.9967698709915714,
    -0.9967834539026925,
    -0.9967970250909403,
    -0.9968105845464803,
    -0.9968241322594793,
    -0.9968376682200986,
    -0.996851192418494,
    -0.9968647048448215,
    -0.9968782054892378,
    -0.9968916943418976,
    -0.9969051713929508,
    -0.9969186366325394,
    -0.9969320900507984,
    -0.9969455316378519,
    -0.9969589613838136,
    -0.9969723792787842,
    -0.996985785312853,
    -0.9969991794760972,
    -0.9970125617585812,
    -0.9970259321503556,
    -0.997039290641455,
    -0.9970526372218953,
    -0.9970659718816745,
    -0.9970792946107728,
    -0.9970926053991519,
    -0.9971059042367504,
    -0.9971191911134842,
    -0.9971324660192477,
    -0.9971457289439146,
    -0.9971589798773391,
    -0.9971722188093559,
    -0.9971854457297792,
    -0.9971986606284033,
    -0.9972118634950051,
    -0.9972250543193458,
    -0.9972382330911734,
    -0.997251399800222,
    -0.9972645544362096,
    -0.9972776969888401,
    -0.9972908274478015,
    -0.9973039458027685,
    -0.9973170520434029,
    -0.997330146159355,
    -0.9973432281402654,
    -0.9973562979757641,
    -0.9973693556554724,
    -0.9973824011690027,
    -0.9973954345059601,
    -0.9974084556559439,
    -0.9974214646085464,
    -0.9974344613533536,
    -0.9974474458799447,
    -0.997460418177893,
    -0.9974733782367684,
    -0.9974863260461374,
    -0.9974992615955635,
    -0.9975121848746069,
    -0.9975250958728248,
    -0.9975379945797731,
    -0.997550880985005,
    -0.997563755078072,
    -0.997576616848523,
    -0.9975894662859048,
    -0.9976023033797633,
    -0.997615128119643,
    -0.9976279404950885,
    -0.9976407404956438,
    -0.9976535281108524,
    -0.9976663033302576,
    -0.9976790661434028,
    -0.9976918165398309,
    -0.9977045545090841,
    -0.9977172800407059,
    -0.9977299931242399,
    -0.9977426937492315,
    -0.9977553819052271,
    -0.9977680575817737,
    -0.9977807207684201,
    -0.9977933714547156,
    -0.9978060096302098,
    -0.9978186352844538,
    -0.997831248406999,
    -0.9978438489873981,
    -0.9978564370152044,
    -0.9978690124799717,
    -0.9978815753712538,
    -0.9978941256786041,
    -0.9979066633915774,
    -0.9979191884997303,
    -0.9979317009926247,
    -0.9979442008598279,
    -0.9979566880909146,
    -0.9979691626754651,
    -0.9979816246030656,
    -0.9979940738633095,
    -0.9980065104457956,
    -0.9980189343401287,
    -0.998031345535919,
    -0.9980437440227833,
    -0.9980561297903436,
    -0.9980685028282275,
    -0.9980808631260677,
    -0.9980932106735027,
    -0.9981055454601768,
    -0.9981178674757397,
    -0.9981301767098466,
    -0.9981424731521588,
    -0.9981547567923426,
    -0.9981670276200708,
    -0.9981792856250212,
    -0.9981915307968773,
    -0.998203763125328,
    -0.9982159826000668,
    -0.9982281892107928,
    -0.998240382947209,
    -0.9982525637990223,
    -0.9982647317559443,
    -0.9982768868076899,
    -0.998289028943977,
    -0.9983011581545259,
    -0.9983132744290596,
    -0.9983253777573017,
    -0.9983374681289771,
    -0.9983495455338106,
    -0.9983616099615259,
    -0.9983736614018458,
    -0.9983856998444895,
    -0.9983977252791739,
    -0.9984097376956117,
    -0.9984217370835102,
    -0.9984337234325723,
    -0.9984456967324936,
    -0.9984576569729634,
    -0.9984696041436629,
    -0.9984815382342649,
    -0.9984934592344334,
    -0.9985053672092481,
    -0.9985172622237795,
    -0.9985291443430884,
    -0.9985410136322262,
    -0.9985528701562358,
    -0.9985647139801506,
    -0.9985765451689965,
    -0.9985883637877925,
    -0.9986001699015524,
    -0.9986119635752855,
    -0.9986237448739981,
    -0.9986355138626966,
    -0.9986472706063874,
    -0.9986590151700814,
    -0.9986707476187946,
    -0.9986824680175528,
    -0.998694176431393,
    -0.9987058729253653,
    -0.9987175575645348,
    -0.9987292304139845,
    -0.9987408915388166,
    -0.998752541004155,
    -0.9987641788751461,
    -0.9987758052169599,
    -0.998787420094789,
    -0.9987990235738475,
    -0.9988106157193702,
    -0.9988221965966122,
    -0.9988337662708461,
    -0.9988453248073582,
    -0.9988568722714468,
    -0.9988684087284178,
    -0.9988799342435809,
    -0.9988914488822456,
    -0.9989029527097122,
    -0.9989144457912669,
    -0.998925928192175,
    -0.9989373999776763,
    -0.9989488612129773,
    -0.9989603119632416,
    -0.9989717522935803,
    -0.9989831822690418,
    -0.9989946019546039,
    -0.9990060114151632,
    -0.9990174107155282,
    -0.9990287999204129,
    -0.9990401790944308,
    -0.9990515483020871,
    -0.9990629076077749,
    -0.999074257075773,
    -0.9990855967702524,
    -0.9990969267552894,
    -0.9991082470948867,
    -0.9991195578530028,
    -0.9991308590935837,
    -0.9991421508805979,
    -0.9991534332780787,
    -0.9991647063501689,
    -0.9991759701611607,
    -0.9991872247755391,
    -0.999198470258017,
    -0.999209706673562,
    -0.9992209340874163,
    -0.9992321525650945,
    -0.9992433621723615,
    -0.9992545629751909,
    -0.99926575503972,
    -0.9992769384322048,
    -0.9992881132189756,
    -0.9992992794663937,
    -0.999310437240811,
    -0.9993215866085378,
    -0.9993327276358172,
    -0.999343860388811,
    -0.9993549849335941,
    -0.9993661013361574,
    -0.9993772096624146,
    -0.9993883099782099,
    -0.9993994023493288,
    -0.9994104868415076,
    -0.9994215635204434,
    -0.9994326324518029,
    -0.999443693701226,
    -0.9994547473343303,
    -0.9994657934167099,
    -0.9994768320139351,
    -0.9994878631915478,
    -0.9994988870150602,
    -0.9995099035499538,
    -0.9995209128616782,
    -0.9995319150156522,
    -0.9995429100772631,
    -0.999553898111868,
    -0.9995648791847924,
    -0.9995758533613281,
    -0.9995868207067334,
    -0.999597781286232,
    -0.9996087351650159,
    -0.9996196824082486,
    -0.9996306230810663,
    -0.9996415572485822,
    -0.9996524849758888,
    -0.9996634063280617,
    -0.9996743213701631,
    -0.9996852301672442,
    -0.9996961327843482,
    -0.9997070292865089,
    -0.9997179197387521
]