[
    -0.9782263633748807,
    -0.9770847243722314,
    -1.001119179930787,
    -1.0005852517597975,
    -1.0000267971065968,
    -0.9994447734963938,
    -0.998840109866068,
    -0.9982137073822791,
    -0.9975664402364045,
    -0.9968991564169563,
    -0.9962126784601161,
    -0.9955078041790036,
    -0.9947853073722742,
    -0.9940459385126305,
    -0.9932904254158216,
    -0.992519473890684,
    -0.9917337683707521,
    -0.990933972527957,
    -0.9901207298689131,
    -0.9892946643143045,
    -0.9884563807618357,
    -0.98760646563321,
    -0.9867454874055763,
    -0.9858739971278994,
    -0.9849925289226719,
    -0.9841016004733764,
    -0.9832017134980915,
    -0.9822933542096415,
    -0.9813769937626768,
    -0.9804530886880523,
    -0.9795220813148471,
    -0.9785844001803636,
    -0.9776404604284441,
    -0.9766906641964498,
    -0.9757354009912106,
    -0.9747750480542271,
    -0.9738099707164056,
    -0.9728405227425712,
    -0.971867046666007,
    -0.9708898741132359,
    -0.9699093261192654,
    -0.9689257134335122,
    -0.967939336816378,
    -0.9669504873261452,
    -0.9659594465961091,
    -0.9649664871013658,
    -0.9639718724120161,
    -0.9629758574282004,
    -0.9619786885903578,
    -0.9609806040482589,
    -0.9599818337655418,
    -0.9589825995130347,
    -0.9579831145231303,
    -0.9569835820457534,
    -0.9559841916053358,
    -0.9549851164209666,
    -0.95398651387974,
    -0.9527963292723506,
    -0.9512021354860866,
    -0.9493840904750088,
    -0.9475710431285853,
    -0.9457909909433847,
    -0.9440431389969868,
    -0.9423266965609544,
    -0.9406408898046992,
    -0.9389849644614335,
    -0.9373581861737035,
    -0.9357598401869528,
    -0.9341892309623263,
    -0.9326456816817348,
    -0.9311285336643019,
    -0.9296371458720102,
    -0.9281708942720157,
    -0.9267291703000611,
    -0.9253113799273293,
    -0.9239169469098248,
    -0.9225453148275233,
    -0.9211959401518469,
    -0.9198682824980265,
    -0.9185618032886395,
    -0.9172759581879691,
    -0.9160098544434588,
    -0.9147622425211487,
    -0.9135326342367168,
    -0.912283457002754,
    -0.9109359778321156,
    -0.9094899154564975,
    -0.9080294876598054,
    -0.9065545000469718,
    -0.9050136227181181,
    -0.9034440870917063,
    -0.90189969230622,
    -0.9003889434044149,
    -0.8989098280983906,
    -0.8974097011104838,
    -0.8958402485958852,
    -0.8942563382133867,
    -0.8927095989239459,
    -0.8911990234565262,
    -0.8897236270651305,
    -0.8882824480692287,
    -0.8868745458898797,
    -0.8854989908447014,
    -0.8841547558348111,
    -0.8828406914062931,
    -0.8815558990820064,
    -0.8802998444444072,
    -0.8790719557285017,
    -0.8778715240081779,
    -0.8766978309984538,
    -0.8755501559932889,
    -0.8744277442938307,
    -0.8733260067255357,
    -0.8722290858517832,
    -0.8711291861081181,
    -0.8700292973197437,
    -0.8689270142454976,
    -0.8678334381435272,
    -0.866762884050283,
    -0.8657168164511021,
    -0.8646946973246256,
    -0.8636958882931783,
    -0.862719757866986,
    -0.8617656899970418,
    -0.860833078013661,
    -0.8599212984932088,
    -0.858896138673241,
    -0.8575941241550517,
    -0.8561252302524077,
    -0.8546641607116711,
    -0.8532455000156494,
    -0.8518681053142455,
    -0.8505308129008556,
    -0.8492324705893818,
    -0.8479719528951065,
    -0.8467481644278555,
    -0.8455600404792996,
    -0.8444065467774551,
    -0.8432866788545911,
    -0.8421994612928126,
    -0.8411439469488221,
    -0.8401192161775682,
    -0.8391243760624656,
    -0.8381585596589222,
    -0.8372209252569671,
    -0.8363106556642705,
    -0.8354269575079133,
    -0.8345690605548716,
    -0.8337362170513871,
    -0.8329277010804349,
    -0.8321428079367534,
    -0.8313808535191693,
    -0.8306411737398992,
    -0.8299231239505077,
    -0.8292260783841234,
    -0.8285494296133986,
    -0.827892588023784,
    -0.8272549813017332,
    -0.8266360539373222,
    -0.826035266740887,
    -0.8254520963734207,
    -0.8248860348902965,
    -0.8243365892978995,
    -0.8238032811228524,
    -0.8232856459934931,
    -0.8227832332332097,
    -0.8222956054652978,
    -0.8218223382290567,
    -0.8213630196067835,
    -0.8209172498613346,
    -0.8204846410839782,
    -0.8200648168522948,
    -0.8196574118978085,
    -0.8192620717830393,
    -0.8188784525877246,
    -0.8185062206039863,
    -0.8181450520401958,
    -0.8177946327332584,
    -0.8174546578690599,
    -0.8171248317108577,
    -0.8168048673354189,
    -0.8164944863766912,
    -0.8161934187767683,
    -0.8159014025439374,
    -0.8156181835176127,
    -0.8153435151399762,
    -0.8150771582341423,
    -0.8148188807886516,
    -0.8145684577480959,
    -0.8143256708097085,
    -0.8140903082257694,
    -0.8138621646116533,
    -0.8136410407593572,
    -0.8134267434563519,
    -0.8132190853095992,
    -0.8130178845745958,
    -0.8128229649893044,
    -0.8126341556128378,
    -0.812451290668756,
    -0.8122742093928457,
    -0.8121027558852552,
    -0.8119367789668601,
    -0.8117761320397398,
    -0.8116206729516484,
    -0.8114702638643697,
    -0.8113247711258412,
    -0.8111840651459401,
    -0.8110480202758285,
    -0.8109165146907613,
    -0.8107894302762604,
    -0.8106666525175565,
    -0.8105480703922082,
    -0.8104335762658018,
    -0.8103230657906486,
    -0.810216437807394,
    -0.8101135942494552,
    -0.8100144400502092,
    -0.80991888305285,
    -0.8098268339228392,
    -0.8097382060628775,
    -0.8096529155303259,
    -0.8095708809570118,
    -0.8094920234713469,
    -0.8094162666226956,
    -0.8093435363079219,
    -0.809273760700061,
    -0.8092068701790507,
    -0.8091427972644665,
    -0.8090814765502006,
    -0.8090228446410327,
    -0.8089668400910349,
    -0.8089134033437628,
    -0.808862476674179,
    -0.8088140041322603,
    -0.808767931488242,
    -0.8087242061794487,
    -0.8086827772586713,
    -0.8086435953440444,
    -0.8086066125703828,
    -0.8085717825419342,
    -0.8085390602865093,
    -0.8085084022109472,
    -0.8084797660578796,
    -0.8084531108637577,
    -0.8084283969181036,
    -0.8084055857239522,
    -0.8083846399594493,
    -0.8083655234405762,
    -0.808348201084963,
    -0.8083326388767661,
    -0.8083188038325747,
    -0.8083066639683154,
    -0.8082961882671313,
    -0.8082873466482016,
    -0.8082801099364814,
    -0.8082744498333314,
    -0.8082703388880139,
    -0.8082677504700306,
    -0.8082666587422759,
    -0.8082670386349837,
    -0.8082688658204435,
    -0.8082721166884672,
    -0.808276768322582,
    -0.8082827984769337,
    -0.8082901855538752,
    -0.8082989085822212,
    -0.8083089471961493,
    -0.808320281614728,
    -0.8083328926220545,
    -0.8083467615479882,
    -0.8083618702494582,
    -0.8083782010923306,
    -0.8083957369338206,
    -0.8084144611054322,
    -0.8084343573964111,
    -0.8084554100376927,
    -0.8084776036863375,
    -0.808500923410432,
    -0.8085253546744485,
    -0.8085508833250471,
    -0.8085774955773062,
    -0.8086051780013725,
    -0.8086339175095157,
    -0.8086637013435783,
    -0.8086945170628074,
    -0.8087263525320577,
    -0.8087591959103559,
    -0.808793035639814,
    -0.8088278604348845,
    -0.8088636592719434,
    -0.8089004213791966,
    -0.808938136226897,
    -0.8089767935178612,
    -0.8090163831782834,
    -0.8090568953488313,
    -0.8090983203760219,
    -0.8091406488038636,
    -0.8091838713657621,
    -0.8092279789766799,
    -0.8092729627255404,
    -0.8093188138678702,
    -0.8093655238186714,
    -0.809413084145521,
    -0.8094614865618868,
    -0.809510722920658,
    -0.809560785207879,
    -0.8096116655366864,
    -0.8096633561414356,
    -0.8097158493720167,
    -0.8097691376883535,
    -0.8098232136550773,
    -0.8098780699363791,
    -0.8099336992910232,
    -0.8099900945675255,
    -0.8100472486994866,
    -0.8101051547010809,
    -0.8101638056626903,
    -0.8102231947466838,
    -0.8102833151833373,
    -0.8103441602668878,
    -0.8104057233517199,
    -0.8104679978486775,
    -0.810530977221502,
    -0.8105946549833871,
    -0.8106590246936521,
    -0.8107240799545281,
    -0.8107898144080523,
    -0.8108562217330724,
    -0.8109232956423502,
    -0.8109910298797682,
    -0.811059418217631,
    -0.8111284544540619,
    -0.8111981324104902,
    -0.8112684459292281,
    -0.8113393888711334,
    -0.8114109551133577,
    -0.8114831385471742,
    -0.8115559330758828,
    -0.8116293326127909,
    -0.8117033310792664,
    -0.8117779224028642,
    -0.8118531005155198,
    -0.8119288593518109,
    -0.812005192847283,
    -0.812082094936839,
    -0.812159559553188,
    -0.8122375806253577,
    -0.8123161520772604,
    -0.8123952678263172,
    -0.8124749217821342,
    -0.8125551078452301,
    -0.8126358199058165,
    -0.8127170518426262,
    -0.8127987975217905,
    -0.8128810507957605,
    -0.812963805502275,
    -0.81304705546337,
    -0.8131307944844322,
    -0.8132150163532897,
    -0.8132997148393453,
    -0.8133848836927425,
    -0.8134705166435754,
    -0.8135566074011281,
    -0.8136431496531524,
    -0.8137301370651779,
    -0.8138175632798567,
    -0.8139054219163387,
    -0.8139937065696788,
    -0.8140824108102702,
    -0.8141715281833061,
    -0.8142610522082684,
    -0.8143509763784432,
    -0.8144412941604616,
    -0.8145319989938655,
    -0.8146230842906987,
    -0.8147145434351193,
    -0.8148063697830358,
    -0.8148985566617643,
    -0.8149910973697052,
    -0.8150839851760442,
    -0.8151772133204696,
    -0.8152707750129085,
    -0.8153646634332828,
    -0.8154588717312823,
    -0.8155533930261536,
    -0.8156482204065105,
    -0.8157433469301584,
    -0.8158387656239339,
    -0.8159344694835566,
    -0.816030451473497,
    -0.8161267045268552,
    -0.8162232215452565,
    -0.816319995398756,
    -0.8164170189257597,
    -0.8165142849329549,
    -0.8166117861952529,
    -0.8167095154557412,
    -0.81680746542565,
    -0.8169056287843272,
    -0.8170039981792262,
    -0.817102566225902,
    -0.8172013255080135,
    -0.8173002685773352,
    -0.8173993879537772,
    -0.8174986761254146,
    -0.8175981255485241,
    -0.8176977286476259,
    -0.8177974778155355,
    -0.8178973654134217,
    -0.817997383770872,
    -0.8180975251859631,
    -0.8181977819253384,
    -0.8182981462242905,
    -0.8183986102868502,
    -0.8184991662858827,
    -0.8185998063631837,
    -0.8187005226295864,
    -0.8188013071650675,
    -0.8189021520188678,
    -0.8190030492096103,
    -0.8191039907254227,
    -0.8192049685240635,
    -0.8193059745330511,
    -0.8194070006497961,
    -0.8195080387417395,
    -0.81960908064649,
    -0.819710118171967,
    -0.8198111430965469,
    -0.8199121471692093,
    -0.8200131221096896,
    -0.8201140596086296,
    -0.8202149513277349,
    -0.8203157888999322,
    -0.8204165639295331,
    -0.8205172679923997,
    -0.8206178926361111,
    -0.82071842938013,
    -0.8208188697159693,
    -0.8209192051073592,
    -0.8210194269904191,
    -0.8211195267738265,
    -0.8212194958389902,
    -0.821319325540225,
    -0.8214190072049266,
    -0.8215185321337477,
    -0.8216178916007728,
    -0.8217170768536938,
    -0.8218160791139868,
    -0.82191488957709,
    -0.8220134994125854,
    -0.8221118997643815,
    -0.8222100817508978,
    -0.8223080364652464,
    -0.8224057549754117,
    -0.8225032283244321,
    -0.822600447530581,
    -0.8226974035875467,
    -0.8227940874646141,
    -0.8228904901068443,
    -0.8229866024352561,
    -0.8230824153470051,
    -0.8231779197155638,
    -0.8232731063909013,
    -0.8233679661996639,
    -0.8234624899453556,
    -0.8235566684085179,
    -0.8236504923469081,
    -0.8237439524956772,
    -0.8238370395675475,
    -0.823929744252992,
    -0.8240220572204142,
    -0.8241139691163307,
    -0.8242054705655466,
    -0.8242965521713325,
    -0.8243872045155972,
    -0.8244774181590648,
    -0.8245671836414474,
    -0.8246564914816202,
    -0.8247453321777912,
    -0.8248336962076737,
    -0.8249215740286577,
    -0.8250089560779792,
    -0.8250958327728896,
    -0.8251821945108223,
    -0.8252680316695594,
    -0.8253533346073993,
    -0.8254380936633227,
    -0.825522299157155,
    -0.8256059413897324,
    -0.8256890106430622,
    -0.8257714971804856,
    -0.8258533912468404,
    -0.8259346830686244,
    -0.8260153628541617,
    -0.8260954207937659,
    -0.8261748470598972,
    -0.8262536318073225,
    -0.8263317651732687,
    -0.8264092372775766,
    -0.8264860382228539,
    -0.8265621580946259,
    -0.8266375869614855,
    -0.8267123284067128,
    -0.826786385996957,
    -0.8268597632823866,
    -0.8269324637968376,
    -0.8270044910579603,
    -0.827075848567363,
    -0.8271465398107569,
    -0.8272165682580983,
    -0.8272859373637301,
    -0.8273546505665252,
    -0.8274227112900266,
    -0.8274901229425866,
    -0.8275568889175056,
    -0.8276230125931686,
    -0.8276884973331824,
    -0.8277533464865081,
    -0.8278175633875964,
    -0.8278811513565193,
    -0.8279441136991028,
    -0.8280064537070561,
    -0.8280681746581006,
    -0.8281292798160989,
    -0.8281897724311833,
    -0.8282496557398827,
    -0.8283089329652492,
    -0.828367607316981,
    -0.828425681991545,
    -0.8284831601723041,
    -0.8285400450296451,
    -0.8285963397211062,
    -0.8286520473915014,
    -0.8287071711730414,
    -0.8287617141854507,
    -0.8288156795360857,
    -0.8288690703200472,
    -0.8289218896202979,
    -0.8289741405077757,
    -0.8290258260415073,
    -0.8290769492687199,
    -0.8291275132249538,
    -0.8291775209341732,
    -0.829226975408873,
    -0.8292758796501861,
    -0.8293242366479895,
    -0.8293720493810107,
    -0.8294193208169351,
    -0.8294660539125118,
    -0.8295122516136583,
    -0.8295579168555635,
    -0.8296030525627893,
    -0.8296476616493675,
    -0.8296917470188999,
    -0.8297353115646585,
    -0.8297783581696846,
    -0.8298208897068863,
    -0.8298629090391337,
    -0.8299044190193537,
    -0.8299454224906218,
    -0.8299859222862587,
    -0.8300259212299236,
    -0.8300654221357063,
    -0.8301044278082184,
    -0.8301429410426837,
    -0.8301809646250339,
    -0.8302185013320093,
    -0.8302555539312543,
    -0.8302921251814099,
    -0.8303282178322002,
    -0.8303638346245179,
    -0.8303989782905085,
    -0.8304336515536538,
    -0.8304678571288564,
    -0.8305015977225177,
    -0.8305348760326193,
    -0.8305676947488043,
    -0.8306000565524603,
    -0.8306319641168023,
    -0.8306634201069553,
    -0.8306944271800323,
    -0.8307249879852082,
    -0.8307551051637969,
    -0.8307847813493259,
    -0.8308140191676141,
    -0.8308428212368492,
    -0.8308711901676608,
    -0.8308991285631911,
    -0.8309266390191651,
    -0.8309537241239641,
    -0.8309803864586965,
    -0.8310066285972697,
    -0.8310324531064595,
    -0.8310578625459808,
    -0.831082859468556,
    -0.8311074464199786,
    -0.8311316259391837,
    -0.831155400558313,
    -0.8311787728027822,
    -0.8312017451913433,
    -0.8312243202361489,
    -0.8312465004428169,
    -0.8312682883104949,
    -0.8312896863319237,
    -0.8313106969935024,
    -0.8313313227753519,
    -0.8313515661513733,
    -0.8313714295893054,
    -0.8313909155507838,
    -0.831410026491396,
    -0.8314287648607365,
    -0.8314471331024681,
    -0.8314651336543805,
    -0.8314827689484454,
    -0.8315000414108711,
    -0.83151695346216,
    -0.8315335075171654,
    -0.8315497059851455,
    -0.8315655512698207,
    -0.8315810457694374,
    -0.8315961918768272,
    -0.8316109919794438,
    -0.8316254484593972,
    -0.8316395636935026,
    -0.831653340053332,
    -0.8316667799052652,
    -0.8316798856105327,
    -0.8316926595252604,
    -0.831705104000511,
    -0.8317172213823228,
    -0.8317290140117464,
    -0.831740484224893,
    -0.8317516343530053,
    -0.831762466722536,
    -0.8317729836552248,
    -0.8317831874681584,
    -0.8317930804738147,
    -0.8318026649801,
    -0.8318119432903753,
    -0.8318209177034993,
    -0.8318295905138935,
    -0.8318379640116188,
    -0.8318460404824347,
    -0.8318538222077999,
    -0.8318613114648155,
    -0.831868510526182,
    -0.8318754216601955,
    -0.8318820471307721,
    -0.831888389197464,
    -0.8318944501154343,
    -0.8319002321354049,
    -0.8319057375036032,
    -0.8319109684617254,
    -0.8319159272469459,
    -0.8319206160919778,
    -0.8319250372251003,
    -0.831929192870126,
    -0.8319330852463324,
    -0.83193671656836,
    -0.8319400890460786,
    -0.8319432048844121,
    -0.8319460662831021,
    -0.831948675436387,
    -0.8319510345326069,
    -0.831953145753622,
    -0.8319550112737562,
    -0.8319566332582472,
    -0.8319580138613426,
    -0.8319591552235005,
    -0.8319600594664542,
    -0.8319607286845195,
    -0.8319611649277917,
    -0.8319613701646597,
    -0.8319613461899025,
    -0.8319610943792977,
    -0.8319606150215546,
    -0.8319599058274049,
    -0.8319589627085333,
    -0.8319551152258107,
    -0.8319458003106147,
    -0.831933891647266,
    -0.831922153393812,
    -0.831910581113915,
    -0.831899171799379,
    -0.8318879187957487,
    -0.8318768140719573,
    -0.8318658493237842,
    -0.8318550163365789,
    -0.8318443071022752,
    -0.831833713860641,
    -0.8318232291125309,
    -0.8318128456203195,
    -0.8318025564041616,
    -0.8317923547379742,
    -0.8317822341448515,
    -0.8317721883917337,
    -0.8317622114837118,
    -0.8317522976580418,
    -0.8317424413780556,
    -0.8317326373270543,
    -0.8317228804021188,
    -0.831713165707928,
    -0.8317034885507895,
    -0.8316938444330223,
    -0.8316842290475491,
    -0.8316746382724954,
    -0.8316650681658105,
    -0.8316555149600454,
    -0.8316459750573766,
    -0.8316364450248814,
    -0.8316269215899732,
    -0.8316174016358645,
    -0.8316078821970324,
    -0.831598360454811,
    -0.8315888337331898,
    -0.831579299494764,
    -0.8315697553367569,
    -0.8315601989871363,
    -0.8315506283008577,
    -0.8315410412562287,
    -0.831531435951364,
    -0.8315218106007171,
    -0.8315121635316949,
    -0.8315024931813659,
    -0.8314927980932691,
    -0.8314830769143028,
    -0.8314733283916856,
    -0.8314635513700047,
    -0.8314537447883795,
    -0.8314439076777344,
    -0.8314340391581495,
    -0.8314241384362658,
    -0.8314142048027637,
    -0.8314042376299217,
    -0.8313942363692413,
    -0.8313842005491331,
    -0.8313741297726704,
    -0.8313640237154065,
    -0.8313538821232558,
    -0.8313437048104292,
    -0.8313334916574242,
    -0.831323242609071,
    -0.8313129576726419,
    -0.8313026369160202,
    -0.8312922804659185,
    -0.8312818885061404,
    -0.8312714612758897,
    -0.8312609990681223,
    -0.8312505022279457,
    -0.8312399711510674,
    -0.8312294062822886,
    -0.8312188081140447,
    -0.8312081771849865,
    -0.8311975140786045,
    -0.8311868194218871,
    -0.8311760938840183,
    -0.8311653381751152,
    -0.8311545530450066,
    -0.8311437392820532,
    -0.8311328977120005,
    -0.8311220291968594,
    -0.8311111346338155,
    -0.8311002149541691,
    -0.8310892711223065,
    -0.8310783041346949,
    -0.831067315018904,
    -0.8310563048326493,
    -0.8310452746628579,
    -0.83103422562477,
    -0.8310231588610761,
    -0.8310120755410768,
    -0.8310009768598632,
    -0.8309898640375186,
    -0.8309787383183507,
    -0.8309676009701559,
    -0.8309564532835177,
    -0.8309452965711123,
    -0.8309341321670242,
    -0.8309229614260776,
    -0.8309117857231912,
    -0.830900606452755,
    -0.8308894250280215,
    -0.8308782428805137,
    -0.8308670614594489,
    -0.8308558822311904,
    -0.83084470667871,
    -0.8308335363010632,
    -0.8308223726128783,
    -0.8308112171438617,
    -0.830800071438315,
    -0.8307889370546673,
    -0.8307778155650255,
    -0.8307667085547363,
    -0.830755617621963,
    -0.8307445443772736,
    -0.830733490443241,
    -0.8307224574540528,
    -0.8307114470551334,
    -0.8307004609027774,
    -0.8306895006637935,
    -0.8306785680151595,
    -0.830667664643685,
    -0.8306567922456858,
    -0.8306459525266606,
    -0.8306351472009763,
    -0.8306243779915637,
    -0.8306136466296284,
    -0.8306029548543824,
    -0.8305923044127825,
    -0.8305816970592627,
    -0.830571134555467,
    -0.8305606186700047,
    -0.8305501511782166,
    -0.8305397338619458,
    -0.8305293685093119,
    -0.8305190569144959,
    -0.8305088008775341,
    -0.8304986022041094,
    -0.8304884627053457,
    -0.8304783841976048,
    -0.8304683685022871,
    -0.8304584174456429,
    -0.8304485328585921,
    -0.8304387165765547,
    -0.8304289704392835,
    -0.8304192962907091,
    -0.8304096959787874,
    -0.8304001713553493,
    -0.8303907242759522,
    -0.8303813565997383,
    -0.8303720701892959,
    -0.8303628669105285,
    -0.8303537486325248,
    -0.8303447172274333,
    -0.8303357745703418,
    -0.8303269225391601,
    -0.8303181630145066,
    -0.8303094978795984,
    -0.8303009290201451,
    -0.8302924583242438,
    -0.8302840876822813,
    -0.830275818986837,
    -0.8302676541325881,
    -0.8302595950162186,
    -0.8302516435363297,
    -0.8302438015933559,
    -0.830236071089481,
    -0.8302284539285586,
    -0.8302209520160356,
    -0.8302135672588767,
    -0.8302063015654926,
    -0.830199156845668,
    -0.8301921350104943,
    -0.8301852379723018,
    -0.8301784676445992,
    -0.8301718259420094,
    -0.8301653147802112,
    -0.8301589360758818,
    -0.8301526917466432,
    -0.8301465837110062,
    -0.8301406138883202,
    -0.8301347841987201,
    -0.8301290965630798,
    -0.8301235529029631,
    -0.8301181551405801,
    -0.8301129051987407,
    -0.8301078050008132,
    -0.8301028564706845,
    -0.8300980615327195,
    -0.8300934221117242,
    -0.8300889401329093,
    -0.8300846175218543,
    -0.8300804562044724,
    -0.8300764581069769,
    -0.8300726251558513,
    -0.8300689592778163,
    -0.8300654623998004,
    -0.830062136448912,
    -0.83005898335241,
    -0.830056005037678,
    -0.8300532034321968,
    -0.8300505804635225,
    -0.8300481380592617,
    -0.8300458781470486,
    -0.8300438026545237,
    -0.8300419135093117,
    -0.8300402126389999,
    -0.830038701971121,
    -0.8300373834331318,
    -0.8300362589523951,
    -0.8300353304561628,
    -0.8300345998715586,
    -0.8300340691255611,
    -0.83003374014499,
    -0.8300336148564916,
    -0.8300336951865237,
    -0.8300339830613425,
    -0.8300344804069896,
    -0.8300351891492787,
    -0.830036111213785,
    -0.830037248525833,
    -0.8300386030104844,
    -0.830040176592527,
    -0.8300419711964664,
    -0.830043988746516,
    -0.8300462311665873,
    -0.8300487003802827,
    -0.8300513983108858,
    -0.8300543268813549,
    -0.8300574880143143,
    -0.8300608836320478,
    -0.8300645156564918,
    -0.8300683860092286,
    -0.8300724966114826,
    -0.8300768493841137,
    -0.8300814462476112,
    -0.8300862891220901,
    -0.8300913799272845,
    -0.8300967205825446,
    -0.830102313006831,
    -0.8301081591187133,
    -0.8301142608363641,
    -0.8301206200775554,
    -0.8301272387596562,
    -0.8301341187996283,
    -0.8301412621140234,
    -0.8301486706189796,
    -0.8301563462302187,
    -0.8301642908630466,
    -0.8301725064323493,
    -0.8301809948525941,
    -0.830189758037824,
    -0.83019879790166,
    -0.8302081163572973,
    -0.8302177153175054,
    -0.8302275966946262,
    -0.8302377624005733,
    -0.830248214346834,
    -0.8302589544444698,
    -0.8302699846041178,
    -0.8302813067359907,
    -0.8302929227498763,
    -0.8303048345551374,
    -0.8303170440607124,
    -0.8303295531751151,
    -0.8303423638064347,
    -0.8303554778623373,
    -0.8303688972500648,
    -0.8303826238764374,
    -0.8303966596478529,
    -0.8304110064702882,
    -0.830425666249299,
    -0.8304406408900219,
    -0.8304559322971735,
    -0.8304715423750534,
    -0.8304874730275439,
    -0.8305037261581126,
    -0.8305203036698146,
    -0.8305372074652916,
    -0.830554439446776,
    -0.83057200151609,
    -0.8305898955746487,
    -0.8306081235234603,
    -0.8306266872631292,
    -0.8306455886938567,
    -0.8306648297154429,
    -0.8306844122272894,
    -0.8307043381284002,
    -0.8307246093173848,
    -0.8307452276924587,
    -0.8307661951514455,
    -0.8307875135917772,
    -0.8308091849104984,
    -0.8308312110042676,
    -0.830853593769357,
    -0.830876335101657,
    -0.8308994368966769,
    -0.8309229010495464,
    -0.830946729455017,
    -0.8309709240074648,
    -0.830995486600891,
    -0.831020419128929,
    -0.8310457234848475,
    -0.831071401561556,
    -0.8310974552516065,
    -0.8311238864471961,
    -0.8311506970401703,
    -0.8311778889220242,
    -0.8312054639839073,
    -0.8312334241166234,
    -0.8312617712106336,
    -0.8312905071560595,
    -0.8313196338426856,
    -0.8313491531599629,
    -0.8313790669970099,
    -0.831409377242616,
    -0.831440085785243,
    -0.831471194513028,
    -0.8315027053137855,
    -0.83153462007501,
    -0.831566940683877,
    -0.8315996690272446,
    -0.8316328015525087,
    -0.8316663347067528,
    -0.8317002649367488,
    -0.8317345886889616,
    -0.83176930240955,
    -0.8318044025443696,
    -0.8318398855389735,
    -0.8318757478386162,
    -0.8319119858882548,
    -0.831948596132554,
    -0.8319855750158868,
    -0.8320229189823355,
    -0.8320606244756936,
    -0.8320986879394692,
    -0.8321371058168882,
    -0.8321758745508977,
    -0.8322149905841663,
    -0.8322544503590857,
    -0.832294250317774,
    -0.8323343869020784,
    -0.832374856553577,
    -0.8324156557135796,
    -0.832456780823131,
    -0.8324982283230136,
    -0.832539994653749,
    -0.8325820762556003,
    -0.832624469568572,
    -0.8326671710324116,
    -0.8327101770866091,
    -0.8327534841704008,
    -0.8327970887227708,
    -0.8328409871824553,
    -0.8328851759879458,
    -0.8329296515774902,
    -0.832974410389093,
    -0.8330194488605159,
    -0.8330647634292778,
    -0.8331103505326567,
    -0.8331562066076923,
    -0.8332023280911907,
    -0.8332487114197323,
    -0.833295353029678,
    -0.8333422493571705,
    -0.8333893968381373,
    -0.8334367919082931,
    -0.8334844310031435,
    -0.8335323105579879,
    -0.8335804270079202,
    -0.8336287767878292,
    -0.8336773563323995,
    -0.8337261620761134,
    -0.8337751904532539,
    -0.8338244378979047,
    -0.8338739008439522,
    -0.8339235757250857,
    -0.8339734589748008,
    -0.8340235470264026,
    -0.8340738363130064,
    -0.8341243232675408,
    -0.8341750043227464,
    -0.8342258759111758,
    -0.8342769344651948,
    -0.8343281764169853,
    -0.8343795981985487,
    -0.8344311962417054,
    -0.8344829669780955,
    -0.834534906839179,
    -0.834587012256237,
    -0.8346392796603733,
    -0.8346917054825147,
    -0.8347442861534098,
    -0.8347970181036327,
    -0.8348498977635839,
    -0.8349029215634913,
    -0.8349560859334125,
    -0.8350093873032324,
    -0.8350628221026629,
    -0.8351163867612416,
    -0.8351700777083326,
    -0.8352238913731254,
    -0.8352778241846361,
    -0.8353318725717189,
    -0.835386032963079,
    -0.835440301787283,
    -0.8354946754727619,
    -0.8355491504478156,
    -0.8356037231406146,
    -0.8356583899792008,
    -0.8357131473914874,
    -0.8357679918052577,
    -0.8358229196481652,
    -0.8358779273477353,
    -0.8359330113313668,
    -0.8359881680263327,
    -0.8360433938597839,
    -0.8360986852587496,
    -0.8361540386501408,
    -0.8362094504607519,
    -0.8362649171172613,
    -0.8363204350462293,
    -0.8363760006740958,
    -0.8364316104271787,
    -0.8364872607316762,
    -0.8365429480136682,
    -0.8365986686991153,
    -0.8366544192138573,
    -0.836710195983614,
    -0.8367659954339858,
    -0.8368218139904495,
    -0.8368776480783555,
    -0.8369334941229282,
    -0.836989348549269,
    -0.8370452077823577,
    -0.8371010682470543,
    -0.8371569263681009,
    -0.8372127785701203,
    -0.8372686212776164,
    -0.8373244509149745,
    -0.8373802639064649,
    -0.837436056676237,
    -0.837491825648322,
    -0.8375475672466312,
    -0.8376032778949593,
    -0.8376589540169846,
    -0.8377145920362707,
    -0.8377701883762746,
    -0.837825739460365,
    -0.8378812417118322,
    -0.8379366915538881,
    -0.8379920854096633,
    -0.8380474197022078,
    -0.8381026908544881,
    -0.8381578952893863,
    -0.838213029429698,
    -0.8382680896981313,
    -0.8383230725173076,
    -0.8383779743097649,
    -0.8384327914979576,
    -0.8384875205042557,
    -0.8385421577509389,
    -0.8385966996601941,
    -0.8386511426541193,
    -0.8387054831547239,
    -0.8387597175839321,
    -0.8388138423635811,
    -0.8388678539154225,
    -0.8389217486611231,
    -0.8389755230222645,
    -0.8390291734203442,
    -0.839082696276774,
    -0.83913608801288,
    -0.8391893450499025,
    -0.8392424638089966,
    -0.8392954407112317,
    -0.8393482721775931,
    -0.8394009546289818,
    -0.8394534844862179,
    -0.8395058581700393,
    -0.8395580721011006,
    -0.8396101226999709,
    -0.8396620063871342,
    -0.8397137195829865,
    -0.8397652587078365,
    -0.8398166201819067,
    -0.8398678004253363,
    -0.8399187958581846,
    -0.8399696029004321,
    -0.8400202179719782,
    -0.8400706374926422,
    -0.8401208578821675,
    -0.8401708755602313,
    -0.8402206869464497,
    -0.840270288460384,
    -0.8403196765215414,
    -0.8403688475493759,
    -0.8404177979632869,
    -0.8404665241826162,
    -0.840515022626651,
    -0.8405632897146219,
    -0.840611321865706,
    -0.8406591154990252,
    -0.8407066670336439,
    -0.8407539728885709,
    -0.8408010294827583,
    -0.8408478332351023,
    -0.8408943805644422,
    -0.8409406678895615,
    -0.8409866916291875,
    -0.8410324482019924,
    -0.8410779340265929,
    -0.8411231455215488,
    -0.8411680791053638,
    -0.841212731196487,
    -0.8412570982133134,
    -0.8413011765741818,
    -0.8413449626973741,
    -0.8413884530011152,
    -0.841431643903574,
    -0.841474531822861,
    -0.8415171131770318,
    -0.8415593843840867,
    -0.8416013418619718,
    -0.841642982028578,
    -0.8416843013017417,
    -0.8417252960992503,
    -0.8417659628388484,
    -0.8418062979382431,
    -0.841846297815104,
    -0.8418859588870651,
    -0.8419252775717229,
    -0.8419642502866349,
    -0.8420028734493199,
    -0.8420411434772581,
    -0.8420790567878936,
    -0.8421166097986325,
    -0.8421537989268432,
    -0.8421906205898568,
    -0.8422270712049688,
    -0.8422631471894397,
    -0.8422988449604961,
    -0.8423341609353293,
    -0.8423690915310963,
    -0.8424036331649182,
    -0.8424377822538793,
    -0.8424715352150282,
    -0.8425048884653779,
    -0.8425378384219061,
    -0.8425703815015534,
    -0.8426025141212229,
    -0.8426342326977797,
    -0.8426655336480521,
    -0.842696413388831,
    -0.8427268683368674,
    -0.8427568949088753,
    -0.8427864895215312,
    -0.8428156485914794,
    -0.8428443685353303,
    -0.8428726457696605,
    -0.8429004767110098,
    -0.8429278577758801,
    -0.8429547853807347,
    -0.8429812559419976,
    -0.8430072658760538,
    -0.8430328115992475,
    -0.8430578895278843,
    -0.8430824960782286,
    -0.8431066276665046,
    -0.8431302807088967,
    -0.8431534516215519,
    -0.8431761368205838,
    -0.8431983327220829,
    -0.8432200357421221,
    -0.8432412422967606,
    -0.8432619488020406,
    -0.8432821516739859,
    -0.8433018473286011,
    -0.8433210321818719,
    -0.8433397026497672,
    -0.843357855148239
]