[
    -0.5466910219086883,
    -0.5467633380497102,
    -0.5506422994201136,
    -0.550875139518245,
    -0.5511007710113452,
    -0.5513194228319809,
    -0.5515313171986924,
    -0.5517366698077445,
    -0.5519356900194519,
    -0.5521285810392377,
    -0.5523155400935607,
    -0.5524967586008593,
    -0.5526724223376525,
    -0.5528427115999371,
    -0.5530078013600153,
    -0.5531678614188795,
    -0.5533230565542804,
    -0.5534735466645991,
    -0.5536194869086439,
    -0.5537610278414872,
    -0.5538983155464505,
    -0.5540314917633505,
    -0.5541606940131104,
    -0.5542860557188377,
    -0.5544077063234694,
    -0.5545257714040799,
    -0.554640372782948,
    -0.5547516286354758,
    -0.5548596535950445,
    -0.5549645588548967,
    -0.5550664522671244,
    -0.5551654384388512,
    -0.5552616188256828,
    -0.555355091822507,
    -0.5554459528517153,
    -0.5555342944489224,
    -0.5556202063462513,
    -0.5557037755532525,
    -0.555785086435521,
    -0.55586422079108,
    -0.5559412579245929,
    -0.5560162747194679,
    -0.5560893457079104,
    -0.5561605431389857,
    -0.5562299370447464,
    -0.5562975953044783,
    -0.5563635837071169,
    -0.5564279660118902,
    -0.5564908040072339,
    -0.5565521575680336,
    -0.5566120847112349,
    -0.5566706416498708,
    -0.5567278828455486,
    -0.5567838610594441,
    -0.5568386274018401,
    -0.5568922313802553,
    -0.5569447209462003,
    -0.5569961425406004,
    -0.5570465411379253,
    -0.5570959602890564,
    -0.5571444421629346,
    -0.5571920275870159,
    -0.5572387560865776,
    -0.5572846659229003,
    -0.5573297941303605,
    -0.5573741765524605,
    -0.557417847876828,
    -0.557460841669217,
    -0.5575031904065374,
    -0.5575449255089374,
    -0.5575860773709713,
    -0.557626675391872,
    -0.5576667480049597,
    -0.5577063227062052,
    -0.5577454260819795,
    -0.5577840838360045,
    -0.557822320815534,
    -0.5578601610367809,
    -0.5578976277096186,
    -0.5579347432615717,
    -0.5579715293611199,
    -0.5580080069403313,
    -0.5580441962168446,
    -0.558080116715222,
    -0.5581157872876867,
    -0.5581512261342666,
    -0.5581864508223561,
    -0.5582214783057172,
    -0.5582563249429346,
    -0.5582910065153391,
    -0.5583255382444152,
    -0.5583599348087045,
    -0.5583942103602227,
    -0.5584283785404021,
    -0.5584624524955731,
    -0.5584964448920001,
    -0.5585303679304824,
    -0.5585642333605333,
    -0.5585980524941487,
    -0.5586318362191794,
    -0.5586655950123134,
    -0.5586993389516837,
    -0.5587330777291096,
    -0.5587668206619838,
    -0.5588005767048129,
    -0.5588343544604265,
    -0.5588681621908583,
    -0.5589020078279108,
    -0.5589358989834123,
    -0.5589698429591774,
    -0.5590038467566758,
    -0.5590379170864211,
    -0.5590720603770851,
    -0.5591062827843463,
    -0.5591405901994778,
    -0.5591749882576887,
    -0.5592094823462174,
    -0.5592440776121916,
    -0.5592787789702574,
    -0.5593135911099846,
    -0.5593485185030554,
    -0.5593835654102414,
    -0.5594187358881723,
    -0.5594540337959097,
    -0.5594894628013265,
    -0.5595250263872982,
    -0.5595607278577115,
    -0.5595965703432964,
    -0.5596325568072844,
    -0.5596686900509019,
    -0.5597049727187018,
    -0.5597414073037413,
    -0.5597779961526043,
    -0.559814741470273,
    -0.5598516453248537,
    -0.5598887096521613,
    -0.5599259362601693,
    -0.5599633268333254,
    -0.5600008829367393,
    -0.5600386060202437,
    -0.5600764974223339,
    -0.5601145583739922,
    -0.5601527900023942,
    -0.5601911933345068,
    -0.5602297693005772,
    -0.5602685187375155,
    -0.5603074423921764,
    -0.5603465409245423,
    -0.560385814910811,
    -0.5604252648463881,
    -0.5604648911487882,
    -0.5605046941604448,
    -0.5605446741514397,
    -0.5605848313221479,
    -0.5606251658058015,
    -0.5606656776709735,
    -0.5607063669239861,
    -0.5607472335112486,
    -0.5607882773215251,
    -0.5608294981881372,
    -0.5608708958910982,
    -0.5609124701591763,
    -0.5609542206718942,
    -0.5609961470614641,
    -0.561038248914665,
    -0.5610805257746585,
    -0.5611229771427444,
    -0.5611656024800596,
    -0.5612084012092251,
    -0.5612513727159409,
    -0.5612945163505341,
    -0.5613378314294515,
    -0.5613813172367097,
    -0.5614249730252949,
    -0.5614687980185156,
    -0.5615127914113096,
    -0.5615569523715099,
    -0.5616012800410588,
    -0.56164577353718,
    -0.5616904319535123,
    -0.5617352543611858,
    -0.5617802398098444,
    -0.561825387328631,
    -0.5618706959271131,
    -0.5619161645961307,
    -0.5619617923085664,
    -0.5620075780200575,
    -0.5620535206696707,
    -0.5620996191805243,
    -0.5621458724603047,
    -0.5621922794016314,
    -0.5622388388822702,
    -0.5622855497651265,
    -0.5623324108978258,
    -0.5623794211116279,
    -0.5624265792194316,
    -0.5624738840127104,
    -0.5625213342568302,
    -0.5625689286830929,
    -0.5626166659742079,
    -0.5626645447361154,
    -0.5627125634395033,
    -0.5627607202801302,
    -0.5628090127597216,
    -0.5628574359068792,
    -0.5629059549679281,
    -0.562951813734292,
    -0.562992419584188,
    -0.5630307329798505,
    -0.5630695790977314,
    -0.5631089492195887,
    -0.5631488314253899,
    -0.5631892133047262,
    -0.5632300824827358,
    -0.5632714267738437,
    -0.5633132342377486,
    -0.5633554932031622,
    -0.5633981922763961,
    -0.5634413203416258,
    -0.563484866557989,
    -0.5635288203558229,
    -0.5635731714320744,
    -0.5636179097450271,
    -0.5636630255087262,
    -0.5637085091870688,
    -0.5637543514876294,
    -0.5638005433555355,
    -0.5638470759674687,
    -0.5638939407257074,
    -0.5639411292522388,
    -0.5639886333830092,
    -0.5640364451623149,
    -0.5640845568373327,
    -0.5641329608527678,
    -0.5641816498455878,
    -0.564230616639857,
    -0.5642798542417112,
    -0.5643293558344764,
    -0.5643791147739317,
    -0.5644291245837169,
    -0.5644793789508415,
    -0.5645298717212682,
    -0.5645805968956104,
    -0.5646315486249678,
    -0.564682721206883,
    -0.564734109081405,
    -0.5647857068272617,
    -0.5648375091581346,
    -0.5648895109190295,
    -0.5649417070827464,
    -0.5649940927464595,
    -0.5650466631284055,
    -0.5650994135646721,
    -0.5651523395060722,
    -0.5652054365150868,
    -0.565258700262883,
    -0.5653121265264112,
    -0.5653657111855673,
    -0.5654194502204288,
    -0.5654733397085617,
    -0.5655273758224102,
    -0.5655815548267624,
    -0.5656358730762913,
    -0.5656903270131605,
    -0.5657449131646933,
    -0.5657996281411105,
    -0.5658544686333313,
    -0.5659094314108367,
    -0.5659645133195836,
    -0.5660197112799782,
    -0.5660750222849068,
    -0.5661304433978258,
    -0.5661859717509,
    -0.566241604543192,
    -0.5662973390388935,
    -0.5663531725656097,
    -0.5664091025126926,
    -0.5664651263296282,
    -0.5665212415244653,
    -0.5665774456622804,
    -0.566633736363686,
    -0.5666901113033882,
    -0.5667465682087913,
    -0.5668031048586415,
    -0.5668597190816982,
    -0.5669164087554391,
    -0.5669731718047999,
    -0.5670300062009486,
    -0.5670869099600907,
    -0.5671438811423041,
    -0.5672009178504024,
    -0.5672580182288349,
    -0.5673151804626155,
    -0.5673724027762824,
    -0.567429683432886,
    -0.5674870207330028,
    -0.5675444130137782,
    -0.5676018586479958,
    -0.5676593560431675,
    -0.5677169036406492,
    -0.5677744999147794,
    -0.5678321433720466,
    -0.5678898325502763,
    -0.5679475660178418,
    -0.5680053423728946,
    -0.5680631602426177,
    -0.5681210182824958,
    -0.568178915175605,
    -0.5682368496319219,
    -0.5682948203876538,
    -0.568352826204589,
    -0.5684108658694673,
    -0.5684689381933709,
    -0.5685270420111277,
    -0.568585176180725,
    -0.5686433395827367,
    -0.5687015311197682,
    -0.5687597497159163,
    -0.5688179943162455,
    -0.5688762638862755,
    -0.568934557411485,
    -0.5689928738968243,
    -0.5690512123662438,
    -0.5691095718622318,
    -0.5691679514453664,
    -0.5692263501938777,
    -0.5692847672032212,
    -0.5693432015856664,
    -0.5694016524698948,
    -0.569460119000608,
    -0.5695186003381456,
    -0.5695770956581133,
    -0.5696356041510224,
    -0.5696941250219394,
    -0.569752657490149,
    -0.5698112007888302,
    -0.5698697541647376,
    -0.5699283168778859,
    -0.5699868882012414,
    -0.5700454674204211,
    -0.5701040538333989,
    -0.5701626467502207,
    -0.5702212454927257,
    -0.5702798493942742,
    -0.5703384577994827,
    -0.5703970700639667,
    -0.5704556855540927,
    -0.5705143036467352,
    -0.5705729237290391,
    -0.5706315451981864,
    -0.5706901674611702,
    -0.5707487899345743,
    -0.570807412044359,
    -0.5708660332256519,
    -0.5709246529225471,
    -0.5709832705879074,
    -0.5710418856831704,
    -0.5711004976781606,
    -0.5711591060509053,
    -0.5712177102874559,
    -0.571276309881714,
    -0.5713349043352611,
    -0.5713934931571936,
    -0.5714520758639592,
    -0.5715106519792023,
    -0.5715692210336147,
    -0.5716277825647935,
    -0.5716863361170997,
    -0.571744881241516,
    -0.571803417495508,
    -0.5718619444428876,
    -0.5719204616536814,
    -0.5719789687040017,
    -0.5720374651759225,
    -0.5720959506573554,
    -0.5721544247419292,
    -0.5722128870288701,
    -0.5722713371228885,
    -0.5723297746340686,
    -0.5723881991777615,
    -0.5724466103744776,
    -0.5725050078497821,
    -0.5725633912341924,
    -0.5726217601630825,
    -0.572680114276587,
    -0.5727384532195073,
    -0.5727967766412176,
    -0.5728550841955747,
    -0.57291337554083,
    -0.5729716503395464,
    -0.5730299082585162,
    -0.5730881489686781,
    -0.5731463721450377,
    -0.573204577466592,
    -0.5732627646162577,
    -0.5733209332808039,
    -0.5733790831507836,
    -0.5734372139204633,
    -0.5734953252877542,
    -0.5735534169541445,
    -0.5736114886246341,
    -0.5736695400076715,
    -0.5737275708150906,
    -0.5737855807620494,
    -0.573843569566968,
    -0.5739015369514681,
    -0.5739594826403154,
    -0.5740174063613631,
    -0.5740753078454985,
    -0.5741331868265883,
    -0.574191043041426,
    -0.5742488762296809,
    -0.5743066861338482,
    -0.5743644724991995,
    -0.5744222350737346,
    -0.5744799736081327,
    -0.5745376878557074,
    -0.5745953775723607,
    -0.5746530425165409,
    -0.5747106824491995,
    -0.574768297133749,
    -0.5748258863360189,
    -0.5748834498242162,
    -0.5749409873688857,
    -0.5749984987428778,
    -0.5750559837213147,
    -0.5751134420815561,
    -0.5751708736031609,
    -0.5752282780678505,
    -0.5752856552594743,
    -0.5753430049639771,
    -0.5754003269693656,
    -0.5754576210656757,
    -0.5755148870449404,
    -0.5755721247011579,
    -0.5756293338302623,
    -0.5756865142300909,
    -0.5757436657003551,
    -0.5758007880426114,
    -0.5758578810602325,
    -0.5759149445583805,
    -0.5759719783439791,
    -0.5760289822256869,
    -0.5760859560138717,
    -0.5761428995205837,
    -0.57619981255953,
    -0.5762566949460495,
    -0.5763135464970899,
    -0.576370367031183,
    -0.5764271563684213,
    -0.5764839143304333,
    -0.5765406407403616,
    -0.5765973354228373,
    -0.5766539982039596,
    -0.5767106289112726,
    -0.5767672273737473,
    -0.5768237934217623,
    -0.5768803268870875,
    -0.576936827602868,
    -0.5769932954036069,
    -0.5770497301251457,
    -0.5771061316046466,
    -0.5771624996805743,
    -0.5772188341926763,
    -0.5772751349819663,
    -0.5773314018907078,
    -0.577387634762397,
    -0.5774438334417467,
    -0.5774999977746674,
    -0.5775561276082516,
    -0.5776122227907565,
    -0.5776682831715885,
    -0.5777243086012848,
    -0.5777802989314985,
    -0.5778362540149847,
    -0.5778921737055851,
    -0.5779480578582143,
    -0.5780039063288464,
    -0.5780597189744987,
    -0.5781154956532187,
    -0.578171236224069,
    -0.5782269405471138,
    -0.5782826084834072,
    -0.5783382398949811,
    -0.5783938346448333,
    -0.5784493925969141,
    -0.5785049136161132,
    -0.5785603975682464,
    -0.5786158443200461,
    -0.578671253739157,
    -0.5787266256941279,
    -0.5787819600543985,
    -0.578837256690288,
    -0.5788925154729856,
    -0.578947736274541,
    -0.5790029189678509,
    -0.5790580634266489,
    -0.579113169525494,
    -0.5791682371397606,
    -0.5792232661456262,
    -0.5792782564200623,
    -0.5793332078408242,
    -0.5793881199928212,
    -0.5794429924617257,
    -0.5794978248339638,
    -0.5795526166967057,
    -0.5796073676378574,
    -0.5796620772460528,
    -0.5797167451106434,
    -0.57977137082169,
    -0.5798259539699542,
    -0.5798804941468889,
    -0.57993499094463,
    -0.5799894439559861,
    -0.5800438527744304,
    -0.5800982169940918,
    -0.5801525362097473,
    -0.5802068100168133,
    -0.5802610380113413,
    -0.5803152197900181,
    -0.5803693549501628,
    -0.5804234430897215,
    -0.5804774838072584,
    -0.5805314767019469,
    -0.5805854213735612,
    -0.5806393174224672,
    -0.5806931644496153,
    -0.5807469620565348,
    -0.5808007098453285,
    -0.5808544074186666,
    -0.5809080543797792,
    -0.5809616503324506,
    -0.5810151948810108,
    -0.5810686876303298,
    -0.5811221281858095,
    -0.5811755161533783,
    -0.5812288511394802,
    -0.5812821327510708,
    -0.5813353605956091,
    -0.5813885342810539,
    -0.5814416534158575,
    -0.5814947176089608,
    -0.5815477264697868,
    -0.5816006796082331,
    -0.5816535766346634,
    -0.5817064171599002,
    -0.5817592007952194,
    -0.5818119271523442,
    -0.5818645958434446,
    -0.5819172064811411,
    -0.5819697586785052,
    -0.582022252049057,
    -0.582074686206758,
    -0.582127060766007,
    -0.5821793753416333,
    -0.5822316295488906,
    -0.582283823003452,
    -0.5823359553214061,
    -0.5823880261192516,
    -0.582440035013892,
    -0.5824919816226304,
    -0.5825438655631625,
    -0.5825956864535663,
    -0.5826474439122943,
    -0.582699137558168,
    -0.5827507670103762,
    -0.5828023318884722,
    -0.5828538318123729,
    -0.5829052664023526,
    -0.5829566352790362,
    -0.5830079380633884,
    -0.583059174376704,
    -0.5831103438405971,
    -0.5831614460769923,
    -0.5832124807081164,
    -0.5832634473564897,
    -0.583314345644917,
    -0.5833651751964727,
    -0.5834159356344893,
    -0.5834666265825635,
    -0.5835172476645812,
    -0.5835677985047347,
    -0.5836182787275173,
    -0.5836686879577085,
    -0.5837190258203682,
    -0.5837692919408396,
    -0.5838194859447522,
    -0.583869607458013,
    -0.5839196561067945,
    -0.5839696315175309,
    -0.5840195333169238,
    -0.5840693611319432,
    -0.5841191145898222,
    -0.5841687933180424,
    -0.5842183969443175,
    -0.5842679250965844,
    -0.5843173774029999,
    -0.5843667534919319,
    -0.5844160529919401,
    -0.5844652755317455,
    -0.5845144207402067,
    -0.5845634882462821,
    -0.5846124776789768,
    -0.5846613886672797,
    -0.5847102208401054,
    -0.58475897382624,
    -0.5848076472542796,
    -0.5848562407525295,
    -0.5849047539488504,
    -0.5849531864704876,
    -0.585001537943957,
    -0.5850498079950931,
    -0.5850979962492426,
    -0.5851461023313803,
    -0.5851941258660113,
    -0.5852420664769995,
    -0.5852899237875605,
    -0.585337697420554,
    -0.5853853869988829,
    -0.5854329921457573,
    -0.5854805124849887,
    -0.5855279476414363,
    -0.5855752972414162,
    -0.5856225609131422,
    -0.5856697382873742,
    -0.5857168289980862,
    -0.5857638326828836,
    -0.5858107489832046,
    -0.5858575775444747,
    -0.5859043180163181,
    -0.5859509700525981,
    -0.5859975333108166,
    -0.5860440074508995,
    -0.5860903921340322,
    -0.5861366870220026,
    -0.586182891776808,
    -0.5862290060600986,
    -0.5862750295324693,
    -0.5863209618528913,
    -0.5863668026784531,
    -0.5864125516643381,
    -0.5864582084639436,
    -0.5865037727290628,
    -0.5865492441100257,
    -0.5865946222557754,
    -0.5866399068139693,
    -0.5866850974311327,
    -0.58673019375283,
    -0.5867751954238141,
    -0.586820102088139,
    -0.5868649133892494,
    -0.5869096289700692,
    -0.5869542484730939,
    -0.5869987715404583,
    -0.5870431978139729,
    -0.5870875269351602,
    -0.5871317585453053,
    -0.587175892285504,
    -0.587219927796712,
    -0.5872638647197947,
    -0.587307702695569,
    -0.5873514413648234,
    -0.5873950803683295,
    -0.5874386193468557,
    -0.5874820579411896,
    -0.5875253957921556,
    -0.5875686325406297,
    -0.5876117678275534,
    -0.5876548012939464,
    -0.5876977325809141,
    -0.587740561329649,
    -0.5877832871814299,
    -0.5878259097776276,
    -0.5878684287597126,
    -0.5879108437692641,
    -0.5879531544479781,
    -0.5879953604376753,
    -0.5880374613803054,
    -0.5880794569179522,
    -0.5881213466928369,
    -0.5881631303473225,
    -0.5882048075239158,
    -0.5882463778652688,
    -0.5882878410141791,
    -0.5883291966135937,
    -0.5883704443066136,
    -0.5884115837364965,
    -0.5884526145466561,
    -0.5884935363806595,
    -0.5885343488822252,
    -0.5885750516952233,
    -0.588615644463673,
    -0.5886561268317423,
    -0.5886964984437452,
    -0.588736758944141,
    -0.5887769079775316,
    -0.5888169451886592,
    -0.5888568702224062,
    -0.5888966827237935,
    -0.5889363823379788,
    -0.5889759687102563,
    -0.5890154414860519,
    -0.5890548003109234,
    -0.5890940448305587,
    -0.5891331746907734,
    -0.5891721895375103,
    -0.5892110890168372,
    -0.5892498727749462,
    -0.5892885404581509,
    -0.5893270917128851,
    -0.5893655261857016,
    -0.5894038435232709,
    -0.58944204337238,
    -0.5894801253799317,
    -0.5895180891929419,
    -0.5895559344585397,
    -0.5895936608239633,
    -0.5896312679365598,
    -0.5896687554437835,
    -0.5897061229931945,
    -0.5897433702324563,
    -0.5897804968093352,
    -0.5898175023716988,
    -0.5898543865675147,
    -0.5898911490448491,
    -0.5899277894518661,
    -0.5899643074368262,
    -0.5900007026480846,
    -0.59003697473409,
    -0.5900731233433839,
    -0.5901091481246001,
    -0.5901450487264642,
    -0.5901808247977923,
    -0.5902164759874897,
    -0.59025200194455,
    -0.5902874023180531,
    -0.5903226767571647,
    -0.590357824911134,
    -0.590392846429294,
    -0.5904277409610602,
    -0.5904625081559282,
    -0.5904971476634738,
    -0.5905316591333512,
    -0.5905660422152915,
    -0.5906002965591021,
    -0.5906344218146652,
    -0.590668417631937,
    -0.5907022836609468,
    -0.5907360195517961,
    -0.5907696249546565,
    -0.5908030995197705,
    -0.5908364428974489,
    -0.5908696547380706,
    -0.590902734692082,
    -0.5909356824099964,
    -0.5909684975423937,
    -0.5910011797399195,
    -0.5910337286532846,
    -0.5910661439332637,
    -0.5910984252306944,
    -0.5911305721964769,
    -0.5911625844815721,
    -0.5911944617370017,
    -0.591226203613848,
    -0.5912578097632533,
    -0.5912892798364183,
    -0.5913206134846025,
    -0.5913518103591227,
    -0.5913828701113524,
    -0.5914137923927211,
    -0.5914445768547129,
    -0.5914752231488661,
    -0.5915057309267737,
    -0.5915360998400812,
    -0.5915663295404863,
    -0.5915964196797391,
    -0.5916263699096407,
    -0.5916561798820419,
    -0.591685849248843,
    -0.591715377661993,
    -0.5917447647734894,
    -0.5917740102353768,
    -0.5918031136997471,
    -0.5918320748187381,
    -0.5918608932445342,
    -0.5918895686293641,
    -0.5919181006255014,
    -0.5919464888852635,
    -0.5919747330610112,
    -0.5920028328051482,
    -0.5920307877701199,
    -0.5920585976084133,
    -0.5920862619725561,
    -0.5921137805151165,
    -0.5921411528887025,
    -0.5921683787459608,
    -0.5921954577395773,
    -0.5922223895222766,
    -0.5922491737468218,
    -0.5922758100660148,
    -0.5923022981326949,
    -0.5923286375997392,
    -0.5923548281200623,
    -0.592380869346615,
    -0.5924067609323846,
    -0.5924325025303941,
    -0.5924580937937021,
    -0.5924835343754012,
    -0.5925088239286181,
    -0.5925339621065139,
    -0.5925589485622825,
    -0.5925837829491513,
    -0.5926084649203799,
    -0.59263299412926,
    -0.5926573702291146,
    -0.5926815928732984,
    -0.5927056617151967,
    -0.5927295764082263,
    -0.5927533366058334,
    -0.5927769419614942,
    -0.5928003921287135,
    -0.5928236867610251,
    -0.5928468255119904,
    -0.5928698080351985,
    -0.5928926339842656,
    -0.5929153030128356,
    -0.5929378147745783,
    -0.5929601689231898,
    -0.592982365112392,
    -0.5930044029959322,
    -0.593026282227582,
    -0.5930480024611385,
    -0.5930695633504234,
    -0.5930909645492836,
    -0.5931122057115917,
    -0.5931332864912442,
    -0.5931542065421627,
    -0.5931749655182922,
    -0.5931955630736021,
    -0.5932159988620846,
    -0.5932362725377548,
    -0.59325638375465,
    -0.5932763321668296,
    -0.5932961174283748,
    -0.5933157391933878,
    -0.5933351971159908,
    -0.593354490850327,
    -0.5933736200505582,
    -0.5933925843708658,
    -0.5934113834654502,
    -0.5934300169885294,
    -0.5934484845943389,
    -0.593466785937131,
    -0.5934849206711746,
    -0.5935028884507553,
    -0.5935206889301733,
    -0.5935383217637438,
    -0.5935557866057957,
    -0.5935730831106701,
    -0.5935902109327206,
    -0.5936071697263102,
    -0.5936239591458123,
    -0.5936405788456103,
    -0.5936570284800953,
    -0.5936733077036671,
    -0.5936894161707352,
    -0.5937053535357191,
    -0.5937211194530484,
    -0.5937367135771621,
    -0.5937521355625085,
    -0.5937673850635456,
    -0.5937824617347387,
    -0.5937973652305569,
    -0.593812095205471,
    -0.5938266513139513,
    -0.5938410332104657,
    -0.5938552405494801,
    -0.5938692729854557,
    -0.5938831301728469,
    -0.5938968117660975,
    -0.5939103174196376,
    -0.5939236467878809,
    -0.5939367995252238,
    -0.5939497752860432,
    -0.5939625737246913,
    -0.5939751944954891,
    -0.5939876372527203,
    -0.5939999016506257,
    -0.5940119873433939,
    -0.5940238939851522,
    -0.5940356212299579,
    -0.5940471687317886,
    -0.5940585361445292,
    -0.5940697231219564,
    -0.5940807293177243,
    -0.594091554385345,
    -0.5941021979781663,
    -0.5941126597493406,
    -0.5941229393517862,
    -0.5941330364381413,
    -0.594142950660703,
    -0.5941526816713533,
    -0.5941622291214756,
    -0.5941715926618584,
    -0.5941807719425607,
    -0.5941897666127339,
    -0.5941985763203996,
    -0.5942072007121729,
    -0.5942156394328783,
    -0.5942238921249764,
    -0.5942319584277553,
    -0.5942398379762973,
    -0.5942475304001803,
    -0.5942550353216401,
    -0.5942623523527031,
    -0.5942694810908824,
    -0.594276421113257,
    -0.5942831719692692,
    -0.5942897331714461,
    -0.5942961041767167,
    -0.5943022843421456,
    -0.5943082728273131,
    -0.5943140683796311,
    -0.5943196688512026,
    -0.5943250703085224,
    -0.5943302662931873,
    -0.5943352477057653,
    -0.5943400005026539,
    -0.5943444904517157,
    -0.594284392861136,
    -0.5940263137805305,
    -0.5935705416389859,
    -0.593060511653734,
    -0.5925699459506062,
    -0.5920573110515447,
    -0.5914826801763745,
    -0.5908894801362335,
    -0.5903195405388031,
    -0.5897721910907661,
    -0.5892467357107933,
    -0.5887424898403238,
    -0.5882587862445209,
    -0.5877949761360701,
    -0.5873504285480872,
    -0.5869245291464678,
    -0.5865166798698398,
    -0.5861263003410836,
    -0.5857528277009373,
    -0.5853957095567034,
    -0.5850543752859579,
    -0.5847282519851711,
    -0.5844168488318993,
    -0.5841197447887707,
    -0.5838364965012827,
    -0.5835499591740511,
    -0.5832190763582704,
    -0.5828377201902271,
    -0.5824491509635241,
    -0.5820783217514389,
    -0.581724647941591,
    -0.5813875492999796,
    -0.5810664874199573,
    -0.5807609631013404,
    -0.5804704846937504,
    -0.580194547987945,
    -0.5799324579836791,
    -0.5796665917656174,
    -0.5793803889887651,
    -0.5790918612354847,
    -0.578818160446629,
    -0.5785588102212468,
    -0.578313332867928,
    -0.5780812592039433,
    -0.5778621276195287,
    -0.5776554878744354,
    -0.5774609137436097,
    -0.5772780058274339,
    -0.5771063787249349,
    -0.576945652487545,
    -0.5767954535906329,
    -0.5766554171550674,
    -0.5765251879892085,
    -0.5764044207870189,
    -0.5762927796610966,
    -0.576189936802056,
    -0.5760955684544954,
    -0.5760093329949074,
    -0.5758868681383926,
    -0.5756855407562688,
    -0.5754524321910193,
    -0.5752328614904751,
    -0.5750263916694152,
    -0.574832578746187,
    -0.5746509875510086,
    -0.57448119286933,
    -0.5743227772892531,
    -0.5741753168854733,
    -0.5740181339850405,
    -0.5738313278093596,
    -0.5736363045374587,
    -0.5734537446871117,
    -0.5732832749339637,
    -0.5731244823331139,
    -0.5729769607715586,
    -0.5728403149459668,
    -0.5727141605106927,
    -0.5725981234955873,
    -0.5724918390259611,
    -0.5723949462658255,
    -0.5723070657841761,
    -0.5722104825090533,
    -0.5720820393309,
    -0.5719341626544026,
    -0.5717911393559726,
    -0.5716590154373615,
    -0.5715374324602374,
    -0.5714260222581115,
    -0.5713244228972707,
    -0.57123228184536,
    -0.5711492567161615,
    -0.5710750153134327,
    -0.5710092354348335,
    -0.570951604582366,
    -0.5709018196780983,
    -0.570859586801585,
    -0.57082462091441,
    -0.570796645611525,
    -0.5707753929097008,
    -0.5707606029769182,
    -0.5707520237807621,
    -0.5707494107541446,
    -0.5707525265563593,
    -0.5707611408169417,
    -0.5707750294435949,
    -0.5707939730710707,
    -0.5708177547609595,
    -0.5708461584262037,
    -0.5708789646973597,
    -0.5709158853057418,
    -0.5709340389055139,
    -0.5709111824261835,
    -0.5708709112095798,
    -0.5708365100344638,
    -0.5708081798018363,
    -0.5707858921387189,
    -0.570769420630525,
    -0.5707584450034204,
    -0.5707526573866765,
    -0.5707513729391278,
    -0.5707485322618022,
    -0.5707393756632799,
    -0.5707303364746968,
    -0.5707269682554871,
    -0.5707290341543498,
    -0.5707363196985779,
    -0.5707486102352876,
    -0.5707656636639095,
    -0.5707823295571548,
    -0.5707935481992423,
    -0.5708042827835003,
    -0.5708196181715331,
    -0.5708395478041625,
    -0.5708638818943195,
    -0.570892394631414,
    -0.570924754719072,
    -0.5709418341461846,
    -0.5709253562603456,
    -0.5708953646806697,
    -0.5708705761315981,
    -0.5708494241302445,
    -0.5708316749075366,
    -0.5708187873132101,
    -0.5708114851725173,
    -0.5708095762555475,
    -0.5708128530636872,
    -0.5708211102011959,
    -0.5708341471519666,
    -0.5708517689440743,
    -0.5708737862578435,
    -0.5709000154022011,
    -0.5709302782436814,
    -0.5709644021017664,
    -0.5710022196271172,
    -0.5710435686715852,
    -0.5710882921614819,
    -0.5711362379708134,
    -0.5711872587883648,
    -0.5712412119831566,
    -0.571297959469581,
    -0.5713573675751695,
    -0.5714193069152277,
    -0.5714836522699415,
    -0.5715502824601421,
    -0.571619080222094,
    -0.5716899320785213,
    -0.5717627282021474,
    -0.5718373622727996,
    -0.5719137313378321,
    -0.5719917356781185,
    -0.5720712786360602,
    -0.5721522663035178,
    -0.5722346069097689,
    -0.5723182094811322,
    -0.5724029792536337,
    -0.5724887993712746,
    -0.5725755274960981,
    -0.5726630146399263,
    -0.5727391209702923,
    -0.5727828019686877,
    -0.5727977746528155,
    -0.5728064303475269,
    -0.5728183506075968,
    -0.5728213588220614,
    -0.5728039254979853,
    -0.5727790013809907,
    -0.5727589340661338,
    -0.57274354724973,
    -0.5727326408826571,
    -0.5727260579774606,
    -0.5727236753268952,
    -0.572725360657383,
    -0.5727309616739201,
    -0.5727403141512036,
    -0.5727532365601743,
    -0.5727655255180885,
    -0.572773072143416,
    -0.572779954811956,
    -0.5727902067259313,
    -0.5727924545791885,
    -0.5727757525876944,
    -0.572752094839469,
    -0.5727330393974004,
    -0.5727184420983725,
    -0.5727081301384019,
    -0.572701907435499,
    -0.5726938287085129,
    -0.5726772176985342,
    -0.5726570710936573,
    -0.5726402024219254,
    -0.572627613804042,
    -0.5726192621343418,
    -0.5726149958843928,
    -0.5726146512628869,
    -0.572618062361302,
    -0.5726250608032825,
    -0.5726354640604846,
    -0.5726488995462743,
    -0.5726621401291603,
    -0.572672309479741,
    -0.5726822835015615,
    -0.5726900669206466,
    -0.5726904902609757,
    -0.5726881995874382,
    -0.5726888116309929,
    -0.5726928910917937,
    -0.5727003480509218,
    -0.5727110566783259,
    -0.5727248764137831,
    -0.572741666058536,
    -0.5727612907313777,
    -0.57278359173533,
    -0.5728010846265874,
    -0.5728065584061467,
    -0.5728077130895747,
    -0.5728120374314193,
    -0.5728194402104175,
    -0.5728298017641743,
    -0.5728429566309622,
    -0.5728430075983064,
    -0.5728147261443322,
    -0.5727749602966514,
    -0.5727399660482347,
    -0.5727096344171531,
    -0.5726838017853335,
    -0.5726622976722815,
    -0.5726449513951989,
    -0.5726315961598245,
    -0.5726220750073524,
    -0.5726161773401225,
    -0.5726115898966861,
    -0.5726061178939322,
    -0.5726018138094412,
    -0.5726007559139471,
    -0.5726029304276918,
    -0.572608263177621,
    -0.5726166419215883,
    -0.5726279450854731,
    -0.5726420512049353,
    -0.5726588408290867,
    -0.5726781976121401,
    -0.572700008580823,
    -0.5727241641132201,
    -0.5727505578242746,
    -0.5727790864848419,
    -0.5728096500201292,
    -0.5728421514935235,
    -0.5728764970410888,
    -0.5729125957743164,
    -0.5729503596774483,
    -0.5729897035380616,
    -0.5730305449015316,
    -0.573072804008668,
    -0.5731164037105604,
    -0.5731612693708692,
    -0.5732073287650894,
    -0.5732545119924407,
    -0.5733027513967349,
    -0.5733519814522036,
    -0.5734021385192672,
    -0.5734531602839011,
    -0.5735049842019804,
    -0.5735575394807908,
    -0.5736017083279796,
    -0.5736287045554996,
    -0.5736481802301767,
    -0.5736694890463698,
    -0.5736925876150628,
    -0.5737173984063751,
    -0.5737438414488949,
    -0.5737718377996162,
    -0.5738013104034517,
    -0.5738321843791325,
    -0.5738643871093967,
    -0.5738978482506548,
    -0.5739324997097527,
    -0.5739682756036516,
    -0.5740051122107371,
    -0.5740429479187863,
    -0.5740817231704634,
    -0.5741213804071589,
    -0.5741618640125893,
    -0.5742031202573403,
    -0.5742450972445701,
    -0.5742877448567135,
    -0.5743310147033789,
    -0.5743748600706114,
    -0.5744192358715002,
    -0.5744640985979909,
    -0.5745094062738554,
    -0.5745551184089703,
    -0.5746011959549562,
    -0.5746476012620456,
    -0.5746942980371049,
    -0.5747412513028417,
    -0.5747884273581902,
    -0.5748357937398122,
    -0.5748833191846779,
    -0.5749309735937154,
    -0.5749787279964957,
    -0.5750265545169329,
    -0.5750744263399764,
    -0.5751223176792627,
    -0.5751702037456741,
    -0.5752180607168015,
    -0.5752658657072957,
    -0.5753135967400856,
    -0.575361232718425,
    -0.57540875339874,
    -0.5754561393642608,
    -0.5755033719994206,
    -0.5755504334649987,
    -0.5755973066739856,
    -0.5756439752681489,
    -0.5756904235952791,
    -0.5757366366870937,
    -0.5757826002377932,
    -0.5758283005832405,
    -0.5758737246807489,
    -0.5759188600894578,
    -0.5759636949512852,
    -0.5760082179724333,
    -0.5760524184054334,
    -0.5760962860317163,
    -0.5761398111446947,
    -0.5761829845333444,
    -0.5762257974662665,
    -0.5762682416762177,
    -0.5763103093450939,
    -0.5763519930893566,
    -0.5763932859458898,
    -0.5764341813582765,
    -0.5764746731634767,
    -0.5765147555789014,
    -0.5765544231898676,
    -0.5765936709374266,
    -0.5766324941065506,
    -0.5766708883146702,
    -0.5767088495005553,
    -0.5767463739135292,
    -0.576783458103005,
    -0.5768200989083296,
    -0.5768562934489279,
    -0.5768920391147421,
    -0.5769273335569559,
    -0.5769621746789982,
    -0.5769965606278151,
    -0.5770304897854035,
    -0.5770639607605995,
    -0.5770969723811152,
    -0.577129523685814,
    -0.5771616139172202,
    -0.577193242514254,
    -0.5772244091051852,
    -0.5772551135008027,
    -0.5772853556877902,
    -0.5773151358223034,
    -0.5773444542237444,
    -0.5773733113687237,
    -0.5774017078852091,
    -0.5774296445468485,
    -0.5774571222674724,
    -0.5774841420957603,
    -0.5775107052100756,
    -0.5775368129134563,
    -0.5775624666287615,
    -0.5775876678939692,
    -0.5776124183576185,
    -0.5776367197743933,
    -0.5776605740008444,
    -0.5776839829912427,
    -0.5777069487935639,
    -0.5777294735455963,
    -0.5777515594711737,
    -0.5777732088765256,
    -0.5777944241467425,
    -0.5778152077423523,
    -0.5778355621960052,
    -0.5778554901092653,
    -0.5778749941495018,
    -0.5778940770468826,
    -0.577912741591459,
    -0.5779309906303497,
    -0.5779488270650109,
    -0.5779662538485986,
    -0.5779832739834115,
    -0.5779998905184216,
    -0.5780161065468813,
    -0.5780319252040117,
    -0.5780473496647667,
    -0.5780623831416689,
    -0.5780770288827185,
    -0.5780912901693689,
    -0.5781051703145704,
    -0.5781186726608794,
    -0.57813180057863,
    -0.5781445574641694,
    -0.5781569467381481,
    -0.5781689718438727,
    -0.5781806362457116,
    -0.5781919434275566,
    -0.5782028968913377,
    -0.578213500155588,
    -0.5782237567540587,
    -0.5782336702343813,
    -0.5782432441567777,
    -0.5782524820928144,
    -0.578261387624202,
    -0.5782699643416367,
    -0.5782782158436831,
    -0.5782861457356966,
    -0.5782937576287855,
    -0.5783010551388112,
    -0.5783080418854227,
    -0.5783147214911287,
    -0.5783210975804035,
    -0.5783271737788254,
    -0.5783329537122491,
    -0.5783384410060074,
    -0.5783436392841435,
    -0.5783485521686734,
    -0.5783531832788777,
    -0.578357536230618,
    -0.578361614635683,
    -0.5783654221011585,
    -0.5783689622288243,
    -0.5783722386145742,
    -0.5783752548478603,
    -0.5783780145111596,
    -0.5783805211794639,
    -0.5783827784197921,
    -0.5783847897907216,
    -0.57838655884194,
    -0.5783880891138163,
    -0.5783893841369893,
    -0.5783904474319758,
    -0.5783912825087967,
    -0.5783918928666183,
    -0.578392281993412,
    -0.5783924533656294,
    -0.5783924104478934,
    -0.5783921566927033,
    -0.578391695540155,
    -0.5783910304176757,
    -0.5783901647397719,
    -0.5783891019077905,
    -0.5783878453096915,
    -0.5783863983198347,
    -0.5783847642987776,
    -0.578382946593085,
    -0.5783809485351501,
    -0.5783787734430261,
    -0.5783764246202682,
    -0.5783739053557851,
    -0.5783712189237002,
    -0.5783683685832216,
    -0.5783653575785229,
    -0.5783621891386318,
    -0.5783588664773277,
    -0.578355392793046,
    -0.5783517712687914,
    -0.5783480050720591,
    -0.5783440973547633,
    -0.5783400512531721,
    -0.5783358698878488,
    -0.578331556363601,
    -0.5783271137694355,
    -0.5783225451785177,
    -0.57831785364814,
    -0.5783130422196942,
    -0.5783081139186496,
    -0.5783030717545359,
    -0.5782979187209302,
    -0.5782926577954528,
    -0.5782872919397672,
    -0.5782818240995851,
    -0.5782762572046741,
    -0.5782705941688688,
    -0.5782648378900866,
    -0.5782589912503469,
    -0.5782530571157951,
    -0.5782470383367285,
    -0.5782409377476265,
    -0.5782347581671824,
    -0.5782285023983403,
    -0.5782221732283348,
    -0.5782157734287336,
    -0.5782093057554831,
    -0.5782027729489572,
    -0.5781961777340079,
    -0.5781895228200187,
    -0.5781828109009587,
    -0.5781760446554424,
    -0.5781692267467894,
    -0.5781623598230882,
    -0.5781554465172609,
    -0.5781484894471289,
    -0.5781414912154811,
    -0.578134454410142,
    -0.5781273816040428,
    -0.5781202753552955,
    -0.5781131382072683,
    -0.578105972688662,
    -0.5780987813135875,
    -0.5780915665816437,
    -0.5780843309779995,
    -0.5780770769734745,
    -0.5780698070246216,
    -0.5780625235738067,
    -0.5780552290492906,
    -0.5780479258653134,
    -0.5780406164221805
]