[
    0.023512549349292464,
    0.023553564975234517,
    0.03263967668910117,
    0.03297835941910027,
    0.033303263017926896,
    0.03361483245003971,
    0.033913499586120874,
    0.03419968357732725,
    0.03447379121894574,
    0.034736217303752696,
    0.03498734496536787,
    0.035227546011883375,
    0.035457181250041006,
    0.03567660080022598,
    0.03588614440253815,
    0.03608614171419351,
    0.03627691259849919,
    0.03645876740563768,
    0.036632007245491385,
    0.036796924252733065,
    0.03695380184440158,
    0.03710291497017555,
    0.037244530355551815,
    0.03737890673812754,
    0.037506295097179385,
    0.03762693887672907,
    0.037741074202280046,
    0.037848930091404866,
    0.03795072865835654,
    0.038046685312872454,
    0.038137008953334946,
    0.03822190215444813,
    0.03830156134958619,
    0.03837617700796369,
    0.038445933806774336,
    0.03851101079843868,
    0.03857158157309935,
    0.03862781441649855,
    0.03867987246336818,
    0.038727913846459364,
    0.03877209184133472,
    0.03881255500704331,
    0.03884944732279501,
    0.03888290832074674,
    0.03891307321501099,
    0.03894007302699304,
    0.03896403470716082,
    0.03898508125334787,
    0.039003331825687576,
    0.03901890185827446,
    0.03903190316764449,
    0.03904244405816462,
    0.0390506294244188,
    0.03905656085067566,
    0.03906033670752034,
    0.03906205224573044,
    0.03906179968747441,
    0.039059668314907536,
    0.0390557445562396,
    0.039050112069346006,
    0.03904285182299181,
    0.039034042175736285,
    0.03902375895258322,
    0.039012075519440914,
    0.03899906285545415,
    0.03898478962326807,
    0.03896932223728268,
    0.03895272492995462,
    0.03893505981620178,
    0.03891638695596447,
    0.03889676441497547,
    0.03887624832378928,
    0.038854892935120275,
    0.03883275067953762,
    0.03880987221956352,
    0.03878630650221997,
    0.038762100810067764,
    0.03873730081078099,
    0.038711950605298494,
    0.038686092774592507,
    0.03865976842509366,
    0.0386330172328104,
    0.03860587748617947,
    0.03857838612768409,
    0.038550578794274475,
    0.03852248985662484,
    0.03849415245726022,
    0.03846559854758454,
    0.03843685892384183,
    0.03840796326204013,
    0.03837894015186822,
    0.03834981712963325,
    0.038320620710247395,
    0.038291376418290356,
    0.03826210881817387,
    0.038232841543434246,
    0.038203597325177203,
    0.03817439801969895,
    0.03814526463530748,
    0.03811621735836662,
    0.038087275578585315,
    0.03805845791357294,
    0.03802978223268229,
    0.03800126568015997,
    0.037972924697623894,
    0.037944775045887544,
    0.037916831826149015,
    0.03788910950056342,
    0.03786162191221588,
    0.03783438230451226,
    0.03780740334000437,
    0.03778069711866541,
    0.037754275195631855,
    0.03772814859842656,
    0.03770232784367804,
    0.0376768229533503,
    0.03765164347049732,
    0.03762679847455573,
    0.03760229659618872,
    0.037578146031694064,
    0.03755435455698852,
    0.037530929541180924,
    0.03750787795974574,
    0.037485206407308604,
    0.03746292111005489,
    0.037441027937772126,
    0.03741953241553622,
    0.03739843973505244,
    0.03737775476566028,
    0.03735748206501219,
    0.03733762588943508,
    0.037318190203984435,
    0.03729917869220042,
    0.0372805947655733,
    0.037262441572727546,
    0.03724472200833164,
    0.0372274387217422,
    0.037210594125389705,
    0.03719419040291288,
    0.03717822951705026,
    0.03716271321729453,
    0.03714764304731766,
    0.03713302035217209,
    0.037118846285275474,
    0.037105121815184876,
    0.03709184773216661,
    0.03707902465456767,
    0.037066653034993825,
    0.037054733166300806,
    0.03704326518740337,
    0.03703224908890811,
    0.03702168471857469,
    0.03701157178661053,
    0.037001909870803665,
    0.036992698421498625,
    0.03698393676641903,
    0.03697562411534107,
    0.03696775956462353,
    0.036960342101599174,
    0.03695337060883093,
    0.03694684386823582,
    0.036940760565081485,
    0.03693511929185858,
    0.03692991855203306,
    0.036925156763681174,
    0.03692083226301178,
    0.03691694330777889,
    0.03691348808058724,
    0.03691046469209416,
    0.03690787118411027,
    0.036905705532602105,
    0.036903965650600196,
    0.03690264939101514,
    0.03690175454936445,
    0.03690127886641362,
    0.036901220030734344,
    0.03690157568118192,
    0.03690234340929364,
    0.03690352076160886,
    0.03690510524191268,
    0.03690709431340933,
    0.036909485400831714,
    0.036912275892484206,
    0.03691546314221732,
    0.03691904447133965,
    0.03692301717047204,
    0.036927378501347884,
    0.03693212569856348,
    0.036937255971274625,
    0.03694276650483743,
    0.03694865446240835,
    0.03695491698652237,
    0.03696155120064214,
    0.03696855421064842,
    0.03697592310626499,
    0.03698365496244373,
    0.03699174684072042,
    0.03700019579049557,
    0.03700899885019863,
    0.037018153048498766,
    0.037027655405859936,
    0.03703750293642086,
    0.0370476926499516,
    0.037058221554046776,
    0.0370690866570616,
    0.03708028497234882,
    0.03709181352456307,
    0.03710366935936241,
    0.037115849559972484,
    0.03712835128079523,
    0.03714117182797396,
    0.03715430889798314,
    0.0371677616494724,
    0.03718154651227693,
    0.03719768300926072,
    0.037218088095198026,
    0.03724059978499232,
    0.037263142891082124,
    0.037285729974262584,
    0.037316758134872015,
    0.037410565045627314,
    0.03760265149586538,
    0.03783459384153418,
    0.038058538307102645,
    0.038274723871376606,
    0.03848339119257882,
    0.03868477717646439,
    0.03887911334270401,
    0.039066625553908954,
    0.0392475351943758,
    0.03942206403079846,
    0.03961029790060779,
    0.039831593066824544,
    0.04006481902940242,
    0.04028954925784611,
    0.0405060004980952,
    0.04071443296709869,
    0.04091510358178253,
    0.04110826435475053,
    0.04129416904971193,
    0.04148218634272629,
    0.04168137876230534,
    0.04188221401621673,
    0.0420753918470113,
    0.0422610866497258,
    0.042439537057961996,
    0.042610978127106854,
    0.04277563882570968,
    0.042933741928949866,
    0.04308550446045087,
    0.043231138596678376,
    0.04337085266459448,
    0.043507916945379345,
    0.043645474052388056,
    0.043780405753154415,
    0.04390970961026507,
    0.04403356731515016,
    0.044152158307593774,
    0.04426565882513243,
    0.04437424056733865,
    0.04447807037200036,
    0.04457731026022234,
    0.04467211760715173,
    0.044762645339062504,
    0.044849042262152375,
    0.0449314541530495,
    0.045010033050784,
    0.045096239498208776,
    0.045201096647297274,
    0.045312574884702514,
    0.04541906622441909,
    0.045520716279750975,
    0.045617687347230304,
    0.04571013863124686,
    0.045798225135452494,
    0.04588209747866512,
    0.045961901898163945,
    0.04603778031306213,
    0.046109870404763637,
    0.04617830570737659,
    0.04624321571029596,
    0.04630472596797576,
    0.04636295821011575,
    0.04641803044870778,
    0.046470057082244456,
    0.04651914899869096,
    0.04656541367679864,
    0.04660895528462573,
    0.046649874775513474,
    0.046688269981389904,
    0.046724235702802014,
    0.0467578637963586,
    0.04678924326025424,
    0.046818460317413546,
    0.04684559849595461,
    0.046870738707289875,
    0.04689395932223779,
    0.04691533624518773,
    0.046934942986009795,
    0.04695285072974875,
    0.046969128404518896,
    0.04698384274763935,
    0.046997058369839036,
    0.04700883781758442,
    0.047019241633595846,
    0.0470283284155378,
    0.04703615487296386,
    0.047042775882645535,
    0.047048244542343784,
    0.047052612223058184,
    0.04705592861978925,
    0.04705824180084366,
    0.04705959825574003,
    0.047060042941768854,
    0.04705961932921934,
    0.04705836944529158,
    0.04705633391674042,
    0.04705355201130518,
    0.0470500616779674,
    0.047045899586059106,
    0.04704110116324173,
    0.04703570063238798,
    0.04702973104740279,
    0.047023224328021036,
    0.04701621129361172,
    0.04700872169601086,
    0.047000784251410674,
    0.04699242667133441,
    0.04698367569272454,
    0.04697455710716757,
    0.04696509578927694,
    0.0469553157242575,
    0.04694524003467521,
    0.046934891006462885,
    0.04692429011418203,
    0.04691345804555181,
    0.04690241472526176,
    0.04689117933809482,
    0.046879770351385255,
    0.04686820553683031,
    0.04685650199167247,
    0.04684467615927016,
    0.04683274384907374,
    0.04682072025602286,
    0.04680861997938233,
    0.04679645704103249,
    0.04678424490323066,
    0.046771996485857455,
    0.04675972418316284,
    0.04674743988002617,
    0.046735154967743726,
    0.0467228803593572,
    0.04671062650453622,
    0.04669840340402761,
    0.04668622062368384,
    0.04667408730808276,
    0.046662012193749935,
    0.046650003621994764,
    0.046638069551371876,
    0.0466262175697786,
    0.046614454906199004,
    0.04660278844210411,
    0.04659122472251799,
    0.04657976996675947,
    0.04656843007886838,
    0.046557210657726236,
    0.04654611700687916,
    0.04653515414407194,
    0.0465243268105016,
    0.04651363947979827,
    0.04650309636674097,
    0.046492701435716606,
    0.0464824584089288,
    0.04647237077436418,
    0.046462441793523025,
    0.04645267450892046,
    0.046443071751365576,
    0.046433636147024226,
    0.04642437012427211,
    0.04641527592034397,
    0.046406355587784644,
    0.04639761100070801,
    0.0463890438608687,
    0.04638065570355274,
    0.046372447903292056,
    0.04636442167940762,
    0.04635657810138657,
    0.046348918094097455,
    0.04634144244284905,
    0.04633415179829659,
    0.04632704668120038,
    0.04632012748704078,
    0.04631339449049344,
    0.04630684784976902,
    0.046300487610820874,
    0.046294313711425054,
    0.046288325985136686,
    0.046282524165125793,
    0.04627690788789647,
    0.04627147669689214,
    0.04626623004599071,
    0.04626116730289235,
    0.04625628775240314,
    0.046251590599618045,
    0.04624707497300585,
    0.04624273992739874,
    0.04623858444688892,
    0.046234607447635974,
    0.046230807780586754,
    0.04622718423411094,
    0.04622373553655438,
    0.046220460358712634,
    0.046217357316226754,
    0.04621442497190409,
    0.04621166183796586,
    0.04620906637822414,
    0.046206637010189955,
    0.04620437210711443,
    0.046202269999965496,
    0.04620032897934144,
    0.04619854729732337,
    0.04619692316926833,
    0.046195454775544785,
    0.04619414026321238,
    0.04619297774764727,
    0.04619196531411515,
    0.046191101019293024,
    0.0461903828927415,
    0.04618980893832886,
    0.04618937713560846,
    0.0461890854411508,
    0.04618893178983166,
    0.04618891409607785,
    0.046189030255071026,
    0.046189278143911876,
    0.046189655622745095,
    0.04619016053584649,
    0.046190790712673076,
    0.046191543968877605,
    0.0461924181072888,
    0.04619341091885788,
    0.04619452018357287,
    0.04619574367134179,
    0.04619707914284467,
    0.04619852435035629,
    0.046200077038539816,
    0.046201734945212763,
    0.046203495802085576,
    0.04620535733547452,
    0.04620731726698897,
    0.04620937331419369,
    0.04621152319124747,
    0.04621376460951841,
    0.04621609527817669,
    0.046218512904765606,
    0.046221015195751586,
    0.046223599857053425,
    0.04622626459455191,
    0.04622900711457992,
    0.04623182512439408,
    0.046234716332628316,
    0.046237678449729494,
    0.04624070918837639,
    0.04624380626388211,
    0.046246967394580514,
    0.04625019030219754,
    0.04625347271220687,
    0.04625681235417148,
    0.04626020696207111,
    0.0462636542746161,
    0.04626715203554808,
    0.0462706979939275,
    0.04627428990440919,
    0.04627792552750581,
    0.04628160262983965,
    0.046285318984383074,
    0.04628907237068812,
    0.04629286057510579,
    0.046296681390995104,
    0.04630053261892232,
    0.04630441206685055,
    0.04630831755031974,
    0.0463122468926182,
    0.046316197924945235,
    0.04632016848656527,
    0.04632415642495432,
    0.04632815959593851,
    0.04633217586382486,
    0.046336203101524864,
    0.046340239190670686,
    0.04634428202172486,
    0.04634832949408313,
    0.04635237951617116,
    0.0463564300055351,
    0.04636047888892584,
    0.046364524102377735,
    0.04636856359128162,
    0.046372595310452694,
    0.046376617224192944,
    0.046380627306348635,
    0.04638462354036305,
    0.04638860391932453,
    0.046392570835789994,
    0.04639652669204405,
    0.04640047390013391,
    0.04640441488190008,
    0.046408352069003206,
    0.04641228790294764,
    0.04641622483510099,
    0.04642016532671047,
    0.04642411184891591,
    0.046428066882759446,
    0.04643203291919228,
    0.04643601245907834,
    0.04644000801319502,
    0.046444022102231045,
    0.04644805725678094,
    0.04645211601733669,
    0.046456200934276735,
    0.04646031456785329,
    0.04646445948817785,
    0.0464686382752045,
    0.046472853518711374,
    0.04647710781828011,
    0.04648140378327381,
    0.04648574403281232,
    0.04649013119574603,
    0.04649456791062821,
    0.04649905682568567,
    0.04650360059878816,
    0.046508201897416244,
    0.04651286339862802,
    0.04651758778902498,
    0.04652237776471739,
    0.04652723603128879,
    0.04653216530375871,
    0.0465371683065437,
    0.04654224777341772,
    0.046547406447473426,
    0.04655264708108413,
    0.046557972435865375,
    0.04656338528263566,
    0.046568888401377434,
    0.046574484581199616,
    0.04658017662029599,
    0.04658596732589802,
    0.04659185951422762,
    0.04659785601045234,
    0.046603959648639,
    0.04661017327170513,
    0.046616499731371275,
    0.04662294188811653,
    0.04662950261114705,
    0.0466361847783835,
    0.046642991276454604,
    0.04664992500068216,
    0.04665698885506619,
    0.04666418575228883,
    0.04667151861373661,
    0.046678990369512924,
    0.04668660395843299,
    0.046694362328022855,
    0.04670226843451269,
    0.04671032524281934,
    0.04671853572664251,
    0.0467269028687774,
    0.046735429661580466,
    0.046744119107581465,
    0.046752974220338334,
    0.0467619980255294,
    0.04677119356231336,
    0.04678056388520134,
    0.04679011206677473,
    0.0467998412012034,
    0.046809754406809574,
    0.04681985482466573,
    0.04683014561191454,
    0.04684062993297785,
    0.0468513109587407,
    0.04686219187874192,
    0.046873275914624216,
    0.04688456633026522,
    0.04689606645355662,
    0.04690777971524216,
    0.04691970969784122,
    0.04693186021876949,
    0.04694423557282697,
    0.046956841373581866,
    0.04696968880158374,
    0.0470072199468886,
    0.04710660918652881,
    0.04725474411629203,
    0.04741164840043322,
    0.04756328151316406,
    0.0477098113047982,
    0.04785140532366054,
    0.04798822732097825,
    0.048120436927417645,
    0.048248190007340055,
    0.0483716389027691,
    0.04849093285768117,
    0.04860622185599873,
    0.048755701188041164,
    0.04897620955878561,
    0.0492270702585006,
    0.049468921740437925,
    0.049701940049421,
    0.04992640758816316,
    0.050142603052527684,
    0.05035079816807788,
    0.05055125704793876,
    0.05074423585038238,
    0.05092998257891012,
    0.05110873752042096,
    0.05128073413265591,
    0.05144619956705237,
    0.05160535476415746,
    0.051758414502836914,
    0.051905587504337554,
    0.052047076560134076,
    0.05218307866718837,
    0.05231378517229085,
    0.05243938192095257,
    0.05256004940425733,
    0.05267596290408844,
    0.05278729263786356,
    0.05289420390131566,
    0.05299685720806506,
    0.053095408425681764,
    0.05319000890818404,
    0.05328080562499369,
    0.053367941286394244,
    0.053451554465531174,
    0.053531779717004645,
    0.05360874769210096,
    0.05368258525076049,
    0.05375341557044154,
    0.05382135825195399,
    0.053886529422269264,
    0.05394904183438486,
    0.05400900496436493,
    0.054066525105657785,
    0.0541217054607757,
    0.05417464623038737,
    0.054225444699869604,
    0.054274195323391124,
    0.054320989805609364,
    0.054365917181053394,
    0.05440906389125439,
    0.05445051385968808,
    0.05449034856459297,
    0.05452864710972414,
    0.05456548629309807,
    0.05460094067378156,
    0.054635082636781615,
    0.05466798245609086,
    0.05469970835594127,
    0.05473032657031561,
    0.05475990140076549,
    0.054788495272586536,
    0.054816168789395256,
    0.05484298078614808,
    0.05486898838064724,
    0.05489424702357856,
    0.05491881054712414,
    0.05494273121218994,
    0.05496605975428735,
    0.05498884542810735,
    0.05501113605082221,
    0.055032978044151575,
    0.055054416475227616,
    0.05507549509629378,
    0.055096256383271563,
    0.05511674157322534,
    0.055136990700757046,
    0.05515704263335991,
    0.05517693510576229,
    0.05519670475328972,
    0.05521638714427207,
    0.05523601681152411,
    0.05525562728292535,
    0.05527525111112457,
    0.05529491990239378,
    0.05531466434465456,
    0.055334514234700274,
    0.05535449850463714,
    0.055374645247568424,
    0.05539498174254325,
    0.0554155344787892,
    0.055436329179249885,
    0.05545739082344719,
    0.055478743669686324,
    0.05550041127662301,
    0.055522416524210555,
    0.05554478163404533,
    0.05556752818912822,
    0.05559067715305817,
    0.0556142488886706,
    0.05563826317613619,
    0.05566273923053882,
    0.05568769571894778,
    0.055713150776999135,
    0.05573912202499801,
    0.05576562658355576,
    0.055792681088775824,
    0.05582030170700106,
    0.05584850414913504,
    0.05587730368454877,
    0.05590671515458457,
    0.05593675298566873,
    0.055967431202044934,
    0.05599876343813987,
    0.05603076295057069,
    0.0560634426298037,
    0.05609681501147396,
    0.05613089228737627,
    0.056165686316137574,
    0.0562012086335797,
    0.05623747046278062,
    0.05627448272384344,
    0.05631225604338172,
    0.0563508007637294,
    0.056390126951883834,
    0.05643024440818982,
    0.05647116267477021,
    0.05651289104370744,
    0.0565554385649846,
    0.05659881405419871,
    0.05664302610005479,
    0.05668808307164398,
    0.05673399312551294,
    0.056780764212536985,
    0.05682840408460571,
    0.056876920301127225,
    0.05692632023536517,
    0.05697661108061992,
    0.057027799856246106,
    0.057079893413513966,
    0.05713289844137658,
    0.0571868214721947,
    0.05724166888744921,
    0.05729744692351815,
    0.05735416167763497,
    0.057411819114172355,
    0.05747042507146513,
    0.05752998526927871,
    0.05759050531711056,
    0.05765199072519761,
    0.05771444692138671,
    0.05777787927687295,
    0.057842293154493504,
    0.05790769401731189,
    0.05797408762726417,
    0.058041480272238384,
    0.0581098793355434,
    0.05817929849877306,
    0.05833901658029678,
    0.05874974486551394,
    0.059387590685218886,
    0.06007983059957425,
    0.0607493739068493,
    0.06139687377375732,
    0.06206280891915475,
    0.06281647807541961,
    0.0636449941167123,
    0.06447523108698802,
    0.06527659139858712,
    0.06605000077967228,
    0.06679636888883754,
    0.06751659798243372,
    0.06831513142208874,
    0.06932017049239629,
    0.07044788020250593,
    0.07156205054719572,
    0.07263517493055263,
    0.07366856554248445,
    0.07466354636840349,
    0.07568728609672461,
    0.07680444440705059,
    0.07794545315032499,
    0.07904319070815126,
    0.08012567006773291,
    0.08129255985432356,
    0.08258629716513727,
    0.08390244907556388,
    0.08516724207064302,
    0.08638232497275326,
    0.08754932873385966,
    0.08877299715096842,
    0.0901541837978059,
    0.09158586147579892,
    0.09296484685593309,
    0.09429045483006873,
    0.0955620923835913,
    0.09685367508675974,
    0.09824733353285599,
    0.09967769535402346,
    0.1010598799111486,
    0.10238462799473336,
    0.10365522697283312,
    0.1048745375619222,
    0.10606235330133834,
    0.10723771023908393,
    0.10838128394699949,
    0.1094746046571302,
    0.11051934167427258,
    0.11151712408927811,
    0.11246953566196051,
    0.1133781201983938,
    0.11424447715437021,
    0.11513643958370609,
    0.11611909271304602,
    0.11712245319787559,
    0.11807921907546892,
    0.11899094053870446,
    0.11985922874942309,
    0.12068582173503173,
    0.12147228938661575,
    0.12223293986620287,
    0.12299647335487043,
    0.12376439447552195,
    0.12450833519550183,
    0.12521414776688722,
    0.1258831577576095,
    0.126516657443391,
    0.12711590240350548,
    0.1276821121756778,
    0.12821647126246294,
    0.12872012929184606,
    0.12919420182310892,
    0.12963977501704427,
    0.13005790895628738,
    0.13044963012545435,
    0.13081593356348148,
    0.13121182400573814,
    0.13169022133182995,
    0.132193930421293,
    0.13266787750338144,
    0.1331131467681395,
    0.13357646597052023,
    0.13410276928298104,
    0.13464398522050858,
    0.13517262993070786,
    0.13578432639126248,
    0.13653350287883687,
    0.13731961693342182,
    0.13806469225053175,
    0.1387701564440328,
    0.13943740382101869,
    0.14006779109690487,
    0.14066263647149463,
    0.14122321946111677,
    0.14175078151872628,
    0.14224652696532475,
    0.14271162400330878,
    0.14314720573293543,
    0.14355437114977074,
    0.14393418611975956,
    0.1442876843308109,
    0.1446158682192978,
    0.14491970987091607,
    0.14520015189641222,
    0.1454581082828777,
    0.1456944652211769,
    0.14591008191004046,
    0.1461057913373896,
    0.14628240103949722,
    0.14644069383860076,
    0.14658142855958112,
    0.14670534072629582,
    0.14681314323811648,
    0.14690552702721105,
    0.14698316169712083,
    0.1470466961431674,
    0.14709675915519915,
    0.14713396000316725,
    0.1471588890060163,
    0.14717211808436412,
    0.14717420129743153,
    0.14716567536466618,
    0.14714706017249124,
    0.1471188592665988,
    0.14708156033019737,
    0.14703563564861166,
    0.14698154256061835,
    0.14691972389689256,
    0.14685060840593023,
    0.14677461116780188,
    0.14669213399608133,
    0.14660356582828576,
    0.14650928310515074,
    0.14640965013905755,
    0.14630501947191915,
    0.14619573222282406,
    0.146082118425727,
    0.1459644973574687,
    0.1458431778563998,
    0.1457184586318735,
    0.14559062856486715,
    0.14545996699998284,
    0.14532674402907253,
    0.14519122076672453,
    0.14505364961784203,
    0.14491427453753786,
    0.14477333128356384,
    0.14463104766148538,
    0.14448764376280787,
    0.14434333219625567,
    0.14419831831239657,
    0.14405280042180174,
    0.14390697000692382,
    0.14376101192787133,
    0.1436151046222533,
    0.14346942029926202,
    0.1433241251281577,
    0.1431793794213139,
    0.14303533781197858,
    0.1428921494269004,
    0.1427499580539665,
    0.14260890230499335,
    0.14246911577380827,
    0.14233072718975626,
    0.14219386056676153,
    0.14205863534807078,
    0.1419251665468002,
    0.1417935648824063,
    0.14166393691319606,
    0.1415363851649895,
    0.14141100825604408,
    0.14128790101834746,
    0.14116715461538193,
    0.14104885665646083,
    0.14093309130773501,
    0.14081993939996376,
    0.14070947853314314,
    0.14060178317808006,
    0.14049692477500086,
    0.14039497182927718,
    0.14029599000435317,
    0.14020004221195237,
    0.14010718869964287,
    0.14001748713583528,
    0.1399309926922882,
    0.13984775812419073,
    0.13976783384789232,
    0.1396912680163473,
    0.1396181065923384,
    0.13954839341954414,
    0.13948217029151086,
    0.13941947701858937,
    0.13936035149289505,
    0.13930482975134711,
    0.1392529460368429,
    0.1392047328576201,
    0.13916022104485884,
    0.13911943980857458,
    0.13908241679185002,
    0.1390491781234544,
    0.13901974846889592,
    0.13899415107995267,
    0.13897240784272583,
    0.138954539324257,
    0.13894056481775185,
    0.13893050238644888,
    0.13892436890617368,
    0.13892218010661533,
    0.13892395061136242,
    0.13892969397673405,
    0.13893942272944088,
    0.13895314840310935,
    0.1389708815737028,
    0.13899263189386984,
    0.13901840812625282,
    0.13904821817578447,
    0.1390820691210034,
    0.13911996724441592,
    0.1391619180619325,
    0.139207926351405,
    0.13925799618029105,
    0.1393121309324712,
    0.13937033333424206,
    0.13943260547951108,
    0.13949894885421465,
    0.1395693643599829,
    0.1396438523370727,
    0.13972241258659057,
    0.1398050443920255,
    0.13989174654011216,
    0.13998251734104394,
    0.14007735464805443,
    0.14017625587638638,
    0.14027921802166549,
    0.14038623767769665,
    0.14049731105369967,
    0.14061243399100024,
    0.14073160197919288,
    0.14085481017179088,
    0.14098205340137804,
    0.14111332619427694,
    0.14124862278474876,
    0.14138793712873646,
    0.14153126291716692,
    0.14167858188465451,
    0.14182987552612655,
    0.14198512510887548,
    0.14214431168421945,
    0.14230741609878161,
    0.1424744190054009,
    0.1426453008736835,
    0.14282004200020718,
    0.1429986225183878,
    0.1431810224080188,
    0.1433672215044925,
    0.1435571995077136,
    0.14375093599071329,
    0.1439484104079724,
    0.14414960210346361,
    0.1443544903184197,
    0.14456305419883778,
    0.1447752728027272,
    0.1449911251071076,
    0.14521059001476558,
    0.1454336463607779,
    0.14566027291880873,
    0.1458904484071874,
    0.14612415149477168,
    0.14636136080660517,
    0.14660205492937542,
    0.14684621241667917,
    0.1470938117941013,
    0.14734483156411332,
    0.14759925021079984,
    0.14785704620442075,
    0.14811819800581527,
    0.14838268407065283,
    0.148650482853541,
    0.14892157281200202,
    0.1491959324103367,
    0.149473540123383,
    0.1497543744401776,
    0.15003841386756026,
    0.15032563693380174,
    0.15061602219235806,
    0.15090954822582603,
    0.1512061936502177,
    0.1515059371199117,
    0.15180875733401678,
    0.15211463304566142,
    0.15242354307709616,
    0.15273546634437607,
    0.15305038189513614,
    0.15336826897355535,
    0.15368910716898743,
    0.154012876767818,
    0.15433955983385356,
    0.15466914667146245,
    0.15500524727965298,
    0.1555294530611093,
    0.15640920028550148,
    0.15744923020109122,
    0.15846522922667494,
    0.159458002149113,
    0.1604283575107676,
    0.16137708781365243,
    0.16230497475326439,
    0.16322490748027288,
    0.16420711851553438,
    0.1652949753440147,
    0.16641439792658627,
    0.1675060183166773,
    0.16857063320589497,
    0.16960915042375235,
    0.17064312288963057,
    0.1717255417643157,
    0.1728660549473166,
    0.17400940802929707,
    0.17512309175300106,
    0.17621139334351368,
    0.17727848262879237,
    0.1783217857760934,
    0.17933876238804763,
    0.1803303184787783,
    0.18129738791572234,
    0.18224078980219804,
    0.18316131713976103,
    0.1840703186417591,
    0.1849787570370858,
    0.18596332853304215,
    0.18713668503799824,
    0.18844323348797318,
    0.18975146172874433,
    0.19102206647517675,
    0.19225628770614292,
    0.19345533487833078,
    0.19462038275293686,
    0.19575257199604157,
    0.1968530095224434,
    0.19792276940607173,
    0.19896289423410413,
    0.19997439617727053,
    0.20095825787527719,
    0.20191543384528188,
    0.20284685608410083,
    0.20375366371535664,
    0.20466573045642553,
    0.20561134430683153,
    0.20656015909402706,
    0.20748317875645297,
    0.20838129186604284,
    0.2092553957406562,
    0.21010646317561213,
    0.21098703485075931,
    0.21199001826993244,
    0.21310152332950708,
    0.21422310017995255,
    0.21531162970006784,
    0.2163682163983423,
    0.21739395315288412,
    0.21838990866364438,
    0.21935713371733273,
    0.2202966823099119,
    0.22120968920189144,
    0.22209735226563798,
    0.22303428093497524,
    0.2241350318875661,
    0.22536249533484215,
    0.22659489851700526,
    0.22778876602968517,
    0.22894538078599624,
    0.23006600001739147,
    0.23115184577038772,
    0.23220410548841805,
    0.2332239323862593,
    0.23421244591433965,
    0.23517073244025677,
    0.2360998459781505,
    0.23700080895502568,
    0.2378746130210486,
    0.2387222198783395,
    0.23954456211221792,
    0.24034254401384958,
    0.24111704238655918,
    0.2418689073322414,
    0.24259896301729358,
    0.24330800841844574,
    0.24399681804833923,
    0.24466614266089887,
    0.24531670993696397,
    0.2459492251506626,
    0.24656437181698618,
    0.24716281232102721,
    0.24774518852937977,
    0.24831212238424888,
    0.24886421648074705,
    0.24940205462778825,
    0.24992620239303515,
    0.25043720763235683,
    0.25093560100421397,
    0.2514218964694049,
    0.2518965917765954,
    0.2523601689340257,
    0.2528130946677847,
    0.25325582086703813,
    0.2536887850165636,
    0.254112410616951,
    0.25452710759282804,
    0.2549332726894528,
    0.2553312898579922,
    0.2557215306298053,
    0.2561043544800524,
    0.25648010918093095,
    0.25684913114481966,
    0.25721174575761613,
    0.25756826770256086,
    0.2579190012748129,
    0.2582642406870294,
    0.258604270366202,
    0.2589393652420021,
    0.25926979102688485,
    0.25959580448818204,
    0.25991765371240516,
    0.26023557836197664,
    0.2605498099246057,
    0.2608605719555206,
    0.26116808031276395,
    0.26147254338574527,
    0.2617741623172367,
    0.2620731312189971,
    0.26236963738120495,
    0.26266386147587834,
    0.26295597775445356,
    0.2632461542396879,
    0.26353455291204886,
    0.26382132989074575,
    0.26410663560955194,
    0.26439061498756855,
    0.26467340759507646,
    0.26495514781461754,
    0.2652359649974344,
    0.26551598361540135,
    0.26579532340857526,
    0.2660740995284912,
    0.2663524226773229,
    0.26663039924302445,
    0.2669081314305683,
    0.26718571738939473,
    0.26746325133717885,
    0.2677408236800142,
    0.26801852112912394,
    0.2682964268142053,
    0.26857462039349916,
    0.2688531781606644,
    0.26913217314856586,
    0.26941167523012494,
    0.26969175121633937,
    0.26997246495150967,
    0.27025387740574647,
    0.27053604676488824,
    0.27081902851793754,
    0.27110287554213386,
    0.27138763818588385,
    0.27167336434993267,
    0.27196009956745226,
    0.27224788708411185,
    0.27253676793951426,
    0.27282678105157443,
    0.2731179633075198,
    0.27341034967995237,
    0.2737039734171293,
    0.27399886642799604,
    0.27429506065349185,
    0.27459260269223495,
    0.2749855008247343,
    0.27556416676740114,
    0.2762276167438162,
    0.2768786582628028,
    0.2775410496271671,
    0.2782376920290738,
    0.27894398340244597,
    0.2796361497533465,
    0.28031464576716847,
    0.2811156056549394,
    0.28216995606670164,
    0.2833323219842896,
    0.28446281242511867,
    0.28558827863592323,
    0.28673457178537287,
    0.2878749518582881,
    0.2889836328701197,
    0.2900616151186402,
    0.29110991155569005,
    0.2921295187387108,
    0.29314398995239493,
    0.29419905150630515,
    0.29529350739602434,
    0.2963800326999497,
    0.2974356806354981,
    0.29846146966303433,
    0.2994583954930259,
    0.3004274331734932,
    0.3014174619397035,
    0.3024994378645313,
    0.3036457618163697,
    0.30483007856969124,
    0.30607510447426545,
    0.30733042790544296,
    0.3085471769570542,
    0.3097264146406337,
    0.3108693397808294,
    0.3119771264472017,
    0.3130509405769159,
    0.3141539955612639,
    0.3153526215406157,
    0.3165864792912707,
    0.3177865360061555,
    0.31901618787858854,
    0.32034187067110587,
    0.3217209716747871,
    0.32311242415982255,
    0.3244864496395232,
    0.3258144155084549,
    0.32718178001211695,
    0.32867083843174927,
    0.3301927735244791,
    0.3316620067089808,
    0.33308019158521973,
    0.3344489958371688,
    0.335770044361575,
    0.3370449176000875,
    0.3382752134210319,
    0.3394817061246448,
    0.3406842825720221,
    0.34188605362459884,
    0.3431858611240834,
    0.3446531463660378,
    0.34616304368870854,
    0.34767340324367557,
    0.34923950904502404,
    0.35080337681958196,
    0.352309174116866,
    0.353758777740875,
    0.3551540342377882,
    0.3564967382242479,
    0.3577886319673878,
    0.3590314062649954,
    0.3602267020718175,
    0.36137611292469807,
    0.3624811923300516,
    0.363543489119223,
    0.3645645338623041,
    0.3655458665243644,
    0.36648973523430467,
    0.367398295705869,
    0.36835289519037795,
    0.36948068196809264,
    0.3707430265273535,
    0.3720045925354794,
    0.3732484089809206,
    0.3745072746755229,
    0.37574794944712864,
    0.37693847781966705,
    0.378080529431883,
    0.37917572530216,
    0.3802256417812938,
    0.38123181439769566,
    0.38219573457866707,
    0.38311884973775884,
    0.3840025645377706,
    0.38484824230138776,
    0.3856572074389674,
    0.3864307603639086,
    0.38717193857241394,
    0.3878836900699225,
    0.3885653120183263,
    0.389216112795592,
    0.3898657621945088,
    0.39054273860581823,
    0.39121729979450776,
    0.39186087945593834,
    0.3924745732869082,
    0.3930594501242658,
    0.3936165479922696,
    0.3941468730517929,
    0.3946514000512149,
    0.3951310739785621,
    0.3955868108989192,
    0.39601949856384616,
    0.39643000148215546,
    0.39690023617432557,
    0.3975387832808496,
    0.3982879096094553,
    0.3990324571760341,
    0.39974269934870676,
    0.40041983356197824,
    0.4010650243256455,
    0.40167940156280835,
    0.40226406105589674,
    0.40282006513554663,
    0.4033484435015451,
    0.40385019411207407,
    0.40432628407695936,
    0.40477765053382475,
    0.4052052015062431,
    0.40560981674248825,
    0.4059923485325914,
    0.4063536225035204,
    0.40669443839272057,
    0.4070155708000113,
    0.40731776991840063,
    0.40760176224454003,
    0.4078682512692157,
    0.4081179181482022,
    0.4083514223539951,
    0.40856940230902633,
    0.40877247600091515,
    0.40896124158022784,
    0.40913627794116847,
    0.40929814528566993,
    0.4094473856713875,
    0.4095845235440694,
    0.40971006625473305,
    0.40982450456206726,
    0.4099283131204833,
    0.41002195095422966,
    0.41010586191796067,
    0.4101804751441225,
    0.4102462054775241,
    0.41030345389746536,
    0.4103526079277801,
    0.41039404203514185,
    0.4104281180159643,
    0.41045518537221537,
    0.4104755816764549,
    0.410489632926404,
    0.4104976538893422,
    0.4104999484366225,
    0.4104968098685833,
    0.4104885212301279,
    0.41047535561723936,
    0.41045757647468456,
    0.41043543788515824,
    0.4104091848501117,
    0.41037905356249993,
    0.4103452716716784,
    0.4103080585406712,
    0.41026762549602674,
    0.4102241760704717,
    0.41017790623856776,
    0.4101290046455698,
    0.4100776528296798,
    0.41002402543788197,
    0.40996829043554345,
    0.40991060930995593,
    0.40985113726799205,
    0.4097900234280418,
    0.4097274110063937,
    0.40966343749821615,
    0.40959823485329694,
    0.4095319296466857,
    0.4094646432443868,
    0.4093964919642415,
    0.4093275872321378,
    0.4092580357336815,
    0.4091879395614557,
    0.40911739635799627,
    0.4090464994546037,
    0.4089753380061113,
    0.40890399712172487,
    0.4088325579920452,
    0.4087610980123825,
    0.4086896909024683,
    0.40861840682266737,
    0.40854731248679,
    0.4084764712716027,
    0.40840594332313035,
    0.40833578565984113,
    0.4082660522728045,
    0.4081967942229072,
    0.4081280597352126,
    0.4080598942905437,
    0.4079923407143701,
    0.40792543926307606,
    0.40785922770768396,
    0.4077937414151071,
    0.40772901342700135,
    0.4076650745362852,
    0.4076019533613938,
    0.40753967641833383,
    0.4074782681906003,
    0.4074177511970178,
    0.40735814605756565,
    0.40729947155724416,
    0.4072417447080384,
    0.40718498080903553,
    0.4071291935047457,
    0.4070743948416815,
    0.40702059532324325,
    0.4069678039629602,
    0.40691602833613516,
    0.4068652746299381,
    0.4068155476919925,
    0.40676685107749927,
    0.4067191870949391,
    0.40667255685039594,
    0.40662696029053963,
    0.4065823962443078,
    0.40653886246332327,
    0.4064963556610847,
    0.40645487155096477,
    0.4064144048830509,
    0.40637494947986286,
    0.4063364982709773,
    0.4062990433265937,
    0.40626257589007025,
    0.40622708640945976,
    0.4061925645680762,
    0.406158999314119,
    0.4061263788893821,
    0.4060946908570751,
    0.40606392212878234,
    0.40603405899058276,
    0.40600508712835887,
    0.4059769916523147,
    0.4059497571207283,
    0.40592336756295944,
    0.405897806501736,
    0.405873056974738,
    0.40584910155550225,
    0.40582592237366394,
    0.40580350113455854,
    0.40578181913819916,
    0.4057608572976505,
    0.40574059615681596,
    0.4057210159076558,
    0.40570209640685084,
    0.40568381719193186,
    0.4056661574968859,
    0.40564909626725887,
    0.4056326121747666,
    0.4056166836314298,
    0.4056012888032473,
    0.4055864056234209,
    0.4055720255692119,
    0.40555813991024114,
    0.40554473972044636,
    0.405531815889642,
    0.4055193591346935,
    0.4055073600103173,
    0.40549580891951664,
    0.40548469612366644,
    0.40547401175225506,
    0.40546374581229516,
    0.4054538881974124,
    0.40544442869662234,
    0.4054353570028046,
    0.4054266627208827,
    0.40541833537572,
    0.4054103644197382,
    0.405402739240269,
    0.4053954491666443,
    0.4053884834770359,
    0.4053818314050494,
    0.40537548214608177,
    0.405369424863448,
    0.4053636486942862,
    0.4053581427552467,
    0.4053528961479703,
    0.4053478979643656,
    0.4053431372916872,
    0.40533860321742415,
    0.4053342848340034,
    0.40533017124331366,
    0.40532625156105506,
    0.4053225149209212,
    0.40531895047861743,
    0.4053155474157208,
    0.40531229494338705,
    0.4053091823059088,
    0.40530619878412927,
    0.4053033336987179,
    0.40530057641330985,
    0.40529791633751516,
    0.40529534292980074,
    0.4052928457002497,
    0.4052904142132017,
    0.4052880380897791,
    0.4052857070103001,
    0.4052834107165857,
    0.40528113901416074,
    0.40527888177435417,
    0.40527662893630223,
    0.4052743705088563,
    0.4052720965723996,
    0.4052697972805742,
    0.4052674628619233,
    0.40526508362144814,
    0.4052626499420873,
    0.40526015228611556,
    0.4052575811964691,
    0.4052549272979977,
    0.4052521812986464,
    0.40524933399056867,
    0.40524637625117566,
    0.4052432990441194,
    0.4052400934202163,
    0.40523675051831054,
    0.4052332615660808,
    0.405229617880791,
    0.40522581086998777,
    0.4052218320321464,
    0.4052176729572668,
    0.4052133253274203,
    0.4052087809172514,
    0.40520403159443297,
    0.4051990693200803,
    0.40519388614912105,
    0.405188474230627,
    0.4051828258081048,
    0.4051769332197507,
    0.40517078889866837,
    0.40516438537305255,
    0.40515771526633804,
    0.4051507712973174,
    0.40514354628022686,
    0.4051360331248025,
    0.40512822483630767,
    0.40512011451553237,
    0.4051116953587664,
    0.4051029606577458,
    0.40509390379957555,
    0.4050845182666273,
    0.40507479763641513,
    0.4050647355814494,
    0.4050543258690691,
    0.4050435623612542,
    0.40503243901441804,
    0.40502094987918213,
    0.40500908910013195,
    0.4049968509155569,
    0.40498422965717296,
    0.40497121974982975,
    0.40495781571120276,
    0.4049440121514714,
    0.4049298037729822,
    0.4049151853699001,
    0.40490015182784705,
    0.40488469812352823,
    0.40486881932434726,
    0.40485251058801053,
    0.40483576716212133,
    0.40481858438376406,
    0.4048009576790785,
    0.40478288256282574,
    0.4047643546379457,
    0.4047453695951069,
    0.40472592321224754,
    0.40470601135411177,
    0.4046856299717765,
    0.4046647751021737,
    0.404643442867606,
    0.4046216294752556,
    0.4045993312166888,
    0.4045765444673564,
    0.40455326568608846,
    0.40452949141458616,
    0.4045052182769086,
    0.4044804429789555,
    0.4044551623079477,
    0.4044293731319037,
    0.4044030723991132,
    0.4043762571376094,
    0.4043489244546375,
    0.4043210715361223,
    0.40429269564613357,
    0.40426379412634966,
    0.40423436439551896,
    0.40420440394892115,
    0.40417391035782696,
    0.4041428812689576,
    0.40411131440394293,
    0.4040792075587796,
    0.4040465586032884,
    0.40401336548057176,
    0.4039796262064706,
    0.40394533886902234,
    0.4039105016279182,
    0.4038751127139612,
    0.40383917042852524,
    0.40380267314301505,
    0.40376561929832666,
    0.403728007404309,
    0.40368983603922587,
    0.4036511038492204,
    0.40361180954778075,
    0.4035719519152061,
    0.4035315297980751,
    0.4034905421087155,
    0.40344898782467503,
    0.4034068659881947,
    0.40336417570568406,
    0.40332091614719845,
    0.40327708654591893,
    0.40323268619763225,
    0.40318771446021173,
    0.40314217075310094,
    0.4030960545568002,
    0.4030493654123571,
    0.40300210292085875,
    0.4029542667429271,
    0.40290585659821776,
    0.4028568722649216,
    0.4028073135792678,
    0.4027571804350296,
    0.4027064727830347,
    0.4026551906306767,
    0.40260333404143156,
    0.4025509031343771,
    0.4024978980837159,
    0.40244431911830353,
    0.40239016652117454,
    0.40233544062906557,
    0.4022801418319447,
    0.4022242705725509,
    0.4021678273459389,
    0.402110812699025,
    0.40205322723013515,
    0.40199507158855785,
    0.4019363464741006,
    0.4018770526366564,
    0.40181719087578327,
    0.40175676204029015,
    0.40169576702782517,
    0.40163420678446826,
    0.4015720823043357,
    0.40150939462920116,
    0.4014461448481311,
    0.40138233409713436,
    0.40131796355883126,
    0.4012530344621663,
    0.4011875480821594,
    0.40112150573967653,
    0.4010549088012573,
    0.4009877586790586,
    0.4009200568309306,
    0.40085180476068516,
    0.40078300401872,
    0.4007136562031442,
    0.4006437629616832,
    0.4005733259951956,
    0.40050234706422544,
    0.4004308280006929,
    0.4003587707285989,
    0.4002861773050299,
    0.40021305002227103,
    0.40013939173389124,
    0.400065207348882,
    0.39999052504410476,
    0.3999598206657454,
    0.4000158369147008,
    0.40011077599059247,
    0.4001986465830721,
    0.4002796544905754,
    0.40045567230839946,
    0.4008247116196558,
    0.4012776904327549,
    0.40170957519235223,
    0.40212100323863326,
    0.4025418205710254,
    0.4030007004237542,
    0.4034668178779348,
    0.4039105082086879,
    0.4043324543067983,
    0.4047626312622067,
    0.4052298883722216,
    0.4057034287778074,
    0.40618360162269107,
    0.40669998218236875,
    0.40722096362952265,
    0.4077161148425117,
    0.40818623906035295,
    0.4086321526942165,
    0.4090546023558467,
    0.40950873005211746,
    0.41004760614194874,
    0.4106134011362291,
    0.4111504294088576,
    0.4116712367745759,
    0.4122187915144419,
    0.4128110743216585,
    0.4134036328399026,
    0.41396537188626764,
    0.4144972551369989,
    0.415000221936383,
    0.4154751852612553,
    0.41592303190982943,
    0.41634462298571345,
    0.41674079451246754,
    0.41711235810653063,
    0.41746010165695013,
    0.41778478999043406,
    0.4180871655180647,
    0.41836794886671047,
    0.4186278394968368,
    0.4188675163059989,
    0.4190876382168725,
    0.41928884474899625,
    0.41947175657423,
    0.4196369760566552,
    0.41978508777751167,
    0.4199166590454475,
    0.42003224039239917,
    0.4201323660555348,
    0.42021755444565145,
    0.42028830860231264,
    0.4203451166360232,
    0.4203884521578382,
    0.42041877469680894,
    0.42043653010560755,
    0.4204421509546501,
    0.4204360569150364,
    0.42041865513062543,
    0.4203903405795539,
    0.4203514964254922,
    0.42030249435893025,
    0.42024369492876945,
    0.42017544786449307,
    0.4200980923891789,
    0.4200119575236132,
    0.4199173623817596,
    0.41981461645782614,
    0.4197040199051668,
    0.419585863807247,
    0.4194604304409042,
    0.41932799353211736,
    0.4191888185044921,
    0.41904316272066694,
    0.4188912757168441,
    0.41873339943063836,
    0.4185697684224366,
    0.41840061009045,
    0.4182261448796363,
    0.4180465864846678,
    0.41786214204711236,
    0.41767301234698845,
    0.417479391988856,
    0.41728146958259565,
    0.41707942791902886,
    0.41687344414052374,
    0.4166636899067293,
    0.41645033155557526,
    0.41623353025967236
]