[
    0.9787673645712738,
    0.9781729171830168,
    0.9780963407802675,
    0.9764204847500609,
    0.9747864726144504,
    0.9731930385974984,
    0.9716389535929768,
    0.9701230241209434,
    0.9686440913138188,
    0.9672010299311273,
    0.9657927474020958,
    0.9644181828953158,
    0.9630763064147198,
    0.9617661179211179,
    0.9604866464785836,
    0.9592369494249777,
    0.9580161115659324,
    0.9568232443916364,
    0.955657485315777,
    0.9545179969360131,
    0.9534039663153713,
    0.9523146042839784,
    0.9512491447605566,
    0.9502068440931154,
    0.949186980418309,
    0.9481888530389239,
    0.9472117818189933,
    0.9462551065960308,
    0.9453181866099094,
    0.9444003999479105,
    0.9435011430054938,
    0.9426198299623406,
    0.9417558922732379,
    0.9409087781733835,
    0.9400779521977083,
    0.9392628947138126,
    0.9384631014681432,
    0.9376780831450284,
    0.936907364938214,
    0.9361504861345442,
    0.9354069997094474,
    0.9346764719338894,
    0.9339584819924757,
    0.9332526216123875,
    0.9325584947028416,
    0.9318757170047789,
    0.9312039157504943,
    0.9305427293329229,
    0.9298918069843152,
    0.9292508084640331,
    0.9286194037552085,
    0.927997272770013,
    0.9273841050632976,
    0.9267795995543683,
    0.926183464256671,
    0.9255954160151578,
    0.9250151802511108,
    0.9244424907142202,
    0.9238770892417273,
    0.9233187255244176,
    0.9227671568792735,
    0.9222221480286028,
    0.9216834708854655,
    0.9211509043452187,
    0.9206242340830255,
    0.9201032523571521,
    0.9195877578178938,
    0.9190775553220015,
    0.9185724557524444,
    0.918072275843397,
    0.9175768380104119,
    0.9170859701856249,
    0.9165995056578661,
    0.9161172829179083,
    0.9156391455090941,
    0.9151649418831824,
    0.9146945252618977,
    0.9142277535066994,
    0.9137644890026069,
    0.9133045985690204,
    0.9128479534294824,
    0.9123944293598153,
    0.9119439077285553,
    0.9114962946064773,
    0.911230210649166,
    0.911317428346827,
    0.9115656933313638,
    0.9117899931626162,
    0.9119910364415412,
    0.9121695159756207,
    0.9123261056727567,
    0.9124614604781159,
    0.9125762167500182,
    0.9126709927223762,
    0.9127463889881661,
    0.9128029889837739,
    0.9128413594660666,
    0.9128620509794053,
    0.9128655983113954,
    0.9128525209366966,
    0.9128233234489022,
    0.9127784959807618,
    0.9127185146129227,
    0.9126438417713608,
    0.9125549266137211,
    0.9124522054048357,
    0.9123361018817234,
    0.9122070276083499,
    0.9120653823203914,
    0.9119115542602731,
    0.9117459205027718,
    0.9115688472714485,
    0.9113806902461662,
    0.911181794861933,
    0.9109724965993165,
    0.9107531212666695,
    0.9105239852743895,
    0.9102853959014415,
    0.9100376515543566,
    0.9097810420189232,
    0.9095158487047686,
    0.9092423448830389,
    0.9089607959173632,
    0.9086714594882996,
    0.9083745858114417,
    0.9080704178493669,
    0.9077591915175958,
    0.9074411358847358,
    0.9071164733669682,
    0.9067854199170426,
    0.9064481852079338,
    0.9061049728113093,
    0.9057559803709542,
    0.9054013997712953,
    0.9050414173011645,
    0.9046762138129335,
    0.9043059648771494,
    0.903930840932801,
    0.9035510074333329,
    0.9031666249885378,
    0.9027778495024348,
    0.9023848323072503,
    0.9019877202936113,
    0.9015866560370567,
    0.9011817779209698,
    0.9007732202560357,
    0.9003611133963203,
    0.8999455838520664,
    0.8995267543992979,
    0.899104744186325,
    0.8986796688372335,
    0.8982516405524492,
    0.8978207682064547,
    0.8973871574427412,
    0.8969509107660737,
    0.8965121276321438,
    0.8960709045346862,
    0.8956273350901267,
    0.8951815101198358,
    0.8947335177300532,
    0.8942834433895482,
    0.8938313700050827,
    0.8933773779947342,
    0.8929215453591436,
    0.8924639477507444,
    0.8920046585410297,
    0.8915437488859134,
    0.8910812877892409,
    0.8906173421644974,
    0.890151976894769,
    0.8896852548910026,
    0.8892172371486156,
    0.8887479828024987,
    0.8882775491804601,
    0.8878059918551546,
    0.887333364694538,
    0.8868597199108911,
    0.8863851081084526,
    0.8859095783297006,
    0.8854331781003202,
    0.8849559534728955,
    0.8844779490693598,
    0.8839992081222415,
    0.8835197725147392,
    0.8830396828196563,
    0.8825589783372322,
    0.8820776971318978,
    0.8815958760679848,
    0.8811135508444229,
    0.8806307560284488,
    0.8801475250883588,
    0.8796638904253286,
    0.8791798834043294,
    0.8786955343841628,
    0.8782108727466429,
    0.877725926924948,
    0.8772407244311651,
    0.8767552918830489,
    0.8762696550300219,
    0.8757838387784288,
    0.8752978672160788,
    0.8748117636360825,
    0.8743255505600135,
    0.8738392497604087,
    0.8733528822826254,
    0.8728664684660774,
    0.8723800279648651,
    0.8718935797678168,
    0.871407142217958,
    0.8709207330314246,
    0.8704343693158386,
    0.8699480675881558,
    0.8694618437920055,
    0.8689757133145346,
    0.8684896910027692,
    0.868003791179509,
    0.8675180276587673,
    0.8670324137607679,
    0.8665469623265161,
    0.86606168573195,
    0.8655765959016877,
    0.8650917043223809,
    0.8646070220556866,
    0.8641225597508643,
    0.8636383276570146,
    0.863154335634968,
    0.8626705931688283,
    0.862187109377188,
    0.8617038930240214,
    0.8612209525292652,
    0.8607382959790961,
    0.8602559311359094,
    0.8597738654480133,
    0.8592921060590458,
    0.8588106598171192,
    0.8583295332836994,
    0.8578487327422311,
    0.8573682642065161,
    0.8568881334288512,
    0.8564083459079295,
    0.8559289068965119,
    0.8554498214088804,
    0.8549710942280739,
    0.8544927299129164,
    0.8540147328048402,
    0.8535371070345139,
    0.8530598565282796,
    0.8525829850144004,
    0.8521064960291282,
    0.8516303929225977,
    0.8511546788645499,
    0.8506793568498902,
    0.8502044297040817,
    0.8497299000883834,
    0.8492557705049342,
    0.8487820433016944,
    0.8483087206772396,
    0.847835804685415,
    0.8473632972398542,
    0.8468912001183686,
    0.8464195149672055,
    0.845948243305181,
    0.8454773865276952,
    0.8450069459106322,
    0.8445369226141474,
    0.8440673176863417,
    0.8435981320668229,
    0.8431293665901652,
    0.8426610219892716,
    0.8421930988986346,
    0.8417255978575002,
    0.8412585193129397,
    0.840791863622834,
    0.8403256310587653,
    0.8398598218088239,
    0.8393944359803334,
    0.8389294736024998,
    0.8384649346289785,
    0.8380008189403657,
    0.8375371263466138,
    0.8370738565893765,
    0.8366110093442815,
    0.8361485842231384,
    0.8356865807760804,
    0.8352249984936405,
    0.834763836808765,
    0.8343030950987685,
    0.8338427726872273,
    0.8333828688458185,
    0.8329233827961127,
    0.8324643137113104,
    0.8320056607179216,
    0.8315474228973898,
    0.8310895992876725,
    0.8306321888847791,
    0.8301751906442588,
    0.829718603482642,
    0.8292624262788383,
    0.828806657875497,
    0.8283512970803237,
    0.8278963426673487,
    0.82744179337816,
    0.8269876479231036,
    0.8265339049824455,
    0.8260805632074915,
    0.825627621221675,
    0.8251750776216232,
    0.8247229309781873,
    0.8242711798374353,
    0.8238198227216087,
    0.8233688581300571,
    0.8229182845401464,
    0.8224681004081259,
    0.8220183041699608,
    0.8215688942421551,
    0.8211198690225664,
    0.820671226891195,
    0.820222966210927,
    0.8197750853282462,
    0.8193275825739331,
    0.8188804562637612,
    0.8184337046991702,
    0.8179873261678996,
    0.8175413189445939,
    0.8170956812914005,
    0.8166504114585602,
    0.8162055076849604,
    0.8157609681986525,
    0.8153167912173682,
    0.8148729749490408,
    0.8144295175922952,
    0.8139864173368979,
    0.813543672364209,
    0.8131012808476469,
    0.812659240953144,
    0.8122175508395659,
    0.8117762086590933,
    0.8113352125576022,
    0.8108945606750566,
    0.8104542511458763,
    0.8100142820992696,
    0.8095746516595671,
    0.8091353579465699,
    0.8086963990758778,
    0.8082577731591807,
    0.807819478304544,
    0.8073815126167078,
    0.8069438741973881,
    0.8065065611455352,
    0.8060695715575482,
    0.8056329035275082,
    0.8051965551474374,
    0.8047605245075404,
    0.8043248096964145,
    0.8038894088012665,
    0.8034543199081475,
    0.8030195411021823,
    0.8025850704677635,
    0.8021509060887113,
    0.801717046048441,
    0.8012834884301478,
    0.8008502313169791,
    0.8004172727921746,
    0.7999846109392083,
    0.7995522438419436,
    0.7991201695847925,
    0.7986883862528563,
    0.7982568919320457,
    0.7978256847091969,
    0.7973947626722077,
    0.7969641239101783,
    0.7965337665135257,
    0.7961036885740693,
    0.7956738881851346,
    0.7952443634416789,
    0.7948151124403853,
    0.7943861332797271,
    0.7939574240600568,
    0.7935289828837242,
    0.7931008078551864,
    0.7926728970810886,
    0.7922452486703306,
    0.7918178607341503,
    0.791390731386224,
    0.7909638587427337,
    0.7905372409223856,
    0.7901108760464494,
    0.7896847622388236,
    0.7892588976260564,
    0.7888332803373117,
    0.7884079085043534,
    0.7879827802615849,
    0.7875578937461128,
    0.7871332470977729,
    0.786708838459106,
    0.7862846659753674,
    0.7858607277945961,
    0.7854370220676846,
    0.7850135469483717,
    0.7845903005931957,
    0.7841672811614958,
    0.7837444868154685,
    0.7833219157202211,
    0.7828995660437649,
    0.7824774359569598,
    0.7820555236335242,
    0.781633827250144,
    0.7812123449865861,
    0.7807910750257107,
    0.7803700155533961,
    0.7799491647584864,
    0.7795285208327956,
    0.7791080819710735,
    0.7786878463709209,
    0.7782678122327911,
    0.777847977760103,
    0.7774283411592674,
    0.7770089006395673,
    0.7765896544130718,
    0.7761706006947184,
    0.7757517377024742,
    0.7753330636573851,
    0.774914576783529,
    0.774496275308061,
    0.7740781574613277,
    0.7736602214769139,
    0.7732424655915753,
    0.7728248880451285,
    0.7724074870804397,
    0.7719902609435066,
    0.7715732078834755,
    0.771156326152577,
    0.770739614006128,
    0.7703230697026295,
    0.7699066915038164,
    0.7694904776745993,
    0.7690744264830142,
    0.7686585362002532,
    0.768242805100693,
    0.7678272314618556,
    0.7674118135643445,
    0.7669965496918304,
    0.7665814381310889,
    0.7661664771720369,
    0.7657516651077376,
    0.7653370002343522,
    0.7649224808510705,
    0.7645081052600726,
    0.7640938717665304,
    0.7636797786786097,
    0.763265824307444,
    0.7628520069670889,
    0.7624383249744876,
    0.7620247766494698,
    0.7616113603147502,
    0.7611980742959041,
    0.7607849169213178,
    0.7603718865221536,
    0.7599589814323352,
    0.7595461999885289,
    0.7591335405301144,
    0.7587210013991592,
    0.7583085809404047,
    0.7578962775012543,
    0.75748408943175,
    0.7570720150845417,
    0.7566600528148714,
    0.7562482009805631,
    0.7558364579419999,
    0.7554248220620927,
    0.7550132917062568,
    0.7546018652424008,
    0.7541905410409185,
    0.7537793174746691,
    0.7533681929189447,
    0.7529571657514481,
    0.7525462343522773,
    0.7521353971039134,
    0.7517246523912008,
    0.7513139986013222,
    0.750903434123778,
    0.750492957350376,
    0.750082566675217,
    0.7496722604946752,
    0.7492620372073737,
    0.7488518952141636,
    0.7484418329181071,
    0.7480318487244594,
    0.7476219410406479,
    0.7472121082762538,
    0.7468023488429968,
    0.7463926611547209,
    0.7459830436273757,
    0.7455734946789959,
    0.7451640127296844,
    0.7447545962015963,
    0.7443452435189213,
    0.743935953107863,
    0.7435267233966203,
    0.7431175528153691,
    0.7427084397962433,
    0.7422993827733174,
    0.7418903818288857,
    0.741481437047148,
    0.741072548514192,
    0.7406637163179798,
    0.7402549405483311,
    0.7398462212969037,
    0.7394375586571769,
    0.7390289527244404,
    0.7386204035957821,
    0.7382119113700741,
    0.7378034761479535,
    0.737395098031804,
    0.7369867771257448,
    0.7365785135356169,
    0.7361703073689686,
    0.7357621587350379,
    0.7353540677447388,
    0.7349460345106498,
    0.7345380591470021,
    0.7341301417696641,
    0.7337222824961233,
    0.7333144814454716,
    0.7329067387383931,
    0.7324990544971505,
    0.7320914288455717,
    0.7316838619090342,
    0.7312763538144521,
    0.7308689046902619,
    0.730461514666409,
    0.7300541838743304,
    0.7296469124469417,
    0.7292397005186234,
    0.7288325482252099,
    0.7284254557039717,
    0.7280184230936028,
    0.7276114505342092,
    0.7272045381672956,
    0.7267976861357505,
    0.7263908945838353,
    0.7259841636571737,
    0.7255774935027404,
    0.7251708842688473,
    0.7247643361051294,
    0.7243578491625332,
    0.7239514235933067,
    0.7235450595509859,
    0.7231387571903809,
    0.7227325166675612,
    0.7223263381398473,
    0.7219202217658015,
    0.721514167705216,
    0.7211081761190993,
    0.7207022471696645,
    0.7202963810203192,
    0.7198905778356575,
    0.7194848377814481,
    0.7190791610246242,
    0.7186735477332711,
    0.7182679980766149,
    0.7178625122250124,
    0.7174570903499369,
    0.7170517326239682,
    0.7166464392207836,
    0.7162412103151483,
    0.7158360460829055,
    0.715430946700967,
    0.7150259123473,
    0.7146209432009195,
    0.7142160394418793,
    0.7138112012512604,
    0.7134064288111618,
    0.7130017223046896,
    0.7125970819159485,
    0.7121925078300336,
    0.7117880002330218,
    0.7113835593119601,
    0.7109791852548579,
    0.7105748782506782,
    0.7101706384893265,
    0.7097664661616417,
    0.7093623614593866,
    0.7089583245752388,
    0.7085543557027836,
    0.7081504550365062,
    0.7077466227717804,
    0.7073428591048609,
    0.7069391642328763,
    0.706535538353819,
    0.7061319816665368,
    0.7057284943707238,
    0.7053250766669134,
    0.7049217287564699,
    0.7045184508415819,
    0.7041152431252536,
    0.7037121058112958,
    0.7033090391043205,
    0.7029060432097337,
    0.7025031183337266,
    0.7021002646832676,
    0.7016974824660938,
    0.7012947718907034,
    0.7008921331663496,
    0.7004895665030336,
    0.7000870721114966,
    0.6996846502032122,
    0.6992823009903808,
    0.6988800246859208,
    0.6984778215034624,
    0.6980756916573391,
    0.6976736353625806,
    0.6972716528349067,
    0.6968697442907196,
    0.696467909947097,
    0.6960661500217857,
    0.6956644647331938,
    0.6952628543003839,
    0.6948613189430687,
    0.6944598588816022,
    0.6940584743369748,
    0.6936571655308081,
    0.6932559326853488,
    0.6928547760234622,
    0.692453695768626,
    0.6920526921449229,
    0.6916517653770367,
    0.6912509156902458,
    0.6908501433104182,
    0.6904494484640047,
    0.6900488313780339,
    0.6896482922801058,
    0.6892478313983874,
    0.6888474489616049,
    0.6884471451990396,
    0.6880469203405224,
    0.6876467746164281,
    0.6872467082576703,
    0.6868467214956958,
    0.686446814562479,
    0.6860469876905185,
    0.6856472411128303,
    0.6852475750629429,
    0.6848479897748927,
    0.6844484854832178,
    0.6840490624229547,
    0.6836497208296334,
    0.6832504609392716,
    0.6828512829883703,
    0.6824521872139101,
    0.6820531738533452,
    0.6816542431445982,
    0.6812553953260571,
    0.6808566306365686,
    0.6804579493154359,
    0.6800593516024138,
    0.6796608377377029,
    0.6792624079619459,
    0.6788640625162238,
    0.678465801642051,
    0.6780676255813719,
    0.6776695345765568,
    0.6772715288703965,
    0.6768736087060998,
    0.6764757743272891,
    0.6760780259779967,
    0.6756803639026596,
    0.6752827883461164,
    0.6748852995536033,
    0.6744878977707508,
    0.6740905832435785,
    0.6736933562184928,
    0.6732962169422811,
    0.672899165662109,
    0.6725022026255169,
    0.672105328080415,
    0.6717085422750799,
    0.6713118454581521,
    0.6709152378786315,
    0.6705187197858743,
    0.6701222914295896,
    0.6697259530598347,
    0.669329704927014,
    0.6689335472818746,
    0.6685374803755029,
    0.6681415044593221,
    0.6677456197850875,
    0.6673498266048844,
    0.666954125171125,
    0.6665585157365438,
    0.6661629985541946,
    0.6657675738774483,
    0.6653722419599895,
    0.6649770030558133,
    0.6645818574192226,
    0.6641868053048238,
    0.6637918469675247,
    0.6633969826625329,
    0.6630022126453506,
    0.6626075371717731,
    0.6622129564978847,
    0.6618184708800572,
    0.6614240805749446,
    0.6610297858394821,
    0.6606355869308836,
    0.6602414841066397,
    0.6598474776245153,
    0.6594535677425459,
    0.6590597547190354,
    0.6586660388125537,
    0.6582724202819343,
    0.6578788993862702,
    0.6574854763849124,
    0.6570921515374684,
    0.6566989251037987,
    0.6563057973440145,
    0.6559127685184761,
    0.6555198388877898,
    0.6551270087128069,
    0.6547342782546225,
    0.6543416477745708,
    0.6539491175342247,
    0.6535566877953927,
    0.6531643588201163,
    0.6527721308706678,
    0.6523800042095473,
    0.6519879790994798,
    0.6515960558034131,
    0.6512042345845158,
    0.650812515706176,
    0.6504208994319981,
    0.6500293860258015,
    0.6496379757516192,
    0.6492466688736978,
    0.6488554656564977,
    0.6484643663646878,
    0.648073371263145,
    0.6476824806169519,
    0.6472916946913956,
    0.6469010137519655,
    0.6465104380643497,
    0.646119967894436,
    0.6457296035083108,
    0.6453393451722571,
    0.644949193152755,
    0.6445591477164769,
    0.6441692091302905,
    0.6437793776612559,
    0.6433896535766226,
    0.6430000371438273,
    0.6426105286304945,
    0.642221128304438,
    0.6418318364336612,
    0.6414426532863537,
    0.6410535791308938,
    0.6406646142358488,
    0.6402757588699786,
    0.6398870133022371,
    0.63949837780177,
    0.6391098526379168,
    0.6387214380802155,
    0.6383331343984113,
    0.6379449418624564,
    0.6375568607425081,
    0.6371688913089295,
    0.6367810338322988,
    0.6363932885834219,
    0.6360056558333416,
    0.6356181358533385,
    0.6352307289149423,
    0.634843435289951,
    0.634456255250449,
    0.6340691890688135,
    0.6336822370177326,
    0.6332953993702458,
    0.6329086763997918,
    0.6325220683802402,
    0.6321355755859139,
    0.6317491982916371,
    0.6313629367728338,
    0.6309767913056589,
    0.6305907621671092,
    0.6302048496351065,
    0.6298190539886238,
    0.6294333755079422,
    0.62904781447502,
    0.6286623711738607,
    0.6282770458908279,
    0.6278918389151039,
    0.6275067505395014,
    0.6271217810618147,
    0.6267369307869938,
    0.626352200029983,
    0.6259675891188217,
    0.6255830983988756,
    0.6251987282411501,
    0.6248144790605262,
    0.6244303513532423,
    0.624046345764685,
    0.623662463208427,
    0.623278705084288,
    0.6228950737110681,
    0.6225115734443847,
    0.6221282144110999,
    0.6217450343515457,
    0.6215512205992993,
    0.6217287731257618,
    0.622074393534626,
    0.6223922902804948,
    0.6226832224491227,
    0.6229480074822025,
    0.6231874533513679,
    0.6234023488989222,
    0.623593462344729,
    0.6237615430452834,
    0.6239073282501796,
    0.6240316409444676,
    0.6242360364749827,
    0.62461802688484,
    0.6250698772144939,
    0.6254880149460099,
    0.6258735400004651,
    0.6262274044251361,
    0.6265504827034902,
    0.6268436917650498,
    0.6271079647318829,
    0.6273442165580773,
    0.6275533379954727,
    0.6277361947045833,
    0.6278936273996457,
    0.6280264523309492,
    0.6281354618938781,
    0.6282214252721185,
    0.628285089082056,
    0.6283271780080787,
    0.6283483954243033,
    0.6283494240002575,
    0.6283309262897805,
    0.6282935453039002,
    0.6282379050686291,
    0.6281646111677649,
    0.6280742512704116,
    0.6279673956434959,
    0.6278445976498622,
    0.6277063942323935,
    0.6275533063845218,
    0.6273858396074652,
    0.6272044843545557,
    0.6270097164630615,
    0.6268019975738125,
    0.6265817755389227,
    0.6263494848179624,
    0.6261055468629344,
    0.625850370492337,
    0.6255843522546198,
    0.6253078767813536,
    0.6250213171303965,
    0.6247250351193057,
    0.624419381649266,
    0.6241046970198162,
    0.6237813112346547,
    0.6234495442987904,
    0.6231097065072652,
    0.6227620987256737,
    0.6224070126627076,
    0.6220447311349488,
    0.6216755283241353,
    0.6212996700271052,
    0.6209174138986364,
    0.6205290096873944,
    0.6201346994651695,
    0.6197347178495827,
    0.6193292922204517,
    0.6189186429300061,
    0.6185029835071247,
    0.6180825208557529,
    0.617657455447661,
    0.61722798150972,
    0.6167942872058464,
    0.6163565548137558,
    0.6159149608966712,
    0.6154696764701407,
    0.6150208671641072,
    0.6145686933803529,
    0.6141133104454497,
    0.6136548687593465,
    0.6131935139397187,
    0.6127293869621959,
    0.6122626242965801,
    0.611793358039171,
    0.6113217160413087,
    0.6108478220342425,
    0.6103717957504406,
    0.6098937530414306,
    0.609413805992263,
    0.6089320630327071,
    0.6084486290452699,
    0.6079636054701172,
    0.6074770904069796,
    0.6069891787141303,
    0.6064999621045257,
    0.6060095292391909,
    0.6055179658179282,
    0.6050253546674301,
    0.6045317758268728,
    0.6040373066310628,
    0.6035420217911929,
    0.6030459934732686,
    0.6025492913742869,
    0.6020519827962101,
    0.6015541327177911,
    0.6010558038643745,
    0.6005570567757424,
    0.6000579498719717,
    0.5995585395173405,
    0.5990588800823962,
    0.598559024004223,
    0.5980590218449375,
    0.5975589223485346,
    0.5970587724961421,
    0.5965586175595796,
    0.5960585011532689,
    0.5955584652847377,
    0.595058550403737,
    0.5945587954497886,
    0.5940592378981848,
    0.5935599138047521,
    0.593060857849476,
    0.5925621033787323,
    0.5920636824461842,
    0.5915656258527701,
    0.5910679631858432,
    0.5905707228571078,
    0.5900739321390958,
    0.5895776172004357,
    0.5890818031403915,
    0.58858651402264,
    0.5880917729078924,
    0.5875976018853905,
    0.5871040221036572,
    0.5866110538005872,
    0.5861187163326159,
    0.5856270282028029,
    0.5851360070879897,
    0.5846456698652837,
    0.584156032637822,
    0.5836671107596315,
    0.5831789188596425,
    0.5826914708650696,
    0.582204780024218,
    0.5817188589286101,
    0.5812337195343652,
    0.5807493731829109,
    0.5802658306211291,
    0.5797831020209394,
    0.5793011969982677,
    0.5788201246314324,
    0.5783398934790089,
    0.5778605115971891,
    0.5773819865566204,
    0.5769043254587102,
    0.5764275349514338,
    0.5759516212446979,
    0.5754765901252574,
    0.5750024469711678,
    0.5745291967657988,
    0.5740568441114512,
    0.5735853932425863,
    0.5731148480386493,
    0.572645212036486,
    0.5721764884423791,
    0.5717086801437337,
    0.5712417897204254,
    0.5707758194557998,
    0.570310771347323,
    0.5698466471169017,
    0.5693834482208938,
    0.5689211758598182,
    0.5684598309877679,
    0.5679994143215447,
    0.5675399263495267,
    0.5670813673402562,
    0.5666237373507566,
    0.5661670362345999,
    0.5657112636497299,
    0.5652564190660307,
    0.5648025017726591,
    0.5643495108851667,
    0.5638974453524109,
    0.5634463039632486,
    0.56299608535301,
    0.5625467880097714,
    0.5620984102804307,
    0.5616509503765903,
    0.5612044063802496,
    0.5607587762493248,
    0.560314057822998,
    0.5598702488268944,
    0.5594273468780977,
    0.5589853494900039,
    0.5585442540770192,
    0.5581040579591161,
    0.5576647577821573,
    0.5572263501062344,
    0.5567888314097887,
    0.5563521980936031,
    0.5559164464846652,
    0.5554815728399043,
    0.5550475733498189,
    0.5546144441419906,
    0.5541821812844715,
    0.5537507807890536,
    0.5533202386144431,
    0.5528905506693453,
    0.5524617128154292,
    0.5520337208701771,
    0.5516065706096414,
    0.5511802577711292,
    0.5507547780557954,
    0.5503301271311407,
    0.5499063006334464,
    0.5494832941701431,
    0.5490611033220741,
    0.5486397236456516,
    0.5482191506749693,
    0.5477993799238833,
    0.547380406887998,
    0.5469622270465522,
    0.5465448358642878,
    0.5461282287933233,
    0.5457124012749502,
    0.5452973487413287,
    0.5448830666171928,
    0.5444695503216154,
    0.5440567952697315,
    0.5436447968743884,
    0.5432335505479121,
    0.5428230517040818,
    0.5424132957600255,
    0.5420042781380515,
    0.5415959942681442,
    0.5411884395915351,
    0.5407816095650028,
    0.5403754996664037,
    0.539970105404418,
    0.5395654223370004,
    0.5391614461030471,
    0.53875817248158,
    0.5383555975453237,
    0.5379537181716982,
    0.5375525332877434,
    0.5371529143900996,
    0.5367556959256434,
    0.5363599328614286,
    0.5359647154270121,
    0.5355700404922801,
    0.5351759056608917,
    0.5347823094464945,
    0.534389250690156,
    0.5339967283324321,
    0.5336047413217517,
    0.5332132885777032,
    0.5328223689747373,
    0.5324319813342526,
    0.5320421244207326,
    0.531652796939704,
    0.5312639975370469,
    0.5308757247996574,
    0.5304879772569139,
    0.5301007533824208,
    0.529714051595853,
    0.5293278702648199,
    0.5289422077067806,
    0.5285570621910596,
    0.5281724319409044,
    0.527788315135507,
    0.5274047099119815,
    0.5270216143672884,
    0.5266390265600999,
    0.5262569445126183,
    0.5258753662123713,
    0.5254942896139692,
    0.5251137126408083,
    0.524733633186723,
    0.5243540491175853,
    0.5239749582728533,
    0.5235963584670659,
    0.5232182474912919,
    0.5228406231145366,
    0.5224634830851065,
    0.5220868251319324,
    0.5217106469658458,
    0.5213349462808162,
    0.5209597207551466,
    0.5205849680526276,
    0.5202106858236524,
    0.5198368717062943,
    0.5194635233273449,
    0.519090638303317,
    0.518718214241414,
    0.5183462487404636,
    0.5179747393918233,
    0.5176036837802501,
    0.5172330794847433,
    0.5168629240793557,
    0.5164932151339745,
    0.5161239502150746,
    0.5157551268864443,
    0.5153867427098823,
    0.5150187952458724,
    0.5146512820542327,
    0.514284200694739,
    0.5139175487277268,
    0.5135513237146683,
    0.5131855232187268,
    0.5128201448052927,
    0.5124551860424966,
    0.5120906445017026,
    0.5117265177579835,
    0.5113628033905742,
    0.5109994989833088,
    0.5106366021250393,
    0.5102741104100372,
    0.5099120214383782,
    0.5095503328163105,
    0.5091890421566083,
    0.50882814707891,
    0.5084676452100411,
    0.5081075341843239,
    0.5077478116438722,
    0.5073884752388738,
    0.5070295226278587,
    0.5066709514779578,
    0.5063127594651456,
    0.5059549442744742,
    0.5055975036002943,
    0.5052404351464655,
    0.504883736626556,
    0.5045274057640323,
    0.5041714402924388,
    0.5038158379555666,
    0.5034605965076161,
    0.503105713713347,
    0.5027511873482218,
    0.502397015198541,
    0.5020431950615687,
    0.5016897247456518,
    0.5013366020703308,
    0.5009838248664434,
    0.5006313909762216,
    0.5002792982533809,
    0.49992754456320465,
    0.4995761277826194,
    0.4992250458002666,
    0.4988742965165667,
    0.49852387784377766,
    0.49817378770604964,
    0.4978240240394713,
    0.4974745847921137,
    0.49712546792406814,
    0.49677667140747855,
    0.49642819322657045,
    0.496080031377675,
    0.49573218386924817,
    0.4953846487218868,
    0.49503742396834016,
    0.4946905076535172,
    0.4943438978344913,
    0.49399759258050024,
    0.4936515899729431,
    0.4933058881053741,
    0.49296048508349277,
    0.4926153790251321,
    0.49227056806024216,
    0.491926050330873,
    0.49158182399115335,
    0.4912378872072666,
    0.49089423815742556,
    0.49055087503184375,
    0.49020779603270476,
    0.4898649993741292,
    0.4895224832821406,
    0.4891802459946279,
    0.4888382857613065,
    0.4884966008436783,
    0.4881551895149883,
    0.48781405006018125,
    0.48747318077585555,
    0.4871325799702158,
    0.4867922459630245,
    0.4864521770855525,
    0.4861123716805267,
    0.48577282810207745,
    0.48543354471568584,
    0.48509451989812735,
    0.48475575203741683,
    0.48441723953275123,
    0.4840789807944514,
    0.4837409742439039,
    0.48340321831350136,
    0.4830657114465809,
    0.48272845209736376,
    0.48239143873089335,
    0.4820546698229719,
    0.4817181438600986,
    0.4813818593394055,
    0.4810458147685938,
    0.4807100086658686,
    0.4803744395598745,
    0.4800391059896304,
    0.4797040065044641,
    0.4793691396639468,
    0.4790345040378259,
    0.4787000982059613,
    0.4783659207582575,
    0.4780319702945987,
    0.4776982454247823,
    0.4773647447684521,
    0.4770314669550348,
    0.47669841062367224,
    0.47636557442315547,
    0.47603295701186,
    0.47570055705768166,
    0.475368373237972,
    0.47503640423947613,
    0.4747046487582702,
    0.4743731054997014,
    0.47404177317833135,
    0.473710650517877,
    0.4733797362511552,
    0.47304902912003516,
    0.4727185278753899,
    0.47238823127704993,
    0.4720581380937641,
    0.47172824710317174,
    0.4713985570917892,
    0.47106906685500677,
    0.47073977519708976,
    0.47041068093118726,
    0.47008178287936875,
    0.46975307987271553,
    0.46942457075147354,
    0.46909625436526553,
    0.46876812957339126,
    0.4684401952452903,
    0.46811245026127457,
    0.46778489351364805,
    0.4674575239082127,
    0.46713034036620854,
    0.46680334182750194,
    0.4664765272565374,
    0.466149895652681,
    0.46582344606854326,
    0.4654971776465829,
    0.46517108970356136,
    0.46484518195986463,
    0.4645194553559962,
    0.46419391668206217,
    0.4638686595865729,
    0.4635478166594159,
    0.46324657551372106,
    0.4631850408022338,
    0.4635522842712452,
    0.4641069747964917,
    0.4646281611746284,
    0.4651169006105065,
    0.4656317842182636,
    0.4662290942798465,
    0.4668479421811772,
    0.46754059769088563,
    0.4684148563353716,
    0.4693527479418318,
    0.4702406562176175,
    0.4710800263742701,
    0.47187229794094876,
    0.4726189428652142,
    0.47332161599608186,
    0.474057879216345,
    0.47492197329157004,
    0.4758526572789381,
    0.4767511812552493,
    0.47759858874318417,
    0.4784652355032404,
    0.47941849530793973,
    0.48038594564361825,
    0.48129806226715055,
    0.48226682737576865,
    0.483400058441166,
    0.4845809733756886,
    0.48569702351648797,
    0.48682593857400236,
    0.4882307388537036,
    0.4900128359961674,
    0.49189335495701175,
    0.4936797515569796,
    0.49537499307177685,
    0.49698196614176354,
    0.4985034742088663,
    0.49994223910408947,
    0.501300903128581,
    0.5025820312026555,
    0.5037881130150192,
    0.5049215651405795,
    0.5059847331118901,
    0.5069798934399121,
    0.5079092555819376,
    0.5087749638559514,
    0.5095790993019202,
    0.5103236814910344,
    0.5110106702842127,
    0.5116419675412127,
    0.5122194187816106,
    0.5127448147988648,
    0.5132198932287323,
    0.5136463400733235,
    0.5140257911820316,
    0.5143598336905241,
    0.5146500074189709,
    0.514897806230646,
    0.5151046793520236,
    0.5152720326554526,
    0.5154012299054502,
    0.5154935939696401,
    0.5155504079953426,
    0.5155729165527909,
    0.5155623267459086,
    0.5155198092915566,
    0.5154464995681443,
    0.5153434986344685,
    0.5152118742196228,
    0.5150526616847962,
    0.5148668649577491,
    0.5146554574407426,
    0.5144193828926709,
    0.514159556286123,
    0.5138768646400843,
    0.5135721678289632,
    0.5132462993686107,
    0.5129000671799895,
    0.5125342543311224,
    0.5121496197579295,
    0.5117468989645547,
    0.5113268047037612,
    0.5108900276379583,
    0.5104372369814076,
    0.5099690811241399,
    0.5094861882380995,
    0.5089891668660231,
    0.508478606493534,
    0.5079550781049352,
    0.507419134723153,
    0.506871311934286,
    0.5063121283971939,
    0.5057420863385502,
    0.5051616720337648,
    0.504571356274184,
    0.5039715948209499,
    0.5033628288458984,
    0.5027454853598644,
    0.5021199776287479,
    0.5014867055776889,
    0.5008460561836914,
    0.5001984038570195,
    0.4995441108116822,
    0.49888352742532005,
    0.4982169925887887,
    0.49754483404573613,
    0.49686736872245557,
    0.49618490304829016,
    0.4954977332668532,
    0.49480614573832815,
    0.4941104172331003,
    0.49341081521696595,
    0.49270759812815845,
    0.492001015646421,
    0.4912913089543516,
    0.49057871099124317,
    0.48986344669962656,
    0.48914573326472666,
    0.4884257803470335,
    0.48770379030818384,
    0.4869799584303411,
    0.48625447312925546,
    0.4855275161611876,
    0.484799262823868,
    0.4840698821516641,
    0.4833395371051201,
    0.48260838475502804,
    0.48187657646118226,
    0.4811442580459695,
    0.4804115699629422,
    0.4796786474605189,
    0.4789456207409504,
    0.47821261511468943,
    0.47747975115029,
    0.47674714481996244,
    0.47601490764090704,
    0.47528314681254724,
    0.47455196534978517,
    0.4738214622123924,
    0.47309173243063896,
    0.4723628672272683,
    0.4716349541359207,
    0.4709080771161084,
    0.4701823166648437,
    0.4694577499250141,
    0.468734450790591,
    0.46801249000877304,
    0.46729193527915436,
    0.46657285134999676,
    0.4658553001116804,
    0.4651393406874119,
    0.46442502952128084,
    0.4637124204637476,
    0.4630015648546173,
    0.4622925116035772,
    0.46158530726838276,
    0.46087999613074626,
    0.46017662026998724,
    0.45947521963451976,
    0.45877583211121525,
    0.4580784935926945,
    0.4573832380426536,
    0.4566900975592651,
    0.4559991024366838,
    0.45531028122477524,
    0.4546236607871116,
    0.4539392663572131,
    0.4532571215931479,
    0.45257724863057003,
    0.4518996681341332,
    0.45122439934729314,
    0.45055146014059155,
    0.44988086705847946,
    0.4492126353648934,
    0.448546779087752,
    0.44788331106212287,
    0.44722224297193947,
    0.44656358539056534,
    0.44590734782005387,
    0.44525353872892914,
    0.4446021655892797,
    0.443953234913465,
    0.44330675229003347,
    0.44266272241914106,
    0.4420211491469096,
    0.4413820354981912,
    0.44074538370927396,
    0.4401111952606882,
    0.43947947091177575,
    0.43885021074345654,
    0.43822341420880434,
    0.4375990801908559,
    0.4369772070933542,
    0.43635779300028943,
    0.4357408359696354,
    0.4351263347964865,
    0.43451429159424515,
    0.433904729117911,
    0.43329799010753123,
    0.43269900689501506,
    0.4321119026690071,
    0.43153137235687244,
    0.43095257802468107,
    0.43037556318155945,
    0.4298004359120653,
    0.4292272211594903,
    0.42866473728050625,
    0.42812152444840346,
    0.42758808173938306,
    0.4270551565213586,
    0.42652271802798186,
    0.4259908058881158,
    0.4254594603029689,
    0.4249287222905775,
    0.4243986363412912,
    0.4238692547647388,
    0.4233415492689157,
    0.4228245313187082,
    0.4223250195315772,
    0.421833382536089,
    0.4213412686101115,
    0.4208487406661899,
    0.42035586573289396,
    0.41986270991655905,
    0.41936933740758825,
    0.4188758102816299,
    0.41838218847175523,
    0.41788852976545354,
    0.41739488982593625,
    0.41690132223927645,
    0.4164078785706988,
    0.4159146084185056,
    0.41542155946755643,
    0.41492877754489094,
    0.41443630667518044,
    0.4139441891340964,
    0.4134524655004178,
    0.4129611747078636,
    0.4124703540959877,
    0.4119800394592346,
    0.4114902650944525,
    0.41100106351797117,
    0.41051246584059664,
    0.4100245018116743,
    0.4095371998618192,
    0.4090505871445504,
    0.40856468957678865,
    0.4080795318780883,
    0.4075951376086737,
    0.40711152920644983,
    0.4066287280230065,
    0.4061467543585196,
    0.4056656274955694,
    0.40518536573199976,
    0.4047059864128631,
    0.4042275059614215,
    0.4037499399092118,
    0.40327330292523483,
    0.4027976088443018,
    0.40232287069454076,
    0.4018491007240701,
    0.4013763104268724,
    0.4009045105679207,
    0.400433711207572,
    0.3999639217252224,
    0.399495150842246,
    0.3990274066442614,
    0.3985606966027421,
    0.398095027595985,
    0.3976304059294441,
    0.3971668373554492,
    0.39670432709233744,
    0.39624287984301687,
    0.3957824998129713,
    0.3953231907277206,
    0.3948649558497607,
    0.39440779799499404,
    0.3939517195486619,
    0.39349672248078893,
    0.3930428083611616,
    0.39258997837385873,
    0.3921382333313394,
    0.3916875736880985,
    0.3912379995539027,
    0.39078951070662593,
    0.39034210660469465,
    0.3898957863991501,
    0.38945054894533554,
    0.38900639281422755,
    0.38856331630342195,
    0.3881213174477779,
    0.3876803940297301,
    0.38724054358928456,
    0.3868017634337063,
    0.3863640506469048,
    0.38592740209852555,
    0.3854918144527576,
    0.385057284176867,
    0.3846238075494612,
    0.38419138066849134,
    0.38375999945900674,
    0.3833296596806629,
    0.3829003569349912,
    0.38247208667243654,
    0.38204484419917345,
    0.38161862468370655,
    0.38119342316325894,
    0.3807692345499541,
    0.3803460536367976,
    0.37992387510346787,
    0.37950269352192145,
    0.3790825033618136,
    0.3786632989957423,
    0.37824507470432006,
    0.37782782468108317,
    0.37741154303723934,
    0.37699622380625725,
    0.3765818609483023,
    0.3761684483545265,
    0.3757559798512148,
    0.375344449203793,
    0.3749338501206996,
    0.3745241762571276,
    0.3741154212186418,
    0.37370757856467296,
    0.37330064181189293,
    0.3728946044374728,
    0.3724894598822286,
    0.3720852015536593,
    0.37168182282887957,
    0.371279317057448,
    0.37087767756409756,
    0.37047689765137,
    0.3700769706021577,
    0.36967788968215365,
    0.3692796481422127,
    0.3688822392206275,
    0.36848565614532425,
    0.3680898921359785,
    0.3676949404060513,
    0.36730079416474987,
    0.36690744661891633,
    0.3665148909748451,
    0.3661231204400317,
    0.3657321282248536,
    0.36534190754418705,
    0.36495245161896434,
    0.3645637536776689,
    0.3641758069577716,
    0.36378860470710805,
    0.3634021401852031,
    0.363016406664542,
    0.36263139743179046,
    0.36224710578896396,
    0.3618635250545463,
    0.36148064856456275,
    0.361098469673609,
    0.36071698175583455,
    0.3603361782058832,
    0.35995605243979223,
    0.35957659789585356,
    0.3591978080354357,
    0.3588196763437672,
    0.358442196330683,
    0.3580653615313354,
    0.3576891655068713,
    0.3573136018450771,
    0.35693866416099107,
    0.3565643460974854,
    0.3561906413258194,
    0.3558175435461646,
    0.35544504648809844,
    0.35507314391107264,
    0.35470182960485563,
    0.354331097389949,
    0.35396094111798104,
    0.35359135467207525,
    0.3532223319671967,
    0.35285386695047977,
    0.35248595360153046,
    0.3521185859327088,
    0.35175175798938885,
    0.35138546385020053,
    0.3510196976272571,
    0.35065445346636287,
    0.3502897255472023,
    0.349925508083513,
    0.3495617953232418,
    0.34919858154868594,
    0.348835861076623,
    0.3484736282584205,
    0.34811187748013406,
    0.34775060316259243,
    0.34738979976147,
    0.3470294617673475,
    0.3466695837057593,
    0.3463101601372265,
    0.3459511856572813,
    0.34559265489648205,
    0.3452345625204179,
    0.3448769032297038,
    0.34451967175996323,
    0.3441628628818014,
    0.34380647140077136,
    0.34345049215733126,
    0.343094920026794,
    0.34273974991926925,
    0.34238497677959606,
    0.3420305955872685,
    0.341676601356357,
    0.3413229891354222,
    0.34096975400742074,
    0.3406168910896054,
    0.34026439553341986,
    0.3399122625243886,
    0.3395604872820027,
    0.33920906505959697,
    0.33885799114422105,
    0.33850726085650906,
    0.3381568695505446,
    0.33780681261372303,
    0.3374570854666089,
    0.33710768356278703,
    0.33675860238871014,
    0.33640983746354336,
    0.33606138433900706,
    0.33571323859921787,
    0.3353653958605239,
    0.3350178517713373,
    0.3346706020119651,
    0.33432364229443795,
    0.3339769683623357,
    0.33363057599061,
    0.33328446098540226,
    0.3329386191838616,
    0.3325930464539613,
    0.33224773869431273,
    0.3319026918339786,
    0.33155790183228384,
    0.33121336467862417,
    0.3308690763922736,
    0.3305250330221926,
    0.33018123064683447,
    0.32983766537394904,
    0.3294943333403871,
    0.3291512307119064,
    0.32880835368297806,
    0.3284656984765882,
    0.32812326134403785
]