[
    1.2589432581162465,
    1.2585675158000664,
    1.2535402491755363,
    1.2528113142682276,
    1.2520967063662376,
    1.251395963283751,
    1.2507086363522455,
    1.2500342900349775,
    1.249372501552374,
    1.248722860518022,
    1.2480849685849644,
    1.2474584391020078,
    1.2468428967797678,
    1.2462379773661607,
    1.2456433273310736,
    1.24505860355996,
    1.2444834730561156,
    1.2439176126513796,
    1.2433607087250347,
    1.2428124569306798,
    1.2422725619308268,
    1.2417407371390001,
    1.2412167044691576,
    1.2407001940922335,
    1.2401909441995649,
    1.239688700773001,
    1.239193217361537,
    1.2387042548642948,
    1.2382215813196515,
    1.2377449717003308,
    1.2372742077143126,
    1.2368090776113807,
    1.23634937599515,
    1.2358949036404387,
    1.2354454673158288,
    1.2350008796112588,
    1.2345609587705202,
    1.2341255285285055,
    1.233694417953047,
    1.233267461291247,
    1.232844497820194,
    1.2324253717019138,
    1.2320099318424527,
    1.2315980317549824,
    1.23118952942677,
    1.2307842871899055,
    1.2303821715957386,
    1.229983053292937,
    1.229586806908987,
    1.2291933109350406,
    1.2288024476140722,
    1.2284141028322562,
    1.2280281660133816,
    1.227644530016222,
    1.2272630910349138,
    1.2268837485023145,
    1.2265064049960988,
    1.2261309661474629,
    1.2257573405525513,
    1.22538543968652,
    1.2250151778199312,
    1.2246464719374044,
    1.2242792416587545,
    1.2239134091626602,
    1.2235488991125183,
    1.2231856385842896,
    1.222823556996621,
    1.2224625860435872,
    1.2221026596298992,
    1.2217437138077538,
    1.2213856867149522,
    1.22102851851524,
    1.2206721513415126,
    1.2203165292417208,
    1.2199615981289507,
    1.2196073057375483,
    1.2192536015815567,
    1.218900436909263,
    1.218547764656076,
    1.2181955394049109,
    1.2178437173633003,
    1.21749225636935,
    1.2171411159519452,
    1.2167902575299987,
    1.2164396450626995,
    1.2160892475592837,
    1.2157390527076852,
    1.2153891450544039,
    1.21503998329424,
    1.214753235616637,
    1.2145968398841154,
    1.2145135645425218,
    1.2144299330451782,
    1.214336315081489,
    1.2142327791743157,
    1.214119547006325,
    1.21399686647839,
    1.2138649827198167,
    1.2137241329681685,
    1.2135745528269573,
    1.2134164781560797,
    1.213250142338842,
    1.2130757741940041,
    1.212893597053062,
    1.2127038284648548,
    1.2125066801576851,
    1.2123023580901207,
    1.2120910625365284,
    1.2118729881849009,
    1.2116483242504987,
    1.2114172546150983,
    1.211179957978749,
    1.2109366080056891,
    1.2106873734601533,
    1.2104324183364232,
    1.2101719019872543,
    1.2099059792514397,
    1.2096348005792406,
    1.2093585121549182,
    1.209077256015606,
    1.2087911701652656,
    1.2085003886849832,
    1.2082050418422323,
    1.2079052561988501,
    1.2076011547162075,
    1.2072928568572887,
    1.2069804786858178,
    1.2066641329623766,
    1.2063439292373725,
    1.2060199739411823,
    1.2056923704722506,
    1.2053612192831822,
    1.2050266179643625,
    1.2046886613251848,
    1.2043474414730835,
    1.2040030478899901,
    1.203655567506227,
    1.203305084772684,
    1.2029516817312682,
    1.202595438083069,
    1.202236431254479,
    1.2018747364615028,
    1.2015104267722188,
    1.201143573167675,
    1.2007742446014624,
    1.2004025080578524,
    1.2000284286079486,
    1.1996520694637063,
    1.1992734920306287,
    1.1988927559596512,
    1.1985099191978283,
    1.1981250380371697,
    1.1977381671615157,
    1.1973493596925195,
    1.1969586672352281,
    1.1965661399219172,
    1.196171826453705,
    1.1957757741416168,
    1.195378028947656,
    1.1949786355242131,
    1.194577637251485,
    1.1941750762750514,
    1.1937709935444247,
    1.1933654288500632,
    1.1929584208577737,
    1.1925500071442399,
    1.192140224235265,
    1.1917291076425711,
    1.1913166918988563,
    1.1909030105982317,
    1.1904880964431683,
    1.190071981284269,
    1.1896546961483006,
    1.1892362712819955,
    1.188816736238115,
    1.1883961199950024,
    1.1879744510803347,
    1.1875517577433439,
    1.1871280685122412,
    1.1867034139752535,
    1.1862778318214837,
    1.1858513830673247,
    1.185424228926722,
    1.1849991057087454,
    1.1845867920675686,
    1.1841924831705786,
    1.1838045393797834,
    1.1834142442171967,
    1.1830215782619937,
    1.1826265980701216,
    1.182229364496498,
    1.1818299386632878,
    1.1814283810644246,
    1.1810247510816623,
    1.18061910675395,
    1.180211504683315,
    1.179801999986733,
    1.17939064628224,
    1.178977495705746,
    1.1785625989409592,
    1.1781460052492405,
    1.1777277624985987,
    1.1773079171952587,
    1.176886514517215,
    1.1764635983475744,
    1.1760392113072018,
    1.1756133947868956,
    1.1751861889794755,
    1.1747576329120206,
    1.1743277644780368,
    1.1738966204691237,
    1.1734642366058499,
    1.173030647567698,
    1.1725958870222009,
    1.1721599876534967,
    1.1717229811903138,
    1.1712848984332263,
    1.1708457692811023,
    1.1704056227567652,
    1.169964487031961,
    1.1695223894517237,
    1.1690793565581314,
    1.1686354141133908,
    1.1681905871222287,
    1.1677448998536486,
    1.1672983758620998,
    1.1668510380080914,
    1.1664029084782281,
    1.1659540088046678,
    1.1655043598840085,
    1.1650539819956467,
    1.1646028948196276,
    1.1641511174540047,
    1.1636986684317,
    1.163245565736877,
    1.162791826820847,
    1.1623374686175334,
    1.1618825075585122,
    1.1614269595876265,
    1.1609708401751775,
    1.1605141643317038,
    1.160056946621366,
    1.1595992011749598,
    1.1591409417025682,
    1.1586821815058497,
    1.1582229334899756,
    1.1577632101752238,
    1.1573030237082391,
    1.1568423858729735,
    1.15638130810132,
    1.1559198014834438,
    1.1554578767778187,
    1.154995544420968,
    1.1545328145369285,
    1.154069696946448,
    1.1536062011759198,
    1.1531423364660636,
    1.1526781117803533,
    1.1522135358132104,
    1.1517486169979627,
    1.1512833635145732,
    1.1508177832971491,
    1.1503518840412341,
    1.1498856732108964,
    1.1494191580456092,
    1.1489523455669342,
    1.148485242585011,
    1.148017855704869,
    1.1475501913325499,
    1.1470822556810565,
    1.1466140547761334,
    1.146145594461879,
    1.1456768804061959,
    1.1452079181060824,
    1.1447387128927766,
    1.1442692699367512,
    1.1437995942525636,
    1.1433296907035682,
    1.1428595640064865,
    1.1423892187358526,
    1.1419186593283233,
    1.14144789008687,
    1.1409769151848483,
    1.1405057386699446,
    1.1400343644680142,
    1.1395627963868054,
    1.1390910381195771,
    1.1386190932486135,
    1.1381469652486322,
    1.1376746574901,
    1.1372021732424464,
    1.1367295156771884,
    1.1362566878709603,
    1.1357836928084615,
    1.1353105333853104,
    1.1348372124108224,
    1.134363732610704,
    1.1338900966296661,
    1.1334163070339671,
    1.1329423663138751,
    1.132468276886063,
    1.1319940410959304,
    1.1315196612198606,
    1.131045139467409,
    1.1305704779834285,
    1.1300956788501322,
    1.1296207440890966,
    1.1291456756632055,
    1.1286704754785346,
    1.128195145386186,
    1.127719687184063,
    1.1272441026185949,
    1.1267683933864125,
    1.1262925611359724,
    1.1258166074691331,
    1.1253405339426859,
    1.124864342069839,
    1.1243880333216587,
    1.123911609128467,
    1.1234350708812,
    1.1229584199327214,
    1.122481657599102,
    1.1220047851608588,
    1.1215278038641554,
    1.1210507149219724,
    1.120573519515234,
    1.1200962187939092,
    1.1196188138780754,
    1.119141305858952,
    1.1186636957999032,
    1.1181859847374087,
    1.1177081736820074,
    1.1172302636192117,
    1.1167522555103941,
    1.1162741502936466,
    1.1157959488846156,
    1.1153176521773114,
    1.1148392610448916,
    1.1143607763404229,
    1.1138821988976162,
    1.1134035295315416,
    1.1129247690393222,
    1.1124459182008046,
    1.1119669777792096,
    1.1114879485217626,
    1.1110088311603035,
    1.110529626411881,
    1.1100503349793251,
    1.1095709575518058,
    1.1090914948053707,
    1.108611947403468,
    1.1081323159974525,
    1.1076526012270749,
    1.1071728037209572,
    1.106692924097056,
    1.1062129629631063,
    1.105732920917057,
    1.1052527985474876,
    1.1047725964340147,
    1.1042923151476833,
    1.1038119552513468,
    1.1033315173000378,
    1.102851001841324,
    1.1023704094156526,
    1.101889740556684,
    1.1014089957916198,
    1.1009281756415121,
    1.1004472806215688,
    1.099966311241444,
    1.0994852680055236,
    1.0990041514132025,
    1.0985229619591461,
    1.0980417001335503,
    1.0975603664223896,
    1.0970789613076561,
    1.0965974852675942,
    1.0961159387769217,
    1.0956343223070502,
    1.095152636326292,
    1.0946708813000625,
    1.0941890576910738,
    1.0937071659595257,
    1.0932252065632855,
    1.0927431799580656,
    1.0922610865975944,
    1.0917789269337788,
    1.0912967014168609,
    1.0908144104955702,
    1.090332054617275,
    1.0898496342281245,
    1.0893671497731834,
    1.0888846016965654,
    1.0884019904415618,
    1.0879193164507641,
    1.0874365801661807,
    1.0869537820293511,
    1.0864709224814584,
    1.08598800196344,
    1.0855050209160881,
    1.0850219797801486,
    1.084538878996413,
    1.084055719005814,
    1.0835725002495111,
    1.0830892231689724,
    1.0826058882060539,
    1.0821224958030833,
    1.0816390464029353,
    1.0811555404491036,
    1.0806719783857672,
    1.0801883606578624,
    1.0797046877111423,
    1.0792209599922353,
    1.078737177948706,
    1.07825334202911,
    1.0777694526830517,
    1.0772855103612289,
    1.0768015155154866,
    1.0763174685988652,
    1.075833370065646,
    1.0753492203713908,
    1.074865019972986,
    1.074380769328684,
    1.073896468898145,
    1.0734121191424661,
    1.0729277205242205,
    1.0724432735075022,
    1.0719587785579594,
    1.0714742361428171,
    1.070989646730905,
    1.0705050107926963,
    1.0700203288003525,
    1.0695356012277515,
    1.069050828550515,
    1.068566011246032,
    1.0680811497934886,
    1.0675962446738865,
    1.0671112963700524,
    1.0666263053666432,
    1.0661412721501602,
    1.06565619720896,
    1.0651710810332584,
    1.0646859241151398,
    1.0642007269485831,
    1.0637154900294796,
    1.063230213855635,
    1.0627448989267743,
    1.0622595457445598,
    1.0617741548126047,
    1.0612887266364803,
    1.0608032617237393,
    1.0603177605839549,
    1.0598322237287312,
    1.0593466516716765,
    1.0588610449283895,
    1.0583754040164837,
    1.057889729455597,
    1.0574040217673515,
    1.0569182814753553,
    1.0564325091052835,
    1.0559467051849802,
    1.0554608702444734,
    1.0549750048159232,
    1.0544891094336175,
    1.0540031846340776,
    1.053517230956238,
    1.0530312489415785,
    1.0525452391341568,
    1.0520592020806692,
    1.0515731383306173,
    1.0510870484364703,
    1.050600932953765,
    1.0501147924412202,
    1.0496286274607796,
    1.0491424385775854,
    1.0486562263601273,
    1.0481699913806337,
    1.0476837342153171,
    1.0471974554443177,
    1.0467111556517605,
    1.0462248354261159,
    1.0457384953605287,
    1.0452521360530662,
    1.0447657581073262,
    1.0442793621339008,
    1.0437929487524962,
    1.0433065185934378,
    1.0428200722979377,
    1.042333610519033,
    1.041847133925013,
    1.0413606432029536,
    1.0408741390598844,
    1.0403876222259143,
    1.039901093463116,
    1.0394145535740569,
    1.0389280034046773,
    1.038441443848762,
    1.0379548758652564,
    1.037468300510191,
    1.0369817189670598,
    1.0364951325659975,
    1.0360085428492785,
    1.0355219517453393,
    1.0350353628383644,
    1.034548780302898,
    1.0340622091003708,
    1.0335756560727816,
    1.0330891321719096,
    1.0326026556489714,
    1.0321162703267195,
    1.031630706828927,
    1.0311512390299462,
    1.0306815895943424,
    1.030216100123182,
    1.0297499155506988,
    1.0292829894899433,
    1.0288153331139147,
    1.0283469641187966,
    1.0278779029460035,
    1.0274081711237897,
    1.026937790376985,
    1.0264667822079285,
    1.0259951677649477,
    1.0255229678223414,
    1.0250502027803348,
    1.0245768926429948,
    1.0241030569758423,
    1.0236287148946055,
    1.0231538850890558,
    1.0226785858430716,
    1.0222028350300298,
    1.021726650098611,
    1.021250048088219,
    1.020773045676819,
    1.0202956592204846,
    1.0198179047707578,
    1.0193397980901142,
    1.0188613546949623,
    1.018382589963457,
    1.017903519281697,
    1.01742415819885,
    1.0169445227338565,
    1.0164646299034785,
    1.0159844985067459,
    1.0155041518834034,
    1.0150236363527172,
    1.014547899531725,
    1.0140860377071435,
    1.0136371125136374,
    1.0131915362679296,
    1.0127447694914373,
    1.0122967134774161,
    1.0118473312804004,
    1.0113966239173307,
    1.0109446342233979,
    1.0104915171356212,
    1.0100542530474408,
    1.0096490466078836,
    1.0092577990518614,
    1.008863046458465,
    1.0084648188111927,
    1.0080632173750417,
    1.0076583458156256,
    1.0072503065086689,
    1.006839209586328,
    1.0064251730610136,
    1.0060083181975685,
    1.0055887825171776,
    1.0051667959081894,
    1.0047426463394595,
    1.0043164183130238,
    1.0038880002900759,
    1.0034574629114252,
    1.003039826698444,
    1.002649380362194,
    1.0022701331353978,
    1.001886696373133,
    1.0014991395974608,
    1.0011076554778098,
    1.0007126709519012,
    1.0003157352604042,
    0.9999220275379386,
    0.9995341197981268,
    0.9991463742277712,
    0.9987545206700011,
    0.9983586253626564,
    0.9979588093905911,
    0.9975551993764341,
    0.9971479204459183,
    0.9967370952342991,
    0.9963228442208449,
    0.9959052857545063,
    0.9954845356546657,
    0.9950607066468131,
    0.9946339084024476,
    0.9942042485156559,
    0.9937718332242065,
    0.993336767279895,
    0.9928991555115352,
    0.9924591104672579,
    0.9920167708771238,
    0.9915723111684275,
    0.9911259617210204,
    0.9906920673935192,
    0.9902842525587486,
    0.9898872078902042,
    0.9894862199557758,
    0.9890813551282126,
    0.9886727322361714,
    0.988260476726308,
    0.9878447113158114,
    0.987425554749835,
    0.9870031233862439,
    0.9865775312661283,
    0.9861488891842451,
    0.9857173047918185,
    0.9852828833217123,
    0.9848457278141147,
    0.9844059388786364,
    0.9839636144621525,
    0.983518849807556,
    0.9830717375281601,
    0.9826223676648286,
    0.9821708276981505,
    0.9817172025711122,
    0.9812615747634206,
    0.9808040243849668,
    0.9803446292343045,
    0.9798834648368253,
    0.9794206045062299,
    0.9789561194169316,
    0.9784900786540355,
    0.9780225492561967,
    0.977553596288549,
    0.9770832829315717,
    0.9766116705407443,
    0.9761388186852507,
    0.9756647852081383,
    0.9751896263086616,
    0.9747133966154974,
    0.9742361492592703,
    0.9737579360093973,
    0.9732788074906992,
    0.9727988134735279,
    0.9723180033633442,
    0.9718364270652264,
    0.9713541371582933,
    0.970871198280638,
    0.9703877525339846,
    0.9699045769525325,
    0.9694227392104109,
    0.9689428299032031,
    0.9684771736243672,
    0.9680365727569179,
    0.9676066152617014,
    0.9671742141308117,
    0.9667394056038019,
    0.9663022747454321,
    0.9658629165486329,
    0.9654214257942052,
    0.9649778997724185,
    0.9645324574210357,
    0.9640852364580137,
    0.9636363398397403,
    0.9631858348208211,
    0.96273396485912,
    0.9622989040000323,
    0.9618978509664354,
    0.9615114555827875,
    0.9611211302082957,
    0.9607269662765356,
    0.9603292011194305,
    0.9599280590939644,
    0.9595236782928892,
    0.9591425154387436,
    0.9588100746891184,
    0.958498141835775,
    0.9581793655999127,
    0.9578538095091734,
    0.9575216789546254,
    0.9571831925165223,
    0.9568385668809745,
    0.9564880117980246,
    0.9561317304977841,
    0.9557699216948743,
    0.9554027801461304,
    0.9550304960927734,
    0.9546532544994277,
    0.9542712347784829,
    0.9538846114647082,
    0.9534935557019423,
    0.9530982365365664,
    0.9526988217001696,
    0.9522954822190779,
    0.9518884245906571,
    0.9514796910769643,
    0.9510784264523136,
    0.9506900620005382,
    0.9503056127435756,
    0.9499235275233575,
    0.9495522286908402,
    0.9491884551341078,
    0.9488231031139177,
    0.9484575287996787,
    0.9480969866343888,
    0.94773776403251,
    0.9473742771811381,
    0.9470055336626829,
    0.9466316597948933,
    0.9462528184227591,
    0.9458691698154803,
    0.9454808753200146,
    0.9450880993654271,
    0.9446910059550894,
    0.9442897562119419,
    0.9438845073308272,
    0.9434754124380842,
    0.9430626207708964,
    0.9426462777128005,
    0.9422265246813182,
    0.9418034990051396,
    0.9413773339363549,
    0.9409481587802742,
    0.9405160990041534,
    0.9400812763233779,
    0.9396438088368948,
    0.9392038111696699,
    0.9387613945452349,
    0.9383166668225399,
    0.9378697325771533,
    0.9374206932293161,
    0.936969647166828,
    0.9365166898263836,
    0.9360619137548302,
    0.935605408696755,
    0.9351472616943851,
    0.9346875571616408,
    0.9342263769481866,
    0.9337638004236256,
    0.9332999045667513,
    0.9328347640303368,
    0.9323684511900237,
    0.9319010362030737,
    0.931432587080345,
    0.9309631697607137,
    0.9304928481757212,
    0.9300216843023585,
    0.9295497382192748,
    0.9290770681706209,
    0.9286037306237079,
    0.9281297803232277,
    0.9276552703562094,
    0.9271802522170309,
    0.9267047758645723,
    0.9262288897931779,
    0.9257526411166446,
    0.9252760756451776,
    0.9247992379618818,
    0.9243221714930566,
    0.9238449185817188,
    0.9233675206778529,
    0.9228900187307622,
    0.9224124536647142,
    0.9219348670565218,
    0.9214573044393323,
    0.9209798418007251,
    0.9205098719899379,
    0.920061494755401,
    0.9196338054453336,
    0.9192119632229048,
    0.9187891176195906,
    0.9183664070327257,
    0.9179443046875885,
    0.917521632067998,
    0.9170974528396689,
    0.9166716566284105,
    0.9162442452678016,
    0.9158152674164906,
    0.9153847918663944,
    0.9149528928801922,
    0.9145196452688668,
    0.9140851224892272,
    0.9136493961055111,
    0.9132125358873997,
    0.9127746099451058,
    0.9123356846664745,
    0.9118958245891701,
    0.9114550924532332,
    0.9110135493844013,
    0.9105712549538184,
    0.9101282670698567,
    0.9096846419839757,
    0.9092404344871967,
    0.9087956978743624,
    0.9083504836701967,
    0.9079048417325885,
    0.9074588207122132,
    0.9070124681635398,
    0.9065658303617402,
    0.9061189527116397,
    0.9056718808410147,
    0.9052246616183153,
    0.9047773440925909,
    0.9043299832926084,
    0.9038826672938148,
    0.9034358001173519,
    0.9029902400241604,
    0.9025470035688428,
    0.9021222130567933,
    0.9017302677979188,
    0.9013531929484294,
    0.9009740183221437,
    0.9005925508530472,
    0.9002088626052402,
    0.8998230628048378,
    0.8994352583019142,
    0.8990455382581914,
    0.8986539922737775,
    0.8982607407166705,
    0.8978659339140608,
    0.8974696917836357,
    0.8970720692958163,
    0.8966730996544189,
    0.8962728177648073,
    0.8958712525462449,
    0.895468438498037,
    0.8950644241868746,
    0.8946592665366416,
    0.8942530258911487,
    0.8938457645181079,
    0.8934375453819231,
    0.8930284308961697,
    0.8926184822412359,
    0.8922077591707164,
    0.8917963199643881,
    0.8913842213789555,
    0.8909715186002847,
    0.8905582652220287,
    0.8901445132654365,
    0.8897303132210219,
    0.8893157140867265,
    0.8889007633986886,
    0.888485507261627,
    0.8880699903840279,
    0.8876542561169911,
    0.8872383464926212,
    0.8868223022590345,
    0.886406162913482,
    0.8859899667370675,
    0.8855737508308067,
    0.8851575511504602,
    0.8847414025388182,
    0.8843253387564829,
    0.8839093925128958,
    0.8834935954972774,
    0.8830779784083186,
    0.8826625709827591,
    0.882247402023423,
    0.8818324994266885,
    0.881417890209296,
    0.8810036005345306,
    0.8805896557374909,
    0.8801760803495076,
    0.8797628981222541,
    0.8793501320515088,
    0.8789378044000241,
    0.8785259367193773,
    0.8781145498712847,
    0.8777036640486711,
    0.8772932987961948,
    0.8768834730299553,
    0.8764742050564012,
    0.8760655125905656,
    0.8756574127738398,
    0.8752499221913771,
    0.8748430568890543,
    0.8744368323899132,
    0.8740312637100259,
    0.8736263653738334,
    0.873222151429127,
    0.8728186354616995,
    0.8724158306095819,
    0.8720137495768198,
    0.8716124046467871,
    0.8712118076950761,
    0.8708119702020434,
    0.8704129032650483,
    0.8700146176103619,
    0.8696171236047039,
    0.869220431266418,
    0.8688245502763462,
    0.8684294899884165,
    0.8680352594399131,
    0.8676418673614074,
    0.8672493221863813,
    0.8668576320606004,
    0.8664668048512492,
    0.866076848155798,
    0.8656877693105968,
    0.8652995753991997,
    0.8649122732604442,
    0.8645258694963067,
    0.8641403704795412,
    0.8637557823610915,
    0.8633721110772717,
    0.8629893623567243,
    0.8626075417271827,
    0.8622266545220525,
    0.8618467058868023,
    0.8614677007851613,
    0.861089644005127,
    0.8607125401647834,
    0.860336393717946,
    0.8599612089596467,
    0.859586990031465,
    0.8592137409267013,
    0.8588414654953853,
    0.8584701674491324,
    0.8580998503658607,
    0.8577305176943713,
    0.8573621727587909,
    0.8569948187628773,
    0.8566284587941918,
    0.8562630958281525,
    0.8558987327319663,
    0.8555353722684399,
    0.8551730170996715,
    0.8548116697906355,
    0.8544513328126643,
    0.8540920085468237,
    0.8537336992871828,
    0.8533764072439821,
    0.8530201345467077,
    0.8526648832470767,
    0.8523106553219314,
    0.8519574526760402,
    0.8516052771448102,
    0.8512541304969197,
    0.8509040144368727,
    0.8505549306074734,
    0.8502068805922213,
    0.8498598659176304,
    0.8495138880554801,
    0.8491689484249985,
    0.8488250483949785,
    0.848482189285825,
    0.8481403723715369,
    0.8477995988816271,
    0.847459870002987,
    0.8471211868816927,
    0.8467835506247516,
    0.8464469623017918,
    0.8461114229467002,
    0.845776933559208,
    0.845443495106426,
    0.8451111085243255,
    0.8447797747191769,
    0.8444494945689458,
    0.8441202689246418,
    0.843792098611622,
    0.8434649844308544,
    0.8431389271601425,
    0.842813927555309,
    0.8424899863513365,
    0.8421671042634711,
    0.8418452819882914,
    0.8415245202047438,
    0.8412048195751436,
    0.8408861807461392,
    0.8405686043496465,
    0.8402520910037552,
    0.8399366413136036,
    0.8396222558722221,
    0.8393089352613463,
    0.8389966800522044,
    0.8386854908062804,
    0.8383753680760528,
    0.838066312405708,
    0.8377583243318255,
    0.8374514043840384,
    0.8371455530856701,
    0.8368407709543477,
    0.836537058502592,
    0.836234416238384,
    0.8359328446657138,
    0.8356323442851112,
    0.835332915594158,
    0.8350345590879811,
    0.8347372752597273,
    0.8344410646010197,
    0.8341459276024011,
    0.8338518647537635,
    0.8335588765447612,
    0.8332669634652055,
    0.8329761260054392,
    0.8326863646567021,
    0.8323976799114817,
    0.8321100722638533,
    0.831823542209807,
    0.8315380902475615,
    0.8312537168778601,
    0.8309704226042528,
    0.8306882079333682,
    0.8304070681970122,
    0.8301269987305917,
    0.8298479948733614,
    0.8295700519686605,
    0.8292931653641389,
    0.8290173304119718,
    0.8287425424690616,
    0.828468796897227,
    0.8281960890633856,
    0.8279244143397347,
    0.8276537681039218,
    0.8273841457392082,
    0.8271155426346258,
    0.8268479541851252,
    0.8265813757917173,
    0.8263158028616062,
    0.8260512308083128,
    0.8257876550517882,
    0.825525071018523,
    0.8252634741416568,
    0.8250028598610805,
    0.8247432236235351,
    0.8244845608827022,
    0.824226867099284,
    0.8239701377410761,
    0.8237143682830379,
    0.8234595542073637,
    0.8232056910035513,
    0.8229527741684639,
    0.8227007992063872,
    0.8224497616290832,
    0.8221996569558407,
    0.8219504807135216,
    0.821702228436603,
    0.8214548956672085,
    0.8212084779551367,
    0.8209629708578889,
    0.8207183699406959,
    0.8204746707765449,
    0.8202318689461976,
    0.8199899600382111,
    0.8197489396489536,
    0.8195088033826208,
    0.819269546851247,
    0.8190311656747128,
    0.8187936554807437,
    0.8185570119049065,
    0.8183212305906054,
    0.818086307189081,
    0.8178522373594092,
    0.8176190167684938,
    0.8173866410910599,
    0.8171551060096391,
    0.8169244072145507,
    0.8166945404038854,
    0.8164655012834913,
    0.8162372855669602,
    0.8160098889756113,
    0.8157833072384705,
    0.8155575360922473,
    0.8153325712813076,
    0.8151084085576475,
    0.8148850436808687,
    0.8146624724181515,
    0.8144406905442292,
    0.8142196938413627,
    0.8139994780993105,
    0.8137800391152945,
    0.8135613726939668,
    0.8133434746473793,
    0.8131263407949528,
    0.8129099669634424,
    0.8126943489869061,
    0.8124794827066649,
    0.8122653639712629,
    0.8120519886364304,
    0.8118393525650478,
    0.8116274516271124,
    0.8114162816996947,
    0.8112058386668956,
    0.8109961184198027,
    0.8107871168564534,
    0.8105788298817962,
    0.8103712534076494,
    0.8101643833526533,
    0.8099582156422277,
    0.8097527462085286,
    0.8095479709904081,
    0.8093438859333747,
    0.8091404869895525,
    0.8089377701176362,
    0.8087357312828422,
    0.8085343664568613,
    0.8083336716178151,
    0.8081336427502149,
    0.8079342758449204,
    0.8077355668990976,
    0.8075375119161765,
    0.8073401069058034,
    0.8071433478837855,
    0.8069472308720392,
    0.8067517518985466,
    0.8065569069973151,
    0.8063626922083399,
    0.8061691035775637,
    0.8059761371568394,
    0.8057837890038916,
    0.8055920551822693,
    0.8054009317612927,
    0.8052104148159971,
    0.8050205004270805,
    0.8048311846808607,
    0.8046424636692319,
    0.8044543334896197,
    0.804266790244927,
    0.8040798300434687,
    0.803893448998915,
    0.8037076432302495,
    0.8035224088617271,
    0.8033377420228304,
    0.8031536388482274,
    0.80297009547773,
    0.8027871080562393,
    0.8026046727336785,
    0.8024227856649309,
    0.8022414430097872,
    0.8020606409329021,
    0.8018803756037568,
    0.8017006431966224,
    0.8015214398905264,
    0.8013427618692262,
    0.801164605321178,
    0.8009869664394978,
    0.8008098414219262,
    0.8006332264707868,
    0.8004571177929374,
    0.8002815115997158,
    0.8001064041068989,
    0.799931791534675,
    0.7997576701076226,
    0.7995840360546858,
    0.7994108856091531,
    0.799238215008637,
    0.7990660204950505,
    0.7988942983145787,
    0.7987230447176497,
    0.7985522559589115,
    0.7983819282972076,
    0.7982120579955501,
    0.7980426413210961,
    0.7978736745451158,
    0.7977051539429614,
    0.7975370757940359,
    0.7973694363817603,
    0.7972022319935397,
    0.7970354589207291,
    0.7968691134586046,
    0.7967031919063384,
    0.7965376905669703,
    0.7963726057473741,
    0.7962079337582197,
    0.7960436709139341,
    0.795879813532666,
    0.7957163579362448,
    0.7955533004501435,
    0.7953906374034388,
    0.7952283651287734,
    0.7950664799623185,
    0.7949049782437361,
    0.7947438563161432,
    0.794583110526076,
    0.7944227372234531,
    0.7942627327615431,
    0.7941030934969292,
    0.7939438157894768,
    0.7937848960023012,
    0.7936263305017336,
    0.7934681156572903,
    0.7933102478416405,
    0.7931527234305757,
    0.7929955388029771,
    0.7928386903407846,
    0.792682174428965,
    0.7925259874554813,
    0.7923701258112636,
    0.7922145858901805,
    0.7920593640890108,
    0.7919044568074143,
    0.7917498604479053,
    0.7915955714158225,
    0.7914415861193012,
    0.7912879009692431,
    0.7911345123792883,
    0.7909814167657888,
    0.7908286105477825,
    0.7906760901469667,
    0.7905238519876747,
    0.7903718924968481,
    0.7902202081040143,
    0.7900687952412597,
    0.7899176503432053,
    0.789766769846979,
    0.7896161501921929,
    0.7894657878209184,
    0.7893156791776642,
    0.7891658207093526,
    0.789016208865297,
    0.7888668400971769,
    0.7887177108590155,
    0.7885688176071566,
    0.7884201568002437,
    0.7882717248991978,
    0.788123518367195,
    0.7879755336696445,
    0.7878277672741686,
    0.7876802156505792,
    0.7875328752708562,
    0.7873857426091266,
    0.7872388141416432,
    0.7870920863467645,
    0.7869455557049366,
    0.7867992186986726,
    0.7866530718125339,
    0.7865071115331097,
    0.7863613343489985,
    0.7862157367507919,
    0.7860703152310586,
    0.7859250662843273,
    0.7857799864070699,
    0.7856350720976824,
    0.7854903198564692,
    0.7853457261856274,
    0.7852012875892298,
    0.7850570005732089,
    0.7849128616453404,
    0.7847688673152314,
    0.784625014094307,
    0.7844812984957952,
    0.7843377170347146,
    0.7841942662278634,
    0.7840509425938086,
    0.7839077426528737,
    0.7837646629271281,
    0.783621699940381,
    0.7834788502181735,
    0.783336110287771,
    0.7831934766781562,
    0.7830509459200299,
    0.7829085145458132,
    0.7827661790896516,
    0.782623936087415,
    0.7824817820767065,
    0.7823397135968799,
    0.7821977271890679,
    0.7820558193962094,
    0.7819139867630776,
    0.7817722258363242,
    0.781630533164549,
    0.7814889052983917,
    0.7813473387906373,
    0.7812058301963292,
    0.7810643760729091,
    0.7809229729804099,
    0.7807816174817295,
    0.7806403061430226,
    0.7804990355342154,
    0.7803578022296186,
    0.7802166028086849,
    0.7800754338570427,
    0.7799342919679445,
    0.7797931737442692,
    0.7796520758012975,
    0.7795109947704892,
    0.779369927304686,
    0.7792288700861623,
    0.7790878198402812,
    0.7789467733581809,
    0.778805727534616,
    0.7786646794382104,
    0.7785236264549467,
    0.7783825665930445,
    0.7782414991739852,
    0.7781004266621557,
    0.7779593611818875,
    0.7778183660776606,
    0.7777872070559098,
    0.7781603574545283,
    0.7790022373883339,
    0.7799976770018194,
    0.7809538662617873,
    0.7819948077993637,
    0.7832366408605519,
    0.7845474116517439,
    0.7858019828106063,
    0.7870080551027141,
    0.7881772644026435,
    0.7894103229765689,
    0.7907952787106426,
    0.7922200484547555,
    0.793581180951805,
    0.7948805114596532,
    0.7961199548348933,
    0.7973014090236373,
    0.7984268156962313,
    0.7995158064511331,
    0.8006147100287666,
    0.8017326178537116,
    0.8028231175235845,
    0.8038592002253536,
    0.8048425063663858,
    0.805774732938008,
    0.8066577317097309,
    0.8076157790987204,
    0.8087684020678478,
    0.8099854980081415,
    0.8111413019160992,
    0.8122373205473183,
    0.8132754054947208,
    0.8142573924688924,
    0.8151850724275255,
    0.8160601869299746,
    0.8168844277962217,
    0.8176594377888678,
    0.8183868116424503,
    0.8190680972554497,
    0.8197047969282294,
    0.8202983685965884,
    0.8208502270486945,
    0.8213617451245558,
    0.821834254898455,
    0.8222690488370306,
    0.8226673809260863,
    0.8230304677670645,
    0.8233594896449171,
    0.8236555915666512,
    0.8239198842712595,
    0.8241534452120962,
    0.8243573195115786,
    0.8245325208887503,
    0.8246800325609717,
    0.8248008081205876,
    0.8248957723871372,
    0.8249658222355456,
    0.8250118274007658,
    0.825034631259585,
    0.8250350515903222,
    0.8250138813110117,
    0.8249718891966682,
    0.824909820576249,
    0.8248283980098635,
    0.8247283219467454,
    0.8246102713645446,
    0.8244749043904812,
    0.8243228589048427,
    0.8241547531273126,
    0.8239711861866313,
    0.8237727386740644,
    0.823559973181134,
    0.8233334348220493,
    0.8230936517412771,
    0.8228411356066744,
    0.8225763820885855,
    0.8222998713253018,
    0.8220120683752581,
    0.8217134236563373,
    0.8214043733726415,
    0.8210853399290986,
    0.8207567323342623,
    0.8204189465916454,
    0.8200723660798941,
    0.8197173619221022,
    0.8193542933445693,
    0.8189835080253316,
    0.8186053424327577,
    0.8182201221544686,
    0.8178281622168452,
    0.8174297673954237,
    0.8170252325164284,
    0.8166148427496783,
    0.8161988738931064,
    0.8157775926491512,
    0.8153512568932425,
    0.8149201159345957,
    0.8144844107695322,
    0.8140443743275505,
    0.8136002317103552,
    0.8131522004240281,
    0.8127004906045402,
    0.8122453052368003,
    0.8117868403674201,
    0.8113252853113673,
    0.8108608228526891,
    0.8103936294394735,
    0.8099238753732076,
    0.8094517249927016,
    0.8089773368527184,
    0.808500863897462,
    0.8080224536290721,
    0.8075422482712737,
    0.8070603849283136,
    0.8065769957393263,
    0.80609220802825,
    0.8056061444494119,
    0.8051189231289129,
    0.8046306578019348,
    0.8041414579460808,
    0.8036514289108636,
    0.8031606720434541,
    0.8026692848107934,
    0.8021773609181619,
    0.8016849904243248,
    0.8011922598533492,
    0.800699252303174,
    0.8002060475510261,
    0.7997127221557874,
    0.7992193495573987,
    0.798726000173372,
    0.7982327414924898,
    0.7977396381657877,
    0.7972467520948917,
    0.796754142517772,
    0.7962618660919931,
    0.7957699769755522,
    0.7952785269053617,
    0.7947875652734342,
    0.7942971392008429,
    0.793807293609537,
    0.7933180712920451,
    0.7928295129791287,
    0.7923416574054585,
    0.791854541373363,
    0.7913681998146973,
    0.7908826658509025,
    0.7903979708513059,
    0.7899141444897021,
    0.7894312147992502,
    0.7889492082257565,
    0.7884681496793967,
    0.787988062584915,
    0.7875089689303321,
    0.7870308893142188,
    0.7865538429915774,
    0.7860778479183508,
    0.7856029207946044,
    0.7851290771064474,
    0.784656331166744,
    0.7841846961546125,
    0.7837141841537036,
    0.7832448061893134,
    0.782776572264402,
    0.782309491394555,
    0.7818435716418843,
    0.7813788201479235,
    0.7809152431655736,
    0.7804528460901041,
    0.7799916334891683,
    0.7795316091318791,
    0.7790727760170463,
    0.7786151364006046,
    0.7781586918221741,
    0.7777034431307781,
    0.7772493905098218,
    0.7767965335012957,
    0.7763448710291729,
    0.7758944014221136,
    0.7754451224355625,
    0.7749970312731843,
    0.7745501246075692,
    0.774104398600254,
    0.7736598489212075,
    0.7732164707677935,
    0.7727742588830679,
    0.7723332075733769,
    0.7718933107254343,
    0.7714545618230318,
    0.7710169539632705,
    0.7705804798721237,
    0.7701451319194424,
    0.7697109021336457,
    0.7692777822161095,
    0.7688457635551113,
    0.7684148372391194,
    0.7679849940694439,
    0.7675562245726015,
    0.7671285190125412,
    0.7667018674025308,
    0.7662762595164134,
    0.7658516848993271,
    0.765428132878371,
    0.7650055925732835,
    0.7645840529066714,
    0.764163502613473,
    0.7637439302498444,
    0.7633253242020174,
    0.7629076726952482,
    0.7624909638023545,
    0.7620751854516256,
    0.761660325434575,
    0.7612463714138497,
    0.7608333109309235,
    0.7604211367070809,
    0.760009841355721,
    0.7595994173889258,
    0.7591898572243801,
    0.7587811531920611,
    0.7583732975402258,
    0.7579662824409746,
    0.7575600999959119,
    0.757154742241898,
    0.7567502011566088,
    0.7563464686635343,
    0.7559435366364029,
    0.7555413969036527,
    0.7551400412533105,
    0.7547394614379936,
    0.7543396491795683,
    0.7539405961730967,
    0.7535422940903845,
    0.7531447345836734,
    0.7527479092894707,
    0.752351809832294,
    0.7519564278280455,
    0.7515617548869392,
    0.7511677826164413,
    0.7507745026243795,
    0.7503819065217954,
    0.7499899859254863,
    0.7495987324607478,
    0.7492081377644368,
    0.7488181934878678,
    0.748428891299043,
    0.7480402228843461,
    0.7476521799504708,
    0.7472647542269225,
    0.74687793746857,
    0.7464917214577033,
    0.7461060980056551,
    0.7457210589545384,
    0.7453365961793993,
    0.7449527015905962,
    0.7445693671359717,
    0.7441865848024367,
    0.7438043466172634,
    0.7434226446496717,
    0.7430414710124746,
    0.7426608178636335,
    0.7422806774079618,
    0.7419010418981903,
    0.7415219036353211,
    0.7411432549701847,
    0.7407650883062823,
    0.740387396101219,
    0.74001017086627,
    0.7396334051672807,
    0.7392570916286032,
    0.7388812229378958,
    0.7385057918480337,
    0.7381307911753237,
    0.7377562137996463,
    0.7373820526720544,
    0.737008300825702,
    0.7366349513800468,
    0.73626199753753,
    0.7358894325859471,
    0.7355172499201197,
    0.7351454430811534,
    0.7347740057850526,
    0.734402931918259,
    0.7340322155357647,
    0.7336618509163095,
    0.7332918327290664,
    0.732922156370115,
    0.7325528183001937,
    0.7321838160290058,
    0.7318151477670587,
    0.7314468120344219,
    0.7310788078578262,
    0.7307111368842303,
    0.7303438062549116,
    0.7299768248203737,
    0.7296101920197235,
    0.729243895996291,
    0.7288779298722876,
    0.7285123410432905,
    0.7281568438651538,
    0.7278220729068199,
    0.727499024423563,
    0.7271764524292184,
    0.7268577602536866,
    0.7265481510114384,
    0.7262431943073436,
    0.725937086855265,
    0.7256289780410758,
    0.7253188876088679,
    0.725006862668978,
    0.7246929547140123,
    0.7243772168469882,
    0.724059703020756,
    0.7237404670806541,
    0.723419562134713,
    0.7230970402078085,
    0.7227729520306535,
    0.7224473469532945,
    0.7221202729446045,
    0.7217917766184275,
    0.7214619032498073,
    0.7211306967780559,
    0.7207981998171614,
    0.720464453683624,
    0.7201294984342788,
    0.719793372904814,
    0.7194561147447067,
    0.7191177604480122,
    0.7187783453798793,
    0.7184379038022478,
    0.7180964689037452,
    0.7177540728327256,
    0.7174107467289741,
    0.7170665207519602,
    0.7167214241074541,
    0.7163754850753422,
    0.7160287310382044,
    0.7156811885084788,
    0.7153328831534399,
    0.7149838398191991,
    0.7146340825552271,
    0.7142836346392057,
    0.7139325186010418,
    0.7135807562449561,
    0.7132283686699369,
    0.7128753762903187,
    0.7125217988569831,
    0.7121676554780477,
    0.7118129646381036,
    0.7114577442163833,
    0.7111020115049493,
    0.7107457832269738,
    0.7103890755544945,
    0.7100319041254093,
    0.7096742840595448,
    0.7093162299740959,
    0.7089577559990783,
    0.7085988757927689,
    0.7082396025567963,
    0.7078799490506091,
    0.7075199276049953,
    0.7071595501348898,
    0.7067988281521209,
    0.7064377727781893,
    0.7060763947566406,
    0.7057147044647588,
    0.7053527119247498,
    0.7049904268148094,
    0.7046278584801181,
    0.7042650159434175,
    0.7039019079151211,
    0.7035385428032802,
    0.7031749287235018,
    0.7028110735085196,
    0.7024469847170607,
    0.7020826696422339,
    0.7017181353200616,
    0.7013533885382037,
    0.7009884358442928,
    0.7006232835535491,
    0.7002579377559843,
    0.6998924043237398,
    0.699526688918731,
    0.6991607970002334,
    0.6987947338317851,
    0.6984285044874148,
    0.6980621138579528,
    0.6976955666576731,
    0.6973288674306144,
    0.6969620205563374,
    0.6965950302555399,
    0.696227900595426,
    0.6958606354946378,
    0.6954932387284939,
    0.6951257139348755,
    0.69475806461971,
    0.6943902941615618,
    0.6940224058163629,
    0.6936544027229656,
    0.6932862879087084,
    0.6929180642936257,
    0.6925497346935273,
    0.6921813018241538,
    0.6918127683079862,
    0.6914441366823737,
    0.6910754094056093,
    0.6907065888610254,
    0.6903376773629719,
    0.6899686771663014,
    0.68959959047832,
    0.6892304194662059,
    0.6888611662511124,
    0.6884918328944097,
    0.6881224213930742,
    0.6877529337063706,
    0.6873833718152595,
    0.6870137377583339,
    0.6866440336049613,
    0.6862742614254672,
    0.6859044233469502,
    0.6855345217004464,
    0.6851645591001605,
    0.6847945383265254,
    0.6844244621694922,
    0.6840543333818535,
    0.6836841549422857,
    0.6833139309479351,
    0.6829436674900176,
    0.6825733724995081,
    0.6822030557364199,
    0.6818327334265912,
    0.68146245024551,
    0.6810923085958386,
    0.6807223986568308,
    0.6803527001586882,
    0.6799831894138051,
    0.6796146412362818,
    0.679249311582755,
    0.6788879458152519,
    0.6785281523299895,
    0.6781682206520301,
    0.6778168480768799,
    0.6774870255336359,
    0.6771737153240395,
    0.676862890413772,
    0.676549762206427,
    0.676234337368827,
    0.6759166737853063,
    0.6755968342052036,
    0.6752748812682325,
    0.6749508767506087,
    0.6746248814794917,
    0.6742969551513799,
    0.67396715612337,
    0.6736355412624428,
    0.6733021659077474,
    0.6729670839222186,
    0.6726303477423488,
    0.6722920084037508,
    0.6719521155615111,
    0.6716107175025188,
    0.6712678611592157,
    0.6709235921381397,
    0.6705779547557928,
    0.6702309920710858,
    0.6698827459126409,
    0.6695332569066387,
    0.669182564509608,
    0.6688307070426385,
    0.6684777217232823,
    0.668123644695046,
    0.6677685110555927,
    0.6674123548855763,
    0.6670552092781998,
    0.6666971063680092,
    0.6663380773580918,
    0.6659781525457414,
    0.6656173613477038,
    0.6652557323257786,
    0.6648932932121617,
    0.6645300709336456,
    0.6641660916344195,
    0.66380138069803,
    0.6634359627691959,
    0.6630698617754605,
    0.6627031009482806,
    0.6623357028433541,
    0.6619676893601373,
    0.6615990817606926,
    0.6612299006881618,
    0.6608601661849439,
    0.6604898977104017,
    0.6601191141579713,
    0.6597478338716471,
    0.6593760746619438,
    0.6590038538215188,
    0.6586311881405102,
    0.6582580939214832,
    0.6578845869938788,
    0.6575106827279282,
    0.6571363960481179,
    0.656761741446343,
    0.6563867329947537,
    0.6560113843582104,
    0.6556357088063619,
    0.655259719225406,
    0.6548834281295516,
    0.6545068476721613,
    0.6541299896565724,
    0.6537528655465686,
    0.6533754864765272,
    0.6529978632613017,
    0.6526200064058487,
    0.6522419261145668,
    0.6518636323003324,
    0.6514851345932594,
    0.6511064423492365,
    0.6507275646582504,
    0.650348510352455,
    0.6499692880139842,
    0.6495899059825503,
    0.6492103723628327,
    0.6488306950316437,
    0.6484508816448683,
    0.6480709396442187,
    0.6476908762638217,
    0.6473106985366203,
    0.6469304133005686,
    0.646550027204635,
    0.6461695467146443,
    0.645788978118961,
    0.6454083275340058,
    0.645027600909602,
    0.6446468040341555,
    0.6442659425396902,
    0.6438850219067497,
    0.6435040474691446,
    0.6431230244185508,
    0.6427419578089811,
    0.6423608525611408,
    0.6419797134666526,
    0.641598545192147,
    0.6412173522832272,
    0.6408361391683332,
    0.6404549101624961,
    0.6400736694709829,
    0.6396924211928222,
    0.6393111693242249,
    0.6389299177619057,
    0.6385486703063197,
    0.6381674306648003,
    0.6377862024545987,
    0.6374049892058253,
    0.6370237943643116,
    0.6366426212943934,
    0.6362614732816131,
    0.6358803535353333,
    0.6354992651912703,
    0.6351182113139542,
    0.6347371948991275,
    0.6343562188760693,
    0.6339752861098501,
    0.6335943994035074,
    0.6332135615001572,
    0.6328327750850425,
    0.6324520427875301,
    0.6320713671830439,
    0.6316907507949382,
    0.6313101960963133,
    0.6309297055117847,
    0.6305492814191941,
    0.6301689261512691,
    0.6297886419972263,
    0.6294084312043291,
    0.6290282959794015,
    0.6286482384902969,
    0.6282682608673185,
    0.6278883652045969,
    0.6275085535614305,
    0.6271288279635836,
    0.6267491904045434,
    0.6263696428467352,
    0.6259901872227006,
    0.625610825436245,
    0.6252315593635509,
    0.6248523908542564,
    0.6244733217324956,
    0.6240943537979072,
    0.6237154888266099,
    0.6233367285721537,
    0.6229580747664389,
    0.6225795291206057,
    0.6222010933258926,
    0.6218227690544728,
    0.6214445579602642,
    0.6210664616797158,
    0.6206884818325626,
    0.6203106200225598,
    0.6199328778381898,
    0.6195552568533558,
    0.6191777586280481,
    0.6188003847089891,
    0.6184231366302532,
    0.6180460159138702,
    0.6176690240704114,
    0.6172921625995563,
    0.6169154329906389,
    0.6165388367231763,
    0.6161623752673843,
    0.6157860500846732,
    0.6154098626281284,
    0.6150338143429694,
    0.6146579066670005,
    0.6142821410310438,
    0.6139065188593608,
    0.6135310415700567,
    0.6131557105754702,
    0.6127805272825534,
    0.6124054930932374,
    0.6120306094047875,
    0.6116558776101435,
    0.6112812990982469,
    0.6109068752543583,
    0.6105326074603652,
    0.610158497095081,
    0.6097845455345303,
    0.6094107541522235,
    0.6090371243194209,
    0.6086636574053921,
    0.6082903547776629,
    0.6079172178022555,
    0.6075442478439147,
    0.6071714462663304,
    0.6067988144323495,
    0.6064263537041823,
    0.6060540654436005,
    0.6056819510121279,
    0.6053100117712215,
    0.6049382490824476,
    0.6045666643076504,
    0.6041952588091153,
    0.6038240339497267,
    0.6034529910931193,
    0.6030821316038236,
    0.6027114568474038,
    0.6023409681905909,
    0.6019706670014137,
    0.6016005546493217,
    0.601230632505304,
    0.6008609019420014,
    0.6004913643338152,
    0.6001220210570125,
    0.5997528734898262,
    0.5993839230125501,
    0.5990151710076291,
    0.5986466188597459,
    0.5982782679559067,
    0.5979101196855199,
    0.5975421754404731,
    0.5971744366152024,
    0.5968069046067614,
    0.5964395808148866,
    0.5960724666420625,
    0.5957055634935815,
    0.5953388727776012,
    0.5949723959051931,
    0.5946061342903941,
    0.5942400893502532,
    0.5938742625048772,
    0.5935086551774711,
    0.593143268794378,
    0.5927781047851176,
    0.592413164582424,
    0.5920484496222775,
    0.5916839613439335,
    0.5913197011899495,
    0.5909556706062133,
    0.5905918710419672,
    0.5902283039498293,
    0.5898649707858148,
    0.5895018730093567,
    0.5891390120833245,
    0.5887763894740389,
    0.5884140066512848,
    0.5880518650883255,
    0.5876899662619128,
    0.5873283116523004,
    0.5869669027432499,
    0.5866057410220388,
    0.5862448279794641,
    0.5858841651098514,
    0.5855237539110584,
    0.5851635958844813,
    0.5848036925350546,
    0.5844440453712516,
    0.5840846559050812,
    0.5837255256520886,
    0.5833666561313523,
    0.5830080488654813,
    0.5826497053806078,
    0.5822916272063847,
    0.5819338158759806,
    0.5815762729260746,
    0.5812189998968497,
    0.5808619983319822,
    0.5805052697786325,
    0.580148815787438,
    0.5797926379125021,
    0.5794367377113835,
    0.5790811167450847,
    0.5787257765780416,
    0.5783707187781093,
    0.5780159449165478,
    0.5776614565680075,
    0.5773072553105173,
    0.5769533400891603,
    0.5765997098523752,
    0.5762463635519423,
    0.5758933001429687,
    0.5755405185838709,
    0.575188017836362,
    0.5748357968654348,
    0.5744838546393485,
    0.5741321901296104,
    0.5737808023109602,
    0.5734296901613553,
    0.5730788526619537,
    0.5727282887970967,
    0.5723779975542904,
    0.5720279779241867,
    0.5716782289005703,
    0.5713287494803442,
    0.5709795386635126,
    0.5706305954531611,
    0.5702819188554373,
    0.5699335078795369,
    0.5695853615376886,
    0.5692374788451368,
    0.5688898588201231,
    0.5685425004838709,
    0.5681954028605715,
    0.5678485649773705,
    0.5675019858643466,
    0.5671556645544985,
    0.5668096000837342,
    0.5664637914908575,
    0.5661182378175497,
    0.565772938108356,
    0.5654278914106736,
    0.5650830967747342,
    0.5647385532535923,
    0.5643942599031089,
    0.5640502157819318,
    0.5637064199514793,
    0.5633628714759352,
    0.5630195694222525,
    0.5626765128601415,
    0.562333700862049,
    0.5619911325031445,
    0.5616488068613292,
    0.5613067230172551,
    0.5609648800543435,
    0.5606232770587878,
    0.5602819131195458,
    0.5599407873283484,
    0.5595998987797378,
    0.5592592465711257,
    0.5589188298028608,
    0.5585786475782677,
    0.5582386990036602,
    0.5578989831883844,
    0.55755949924494,
    0.5572202462891728,
    0.5568812234405102,
    0.5565424298221379,
    0.5562038645610926,
    0.5558655267884361,
    0.555527415639627,
    0.5551895302550044,
    0.554851869780385,
    0.5545144333677369,
    0.5541772201756918,
    0.5538402293699455,
    0.5535034601240005,
    0.5531669116204009,
    0.5528305830522274,
    0.5524944736251651,
    0.5521585825610463,
    0.551822909103458,
    0.5514874525249913,
    0.5511522121340956,
    0.5508171872805444,
    0.5504823773627134,
    0.550147781841213,
    0.5498134002609412,
    0.5494792322805718,
    0.5491452777097495,
    0.5488115365555766,
    0.5484780090841151,
    0.5481446959572294,
    0.5478115986438978,
    0.5474787205282797,
    0.5471460696978353,
    0.5468136672286054,
    0.5464815937086316,
    0.5461543934089675,
    0.5458411714648457,
    0.5455423547015104,
    0.5452490593644931,
    0.5449568884105498,
    0.544695854303241,
    0.54449371420154,
    0.5443173049101032,
    0.5441353784548075,
    0.5439479395252584,
    0.5437551208822251,
    0.5435570777958967,
    0.5433539701220504,
    0.5431459566363175,
    0.5429331931413961,
    0.5427158316976546,
    0.5424940201001477,
    0.5422679017418013,
    0.5420376157610794,
    0.541803297166227,
    0.5415650771149579,
    0.5413230833528943,
    0.5410774405027988,
    0.540828270141744,
    0.5405756906525614,
    0.540319816896374,
    0.5400607600038568,
    0.5397986274421698,
    0.5395335234020154,
    0.5392655495633745,
    0.538994805934405,
    0.5387213912015169,
    0.5384454023012936,
    0.5381669337016944,
    0.5378860774539356,
    0.5376029253622975,
    0.5373175750575798,
    0.5370301353086565,
    0.5367407152958484,
    0.5364494063290675,
    0.5361562825404048,
    0.5358614227293327,
    0.5355648923925826,
    0.535274732285254,
    0.5349986813292943,
    0.5347281794313689,
    0.5344549890759189,
    0.5341791871598569,
    0.5339008493888159,
    0.5336200595729875,
    0.53333690058709,
    0.5330514473950058,
    0.532763769492641,
    0.5324739372684696,
    0.5321820234308277,
    0.5318881015646265,
    0.531592245196613,
    0.5312945271145426,
    0.5309950184602934,
    0.5306937882643937,
    0.5303909044409557,
    0.5300864365401903,
    0.5297804584996447,
    0.5294730460398139,
    0.5291642704534545,
    0.5288542042260744,
    0.5285429707575693,
    0.5282358070895783,
    0.5279568453196407,
    0.5277190890036824,
    0.5274966739094573,
    0.5272697172358227,
    0.5270382838696461,
    0.5268024998723073,
    0.5265624974760906,
    0.52631840774023,
    0.5260703607608312,
    0.5258184857909559,
    0.5255629102128097,
    0.5253037587232192,
    0.5250411529436324,
    0.5247752112458004,
    0.5245060487339784,
    0.5242337772987689,
    0.5239585056662593,
    0.523680339440999,
    0.523399381158953,
    0.5231157303489969,
    0.522829483597021,
    0.5225407346113542,
    0.522249574292122,
    0.5219560908056929,
    0.5216603696606132,
    0.5213624937820835,
    0.5210625435848854,
    0.5207605970445395,
    0.5204567297658756,
    0.5201510150488474,
    0.519843523952689,
    0.5195343253594031,
    0.5192234860362137,
    0.5189110706963853,
    0.5185971420581615,
    0.5182817609016842,
    0.5179649861242962,
    0.5176468747948078,
    0.517327482206633,
    0.5170068619294325,
    0.5166850658591976,
    0.516362144266785,
    0.5160381458448234,
    0.5157131177532207,
    0.5153871056636289,
    0.5150601538028785,
    0.5147323049951622,
    0.5144036007029127,
    0.5140740810663901,
    0.5137437849420805,
    0.5134127499400757,
    0.5130810124604592,
    0.5127486077285941,
    0.5124155698293318,
    0.5120819317403223,
    0.5117477253645261,
    0.5114129815618563,
    0.511077730179848,
    0.5107420000833328,
    0.5104058191832557,
    0.5100692144647823,
    0.5097322120146714,
    0.5093948370478295,
    0.5090571139330501,
    0.5087190662179749,
    0.5083807166533367,
    0.5080420872165523,
    0.507703199134683,
    0.5073640729067113,
    0.5070247283251164,
    0.506685184496814,
    0.5063454598635434,
    0.5060055722217002,
    0.5056655387415977,
    0.5053253759861694,
    0.5049850999291167,
    0.5046447259725234,
    0.5043042689639889,
    0.5039637432132853,
    0.5036231625085241,
    0.503282540131849,
    0.5029418888746695,
    0.5026012210524375,
    0.5022605485190095,
    0.5019198826806184,
    0.5015792345094476,
    0.5012386145568,
    0.5008980329658628,
    0.5005574994840991,
    0.5002170234753013,
    0.49987661393131483,
    0.49953627948342344,
    0.49919602841339805,
    0.49885586866420273,
    0.49851580785037886,
    0.49817585326814523,
    0.49783601190522053,
    0.49749629045035154,
    0.49715669530255147,
    0.496817232580076,
    0.49647790812915343,
    0.4961387275324671,
    0.49579969611739116,
    0.49546081896397015,
    0.4951221009126528,
    0.4947835465718128,
    0.4944451603250641,
    0.49410694633836344,
    0.4937689085668962,
    0.4934310507617502,
    0.49309337647639684,
    0.4927558890729933,
    0.4924185917285077,
    0.4920814874406597,
    0.4917445790336758,
    0.4914078691638691,
    0.49107136032506116,
    0.49073505485385205,
    0.4903989549347359,
    0.4900630626050587,
    0.4897273797598231,
    0.4893919081563569,
    0.48905664941884974,
    0.48872160504275775,
    0.48838677639907624,
    0.4880521647384822,
    0.48771777119535087,
    0.48738359679165455,
    0.48704964244074817,
    0.4867159089510367,
    0.4863823970295274,
    0.48604910728528145,
    0.48571604023277154,
    0.4853831962951392,
    0.4850505758073498,
    0.4847181790192488,
    0.48438600609852767,
    0.4840540571336055,
    0.4837223321364248,
    0.4833908310451565,
    0.48305955372681825,
    0.48272849997981776,
    0.4823976695364263,
    0.4820670620651778,
    0.4817366771731881,
    0.4814065144083981,
    0.4810765732617549,
    0.48074685316933535,
    0.4804173535144066,
    0.4800880736294156,
    0.4797590127979085,
    0.47943017025639095,
    0.4791015451961378,
    0.4787731367649547,
    0.4784449440688828,
    0.4781169661738467,
    0.4777892021072458,
    0.47746165085950326,
    0.4771343113855709,
    0.47680718260639166,
    0.4764802634103058,
    0.47615355265440357,
    0.47582704916583984,
    0.4755007517431188,
    0.4751746591573362,
    0.47484877015337756,
    0.4745230834510748,
    0.47419759774633014,
    0.4738723117122052,
    0.4735472239999795,
    0.4732223332401733,
    0.4728976380435304,
    0.47257313700197,
    0.47224882868951334,
    0.47192471166318534,
    0.4716007844638786,
    0.47127704561718364,
    0.47095349363419525,
    0.4706301270122918,
    0.4703069442358836,
    0.4699839437771415,
    0.4696611240967096,
    0.4693384836443859,
    0.4690160208597725,
    0.46869373417290744,
    0.4683716220048855,
    0.4680496827684636,
    0.46772791486863524,
    0.4674063167031726,
    0.46708488666315406,
    0.4667636231334862,
    0.46644252449341045,
    0.4661215891169908,
    0.46580081537357193,
    0.46548020162821196,
    0.46515974624211337,
    0.46483944757305606,
    0.4645193039758089,
    0.46419931380250934,
    0.46387947540301944,
    0.4635597871252757
]