[
    0.9054409099065186,
    0.9050043107751446,
    0.9118048887423584,
    0.9108391649520367,
    0.9098929124803515,
    0.9089655840868935,
    0.9080566482384559,
    0.9071655886633697,
    0.9062919039184271,
    0.9054351069680387,
    0.9045947247752841,
    0.903770297904496,
    0.9029613801350609,
    0.9021675380861262,
    0.9013883508519303,
    0.9006234096474457,
    0.8998723174640273,
    0.8991346887347912,
    0.898410149009435,
    0.8976983346382399,
    0.896998892465017,
    0.8963114795287336,
    0.8956357627735663,
    0.8949714187671457,
    0.894318133426764,
    0.8936756017533191,
    0.8930435275727832,
    0.8924216232849903,
    0.8918096096195178,
    0.891207215398465,
    0.8906141773059472,
    0.8900302396641143,
    0.8894551542154985,
    0.8888886799115088,
    0.8883305827069153,
    0.8877806353601484,
    0.8872386172392379,
    0.8867043141332444,
    0.8861775180690278,
    0.8856580271332065,
    0.8851456452991423,
    0.8846401822588249,
    0.8841414532595199,
    0.8836492789450381,
    0.8831634852015066,
    0.8826839030074994,
    0.8822103682884097,
    0.8817427217749395,
    0.8812808088656006,
    0.8808244794931124,
    0.8803735879945844,
    0.8799279929853789,
    0.8794875572365425,
    0.8790521475557104,
    0.878621634671387,
    0.8781958931205015,
    0.8777748011391585,
    0.8773582405564937,
    0.8769460966915453,
    0.876538258253041,
    0.8761346172420132,
    0.8757350688571873,
    0.8753395114030578,
    0.8749478462005743,
    0.8745599775003572,
    0.8741758123983613,
    0.8737952607539439,
    0.8734182351102642,
    0.8730446506169425,
    0.8726744249549069,
    0.8723074782633725,
    0.8719437330689037,
    0.8715831142164909,
    0.87122554880258,
    0.8708709661099949,
    0.8705192975447195,
    0.870170476574485,
    0.8698244386690956,
    0.8694811212424453,
    0.8691404635961862,
    0.8688024068650089,
    0.8684668939634714,
    0.8681338695343348,
    0.8678032798983736,
    0.8674750730056273,
    0.8671491983880454,
    0.8668256071134746,
    0.8665042517409443,
    0.8661850862772197,
    0.8658680661345962,
    0.8655531480899128,
    0.8652402902447391,
    0.8649294519866992,
    0.8646205939518944,
    0.8643136779883837,
    0.8640086671207038,
    0.8637055255154042,
    0.8634042184475782,
    0.8631047122683495,
    0.8628069743732756,
    0.8625109731716466,
    0.8622166780566649,
    0.8619240593764964,
    0.8616330884061514,
    0.8613437373201669,
    0.861055979166053,
    0.8607697878384845,
    0.8604851380542509,
    0.8602020053279391,
    0.8599203659483131,
    0.8596401969553636,
    0.859361476118003,
    0.8590841819123887,
    0.8588082935008771,
    0.8585337907115924,
    0.8582606540185882,
    0.8579888645225742,
    0.8577184039322111,
    0.8574492545459483,
    0.8571813992343834,
    0.8569148214231181,
    0.8566495050760946,
    0.8563854346794041,
    0.8561225952255676,
    0.8558609721982848,
    0.8556005515576236,
    0.8553413197256297,
    0.8550832635723454,
    0.854826370402211,
    0.8545706279408665,
    0.854316024322353,
    0.8540625480766965,
    0.8538101881178604,
    0.8535589337320384,
    0.8533087745662691,
    0.8530597006173495,
    0.8528117022210868,
    0.8525647700418899,
    0.8523188950626769,
    0.8520740685750667,
    0.8518302821698253,
    0.8515875277275674,
    0.8513457974097393,
    0.8511050836498885,
    0.8508653791452182,
    0.8506266768484047,
    0.8503889699596499,
    0.8501522519189482,
    0.849916516398567,
    0.8496817572957257,
    0.8494479687254761,
    0.8492151450138435,
    0.848983280691208,
    0.8487523704859006,
    0.8485224093179717,
    0.8482933922930695,
    0.8480653146964233,
    0.8478381719870446,
    0.8476119597922213,
    0.8473866739022207,
    0.8471623102651342,
    0.8469388649818639,
    0.8467163343012012,
    0.8464947146150302,
    0.8462740024537313,
    0.8460541944818004,
    0.8458352874937088,
    0.8456172784099629,
    0.8454001642731307,
    0.8451839422437784,
    0.8449686095966601,
    0.8447541637173678,
    0.8445406020993989,
    0.8443279223414605,
    0.8441161221449419,
    0.8439051993115243,
    0.8436951517403433,
    0.8434859774245927,
    0.8432776744487939,
    0.8430702409874204,
    0.8428636753044609,
    0.8426579757538468,
    0.8424531407807145,
    0.842249168923595,
    0.8420460588193238,
    0.8418438092134061,
    0.8416424189799839,
    0.8414418871562522,
    0.8412422129880589,
    0.8410433959814019,
    0.8408454359798905,
    0.8406483333235696,
    0.8404520891801299,
    0.8402567061913703,
    0.8400621897486071,
    0.8398685511032127,
    0.839675816871022,
    0.8394840682630877,
    0.839293770751851,
    0.8391137658738714,
    0.838960542597589,
    0.8388356318871087,
    0.8387452831907368,
    0.8386995936440776,
    0.8386733086386439,
    0.8386432189786855,
    0.8386089866454811,
    0.8385715635319841,
    0.8385325725816438,
    0.8385323320320272,
    0.8386086726105471,
    0.8387191673567171,
    0.8388226987991547,
    0.8391239142404502,
    0.8398563576708215,
    0.8408348744792022,
    0.8418078593029896,
    0.8428512435875096,
    0.8442896679900482,
    0.8462092762054716,
    0.8482637168505877,
    0.8502328706190568,
    0.8521197081377299,
    0.8540186403588539,
    0.8561807834110795,
    0.8586685359320901,
    0.8614960200705982,
    0.8647600612170436,
    0.8681635975841362,
    0.8716937700038859,
    0.8756159746128442,
    0.8796519607051311,
    0.8838210537753189,
    0.8884037687269508,
    0.8931042952327435,
    0.8980032455519183,
    0.9034528155321859,
    0.9090672903187528,
    0.9144631670591148,
    0.9199508848695068,
    0.9259912586375022,
    0.9323904941961956,
    0.9386648087364793,
    0.9446874761682648,
    0.9506963321882994,
    0.9568838383920737,
    0.9630143874010341,
    0.9693994602922072,
    0.9765812969307369,
    0.9840372239967781,
    0.9911974840153617,
    0.9980371184848713,
    1.004566253375345,
    1.0107947792698442,
    1.0167323090566884,
    1.0223881774291188,
    1.0277714465028869,
    1.03289091278546,
    1.0377551144306016,
    1.0423723384705061,
    1.046750627920249,
    1.050897788716866,
    1.0548213964796276,
    1.058528803087767,
    1.0620271430769517,
    1.0653233398578044,
    1.0684241117601831,
    1.0713359779072298,
    1.0740652639236175,
    1.0766181074825636,
    1.079000463696061,
    1.0812181103526046,
    1.0832766530066034,
    1.0851815299236147,
    1.0869380168854392,
    1.0885512318590043,
    1.0900261395328628,
    1.0913675557250495,
    1.0925801516659237,
    1.0936684581595053,
    1.0946368696267332,
    1.0954896480339742,
    1.0962309267100205,
    1.096864714054719,
    1.0973948971422876,
    1.0978252452222992,
    1.0981594131212227,
    1.0984009445473355,
    1.0985532753017253,
    1.098619736398042,
    1.0986035570935795,
    1.0985078678341824,
    1.0983357031154208,
    1.0980900042623911,
    1.0977736221304562,
    1.097389319729146,
    1.0969397747713985,
    1.0964275821502483,
    1.0958552563450112,
    1.0952252337589634,
    1.0945398749904505,
    1.093801467039309,
    1.0930122254504295,
    1.0921742963962378,
    1.0912897586998178,
    1.0903606258003626,
    1.0893888476625788,
    1.0883763126316344,
    1.0873248492351864,
    1.0862362279339903,
    1.0851121628225424,
    1.0839543132811702,
    1.0827642855809483,
    1.0815436344427662,
    1.0802938645518605,
    1.0790164320290547,
    1.0777127458599478,
    1.0763841692832306,
    1.0750320211392907,
    1.073657577180239,
    1.072262071342435,
    1.0708466969825878,
    1.0694126080784572,
    1.0679609203951566,
    1.0664927126180401,
    1.0650090274531108,
    1.0635108726958769,
    1.061999222269547,
    1.060475017233437,
    1.058939166762433,
    1.0573925490983245,
    1.0558360124738146,
    1.054270376009974,
    1.0526964305878985,
    1.0511149396952981,
    1.0495266402487309,
    1.047932243392173,
    1.046332435272593,
    1.04472787779319,
    1.0431192093449217,
    1.0415070455169428,
    1.0398919797865567,
    1.0382745841892498,
    1.0366554099693919,
    1.0350349882121355,
    1.033413830457055,
    1.0317924292940484,
    1.030171258941995,
    1.0285507758106744,
    1.02693141904641,
    1.0253136110619085,
    1.023697758050738,
    1.022084250486887,
    1.0204734636098285,
    1.018865757895497,
    1.0172614795135841,
    1.0156609607715401,
    1.0140645205456582,
    1.0124724646996155,
    1.0108850864908188,
    1.009302666964914,
    1.0077254753387859,
    1.006153769372383,
    1.004587795729688,
    1.0030277903291378,
    1.0014739786838023,
    0.9999265762316032,
    0.9983857886558603,
    0.9968518121964409,
    0.9953248339517824,
    0.9938050321720572,
    0.9922925765437242,
    0.990787628465719,
    0.9892903413175081,
    0.9878008607192474,
    0.9863193247842788,
    0.9848458643641784,
    0.9833806032865691,
    0.9819236585858956,
    0.9804751407273694,
    0.9790351538242871,
    0.9776037958489057,
    0.9761811588370677,
    0.9747673290867527,
    0.9733623873507147,
    0.9719664090233826,
    0.9705794643221946,
    0.9692016184635357,
    0.9678329318334127,
    0.9664734601530376,
    0.9651232546394688,
    0.9637823621614425,
    0.9624508253905286,
    0.9611286829477447,
    0.959815969545778,
    0.9585127161269363,
    0.9572189499969184,
    0.9559346949545379,
    0.9546599714175611,
    0.9533947965447852,
    0.9521391843544083,
    0.9508931458387813,
    0.9496566890757052,
    0.9484298193364337,
    0.9472125391904367,
    0.9460048486069916,
    0.9448067450537687,
    0.9436182235925396,
    0.9424392769720399,
    0.9412698957181086,
    0.940110068221279,
    0.9389597808219151,
    0.9378190178930382,
    0.9366877619211007,
    0.9355659935852483,
    0.9344536918357956,
    0.9333508339725285,
    0.9322573957238818,
    0.9311733513277669,
    0.9300986736134801,
    0.9290333340880568,
    0.9279773030392374,
    0.9269305496740223,
    0.925893042319142,
    0.9248647487421522,
    0.9238456367394328,
    0.9228356753128246,
    0.9218348371177464,
    0.9208431048759125,
    0.9198605029310268,
    0.9189101107007023,
    0.9180442826768497,
    0.9172672519651777,
    0.9165226081156632,
    0.9157790670911293,
    0.9150367677272319,
    0.9142958812891915,
    0.9135565820402386,
    0.9128190408950758,
    0.9120834234908562,
    0.9113498896101482,
    0.9106185930178884,
    0.9098896814658827,
    0.9091632967829484,
    0.9084395750119656,
    0.9077186465613347,
    0.9070006363554088,
    0.9062856639878767,
    0.9055738438783932,
    0.9048652854290634,
    0.9041600931785571,
    0.9034583669530172,
    0.902760202013656,
    0.902065689200007,
    0.9013749150687629,
    0.9006879620292012,
    0.9000049084752644,
    0.8993258289141156,
    0.8986507940912429,
    0.8979798711119324,
    0.8973131235591043,
    0.8966506116078211,
    0.8959923921365965,
    0.895338518835496,
    0.8946890423111025,
    0.8940440101883612,
    0.8934034672094291,
    0.892767455329753,
    0.8921360138113763,
    0.8915091793133869,
    0.8908869859796381,
    0.8902694655239202,
    0.889656647312627,
    0.8890485584449356,
    0.8884452238306291,
    0.8878466662656166,
    0.8872529065051501,
    0.8866639633348239,
    0.8860798536394614,
    0.8855005924699424,
    0.884926193108019,
    0.8843566671292133,
    0.8837920244638368,
    0.8832322734561326,
    0.8826774209216025,
    0.8821274722026043,
    0.8815824312222749,
    0.8810423005367972,
    0.8805070813860734,
    0.8799767737428621,
    0.8794513763604058,
    0.8789308868186008,
    0.8784153015687524,
    0.8779046159769509,
    0.8773988243661227,
    0.8768979200567814,
    0.8764018954065156,
    0.8759107418482568,
    0.8754244499273651,
    0.8749430093375523,
    0.8744664089556741,
    0.8739946368754508,
    0.8735276781837211,
    0.8730655172485062,
    0.8726081377496516,
    0.8721555227084917,
    0.8717076545165854,
    0.8712645149635376,
    0.8708260852639338,
    0.8703923460834116,
    0.8699632775639068,
    0.8695388593481022,
    0.8691190706030832,
    0.8687038900432308,
    0.868293295952373,
    0.867887266205228,
    0.8674857782881477,
    0.8670888093191746,
    0.8666963360674529,
    0.8663083349720041,
    0.8659247821598877,
    0.865545653463755,
    0.865170924438815,
    0.8648005703792468,
    0.8644345663340658,
    0.8640728871224629,
    0.8637155073486206,
    0.8633624014160219,
    0.8630135435412734,
    0.8626689077674581,
    0.8623284679770449,
    0.8619921979043496,
    0.8616600711475637,
    0.8613320611803623,
    0.8610081413631084,
    0.8606882849536709,
    0.8603724651178603,
    0.8600606549394902,
    0.8597528274300813,
    0.8594489555382189,
    0.8591490121585834,
    0.8588529701406462,
    0.8585608022970455,
    0.8582724814116595,
    0.8579879802473873,
    0.8577072715536448,
    0.8574303280735684,
    0.8571571225509502,
    0.8568876277369109,
    0.8566218163963248,
    0.8563596613140014,
    0.8561011353006219,
    0.8558462111984417,
    0.8555948618867637,
    0.8553470602871953,
    0.855102779368704,
    0.8548619921524677,
    0.8546246717165267,
    0.8543907912002371,
    0.854160323808535,
    0.8539332428160276,
    0.8537095215709113,
    0.8534891334987277,
    0.8532720521059501,
    0.8530582509834141,
    0.8528477038095844,
    0.8526403843536758,
    0.8524362664786387,
    0.8522353241440075,
    0.8520375314086162,
    0.8518428624331714,
    0.8516512914826936,
    0.8514627929288437,
    0.8512773412521423,
    0.8510949110440814,
    0.850915477009122,
    0.8507390139665704,
    0.8505654968523491,
    0.8503949007206674,
    0.850227200745613,
    0.8500623722226511,
    0.849900390570037,
    0.8497412313301452,
    0.8495848701707216,
    0.8494312828860563,
    0.8492804453980548,
    0.8491323337572252,
    0.8489869241435994,
    0.8488441928676056,
    0.8487041163708899,
    0.8485666712270832,
    0.8484318341425099,
    0.8482995819568103,
    0.8481698916434919,
    0.8480427403104389,
    0.8479181052004064,
    0.8477959636915174,
    0.8476762932977462,
    0.8475590716693573,
    0.8474442765932741,
    0.847331885993397,
    0.8472218779309462,
    0.8471142306048659,
    0.8470089223522874,
    0.8469059316490797,
    0.8468052371106105,
    0.8467068174927592,
    0.8466106516929877,
    0.8465167187514492,
    0.846424997852576,
    0.8463354683276104,
    0.8462481096583272,
    0.8461629014823185,
    0.8460798236009363,
    0.8459988559919002,
    0.8459199788284862,
    0.8458431725088655,
    0.8457684177056712,
    0.8456956954488153,
    0.8456249872595879,
    0.8455562754231568,
    0.8454895436884039,
    0.8454247792182199,
    0.8453619784339081,
    0.8453011651933966,
    0.84524247786797,
    0.8453066632836583,
    0.8457337363907891,
    0.846514721290445,
    0.8473966393722325,
    0.8485393137562157,
    0.8502132261981653,
    0.8521089732870012,
    0.8539320776308887,
    0.8556847983325541,
    0.8573702817574717,
    0.859028730124797,
    0.8612348095395086,
    0.8644669141252812,
    0.8681110783510912,
    0.8717039763618432,
    0.8754177206400211,
    0.879436108670655,
    0.883774850638686,
    0.8881408199622267,
    0.8926557448990488,
    0.8977891489214573,
    0.9033453227383923,
    0.9088299529596506,
    0.9146064215242283,
    0.9211796131042008,
    0.9281001302453323,
    0.9349311960433966,
    0.9415779241349336,
    0.9484897526535218,
    0.9561937665886553,
    0.964119292818692,
    0.9720998343955367,
    0.9805176174616467,
    0.9889741848522822,
    0.9970781717277326,
    1.0053176603588803,
    1.0141714826758657,
    1.0231373575583256,
    1.0317219912152762,
    1.0403352612932146,
    1.0493763550532915,
    1.0584232643925886,
    1.067070046544197,
    1.0753479783036781,
    1.0833897513317268,
    1.0913057358132199,
    1.0989990756340287,
    1.1063564508672536,
    1.1135868282800203,
    1.1209687927248728,
    1.1283344762831744,
    1.135404349376468,
    1.142127826255998,
    1.1485161126592633,
    1.1545843844146593,
    1.1603468742960192,
    1.1658094748434686,
    1.170977870593557,
    1.1758617206550086,
    1.1804746219273274,
    1.1849780987165692,
    1.189520053142083,
    1.1939457474121302,
    1.198109685914698,
    1.202032146109929,
    1.2058254617765307,
    1.209574739222804,
    1.2131765140660073,
    1.2165421078885066,
    1.2196789674912523,
    1.2225951479513473,
    1.225341315921736,
    1.22804863318515,
    1.2307577092502833,
    1.2333417949107592,
    1.2357216839805045,
    1.2379043326109946,
    1.2398965913475872,
    1.2417051246726158,
    1.2433364023996378,
    1.2447967014538373,
    1.2460921101232225,
    1.2472285329762647,
    1.2482116959200273,
    1.2490471512222925,
    1.2497402824477115,
    1.2502963092897397,
    1.2507202922841234,
    1.2510171373969,
    1.251191600486869,
    1.251248291644467,
    1.2511916794092244,
    1.2510260948687537,
    1.250755735642323,
    1.2503846697517655,
    1.2499168393826814,
    1.249356064538964,
    1.2487060465935818,
    1.2479703717384474,
    1.2471525143361157,
    1.2462558401760608,
    1.2452836096382596,
    1.2442389807667071,
    1.243125012255399,
    1.2419446663492328,
    1.2407008116622178,
    1.2393962259153137,
    1.2380335985961484,
    1.236615533542808,
    1.2351445514538875,
    1.233623092326895,
    1.23205351782701,
    1.2304381135881581,
    1.2287790914483345,
    1.2270785916210494,
    1.2253386848047059,
    1.2235613742316325,
    1.2217485976584803,
    1.2199022292996584,
    1.2180240817054304,
    1.2161159075862351,
    1.2141794015847496,
    1.212216201997176,
    1.2102278924451935,
    1.208216003499972,
    1.206182014259607,
    1.2041273538812924,
    1.2020534030695167,
    1.199961495521519,
    1.197852919331223,
    1.195728918352836,
    1.1935906935252534,
    1.1914394041583756,
    1.18927616918242,
    1.1871020683612783,
    1.1849181434709397,
    1.182725399443973,
    1.180524805481037,
    1.1783172961303376,
    1.1761037723359633,
    1.1738851024559784,
    1.1716621232511222,
    1.1694356408449469,
    1.1672064316562214,
    1.164975243304383,
    1.1627427954887966,
    1.1605097808425633,
    1.1582768657616065,
    1.1560446912097417,
    1.1538138735004189,
    1.1515850050557992,
    1.1493586551437984,
    1.1471353705937164,
    1.1449156764910793,
    1.142700076852297,
    1.140489055279696,
    1.1382830755974773,
    1.1360825824691627,
    1.1338880019970718,
    1.1316997423043316,
    1.129518194099897,
    1.1273437312270636,
    1.1251767111959738,
    1.1230174757005762,
    1.1208663511204666,
    1.1187236490080399,
    1.1165896665613668,
    1.1144646870831998,
    1.112348980426519,
    1.1102428034269742,
    1.1081464003226025,
    1.1060600031612542,
    1.1039838321960835,
    1.1019180962693498,
    1.0998629931848296,
    1.0978187100692651,
    1.0957854237232283,
    1.0937633009616767,
    1.0917524989444751,
    1.0897531654972523,
    1.0877654394229226,
    1.0857894508040657,
    1.0838253212962883,
    1.0818731644128783,
    1.0799330858013114,
    1.078005183512048,
    1.0760895482599915,
    1.074186263678984,
    1.0722954065693033,
    1.0704170471386494,
    1.0685512492384028,
    1.0666980705966556,
    1.064857563049151,
    1.0630297727707407,
    1.0612147405115004,
    1.0594125018426663,
    1.0576230874210273,
    1.055846523274241,
    1.054082831101271,
    1.0523320286840392,
    1.050594130708223,
    1.04886915047164,
    1.0471571031812714,
    1.0454580110722205,
    1.0437719147287798,
    1.0420989355768207,
    1.0404935318041992,
    1.0390082017586013,
    1.0375846795541916,
    1.0361663457110333,
    1.0347530538843177,
    1.0333449658150387,
    1.0319422599772354,
    1.0305451145770774,
    1.0291537058189606,
    1.0277682054836645,
    1.026388779334384,
    1.025015587283252,
    1.0236487833122352,
    1.0222885146523644,
    1.0209349220578163,
    1.0195881425024726,
    1.0182483142783614,
    1.0169155843991982,
    1.015590118778732,
    1.0142721512217643,
    1.0129622967740635,
    1.0116618282455603,
    1.0103834329559973,
    1.009175423742335,
    1.0080600882784674,
    1.0069842021587627,
    1.0059087701082285,
    1.004834022103907,
    1.003760299615309,
    1.0026882148747958,
    1.001634864272318,
    1.000617739280774,
    0.9996207336226203,
    0.9986254537828079,
    0.9976302977688088,
    0.9966352173852586,
    0.9956403695632887,
    0.9946459305861108,
    0.9936521002257627,
    0.9926590987288902,
    0.9916671534822856,
    0.9906764902555396,
    0.989687328945635,
    0.9886998819808378,
    0.9877143538315184,
    0.9867309409236883,
    0.9857498317297471,
    0.9847712069453309,
    0.9837952396706358,
    0.9828220955905619,
    0.9818519331668274,
    0.980884903832443,
    0.9799211522029663,
    0.9789608163148149,
    0.9780040278577007,
    0.9770509123719741,
    0.9761015894316999,
    0.9751561728454251,
    0.9742147708841212,
    0.9732774865704487,
    0.9723444180353392,
    0.9714156588964067,
    0.970491298734433,
    0.9695714238388945,
    0.9686561185792562,
    0.9677454685121653,
    0.9668395690634725,
    0.9659385671501861,
    0.9650738667999443,
    0.9642764143171101,
    0.9635134774666305,
    0.9627519112026763,
    0.9619909575537304,
    0.9612306992598239,
    0.9604712723312185,
    0.9597128179269006,
    0.958955481720548,
    0.9581994182223814,
    0.9574447879137007,
    0.9566917552131606,
    0.9559404919260985,
    0.9551911831676958,
    0.9544440677383008,
    0.9537274073561337,
    0.9530692814615532,
    0.9524405405867212,
    0.9518110594171942,
    0.9511798924857989,
    0.9505472027598342,
    0.9499131804297596,
    0.9492780208421856,
    0.948641917747473,
    0.9480050604731708,
    0.9473676326236571,
    0.9467298116539975,
    0.9460917687199871,
    0.9454536686013163,
    0.944815669744934,
    0.9441779243886382,
    0.9435405787143967,
    0.9429037730164733,
    0.9422676418653378,
    0.9416323142711109,
    0.940997913853609,
    0.9403645590042492,
    0.9397323630378549,
    0.9391014343454215,
    0.938471876544974,
    0.9378437886259889,
    0.9372172650910022,
    0.9365923960947944,
    0.93596926758031,
    0.9353479614122031,
    0.9347285555066727,
    0.9341111239570379,
    0.9334957371560081,
    0.9328824619140627,
    0.9322713615740056,
    0.9316624961226114,
    0.9310559222988933,
    0.9304516936991828,
    0.9298498608799322,
    0.9292504714576443,
    0.9286535702055718,
    0.9280591991476761,
    0.9274673976496686,
    0.9268782025071707,
    0.9262916480313634,
    0.9257077661322086,
    0.9251265863994109,
    0.924548136181015,
    0.9239724406595606,
    0.9233995229260965,
    0.9228294040520078,
    0.9222621031585725,
    0.9216976374845604,
    0.9211360224518932,
    0.9205772717291246,
    0.9200213972928772,
    0.9194684094875549,
    0.9189183170833225,
    0.9183711273322283,
    0.9178268460225759,
    0.9172854775317245,
    0.9167470248773146,
    0.9162114897668566,
    0.915678872645765,
    0.9151491727439962,
    0.9146223881212998,
    0.9140985157110592,
    0.9135775513628176,
    0.9130594898835324,
    0.9125443250775181,
    0.9120320497851229,
    0.9115226559202328,
    0.9110161345066647,
    0.910512475713442,
    0.9100116688889508,
    0.9095137025940108,
    0.9090185646339161,
    0.9085262420894864,
    0.9080367213471309,
    0.9075499881279737,
    0.9070660275160899,
    0.9065848239858587,
    0.9061063614284305,
    0.9056306231773418,
    0.9051575920333397,
    0.9046872502884311,
    0.9042195797491503,
    0.9037545682317065,
    0.9032922031111458,
    0.9028324713424589,
    0.9023753594809955,
    0.9019208537022138,
    0.9014689398207988,
    0.9010196033091671,
    0.9005728293153621,
    0.900128602680356,
    0.8996869079547879,
    0.899247729415154,
    0.8988110510794584,
    0.8983768567223376,
    0.8979451298896883,
    0.8975158539128142,
    0.8970890119220969,
    0.8966645868602002,
    0.8962425614948244,
    0.8958229184310305,
    0.895405640123148,
    0.8949907088862734,
    0.8945781069073635,
    0.894167816255943,
    0.8937598188944441,
    0.8933540966881927,
    0.8929506314150433,
    0.8925494047746722,
    0.8921503983975316,
    0.8917535938534917,
    0.8913589726601728,
    0.8909665162909789,
    0.8905762061828371,
    0.8901880237436505,
    0.8898019503594823,
    0.8894179674014747,
    0.8890360562325071,
    0.8886561982136031,
    0.8882783747100975,
    0.8879025670975745,
    0.8875287567675766,
    0.8871569251330912,
    0.8867870536338189,
    0.8864191237412381,
    0.8860531169634739,
    0.8856890148499699,
    0.8853267989959721,
    0.8849664510468275,
    0.8846079527021062,
    0.884251285719557,
    0.8838964319188938,
    0.8835433731854191,
    0.8831920914734919,
    0.8828425688098477,
    0.8824947872967729,
    0.8821487291151399,
    0.8818043765273014,
    0.881461711879852,
    0.8811207176062623,
    0.8807813762293886,
    0.8804436703638608,
    0.8801075827183589,
    0.8797730960977737,
    0.8794401934052629,
    0.8791088576441974,
    0.8787790719200067,
    0.8784508194419282,
    0.8781240835246583,
    0.8777988475899123,
    0.8774750951678947,
    0.8771528098986864,
    0.8768319755335501,
    0.8765125759361507,
    0.8761945950836991,
    0.8758780170680204,
    0.875562826096551,
    0.8752490064932679,
    0.8749365426995473,
    0.8746254192749592,
    0.8743156208979943,
    0.874007132366734,
    0.8736999385994619,
    0.8733940246352185,
    0.8730893756342989,
    0.8727859768786969,
    0.8724838137724993,
    0.8721828718422329,
    0.8718831367371636,
    0.871584594229549,
    0.871287230214846,
    0.8709910307118773,
    0.870695981862958,
    0.8704020699339826,
    0.870109281314476,
    0.8698176025176033,
    0.8695270201801456,
    0.8692375210624408,
    0.8689490920482951,
    0.8686617201448625,
    0.8683753924824966,
    0.8680900963145709,
    0.8678058190172719,
    0.8675225480893625,
    0.8672402711519223,
    0.8669589759480647,
    0.8666786503426318,
    0.8663992823218647,
    0.8661208599930537,
    0.8658433715841625,
    0.8655668054434363,
    0.865291150038991,
    0.8650163939583859,
    0.8647425259081748,
    0.8644695347134431,
    0.864197409317329,
    0.8639261387805326,
    0.8636557122808104,
    0.8633861191124556,
    0.8631173486857616,
    0.8628493905264751,
    0.8625822342752366,
    0.8623158696870115,
    0.8620502866305116,
    0.8617854750876084,
    0.8615214251527303,
    0.8612581270322548,
    0.8609955710438906,
    0.8607337476160551,
    0.8604726472872444,
    0.8602122607053946,
    0.8599525786272388,
    0.8596935919176554,
    0.8594352915490098,
    0.8591776686004915,
    0.8589207142574482,
    0.8586644198107151,
    0.858408776655941,
    0.8581537762929099,
    0.8578994103248564,
    0.8576456704577776,
    0.8573925484997437,
    0.8571400363602061,
    0.8568881260493055,
    0.8566368096771774,
    0.8563860794532531,
    0.856135927685561,
    0.8558863467800246,
    0.8556373292397614,
    0.8553888676643834,
    0.8551409547492947,
    0.8548935832849917,
    0.8546467461563587,
    0.8544004363419648,
    0.8541546469133596,
    0.853909371034374,
    0.8536646019604199,
    0.8534203330377924,
    0.8531765577029712,
    0.8529332694819213,
    0.852690461989394,
    0.8524481289282316,
    0.8522062640886735,
    0.851964861347666,
    0.8517239146681729,
    0.8514834180984889,
    0.8512433657715566,
    0.851003751904282,
    0.8507645707968535,
    0.8505258168320604,
    0.850287484474616,
    0.8500495682704848,
    0.8498120628462138,
    0.8495749629082653,
    0.8493382632423524,
    0.8491019587127773,
    0.8488660442617674,
    0.8486305149088196,
    0.8483953657500476,
    0.8481605919575339,
    0.8479261887786841,
    0.8476921515355863,
    0.8474584756243723,
    0.8472251565145815,
    0.8469921897485254,
    0.8467595709406558,
    0.8465272957769411,
    0.8462953600142451,
    0.8460637594797099,
    0.8458324900701397,
    0.8456015477513867,
    0.8453709285577427,
    0.8451406285913361,
    0.8449106440215353,
    0.8446809710843547,
    0.8444516060818654,
    0.844222545381609,
    0.8439937854160109,
    0.8437653226817973,
    0.843537153739416,
    0.8433092752124662,
    0.8430816837871326,
    0.8428543762116225,
    0.8426273492956086,
    0.8424005999096754,
    0.8421741249847703,
    0.8419479215116542,
    0.841721986540355,
    0.8414963171796241,
    0.8412709105964018,
    0.8410457640152863,
    0.8408208747180089,
    0.8405962400429102,
    0.840371857384423,
    0.8401477241925527,
    0.839923837972364,
    0.8397001962834711,
    0.839476796739538,
    0.8392536370077802,
    0.8390307148084667,
    0.8388080279144201,
    0.8385855741505267,
    0.8383633513932514,
    0.8381413575701571,
    0.8379195906594236,
    0.83769804868937,
    0.8374767297379866,
    0.8372556319324711,
    0.8370347534487722,
    0.8368140925111377,
    0.8365936473916655,
    0.8363734164098565,
    0.836153397932164,
    0.8359335903715429,
    0.8357139921870056,
    0.8354946018831867,
    0.8352754180099166,
    0.8350564391617977,
    0.8348376639777869,
    0.8346190911407789,
    0.8344007193771975,
    0.8341825474565786,
    0.8339645741911478,
    0.8337467984354052,
    0.8335292190857262,
    0.8333118350799641,
    0.8330946453970609,
    0.832877649056664,
    0.8326608451187535,
    0.8324442326832734,
    0.8322278108897573,
    0.8320115789169378,
    0.8317955359823458,
    0.8315796813419285,
    0.8313640142896921,
    0.8311485341573512,
    0.8309332403139688,
    0.830718132165603,
    0.8305032091549774,
    0.8302884707611631,
    0.8300739164992468,
    0.8298595459199786,
    0.829645358609404,
    0.8294313541885061,
    0.8292175323128662,
    0.8290038926723396,
    0.8287904349907452,
    0.8285771590255742,
    0.8283640645677036,
    0.8281511514411213,
    0.8279384195026704,
    0.8277258686418035,
    0.827513498780291,
    0.827301309871862,
    0.82708930190185,
    0.8268774748869275,
    0.8266658288749279,
    0.82645436394469,
    0.8262430802058989,
    0.8260319777989136,
    0.825821056894568,
    0.8256103176938957,
    0.8253997604277706,
    0.8251893853566004,
    0.8249791927701704,
    0.8247691829876008,
    0.8245593563574048,
    0.8243497132577332,
    0.8241402540968363,
    0.8239309793135169,
    0.8237218893771021,
    0.8235129847868652,
    0.8233042660715013,
    0.8230957337892262,
    0.8228873885284037,
    0.8226792309083127,
    0.8224712615803058,
    0.8222634812297647,
    0.8220558905786698,
    0.821848490389411,
    0.8216412814711096,
    0.821434264687944,
    0.8212274409666261,
    0.8210208113014076,
    0.8208143767589959,
    0.8206081384867563,
    0.8204020977265453,
    0.8201962558348909,
    0.8199906143096009,
    0.8197851748212783,
    0.8195799392552008,
    0.8193749098136378,
    0.8191700892546332,
    0.8189654813807671,
    0.8187610924912231,
    0.8185569373408428,
    0.8183530768174403,
    0.818234614893311,
    0.8182834337223386,
    0.8184082032017043,
    0.8185208808587008,
    0.8186217820924625,
    0.8187113455852763,
    0.8187901592384701,
    0.8189226726383807,
    0.8191779712535947,
    0.819494689935895,
    0.8197990828208218,
    0.8200839714216579,
    0.8203500506374344,
    0.8206555190943161,
    0.8210561406942806,
    0.8214906458400841,
    0.8218999588205566,
    0.8222847080297178,
    0.822645735812964,
    0.822984466250831,
    0.8233452706896178,
    0.8237698261973029,
    0.8242123520086901,
    0.82463101064709,
    0.8250281795540445,
    0.8254023225574334,
    0.8257519825537022,
    0.8260777817294032,
    0.8263805783382933,
    0.8266997015707375,
    0.8270729660720192,
    0.8274597605471997,
    0.8278207918210108,
    0.8281568011887191,
    0.8284999390057499,
    0.8288810809383483,
    0.8292673359306266,
    0.8296269669260304,
    0.8299607796894248,
    0.8302700775343699,
    0.8305566259241884,
    0.8308213644116463,
    0.8310641328224164,
    0.8312850418972159,
    0.8314847267979456,
    0.8316639627235912,
    0.8318428620117443,
    0.8320411415779726,
    0.832239031760716,
    0.8324164866523173,
    0.8325735916867313,
    0.832711000650031,
    0.8328293633655812,
    0.8329293194664408,
    0.8330114933227432,
    0.8330764923736866,
    0.8331249068910823,
    0.8331573101985013,
    0.8331742589756105,
    0.8331762935370632,
    0.8331639381981597,
    0.8331377017388959,
    0.8330980778306063,
    0.8330455454636173,
    0.8329805695445992,
    0.8329036017498307,
    0.8328150818206588,
    0.8327154404051931,
    0.8326051097881779,
    0.8324846131252229,
    0.8323607949945648,
    0.8322456725295384,
    0.832138180775079,
    0.8320261188996648,
    0.8319039220889827,
    0.8317718559631826,
    0.8316302703746518,
    0.8314795197079866,
    0.8313199520319319,
    0.831151906748472,
    0.8309757139636523,
    0.8307916943518221,
    0.8306001592096808,
    0.8304014105889252,
    0.8301957414372206,
    0.8299834357542869,
    0.8297647688107932,
    0.8295400074164739,
    0.8293094101973626,
    0.8290732278668168,
    0.8288317034796995,
    0.8285850726583373,
    0.8283335637827383,
    0.8280773981630773,
    0.8278167902324647,
    0.8275519477626261,
    0.8272830720748153,
    0.827010358236344,
    0.8267339952444417,
    0.8264541661913021,
    0.8261710484172468,
    0.8258848136708011,
    0.8255956282765883,
    0.8253036533014764,
    0.8250090447172356,
    0.8247119535618839,
    0.8244125260945592,
    0.8241109039326544,
    0.823807224176294,
    0.8235016195390042,
    0.8231942184874567,
    0.8228851453767364,
    0.8225745205695378,
    0.822262460544497,
    0.8219490780131823,
    0.8216344820521333,
    0.8213187782347684,
    0.8210020687423499,
    0.8206844524527903,
    0.8203660250387422,
    0.8200468791099312,
    0.8197271043902591,
    0.8194067878503613,
    0.8190860137558074,
    0.8187648637587907,
    0.8184434172131556,
    0.8181217518256794,
    0.8177999446084293,
    0.8174780727698919,
    0.817156215035353,
    0.8168344600280741,
    0.8165129745217138,
    0.8161981458361474,
    0.8159008996415688,
    0.8156193151631514,
    0.8153417147688785,
    0.815062967696608,
    0.8147830807653178,
    0.8145021356412819,
    0.8142202220347037,
    0.8139374299988388,
    0.8136538482670879,
    0.813369563396661,
    0.8130846590536411,
    0.8127992158293238,
    0.8125133115473557,
    0.8122270216385411,
    0.8119404193897227,
    0.8116535759181726,
    0.8113665599728811,
    0.811079437924422,
    0.8107922739847016,
    0.8105051305864073,
    0.8102180688552056,
    0.8099311487381651,
    0.8096444286359183,
    0.8093579651896683,
    0.8090718137258583,
    0.8087860295869121,
    0.8085006708416222,
    0.8082158014491925,
    0.8079314902909167,
    0.8076478027460628,
    0.8073647972369608,
    0.807082565523574,
    0.8068242731729144,
    0.8066164641332009,
    0.8064385087389213,
    0.806261880865561,
    0.8060821593623397,
    0.8058994371545065,
    0.8057138398167901,
    0.8055255008312056,
    0.8053345551271066,
    0.8051411364317407,
    0.8049453759527857,
    0.8047474018070584,
    0.8045473388072784,
    0.8043453083074004,
    0.8041414280290841,
    0.8039358119948219,
    0.8037285706293175,
    0.8035198109446028,
    0.8033096367363062,
    0.8030981487752769,
    0.8028854393688378,
    0.802671598000246,
    0.8024567112152731,
    0.8022408625632421,
    0.8020241327446334,
    0.8018065997977614,
    0.8015883392408689,
    0.801369424350418,
    0.8011499266219096,
    0.8009299161790325,
    0.80070946193183,
    0.8004886313088211,
    0.8002674896112508,
    0.8000461005684174,
    0.7998245320782926,
    0.7996029118966743,
    0.7993980690552436,
    0.7992269098285906,
    0.7990722915197223,
    0.7989160845279162,
    0.7987574889711772,
    0.7985965712468525,
    0.7984334325199471,
    0.7982681793849418,
    0.7981009183822153,
    0.7979317542190475,
    0.7977607890870912,
    0.7975881223768024,
    0.7974138505779343,
    0.7972380672527716,
    0.7970608630176647,
    0.7968823255491517,
    0.7967025396450839,
    0.7965215873170644,
    0.7963395478821741,
    0.7961564980460576,
    0.7959725119777455,
    0.7957876613792612,
    0.7956020155537504,
    0.7954156414716655,
    0.7952286038291059,
    0.795040965100114,
    0.7948527855951408,
    0.7946641235290461,
    0.7944750350900027,
    0.7942855745026833,
    0.7940957940869343,
    0.793905744314095,
    0.7937154738586151,
    0.7935250296463187,
    0.7933344569053495,
    0.7931437992197317,
    0.7929530985813241,
    0.79276239543933,
    0.7925717287480404,
    0.7923811360123684,
    0.7921906533312316,
    0.7920003154396817,
    0.791810155750504,
    0.791620206395304,
    0.7914304982639687,
    0.7912410610418514,
    0.7910519232450194,
    0.7908631122535249,
    0.7906746543435725,
    0.7904865747203446,
    0.7902988975513455,
    0.7901116459989842,
    0.7899248422520535,
    0.7897385075562572,
    0.789552662243583,
    0.7893673257598974,
    0.7891825166909083,
    0.7889982527877965,
    0.7888145509928561,
    0.7886314274640286,
    0.788448897598274,
    0.7882669760549336,
    0.7880856767791221,
    0.7879050130244813,
    0.7877249973754029,
    0.7875456417688431,
    0.787366957515343,
    0.7871889553187029,
    0.7870116452944255,
    0.7868350369880323,
    0.7866591393937025,
    0.7864839609725228,
    0.7863095096700021,
    0.7861357929330808,
    0.7859628177267104,
    0.7857905905498895,
    0.7856191174510121,
    0.7854484040425251,
    0.7852784555151495,
    0.7851092766518063,
    0.7849408718411002,
    0.7847732450902606,
    0.784606400037611,
    0.784440339964669,
    0.7842750678079454,
    0.7841105861704486,
    0.7839468973328314,
    0.7837840032641484,
    0.7836219056322581,
    0.7834606058139167,
    0.7833001049046073,
    0.783140403728126,
    0.7829815028459223,
    0.78282340256618,
    0.7826661029526305,
    0.7825096038331039,
    0.7823539048078268,
    0.7821990052574599,
    0.7820449043508622,
    0.7818916010525684,
    0.7817390941300142,
    0.7815873821605909,
    0.7814364635385558,
    0.7812863364817424,
    0.7811369990380502,
    0.780988449091726,
    0.7808406843694498,
    0.7806937024462405,
    0.7805475007511805,
    0.7804020765729545,
    0.7802574270652166,
    0.7801135492517993,
    0.7799704400317693,
    0.7798280961843261,
    0.7796865143735463,
    0.7795456911529839,
    0.779405622970113,
    0.7792663061706077,
    0.7791277370024852,
    0.7789899116201435,
    0.7788528260882877,
    0.7787164763857332,
    0.7785808584090831,
    0.7784459679762941,
    0.7783118008301338,
    0.7781783526415309,
    0.7780456190128133,
    0.7779135954808424,
    0.7777822775200457,
    0.7776516605453447,
    0.7775217399149844,
    0.7773925109332762,
    0.7772639688532575,
    0.7771361088792658,
    0.7770089261694297,
    0.7768824158380812,
    0.7767565729580875,
    0.7766313925630973,
    0.7765068696497065,
    0.7763829991795589,
    0.7762597760813903,
    0.7761371952530023,
    0.7760152515631726,
    0.7758939398534944,
    0.7757732549401569,
    0.7756531916156677,
    0.7755337446505215,
    0.7754149087948097,
    0.7752966787797709,
    0.7751790493192859,
    0.7750620151113221,
    0.7749455708393281,
    0.7748297111735819,
    0.7747144307724901,
    0.7745997242838365,
    0.7744855863459794,
    0.7743720115890064,
    0.7742589946358532,
    0.7741465301033885,
    0.7740346126034614,
    0.7739232367439085,
    0.7738123971295238,
    0.7737020883629955,
    0.7735923050458058,
    0.7734830417790963,
    0.7733742931645027,
    0.7732660538049523,
    0.7731583183054273,
    0.7730510812736964,
    0.7729443373210216,
    0.7728380810628405,
    0.7727323071194249,
    0.77262701011651,
    0.7725221846859002,
    0.7724178254660498,
    0.772313927102622,
    0.7722104842490237,
    0.7721074915669204,
    0.7720049437267268,
    0.7719028354080748,
    0.7718011613002619,
    0.7716999161026807,
    0.7715990945252313,
    0.7714986912887124,
    0.7713987011251952,
    0.7712991187783796,
    0.7711999390039329,
    0.7711011565698086,
    0.7710027662565465,
    0.7709047628575606,
    0.7708071411794181,
    0.7707098960421048,
    0.7706130222792759,
    0.7705165147384897,
    0.7704203682814329,
    0.7703245777841332,
    0.7702291381371598,
    0.7701340442458121,
    0.770039291030293,
    0.7699448734258665,
    0.7698507863830087,
    0.7697570248675513,
    0.7696635838608185,
    0.7695704583597561,
    0.7694776433770484,
    0.7693851339412264,
    0.7692929250967675,
    0.7692010119041865,
    0.7691093894401205,
    0.7690180527974042,
    0.7689269970851392,
    0.7688362174287576,
    0.7687457089700759,
    0.7686554668673419,
    0.7685654862952769,
    0.7684757624451103,
    0.7683862905246084,
    0.7682970657580968,
    0.7682080833864761,
    0.7681193386672294,
    0.7680308268744269,
    0.7679425432987277,
    0.7678544832473782,
    0.767766642044207,
    0.7676790150296151,
    0.7675915975605612,
    0.7675043850105426,
    0.7674173727695729,
    0.7673305562441569,
    0.7672439308572605,
    0.7671574920482729,
    0.7670712352729615,
    0.766985156003428,
    0.7668992497280631,
    0.7668135119515014,
    0.766727938194573,
    0.7666425239942541,
    0.7665572649036128,
    0.7664721564917526,
    0.766387194343753,
    0.7663023740606099,
    0.7662176912591704,
    0.7661331415720682,
    0.7660487206476569,
    0.7659644241499403,
    0.7658802477585025,
    0.7657961871684371,
    0.765712238090271,
    0.7656283962498915,
    0.7655446573884707,
    0.7654610172623875,
    0.7653774716431491,
    0.7652940163173086,
    0.7652106470863798,
    0.7651273597667467,
    0.7650441501895785,
    0.7649610142007407,
    0.7648779476607108,
    0.7647949464444901,
    0.7647120064415176,
    0.7646291235555848,
    0.764546293704747,
    0.7644635128212347,
    0.7643807768513647,
    0.7642980817554516,
    0.7642154235077107,
    0.76413279809616,
    0.764050201522519,
    0.7639676298021172,
    0.7638850789638024,
    0.7638025450498499,
    0.7637200241158666,
    0.7636375122307008,
    0.7635550054763485,
    0.7634724999478619,
    0.7633899917532563,
    0.7633074770134164,
    0.7632249518620025,
    0.7631424124453586,
    0.763059854922419,
    0.7629772754646156,
    0.7628946702557843,
    0.7628120354920738,
    0.7627293673818514,
    0.7626466621456119,
    0.7625639160158858,
    0.7624811252371482,
    0.7623982860657256,
    0.7623153947697002,
    0.7622324476288094,
    0.7621494409343488,
    0.7620663709890773,
    0.7619832341071232,
    0.7619000266138951,
    0.7618167448459908,
    0.7617333851511112,
    0.7616499438879671,
    0.7615664174261886,
    0.7614828021462352,
    0.7613990944393119,
    0.7613152907072814,
    0.7612313873625769,
    0.7611473808281052,
    0.7610632675371465,
    0.7609790439332599,
    0.7608947064701939,
    0.7608102516118003,
    0.7607256758319492,
    0.7606409756144491,
    0.7605561474529663,
    0.760471187850938,
    0.7603860933214834,
    0.760300860387318,
    0.7602154855806738,
    0.7601299654432181,
    0.7600442965259709,
    0.7599584753892239,
    0.7598724986024586,
    0.7597863627442724,
    0.759700064402298,
    0.7596136001731238,
    0.7595269666622126,
    0.7594401604838268,
    0.7593531782609542,
    0.7592660166252332,
    0.7591786722168806,
    0.7590911416846183,
    0.759003421685597,
    0.7589155088853194,
    0.758827399957572,
    0.7587390915843614,
    0.7586505804558435,
    0.7585618632702358,
    0.7584729367337172,
    0.7583837975603422,
    0.758294442471968,
    0.7582048681981834,
    0.7581150714762364,
    0.7580250490509596,
    0.757934797674699,
    0.7578443141072482,
    0.7577535951157915,
    0.7576626374748469,
    0.757571437966199,
    0.7574799933788292,
    0.7573883005088476,
    0.7572963561594296,
    0.7572041571407554,
    0.7571117002699457,
    0.7570189823709967,
    0.7569260002747248,
    0.7568327508187138,
    0.7567392308472692,
    0.7566454372113646,
    0.7565513667685784,
    0.7564570163830275,
    0.7563623829252933,
    0.7562674632723211,
    0.7561722543073186,
    0.7560767529196867,
    0.7559809560049643,
    0.7558848604647633,
    0.7557884632067013,
    0.7556917611443429,
    0.755594751197156,
    0.755497430290471,
    0.7553997953554369,
    0.7553018433289796,
    0.7552035711537565,
    0.7551049757781108,
    0.7550060541560308,
    0.7549068032471102,
    0.7548072200165031,
    0.7547073014348803,
    0.7546070444783866,
    0.7545064461286013,
    0.7544055033725081,
    0.7543042132024724,
    0.7542025726162154,
    0.7541005786167391,
    0.7539982282121985,
    0.7538955184157969,
    0.7537924462457336,
    0.7536890087251651,
    0.7535852028821607,
    0.7534810257496587,
    0.7533764743654363,
    0.7532715457720864,
    0.7531662370169843,
    0.7530605451522476,
    0.7529544672347024,
    0.7528480003258582,
    0.7527411414918671,
    0.752633887803413,
    0.7525262363355394,
    0.7524181841675128,
    0.7523097283827535,
    0.7522008660687799,
    0.7520915943171742,
    0.75198191022357,
    0.7518718108876277,
    0.7517612934129786,
    0.7516503549071685,
    0.7515389924816148,
    0.7514272032515835,
    0.7513149843361825,
    0.7512023328583515,
    0.7510892459448365,
    0.7509757207261775,
    0.7508617543367349,
    0.7507473439147113,
    0.7506324866021152,
    0.750517179544691,
    0.7504014198918688,
    0.7502852047967604,
    0.7501685314161625,
    0.7500513969104604,
    0.749933798443438,
    0.7498157331821488,
    0.7496971982969093,
    0.7495781909613506,
    0.7494587083524537,
    0.7493387476505206,
    0.7492183060390999,
    0.7490973807049475,
    0.7489759688380467,
    0.7488540676316411,
    0.7487316742822474,
    0.7486087859896511,
    0.7484853999568648,
    0.7483615133900112,
    0.7482371234981439,
    0.7481122274931196,
    0.7479868225895873,
    0.7478609060050138,
    0.7477344749596805,
    0.7476075266766716,
    0.7474800583818781,
    0.7473520673040189,
    0.747223550674674,
    0.7470945057283248,
    0.7469649297023716,
    0.7468348198371371,
    0.7467041733758683,
    0.7465729875647336,
    0.7464412596528104,
    0.746308986892067,
    0.7461761665373448,
    0.7460427958463463,
    0.7459088720796221,
    0.745774392500539,
    0.7456393543752368,
    0.7455037549725885,
    0.7453675915641756,
    0.745230861424265,
    0.7450935618297664,
    0.7449556900601584,
    0.7448172433974026,
    0.7446782191258811,
    0.7445386145323692,
    0.7443984269060167,
    0.7442576535383384,
    0.7441162917232176,
    0.7439743387569031,
    0.7438317919379861,
    0.74368864856737,
    0.7435449059482495,
    0.7434005613860972,
    0.743255612188652,
    0.7431100556659002,
    0.7429638891300492,
    0.7428171098955034,
    0.742669715278848,
    0.7425217025988348,
    0.742373069176366,
    0.7422238123344644,
    0.7420739293982253,
    0.7419234176947522,
    0.7417722745531119,
    0.7416204973043194,
    0.7414680832813344,
    0.7413150298190213,
    0.7411613342540955,
    0.7410069939250895,
    0.7408520104250148,
    0.7406963853486733,
    0.7405401202926513,
    0.7403832168553149,
    0.7402256766368076,
    0.7400675012390399,
    0.7399086922656786,
    0.7397492513221346,
    0.7395891800155473
]